Address:,TCPIP0::192.168.1.2::inst0::INSTR,,Analog Channels,,
Model:,MSO-X 4154A,,Time (s),1 (VOLT),
Serial Number:,MY60101365,,-2.5078125E-07,0,
Firmware Version:,07.31.2020012900,,-2.5018125E-07,0,
Start Time:,2022-12-08 13:35:55.045,,-2.4958125E-07,0.000133891197037883,
Capture#:,267,,-2.4898125E-07,0,
,,,-2.4838125E-07,-0.000133891197037883,
Analog Sample Count:,833,,-2.4778125E-07,-0.000133891197037883,
Function Sample Count:,0,,-2.4718125E-07,-0.000133891197037883,
Waveform Memory Sample Count:,0,,-2.4658125E-07,0,
Digital Sample Count:,0,,-2.4598125E-07,0,
,,,-2.4538125E-07,0,
Setup Text Information:,,,-2.4478125E-07,0,
ANALOG,,,-2.4418125E-07,0,
Channel 1,,,-2.4358125E-07,0,
Scale,2 mV/,,-2.4298125E-07,0,
Pos,0 V,,-2.4238125E-07,-0.000133891197037883,
Coup,,,-2.4178125E-07,0,
BW,Off,,-2.4118125E-07,-0.000133891197037883,
Inv,Off,,-2.4058125E-07,0,
Imp,50 Ohm,,-2.3998125E-07,0,
Trace Label,1,,-2.3938125E-07,0,
Probe,1,,-2.3878125E-07,0.000133891197037883,
Skew,0 s,,-2.3818125E-07,0,
,,,-2.3758125E-07,0,
MATH,,,-2.3698125E-07,0,
REFERENCE WAVEFORM,,,-2.3638125E-07,0.000133891197037883,
DIGITAL,,,-2.3578125E-07,0,
TRIGGER,,,-2.3518125E-07,-0.000133891197037883,
Sweep Mode,AUTO,,-2.3458125E-07,0,
Coup,DC,,-2.3398125E-07,0,
Noise Rej,Off,,-2.3338125E-07,-0.000267782394075766,
HF Rej,Off,,-2.3278125E-07,-0.000133891197037883,
Holdoff,40.0 ns,,-2.3218125E-07,0,
Mode,EDGE,,-2.3158125E-07,-0.000133891197037883,
Source,CHAN1,,-2.3098125E-07,0,
Slope,POS,,-2.3038125E-07,0.000133891197037883,
Level,1.23 mV V,,-2.2978125E-07,0,
,,,-2.2918125E-07,0,
HORIZONTAL,,,-2.2858125E-07,-0.000267782394075766,
Mode,MAIN,,-2.2798125E-07,0.000133891197037883,
Ref,CENT,,-2.2738125E-07,-0.000133891197037883,
Main Scale,50 ns/,,-2.2678125E-07,0.000133891197037883,
Main Delay,-1 ns,,-2.2618125E-07,-0.000133891197037883,
,,,-2.2558125E-07,-0.000133891197037883,
ACQUISITION,,,-2.2498125E-07,0.000133891197037883,
Mode,HRES,,-2.2438125E-07,-0.000133891197037883,
RealTime,On,,-2.2378125E-07,0,
Vectors,On,,-2.2318125E-07,-0.000133891197037883,
Persistence,Off,,-2.2258125E-07,0.000133891197037883,
,,,-2.2198125E-07,-0.000133891197037883,
MEASUREMENTS,,,-2.2138125E-07,0,
X at Max Y(4),,,-2.2078125E-07,-0.000133891197037883,
Cur,No signal,,-2.2018125E-07,0.000267782394075766,
Mean,-56 n,,-2.1958125E-07,0,
Min,-251 n,,-2.1898125E-07,0.000133891197037883,
Max,246 n,,-2.1838125E-07,0,
Std Dev,106 n,,-2.1778125E-07,0.000133891197037883,
Count,1010,,-2.1718125E-07,0,
,,,-2.1658125E-07,-0.000133891197037883,
X at Max Y(1),,,-2.1598125E-07,0,
Cur,1.12E-08 ,,-2.1538125E-07,0,
Mean,12 n,,-2.1478125E-07,0,
Min,-17 n,,-2.1418125E-07,0,
Max,243 n,,-2.1358125E-07,-0.000133891197037883,
Std Dev,19 n,,-2.1298125E-07,0.000133891197037883,
Count,1010,,-2.1238125E-07,0.000267782394075766,
,,,-2.1178125E-07,-0.000133891197037883,
Minimum(4),,,-2.1118125E-07,0,
Cur,No signal,,-2.1058125E-07,0,
Mean,-734 µV,,-2.0998125E-07,-0.000133891197037883,
Min,-1 mV,,-2.0938125E-07,-0.000133891197037883,
Max,-670 µV,,-2.0878125E-07,0,
Std Dev,82 µV,,-2.0818125E-07,-0.000133891197037883,
Count,1010,,-2.0758125E-07,0,
,,,-2.0698125E-07,-0.000133891197037883,
Minimum(1),,,-2.0638125E-07,-0.000133891197037883,
Cur,-0.0006695 V,,-2.0578125E-07,0,
Mean,-506 µV,,-2.0518125E-07,0,
Min,-937 µV,,-2.0458125E-07,-0.000133891197037883,
Max,0 V,,-2.0398125E-07,-0.000133891197037883,
Std Dev,149 µV,,-2.0338125E-07,0,
Count,1010,,-2.0278125E-07,0,
,,,-2.0218125E-07,0,
Maximum(1),,,-2.0158125E-07,0,
Cur,0.0025439 V,,-2.0098125E-07,0,
Mean,3 mV,,-2.0038125E-07,0,
Min,2 mV,,-1.9978125E-07,0.000133891197037883,
Max,9 mV,,-1.9918125E-07,0.000133891197037883,
Std Dev,692 µV,,-1.9858125E-07,0,
Count,1010,,-1.9798125E-07,0.000133891197037883,
,,,-1.9738125E-07,0,
Maximum(3),,,-1.9678125E-07,0,
Cur,No signal,,-1.9618125E-07,0,
Mean,,,-1.9558125E-07,0.000267782394075766,
Min,,,-1.9498125E-07,0,
Max,,,-1.9438125E-07,-0.000133891197037883,
Std Dev,,,-1.9378125E-07,0.000133891197037883,
Count,0,,-1.9318125E-07,0.000267782394075766,
,,,-1.9258125E-07,0.000133891197037883,
Minimum(3),,,-1.9198125E-07,0.000133891197037883,
Cur,No signal,,-1.9138125E-07,0.000267782394075766,
Mean,,,-1.9078125E-07,0.000267782394075766,
Min,,,-1.9018125E-07,0,
Max,,,-1.8958125E-07,0.000267782394075766,
Std Dev,,,-1.8898125E-07,0.000267782394075766,
Count,0,,-1.8838125E-07,0.000401673591113649,
,,,-1.8778125E-07,0.000267782394075766,
Maximum(4),,,-1.8718125E-07,0.000267782394075766,
Cur,No signal,,-1.8658125E-07,0.000267782394075766,
Mean,175 µV,,-1.8598125E-07,0.000535564788151532,
Min,0 V,,-1.8538125E-07,0.000267782394075766,
Max,335 µV,,-1.8478125E-07,0.000267782394075766,
Std Dev,41 µV,,-1.8418125E-07,0.000401673591113649,
Count,1010,,-1.8358125E-07,0.000267782394075766,
,,,-1.8298125E-07,0.000401673591113649,
,,,-1.8238125E-07,0.000535564788151532,
,,,-1.8178125E-07,0.000401673591113649,
,,,-1.8118125E-07,0.000401673591113649,
,,,-1.8058125E-07,0.000535564788151532,
,,,-1.7998125E-07,0.000401673591113649,
,,,-1.7938125E-07,0.000669455985189416,
,,,-1.7878125E-07,0.000669455985189416,
,,,-1.7818125E-07,0.000267782394075766,
,,,-1.7758125E-07,0.000267782394075766,
,,,-1.7698125E-07,0.000401673591113649,
,,,-1.7638125E-07,0.000535564788151532,
,,,-1.7578125E-07,0.000267782394075766,
,,,-1.7518125E-07,0.000401673591113649,
,,,-1.7458125E-07,0.000401673591113649,
,,,-1.7398125E-07,0.000535564788151532,
,,,-1.7338125E-07,0.000401673591113649,
,,,-1.7278125E-07,0.000401673591113649,
,,,-1.7218125E-07,0.000401673591113649,
,,,-1.7158125E-07,0.000267782394075766,
,,,-1.7098125E-07,0.000133891197037883,
,,,-1.7038125E-07,0.000401673591113649,
,,,-1.6978125E-07,0.000133891197037883,
,,,-1.6918125E-07,0.000401673591113649,
,,,-1.6858125E-07,0.000401673591113649,
,,,-1.6798125E-07,0.000535564788151532,
,,,-1.6738125E-07,0.000535564788151532,
,,,-1.6678125E-07,0.000401673591113649,
,,,-1.6618125E-07,0.000401673591113649,
,,,-1.6558125E-07,0.000267782394075766,
,,,-1.6498125E-07,0.000401673591113649,
,,,-1.6438125E-07,0.000401673591113649,
,,,-1.6378125E-07,0.000401673591113649,
,,,-1.6318125E-07,0.000535564788151532,
,,,-1.6258125E-07,0.000401673591113649,
,,,-1.6198125E-07,0.000401673591113649,
,,,-1.6138125E-07,0.000401673591113649,
,,,-1.6078125E-07,0.000267782394075766,
,,,-1.6018125E-07,0.000401673591113649,
,,,-1.5958125E-07,0.000401673591113649,
,,,-1.5898125E-07,0.000267782394075766,
,,,-1.5838125E-07,0.000401673591113649,
,,,-1.5778125E-07,0.000401673591113649,
,,,-1.5718125E-07,0.000267782394075766,
,,,-1.5658125E-07,0.000401673591113649,
,,,-1.5598125E-07,0.000267782394075766,
,,,-1.5538125E-07,0.000267782394075766,
,,,-1.5478125E-07,0.000401673591113649,
,,,-1.5418125E-07,0.000267782394075766,
,,,-1.5358125E-07,0.000535564788151532,
,,,-1.5298125E-07,0.000267782394075766,
,,,-1.5238125E-07,0,
,,,-1.5178125E-07,0.000267782394075766,
,,,-1.5118125E-07,0.000267782394075766,
,,,-1.5058125E-07,0.000133891197037883,
,,,-1.4998125E-07,0.000133891197037883,
,,,-1.4938125E-07,0.000267782394075766,
,,,-1.4878125E-07,0.000133891197037883,
,,,-1.4818125E-07,0.000267782394075766,
,,,-1.4758125E-07,0.000267782394075766,
,,,-1.4698125E-07,0.000267782394075766,
,,,-1.4638125E-07,0.000133891197037883,
,,,-1.4578125E-07,0.000267782394075766,
,,,-1.4518125E-07,0.000267782394075766,
,,,-1.4458125E-07,0,
,,,-1.4398125E-07,0.000133891197037883,
,,,-1.4338125E-07,0.000267782394075766,
,,,-1.4278125E-07,0.000133891197037883,
,,,-1.4218125E-07,0.000267782394075766,
,,,-1.4158125E-07,0.000133891197037883,
,,,-1.4098125E-07,0.000133891197037883,
,,,-1.4038125E-07,0.000267782394075766,
,,,-1.3978125E-07,0,
,,,-1.3918125E-07,0,
,,,-1.3858125E-07,0,
,,,-1.3798125E-07,0.000133891197037883,
,,,-1.3738125E-07,0,
,,,-1.3678125E-07,-0.000133891197037883,
,,,-1.3618125E-07,0.000133891197037883,
,,,-1.3558125E-07,0,
,,,-1.3498125E-07,0,
,,,-1.3438125E-07,0.000267782394075766,
,,,-1.3378125E-07,0.000133891197037883,
,,,-1.3318125E-07,-0.000133891197037883,
,,,-1.3258125E-07,0.000133891197037883,
,,,-1.3198125E-07,0.000133891197037883,
,,,-1.3138125E-07,0.000133891197037883,
,,,-1.3078125E-07,0.000133891197037883,
,,,-1.3018125E-07,0,
,,,-1.2958125E-07,0.000133891197037883,
,,,-1.2898125E-07,0.000133891197037883,
,,,-1.2838125E-07,0,
,,,-1.2778125E-07,0.000133891197037883,
,,,-1.2718125E-07,-0.000133891197037883,
,,,-1.2658125E-07,0.000133891197037883,
,,,-1.2598125E-07,0,
,,,-1.2538125E-07,0,
,,,-1.2478125E-07,0.000133891197037883,
,,,-1.2418125E-07,0.000133891197037883,
,,,-1.2358125E-07,0.000133891197037883,
,,,-1.2298125E-07,0.000133891197037883,
,,,-1.2238125E-07,0,
,,,-1.2178125E-07,0.000133891197037883,
,,,-1.2118125E-07,0.000267782394075766,
,,,-1.2058125E-07,0.000133891197037883,
,,,-1.1998125E-07,0,
,,,-1.1938125E-07,0,
,,,-1.1878125E-07,0.000133891197037883,
,,,-1.1818125E-07,0,
,,,-1.1758125E-07,0,
,,,-1.1698125E-07,0.000133891197037883,
,,,-1.1638125E-07,0,
,,,-1.1578125E-07,0.000133891197037883,
,,,-1.1518125E-07,0.000267782394075766,
,,,-1.1458125E-07,0.000133891197037883,
,,,-1.1398125E-07,0.000267782394075766,
,,,-1.1338125E-07,0.000133891197037883,
,,,-1.1278125E-07,0.000267782394075766,
,,,-1.1218125E-07,0.000133891197037883,
,,,-1.1158125E-07,0.000267782394075766,
,,,-1.1098125E-07,0.000133891197037883,
,,,-1.1038125E-07,0.000267782394075766,
,,,-1.0978125E-07,0.000401673591113649,
,,,-1.0918125E-07,0.000267782394075766,
,,,-1.0858125E-07,0.000133891197037883,
,,,-1.0798125E-07,0,
,,,-1.0738125E-07,0.000267782394075766,
,,,-1.0678125E-07,0.000133891197037883,
,,,-1.0618125E-07,0.000133891197037883,
,,,-1.0558125E-07,0.000133891197037883,
,,,-1.0498125E-07,0.000267782394075766,
,,,-1.0438125E-07,0.000133891197037883,
,,,-1.0378125E-07,0.000133891197037883,
,,,-1.0318125E-07,0.000133891197037883,
,,,-1.0258125E-07,0.000267782394075766,
,,,-1.0198125E-07,0.000401673591113649,
,,,-1.0138125E-07,0.000133891197037883,
,,,-1.0078125E-07,0.000133891197037883,
,,,-1.0018125E-07,0.000133891197037883,
,,,-9.958125E-08,0.000267782394075766,
,,,-9.898125E-08,0.000133891197037883,
,,,-9.838125E-08,0.000133891197037883,
,,,-9.778125E-08,0.000267782394075766,
,,,-9.718125E-08,0.000133891197037883,
,,,-9.658125E-08,0.000267782394075766,
,,,-9.598125E-08,0.000267782394075766,
,,,-9.538125E-08,0.000267782394075766,
,,,-9.478125E-08,0.000267782394075766,
,,,-9.418125E-08,0,
,,,-9.358125E-08,0.000267782394075766,
,,,-9.298125E-08,0.000133891197037883,
,,,-9.238125E-08,0.000267782394075766,
,,,-9.178125E-08,0.000133891197037883,
,,,-9.118125E-08,0.000267782394075766,
,,,-9.058125E-08,0.000267782394075766,
,,,-8.998125E-08,0.000133891197037883,
,,,-8.938125E-08,0.000267782394075766,
,,,-8.878125E-08,0.000133891197037883,
,,,-8.818125E-08,0.000267782394075766,
,,,-8.758125E-08,0.000401673591113649,
,,,-8.698125E-08,0.000133891197037883,
,,,-8.638125E-08,0.000267782394075766,
,,,-8.578125E-08,0.000267782394075766,
,,,-8.518125E-08,0.000401673591113649,
,,,-8.458125E-08,0.000133891197037883,
,,,-8.398125E-08,0.000133891197037883,
,,,-8.338125E-08,0.000267782394075766,
,,,-8.278125E-08,0.000267782394075766,
,,,-8.218125E-08,0.000133891197037883,
,,,-8.158125E-08,0,
,,,-8.098125E-08,0.000133891197037883,
,,,-8.038125E-08,0.000267782394075766,
,,,-7.978125E-08,0.000133891197037883,
,,,-7.918125E-08,0.000133891197037883,
,,,-7.858125E-08,0,
,,,-7.798125E-08,0.000267782394075766,
,,,-7.738125E-08,0,
,,,-7.678125E-08,0.000133891197037883,
,,,-7.618125E-08,0.000267782394075766,
,,,-7.558125E-08,0,
,,,-7.498125E-08,0.000133891197037883,
,,,-7.438125E-08,0,
,,,-7.378125E-08,0.000133891197037883,
,,,-7.318125E-08,0.000267782394075766,
,,,-7.258125E-08,0.000133891197037883,
,,,-7.198125E-08,0.000133891197037883,
,,,-7.138125E-08,0.000267782394075766,
,,,-7.078125E-08,0.000267782394075766,
,,,-7.018125E-08,0.000267782394075766,
,,,-6.958125E-08,0.000133891197037883,
,,,-6.898125E-08,0.000267782394075766,
,,,-6.838125E-08,0.000267782394075766,
,,,-6.778125E-08,0.000133891197037883,
,,,-6.718125E-08,0.000133891197037883,
,,,-6.658125E-08,0.000267782394075766,
,,,-6.598125E-08,0.000267782394075766,
,,,-6.538125E-08,0.000267782394075766,
,,,-6.478125E-08,0.000133891197037883,
,,,-6.418125E-08,0.000267782394075766,
,,,-6.358125E-08,0.000401673591113649,
,,,-6.298125E-08,0.000133891197037883,
,,,-6.238125E-08,0.000133891197037883,
,,,-6.178125E-08,0.000267782394075766,
,,,-6.118125E-08,0.000401673591113649,
,,,-6.058125E-08,0.000133891197037883,
,,,-5.998125E-08,0.000267782394075766,
,,,-5.938125E-08,0.000267782394075766,
,,,-5.878125E-08,0.000267782394075766,
,,,-5.818125E-08,0,
,,,-5.758125E-08,0.000267782394075766,
,,,-5.698125E-08,0.000133891197037883,
,,,-5.638125E-08,0.000267782394075766,
,,,-5.578125E-08,0.000133891197037883,
,,,-5.518125E-08,0.000133891197037883,
,,,-5.458125E-08,0.000133891197037883,
,,,-5.398125E-08,0.000133891197037883,
,,,-5.338125E-08,0.000133891197037883,
,,,-5.278125E-08,0.000267782394075766,
,,,-5.218125E-08,0.000133891197037883,
,,,-5.158125E-08,0.000401673591113649,
,,,-5.098125E-08,0.000133891197037883,
,,,-5.038125E-08,0.000133891197037883,
,,,-4.978125E-08,0.000401673591113649,
,,,-4.918125E-08,0.000133891197037883,
,,,-4.858125E-08,0.000267782394075766,
,,,-4.798125E-08,0.000133891197037883,
,,,-4.738125E-08,0.000267782394075766,
,,,-4.678125E-08,0.000133891197037883,
,,,-4.618125E-08,0.000401673591113649,
,,,-4.558125E-08,0.000267782394075766,
,,,-4.498125E-08,0.000133891197037883,
,,,-4.438125E-08,0.000267782394075766,
,,,-4.378125E-08,0.000267782394075766,
,,,-4.318125E-08,0.000133891197037883,
,,,-4.258125E-08,0.000133891197037883,
,,,-4.198125E-08,0.000133891197037883,
,,,-4.138125E-08,0,
,,,-4.078125E-08,0,
,,,-4.018125E-08,0.000133891197037883,
,,,-3.958125E-08,0.000133891197037883,
,,,-3.898125E-08,0,
,,,-3.838125E-08,0.000133891197037883,
,,,-3.778125E-08,0,
,,,-3.718125E-08,0,
,,,-3.658125E-08,0,
,,,-3.598125E-08,0,
,,,-3.538125E-08,0,
,,,-3.478125E-08,0,
,,,-3.418125E-08,0,
,,,-3.358125E-08,0,
,,,-3.298125E-08,0.000133891197037883,
,,,-3.238125E-08,0.000133891197037883,
,,,-3.178125E-08,0.000133891197037883,
,,,-3.118125E-08,0.000133891197037883,
,,,-3.058125E-08,0,
,,,-2.998125E-08,0,
,,,-2.938125E-08,0.000133891197037883,
,,,-2.878125E-08,0.000133891197037883,
,,,-2.818125E-08,0,
,,,-2.758125E-08,0.000133891197037883,
,,,-2.698125E-08,0.000267782394075766,
,,,-2.638125E-08,0,
,,,-2.578125E-08,0.000133891197037883,
,,,-2.518125E-08,0.000267782394075766,
,,,-2.458125E-08,0.000133891197037883,
,,,-2.398125E-08,0.000133891197037883,
,,,-2.338125E-08,0,
,,,-2.278125E-08,0.000133891197037883,
,,,-2.218125E-08,-0.000133891197037883,
,,,-2.158125E-08,-0.000133891197037883,
,,,-2.098125E-08,0,
,,,-2.038125E-08,0.000133891197037883,
,,,-1.978125E-08,0,
,,,-1.918125E-08,0.000133891197037883,
,,,-1.858125E-08,0,
,,,-1.798125E-08,-0.000133891197037883,
,,,-1.738125E-08,-0.000133891197037883,
,,,-1.678125E-08,0.000133891197037883,
,,,-1.618125E-08,0.000133891197037883,
,,,-1.558125E-08,0.000133891197037883,
,,,-1.498125E-08,0,
,,,-1.438125E-08,-0.000133891197037883,
,,,-1.378125E-08,0.000133891197037883,
,,,-1.318125E-08,0,
,,,-1.258125E-08,0.000133891197037883,
,,,-1.198125E-08,0,
,,,-1.138125E-08,0.000133891197037883,
,,,-1.078125E-08,0,
,,,-1.018125E-08,0.000133891197037883,
,,,-9.58124999999999E-09,0.000133891197037883,
,,,-8.98125E-09,0,
,,,-8.38125000000001E-09,0.000133891197037883,
,,,-7.78125000000002E-09,0.000133891197037883,
,,,-7.18125000000002E-09,0.000133891197037883,
,,,-6.58125000000003E-09,0.000133891197037883,
,,,-5.98124999999999E-09,0.000133891197037883,
,,,-5.38124999999999E-09,0.000267782394075766,
,,,-4.78125E-09,0.000267782394075766,
,,,-4.18125000000001E-09,0.000401673591113649,
,,,-3.58125000000002E-09,0.000669455985189416,
,,,-2.98125000000003E-09,0.000803347182227299,
,,,-2.38125000000003E-09,0.000937238379265182,
,,,-1.78124999999999E-09,0.00120502077334095,
,,,-1.18125E-09,0.00147280316741671,
,,,-5.81250000000004E-10,0.00174058556149248,
,,,1.87499999999882E-11,0.00214225915260613,
,,,6.1874999999998E-10,0.00227615034964401,
,,,1.21874999999997E-09,0.0024100415466819,
,,,1.81874999999996E-09,0.00267782394075766,
,,,2.41875000000001E-09,0.00294560633483343,
,,,3.01875E-09,0.00321338872890919,
,,,3.61874999999999E-09,0.00348117112298496,
,,,4.21874999999999E-09,0.00374895351706073,
,,,4.81874999999998E-09,0.00401673591113649,
,,,5.41874999999997E-09,0.00415062710817438,
,,,6.01875000000002E-09,0.00428451830521226,
,,,6.61875000000001E-09,0.00468619189632591,
,,,7.21875E-09,0.00468619189632591,
,,,7.81874999999999E-09,0.00495397429040167,
,,,8.41874999999998E-09,0.00495397429040167,
,,,9.01874999999998E-09,0.00508786548743956,
,,,9.61874999999997E-09,0.00522175668447744,
,,,1.021875E-08,0.00535564788151532,
,,,1.081875E-08,0.00522175668447744,
,,,1.141875E-08,0.00548953907855321,
,,,1.201875E-08,0.00548953907855321,
,,,1.261875E-08,0.00548953907855321,
,,,1.321875E-08,0.00575732147262897,
,,,1.381875E-08,0.00548953907855321,
,,,1.441875E-08,0.00562343027559109,
,,,1.501875E-08,0.00562343027559109,
,,,1.561875E-08,0.00575732147262897,
,,,1.621875E-08,0.00575732147262897,
,,,1.681875E-08,0.00575732147262897,
,,,1.741875E-08,0.00562343027559109,
,,,1.801875E-08,0.00589121266966686,
,,,1.861875E-08,0.00589121266966686,
,,,1.921875E-08,0.00575732147262897,
,,,1.981875E-08,0.00589121266966686,
,,,2.041875E-08,0.00575732147262897,
,,,2.101875E-08,0.00575732147262897,
,,,2.161875E-08,0.00589121266966686,
,,,2.221875E-08,0.00575732147262897,
,,,2.281875E-08,0.00575732147262897,
,,,2.341875E-08,0.00575732147262897,
,,,2.401875E-08,0.00589121266966686,
,,,2.461875E-08,0.00575732147262897,
,,,2.521875E-08,0.00575732147262897,
,,,2.581875E-08,0.00575732147262897,
,,,2.641875E-08,0.00562343027559109,
,,,2.701875E-08,0.00575732147262897,
,,,2.761875E-08,0.00562343027559109,
,,,2.821875E-08,0.00562343027559109,
,,,2.881875E-08,0.00562343027559109,
,,,2.941875E-08,0.00575732147262897,
,,,3.001875E-08,0.00575732147262897,
,,,3.061875E-08,0.00562343027559109,
,,,3.121875E-08,0.00562343027559109,
,,,3.181875E-08,0.00562343027559109,
,,,3.241875E-08,0.00575732147262897,
,,,3.301875E-08,0.00575732147262897,
,,,3.361875E-08,0.00562343027559109,
,,,3.421875E-08,0.00562343027559109,
,,,3.481875E-08,0.00575732147262897,
,,,3.541875E-08,0.00548953907855321,
,,,3.601875E-08,0.00548953907855321,
,,,3.661875E-08,0.00562343027559109,
,,,3.721875E-08,0.00562343027559109,
,,,3.781875E-08,0.00562343027559109,
,,,3.841875E-08,0.00562343027559109,
,,,3.901875E-08,0.00562343027559109,
,,,3.961875E-08,0.00562343027559109,
,,,4.021875E-08,0.00548953907855321,
,,,4.081875E-08,0.00548953907855321,
,,,4.141875E-08,0.00548953907855321,
,,,4.201875E-08,0.00548953907855321,
,,,4.261875E-08,0.00548953907855321,
,,,4.321875E-08,0.00548953907855321,
,,,4.381875E-08,0.00535564788151532,
,,,4.441875E-08,0.00548953907855321,
,,,4.501875E-08,0.00535564788151532,
,,,4.561875E-08,0.00535564788151532,
,,,4.621875E-08,0.00548953907855321,
,,,4.681875E-08,0.00535564788151532,
,,,4.741875E-08,0.00535564788151532,
,,,4.801875E-08,0.00535564788151532,
,,,4.861875E-08,0.00522175668447744,
,,,4.921875E-08,0.00522175668447744,
,,,4.981875E-08,0.00522175668447744,
,,,5.041875E-08,0.00522175668447744,
,,,5.101875E-08,0.00522175668447744,
,,,5.161875E-08,0.00508786548743956,
,,,5.221875E-08,0.00508786548743956,
,,,5.281875E-08,0.00482008309336379,
,,,5.341875E-08,0.00495397429040167,
,,,5.401875E-08,0.00495397429040167,
,,,5.461875E-08,0.00482008309336379,
,,,5.521875E-08,0.00468619189632591,
,,,5.581875E-08,0.00468619189632591,
,,,5.641875E-08,0.00468619189632591,
,,,5.701875E-08,0.00455230069928803,
,,,5.761875E-08,0.00482008309336379,
,,,5.821875E-08,0.00455230069928803,
,,,5.881875E-08,0.00455230069928803,
,,,5.941875E-08,0.00455230069928803,
,,,6.001875E-08,0.00455230069928803,
,,,6.061875E-08,0.00455230069928803,
,,,6.121875E-08,0.00441840950225014,
,,,6.181875E-08,0.00455230069928803,
,,,6.241875E-08,0.00441840950225014,
,,,6.301875E-08,0.00428451830521226,
,,,6.361875E-08,0.00428451830521226,
,,,6.421875E-08,0.00441840950225014,
,,,6.481875E-08,0.00428451830521226,
,,,6.541875E-08,0.00428451830521226,
,,,6.601875E-08,0.00428451830521226,
,,,6.661875E-08,0.00415062710817438,
,,,6.721875E-08,0.00428451830521226,
,,,6.781875E-08,0.00428451830521226,
,,,6.841875E-08,0.00441840950225014,
,,,6.901875E-08,0.00428451830521226,
,,,6.961875E-08,0.00415062710817438,
,,,7.021875E-08,0.00441840950225014,
,,,7.081875E-08,0.00428451830521226,
,,,7.141875E-08,0.00415062710817438,
,,,7.201875E-08,0.00415062710817438,
,,,7.261875E-08,0.00415062710817438,
,,,7.321875E-08,0.00401673591113649,
,,,7.381875E-08,0.00401673591113649,
,,,7.441875E-08,0.00401673591113649,
,,,7.501875E-08,0.00374895351706073,
,,,7.561875E-08,0.00388284471409861,
,,,7.621875E-08,0.00374895351706073,
,,,7.681875E-08,0.00388284471409861,
,,,7.741875E-08,0.00361506232002284,
,,,7.801875E-08,0.00374895351706073,
,,,7.861875E-08,0.00361506232002284,
,,,7.921875E-08,0.00374895351706073,
,,,7.981875E-08,0.00348117112298496,
,,,8.041875E-08,0.00361506232002284,
,,,8.101875E-08,0.00361506232002284,
,,,8.161875E-08,0.00361506232002284,
,,,8.221875E-08,0.00348117112298496,
,,,8.281875E-08,0.00361506232002284,
,,,8.341875E-08,0.00334727992594708,
,,,8.401875E-08,0.00334727992594708,
,,,8.461875E-08,0.00321338872890919,
,,,8.521875E-08,0.00321338872890919,
,,,8.581875E-08,0.00334727992594708,
,,,8.641875E-08,0.00334727992594708,
,,,8.701875E-08,0.00334727992594708,
,,,8.761875E-08,0.00334727992594708,
,,,8.821875E-08,0.00321338872890919,
,,,8.881875E-08,0.00307949753187131,
,,,8.941875E-08,0.00307949753187131,
,,,9.001875E-08,0.00307949753187131,
,,,9.061875E-08,0.00307949753187131,
,,,9.121875E-08,0.00294560633483343,
,,,9.181875E-08,0.00294560633483343,
,,,9.241875E-08,0.00307949753187131,
,,,9.301875E-08,0.00281171513779555,
,,,9.361875E-08,0.00281171513779555,
,,,9.421875E-08,0.00281171513779555,
,,,9.481875E-08,0.00281171513779555,
,,,9.541875E-08,0.00281171513779555,
,,,9.601875E-08,0.00294560633483343,
,,,9.661875E-08,0.00281171513779555,
,,,9.721875E-08,0.00281171513779555,
,,,9.781875E-08,0.00267782394075766,
,,,9.841875E-08,0.00254393274371978,
,,,9.901875E-08,0.00267782394075766,
,,,9.961875E-08,0.00254393274371978,
,,,1.0021875E-07,0.00254393274371978,
,,,1.0081875E-07,0.00254393274371978,
,,,1.0141875E-07,0.00254393274371978,
,,,1.0201875E-07,0.00254393274371978,
,,,1.0261875E-07,0.00267782394075766,
,,,1.0321875E-07,0.0024100415466819,
,,,1.0381875E-07,0.00254393274371978,
,,,1.0441875E-07,0.00254393274371978,
,,,1.0501875E-07,0.0024100415466819,
,,,1.0561875E-07,0.00267782394075766,
,,,1.0621875E-07,0.00254393274371978,
,,,1.0681875E-07,0.00254393274371978,
,,,1.0741875E-07,0.00254393274371978,
,,,1.0801875E-07,0.0024100415466819,
,,,1.0861875E-07,0.00254393274371978,
,,,1.0921875E-07,0.00254393274371978,
,,,1.0981875E-07,0.0024100415466819,
,,,1.1041875E-07,0.0024100415466819,
,,,1.1101875E-07,0.00227615034964401,
,,,1.1161875E-07,0.0024100415466819,
,,,1.1221875E-07,0.00227615034964401,
,,,1.1281875E-07,0.00214225915260613,
,,,1.1341875E-07,0.00214225915260613,
,,,1.1401875E-07,0.00227615034964401,
,,,1.1461875E-07,0.00200836795556825,
,,,1.1521875E-07,0.00227615034964401,
,,,1.1581875E-07,0.00200836795556825,
,,,1.1641875E-07,0.00227615034964401,
,,,1.1701875E-07,0.00214225915260613,
,,,1.1761875E-07,0.00200836795556825,
,,,1.1821875E-07,0.00227615034964401,
,,,1.1881875E-07,0.00200836795556825,
,,,1.1941875E-07,0.00214225915260613,
,,,1.2001875E-07,0.00200836795556825,
,,,1.2061875E-07,0.00214225915260613,
,,,1.2121875E-07,0.00227615034964401,
,,,1.2181875E-07,0.00200836795556825,
,,,1.2241875E-07,0.00200836795556825,
,,,1.2301875E-07,0.00214225915260613,
,,,1.2361875E-07,0.00200836795556825,
,,,1.2421875E-07,0.00214225915260613,
,,,1.2481875E-07,0.00214225915260613,
,,,1.2541875E-07,0.00200836795556825,
,,,1.2601875E-07,0.00200836795556825,
,,,1.2661875E-07,0.00200836795556825,
,,,1.2721875E-07,0.00187447675853036,
,,,1.2781875E-07,0.00187447675853036,
,,,1.2841875E-07,0.00200836795556825,
,,,1.2901875E-07,0.00187447675853036,
,,,1.2961875E-07,0.00200836795556825,
,,,1.3021875E-07,0.00174058556149248,
,,,1.3081875E-07,0.00200836795556825,
,,,1.3141875E-07,0.00187447675853036,
,,,1.3201875E-07,0.00187447675853036,
,,,1.3261875E-07,0.00174058556149248,
,,,1.3321875E-07,0.00174058556149248,
,,,1.3381875E-07,0.00174058556149248,
,,,1.3441875E-07,0.00174058556149248,
,,,1.3501875E-07,0.0016066943644546,
,,,1.3561875E-07,0.0016066943644546,
,,,1.3621875E-07,0.00147280316741671,
,,,1.3681875E-07,0.0016066943644546,
,,,1.3741875E-07,0.0016066943644546,
,,,1.3801875E-07,0.0016066943644546,
,,,1.3861875E-07,0.0016066943644546,
,,,1.3921875E-07,0.00147280316741671,
,,,1.3981875E-07,0.0016066943644546,
,,,1.4041875E-07,0.0016066943644546,
,,,1.4101875E-07,0.0016066943644546,
,,,1.4161875E-07,0.00147280316741671,
,,,1.4221875E-07,0.00133891197037883,
,,,1.4281875E-07,0.0016066943644546,
,,,1.4341875E-07,0.0016066943644546,
,,,1.4401875E-07,0.0016066943644546,
,,,1.4461875E-07,0.0016066943644546,
,,,1.4521875E-07,0.00147280316741671,
,,,1.4581875E-07,0.0016066943644546,
,,,1.4641875E-07,0.00133891197037883,
,,,1.4701875E-07,0.0016066943644546,
,,,1.4761875E-07,0.00147280316741671,
,,,1.4821875E-07,0.00147280316741671,
,,,1.4881875E-07,0.00147280316741671,
,,,1.4941875E-07,0.00133891197037883,
,,,1.5001875E-07,0.00147280316741671,
,,,1.5061875E-07,0.00133891197037883,
,,,1.5121875E-07,0.00120502077334095,
,,,1.5181875E-07,0.00120502077334095,
,,,1.5241875E-07,0.00133891197037883,
,,,1.5301875E-07,0.00120502077334095,
,,,1.5361875E-07,0.00133891197037883,
,,,1.5421875E-07,0.00120502077334095,
,,,1.5481875E-07,0.00120502077334095,
,,,1.5541875E-07,0.00120502077334095,
,,,1.5601875E-07,0.00120502077334095,
,,,1.5661875E-07,0.00107112957630306,
,,,1.5721875E-07,0.00133891197037883,
,,,1.5781875E-07,0.00133891197037883,
,,,1.5841875E-07,0.00133891197037883,
,,,1.5901875E-07,0.00120502077334095,
,,,1.5961875E-07,0.00120502077334095,
,,,1.6021875E-07,0.00120502077334095,
,,,1.6081875E-07,0.00107112957630306,
,,,1.6141875E-07,0.00120502077334095,
,,,1.6201875E-07,0.00120502077334095,
,,,1.6261875E-07,0.00120502077334095,
,,,1.6321875E-07,0.00120502077334095,
,,,1.6381875E-07,0.00107112957630306,
,,,1.6441875E-07,0.00133891197037883,
,,,1.6501875E-07,0.00120502077334095,
,,,1.6561875E-07,0.00120502077334095,
,,,1.6621875E-07,0.00120502077334095,
,,,1.6681875E-07,0.00133891197037883,
,,,1.6741875E-07,0.00107112957630306,
,,,1.6801875E-07,0.00120502077334095,
,,,1.6861875E-07,0.00107112957630306,
,,,1.6921875E-07,0.00120502077334095,
,,,1.6981875E-07,0.00120502077334095,
,,,1.7041875E-07,0.00120502077334095,
,,,1.7101875E-07,0.00120502077334095,
,,,1.7161875E-07,0.00120502077334095,
,,,1.7221875E-07,0.00120502077334095,
,,,1.7281875E-07,0.00120502077334095,
,,,1.7341875E-07,0.00120502077334095,
,,,1.7401875E-07,0.00107112957630306,
,,,1.7461875E-07,0.00120502077334095,
,,,1.7521875E-07,0.00107112957630306,
,,,1.7581875E-07,0.000937238379265182,
,,,1.7641875E-07,0.00107112957630306,
,,,1.7701875E-07,0.00107112957630306,
,,,1.7761875E-07,0.00107112957630306,
,,,1.7821875E-07,0.00133891197037883,
,,,1.7881875E-07,0.00107112957630306,
,,,1.7941875E-07,0.00120502077334095,
,,,1.8001875E-07,0.000937238379265182,
,,,1.8061875E-07,0.00107112957630306,
,,,1.8121875E-07,0.000937238379265182,
,,,1.8181875E-07,0.00133891197037883,
,,,1.8241875E-07,0.00107112957630306,
,,,1.8301875E-07,0.00107112957630306,
,,,1.8361875E-07,0.00107112957630306,
,,,1.8421875E-07,0.00120502077334095,
,,,1.8481875E-07,0.00107112957630306,
,,,1.8541875E-07,0.00107112957630306,
,,,1.8601875E-07,0.00107112957630306,
,,,1.8661875E-07,0.000937238379265182,
,,,1.8721875E-07,0.00107112957630306,
,,,1.8781875E-07,0.000937238379265182,
,,,1.8841875E-07,0.000937238379265182,
,,,1.8901875E-07,0.000937238379265182,
,,,1.8961875E-07,0.000937238379265182,
,,,1.9021875E-07,0.000803347182227299,
,,,1.9081875E-07,0.00107112957630306,
,,,1.9141875E-07,0.000937238379265182,
,,,1.9201875E-07,0.000937238379265182,
,,,1.9261875E-07,0.000803347182227299,
,,,1.9321875E-07,0.000937238379265182,
,,,1.9381875E-07,0.000803347182227299,
,,,1.9441875E-07,0.000937238379265182,
,,,1.9501875E-07,0.000803347182227299,
,,,1.9561875E-07,0.000937238379265182,
,,,1.9621875E-07,0.000937238379265182,
,,,1.9681875E-07,0.000937238379265182,
,,,1.9741875E-07,0.00107112957630306,
,,,1.9801875E-07,0.000937238379265182,
,,,1.9861875E-07,0.000937238379265182,
,,,1.9921875E-07,0.000669455985189416,
,,,1.9981875E-07,0.000937238379265182,
,,,2.0041875E-07,0.000803347182227299,
,,,2.0101875E-07,0.000669455985189416,
,,,2.0161875E-07,0.000803347182227299,
,,,2.0221875E-07,0.000803347182227299,
,,,2.0281875E-07,0.000937238379265182,
,,,2.0341875E-07,0.00107112957630306,
,,,2.0401875E-07,0.000669455985189416,
,,,2.0461875E-07,0.000803347182227299,
,,,2.0521875E-07,0.000937238379265182,
,,,2.0581875E-07,0.000803347182227299,
,,,2.0641875E-07,0.000803347182227299,
,,,2.0701875E-07,0.000803347182227299,
,,,2.0761875E-07,0.000803347182227299,
,,,2.0821875E-07,0.000669455985189416,
,,,2.0881875E-07,0.000535564788151532,
,,,2.0941875E-07,0.000669455985189416,
,,,2.1001875E-07,0.000803347182227299,
,,,2.1061875E-07,0.000535564788151532,
,,,2.1121875E-07,0.000535564788151532,
,,,2.1181875E-07,0.000669455985189416,
,,,2.1241875E-07,0.000535564788151532,
,,,2.1301875E-07,0.000535564788151532,
,,,2.1361875E-07,0.000535564788151532,
,,,2.1421875E-07,0.000535564788151532,
,,,2.1481875E-07,0.000669455985189416,
,,,2.1541875E-07,0.000535564788151532,
,,,2.1601875E-07,0.000669455985189416,
,,,2.1661875E-07,0.000535564788151532,
,,,2.1721875E-07,0.000535564788151532,
,,,2.1781875E-07,0.000669455985189416,
,,,2.1841875E-07,0.000535564788151532,
,,,2.1901875E-07,0.000803347182227299,
,,,2.1961875E-07,0.000803347182227299,
,,,2.2021875E-07,0.000669455985189416,
,,,2.2081875E-07,0.000535564788151532,
,,,2.2141875E-07,0.000535564788151532,
,,,2.2201875E-07,0.000669455985189416,
,,,2.2261875E-07,0.000669455985189416,
,,,2.2321875E-07,0.000669455985189416,
,,,2.2381875E-07,0.000803347182227299,
,,,2.2441875E-07,0.000669455985189416,
,,,2.2501875E-07,0.000669455985189416,
,,,2.2561875E-07,0.000535564788151532,
,,,2.2621875E-07,0.000401673591113649,
,,,2.2681875E-07,0.000669455985189416,
,,,2.2741875E-07,0.000401673591113649,
,,,2.2801875E-07,0.000535564788151532,
,,,2.2861875E-07,0.000535564788151532,
,,,2.2921875E-07,0.000535564788151532,
,,,2.2981875E-07,0.000669455985189416,
,,,2.3041875E-07,0.000669455985189416,
,,,2.3101875E-07,0.000669455985189416,
,,,2.3161875E-07,0.000669455985189416,
,,,2.3221875E-07,0.000401673591113649,
,,,2.3281875E-07,0.000669455985189416,
,,,2.3341875E-07,0.000535564788151532,
,,,2.3401875E-07,0.000669455985189416,
,,,2.3461875E-07,0.000535564788151532,
,,,2.3521875E-07,0.000535564788151532,
,,,2.3581875E-07,0.000669455985189416,
,,,2.3641875E-07,0.000669455985189416,
,,,2.3701875E-07,0.000669455985189416,
,,,2.3761875E-07,0.000535564788151532,
,,,2.3821875E-07,0.000669455985189416,
,,,2.3881875E-07,0.000535564788151532,
,,,2.3941875E-07,0.000669455985189416,
,,,2.4001875E-07,0.000669455985189416,
,,,2.4061875E-07,0.000535564788151532,
,,,2.4121875E-07,0.000535564788151532,
,,,2.4181875E-07,0.000669455985189416,
,,,2.4241875E-07,0.000669455985189416,
,,,2.4301875E-07,0.000535564788151532,
,,,2.4361875E-07,0.000535564788151532,
,,,2.4421875E-07,0.000401673591113649,
,,,2.4481875E-07,0.000401673591113649,
,,,2.4541875E-07,0.000401673591113649,
,,,2.4601875E-07,0.000535564788151532,
,,,2.4661875E-07,0.000401673591113649,
,,,2.4721875E-07,0.000535564788151532,
,,,2.4781875E-07,0.000267782394075766,
,,,2.4841875E-07,0.000535564788151532,
