Address:,USB0::0x0957::0x17BC::MY60101365::0::INSTR,,Analog Channels,,,
Model:,MSO-X 4154A,,Time (s),2 (VOLT),3 (VOLT),
Serial Number:,MY60101365,,-5E-06,0.0208157896995544,0.196771447779611,
Firmware Version:,07.31.2020012900,,-4.9998E-06,0.0208157896995544,0.197106175823137,
Start Time:,2022-10-06 16:17:06.601,,-4.9996E-06,0.0208157896995544,0.1972735398449,
Capture#:,10,,-4.9994E-06,-0.113075435161591,0.196938811801374,
,,,-4.9992E-06,0.087761402130127,0.1972735398449,
,,,-4.999E-06,0.0208157896995544,0.196604083757848,
,,,-4.9988E-06,0.087761402130127,0.196436719736084,
,,,-4.9986E-06,0.0208157896995544,0.1972735398449,
,,,-4.9984E-06,-0.0461298227310181,0.196604083757848,
,,,-4.9982E-06,0.087761402130127,0.196436719736084,
,,,-4.998E-06,0.0208157896995544,0.196436719736084,
,,,-4.9978E-06,0.0208157896995544,0.196436719736084,
,,,-4.9976E-06,0.0208157896995544,0.196771447779611,
,,,-4.9974E-06,-0.0461298227310181,0.197106175823137,
,,,-4.9972E-06,0.0208157896995544,0.196436719736084,
,,,-4.997E-06,0.087761402130127,0.196938811801374,
,,,-4.9968E-06,0.087761402130127,0.196604083757848,
,,,-4.9966E-06,0.0208157896995544,0.196604083757848,
,,,-4.9964E-06,0.087761402130127,0.196604083757848,
,,,-4.9962E-06,0.0208157896995544,0.197106175823137,
,,,-4.996E-06,0.0208157896995544,0.196269355714321,
,,,-4.9958E-06,0.0208157896995544,0.196604083757848,
,,,-4.9956E-06,0.0208157896995544,0.196269355714321,
,,,-4.9954E-06,-0.0461298227310181,0.196269355714321,
,,,-4.9952E-06,-0.0461298227310181,0.196436719736084,
,,,-4.995E-06,-0.0461298227310181,0.195934627670795,
,,,-4.9948E-06,0.0208157896995544,0.196436719736084,
,,,-4.9946E-06,-0.0461298227310181,0.196604083757848,
,,,-4.9944E-06,0.0208157896995544,0.196436719736084,
,,,-4.9942E-06,-0.113075435161591,0.195767263649032,
,,,-4.994E-06,-0.0461298227310181,0.196436719736084,
,,,-4.9938E-06,-0.0461298227310181,0.195767263649032,
,,,-4.9936E-06,-0.0461298227310181,0.196604083757848,
,,,-4.9934E-06,-0.0461298227310181,0.195934627670795,
,,,-4.9932E-06,0.0208157896995544,0.195934627670795,
,,,-4.993E-06,-0.0461298227310181,0.196604083757848,
,,,-4.9928E-06,0.0208157896995544,0.196269355714321,
,,,-4.9926E-06,0.0208157896995544,0.196101991692558,
,,,-4.9924E-06,0.087761402130127,0.196269355714321,
,,,-4.9922E-06,0.0208157896995544,0.196771447779611,
,,,-4.992E-06,-0.0461298227310181,0.195432535605505,
,,,-4.9918E-06,0.154707014560699,0.196938811801374,
,,,-4.9916E-06,-0.0461298227310181,0.196938811801374,
,,,-4.9914E-06,-0.0461298227310181,0.196269355714321,
,,,-4.9912E-06,-0.0461298227310181,0.196269355714321,
,,,-4.991E-06,0.0208157896995544,0.196269355714321,
,,,-4.9908E-06,0.0208157896995544,0.197106175823137,
,,,-4.9906E-06,0.087761402130127,0.196101991692558,
,,,-4.9904E-06,0.0208157896995544,0.196604083757848,
,,,-4.9902E-06,-0.0461298227310181,0.196436719736084,
,,,-4.99E-06,0.087761402130127,0.196269355714321,
,,,-4.9898E-06,-0.0461298227310181,0.196269355714321,
,,,-4.9896E-06,0.0208157896995544,0.196938811801374,
,,,-4.9894E-06,-0.0461298227310181,0.196938811801374,
,,,-4.9892E-06,-0.0461298227310181,0.196101991692558,
,,,-4.989E-06,0.0208157896995544,0.196771447779611,
,,,-4.9888E-06,0.154707014560699,0.196604083757848,
,,,-4.9886E-06,-0.113075435161591,0.195767263649032,
,,,-4.9884E-06,-0.0461298227310181,0.196604083757848,
,,,-4.9882E-06,0.087761402130127,0.196101991692558,
,,,-4.988E-06,0.0208157896995544,0.195599899627268,
,,,-4.9878E-06,-0.113075435161591,0.195934627670795,
,,,-4.9876E-06,0.0208157896995544,0.196269355714321,
,,,-4.9874E-06,-0.0461298227310181,0.195767263649032,
,,,-4.9872E-06,0.0208157896995544,0.195934627670795,
,,,-4.987E-06,-0.113075435161591,0.196101991692558,
,,,-4.9868E-06,0.0208157896995544,0.196101991692558,
,,,-4.9866E-06,-0.0461298227310181,0.195265171583742,
,,,-4.9864E-06,0.087761402130127,0.196269355714321,
,,,-4.9862E-06,0.0208157896995544,0.195934627670795,
,,,-4.986E-06,0.0208157896995544,0.195934627670795,
,,,-4.9858E-06,0.0208157896995544,0.195767263649032,
,,,-4.9856E-06,-0.0461298227310181,0.196938811801374,
,,,-4.9854E-06,0.0208157896995544,0.196269355714321,
,,,-4.9852E-06,0.0208157896995544,0.196101991692558,
,,,-4.985E-06,-0.0461298227310181,0.195767263649032,
,,,-4.9848E-06,0.0208157896995544,0.195599899627268,
,,,-4.9846E-06,-0.0461298227310181,0.196604083757848,
,,,-4.9844E-06,-0.0461298227310181,0.196101991692558,
,,,-4.9842E-06,0.087761402130127,0.196101991692558,
,,,-4.984E-06,0.154707014560699,0.195767263649032,
,,,-4.9838E-06,-0.0461298227310181,0.195599899627268,
,,,-4.9836E-06,-0.0461298227310181,0.195934627670795,
,,,-4.9834E-06,0.0208157896995544,0.196436719736084,
,,,-4.9832E-06,0.0208157896995544,0.195934627670795,
,,,-4.983E-06,-0.0461298227310181,0.195432535605505,
,,,-4.9828E-06,0.0208157896995544,0.196101991692558,
,,,-4.9826E-06,-0.0461298227310181,0.195934627670795,
,,,-4.9824E-06,0.087761402130127,0.195767263649032,
,,,-4.9822E-06,0.0208157896995544,0.195767263649032,
,,,-4.982E-06,0.0208157896995544,0.196604083757848,
,,,-4.9818E-06,0.0208157896995544,0.196771447779611,
,,,-4.9816E-06,-0.0461298227310181,0.195767263649032,
,,,-4.9814E-06,-0.113075435161591,0.195934627670795,
,,,-4.9812E-06,-0.0461298227310181,0.196269355714321,
,,,-4.981E-06,-0.0461298227310181,0.196269355714321,
,,,-4.9808E-06,0.087761402130127,0.196436719736084,
,,,-4.9806E-06,-0.113075435161591,0.196101991692558,
,,,-4.9804E-06,0.0208157896995544,0.195599899627268,
,,,-4.9802E-06,0.087761402130127,0.196938811801374,
,,,-4.98E-06,0.087761402130127,0.196101991692558,
,,,-4.9798E-06,0.0208157896995544,0.195767263649032,
,,,-4.9796E-06,0.0208157896995544,0.195599899627268,
,,,-4.9794E-06,0.0208157896995544,0.196604083757848,
,,,-4.9792E-06,0.0208157896995544,0.196269355714321,
,,,-4.979E-06,0.0208157896995544,0.196771447779611,
,,,-4.9788E-06,-0.0461298227310181,0.196604083757848,
,,,-4.9786E-06,-0.0461298227310181,0.195934627670795,
,,,-4.9784E-06,-0.0461298227310181,0.196604083757848,
,,,-4.9782E-06,-0.0461298227310181,0.195934627670795,
,,,-4.978E-06,0.0208157896995544,0.196269355714321,
,,,-4.9778E-06,0.0208157896995544,0.196436719736084,
,,,-4.9776E-06,0.087761402130127,0.196269355714321,
,,,-4.9774E-06,0.0208157896995544,0.196604083757848,
,,,-4.9772E-06,0.0208157896995544,0.196101991692558,
,,,-4.977E-06,-0.0461298227310181,0.196101991692558,
,,,-4.9768E-06,0.0208157896995544,0.195934627670795,
,,,-4.9766E-06,0.0208157896995544,0.196269355714321,
,,,-4.9764E-06,0.0208157896995544,0.196771447779611,
,,,-4.9762E-06,-0.113075435161591,0.196604083757848,
,,,-4.976E-06,0.087761402130127,0.196436719736084,
,,,-4.9758E-06,-0.0461298227310181,0.195934627670795,
,,,-4.9756E-06,-0.113075435161591,0.196604083757848,
,,,-4.9754E-06,0.087761402130127,0.195432535605505,
,,,-4.9752E-06,0.0208157896995544,0.196269355714321,
,,,-4.975E-06,-0.0461298227310181,0.196269355714321,
,,,-4.9748E-06,0.0208157896995544,0.196771447779611,
,,,-4.9746E-06,0.0208157896995544,0.196101991692558,
,,,-4.9744E-06,0.0208157896995544,0.196269355714321,
,,,-4.9742E-06,-0.0461298227310181,0.196938811801374,
,,,-4.974E-06,-0.0461298227310181,0.197440903866664,
,,,-4.9738E-06,0.0208157896995544,0.196436719736084,
,,,-4.9736E-06,0.0208157896995544,0.195934627670795,
,,,-4.9734E-06,0.087761402130127,0.196938811801374,
,,,-4.9732E-06,0.0208157896995544,0.196938811801374,
,,,-4.973E-06,0.0208157896995544,0.195934627670795,
,,,-4.9728E-06,-0.0461298227310181,0.196101991692558,
,,,-4.9726E-06,0.087761402130127,0.196269355714321,
,,,-4.9724E-06,-0.113075435161591,0.195767263649032,
,,,-4.9722E-06,0.0208157896995544,0.196938811801374,
,,,-4.972E-06,0.0208157896995544,0.196436719736084,
,,,-4.9718E-06,-0.0461298227310181,0.196269355714321,
,,,-4.9716E-06,0.087761402130127,0.196604083757848,
,,,-4.9714E-06,0.0208157896995544,0.197106175823137,
,,,-4.9712E-06,0.087761402130127,0.195934627670795,
,,,-4.971E-06,0.0208157896995544,0.196604083757848,
,,,-4.9708E-06,-0.0461298227310181,0.196938811801374,
,,,-4.9706E-06,0.0208157896995544,0.196436719736084,
,,,-4.9704E-06,-0.0461298227310181,0.196101991692558,
,,,-4.9702E-06,-0.0461298227310181,0.196938811801374,
,,,-4.97E-06,0.0208157896995544,0.196269355714321,
,,,-4.9698E-06,-0.0461298227310181,0.196604083757848,
,,,-4.9696E-06,0.087761402130127,0.196436719736084,
,,,-4.9694E-06,-0.180021047592163,0.196269355714321,
,,,-4.9692E-06,0.0208157896995544,0.196771447779611,
,,,-4.969E-06,-0.0461298227310181,0.197106175823137,
,,,-4.9688E-06,0.0208157896995544,0.196101991692558,
,,,-4.9686E-06,-0.0461298227310181,0.196269355714321,
,,,-4.9684E-06,0.0208157896995544,0.196269355714321,
,,,-4.9682E-06,0.0208157896995544,0.196101991692558,
,,,-4.968E-06,0.0208157896995544,0.196101991692558,
,,,-4.9678E-06,0.0208157896995544,0.196604083757848,
,,,-4.9676E-06,-0.0461298227310181,0.196269355714321,
,,,-4.9674E-06,-0.113075435161591,0.196101991692558,
,,,-4.9672E-06,0.087761402130127,0.196269355714321,
,,,-4.967E-06,-0.0461298227310181,0.196436719736084,
,,,-4.9668E-06,-0.0461298227310181,0.195767263649032,
,,,-4.9666E-06,0.0208157896995544,0.196101991692558,
,,,-4.9664E-06,-0.113075435161591,0.195767263649032,
,,,-4.9662E-06,0.0208157896995544,0.195599899627268,
,,,-4.966E-06,0.0208157896995544,0.195934627670795,
,,,-4.9658E-06,0.0208157896995544,0.195934627670795,
,,,-4.9656E-06,0.0208157896995544,0.195599899627268,
,,,-4.9654E-06,-0.113075435161591,0.195934627670795,
,,,-4.9652E-06,-0.0461298227310181,0.196604083757848,
,,,-4.965E-06,-0.0461298227310181,0.196436719736084,
,,,-4.9648E-06,0.087761402130127,0.196101991692558,
,,,-4.9646E-06,-0.0461298227310181,0.195767263649032,
,,,-4.9644E-06,0.087761402130127,0.195934627670795,
,,,-4.9642E-06,0.0208157896995544,0.196436719736084,
,,,-4.964E-06,-0.0461298227310181,0.195432535605505,
,,,-4.9638E-06,0.0208157896995544,0.196436719736084,
,,,-4.9636E-06,-0.0461298227310181,0.196604083757848,
,,,-4.9634E-06,-0.113075435161591,0.196101991692558,
,,,-4.9632E-06,0.087761402130127,0.195934627670795,
,,,-4.963E-06,0.0208157896995544,0.195767263649032,
,,,-4.9628E-06,-0.0461298227310181,0.195934627670795,
,,,-4.9626E-06,0.0208157896995544,0.196771447779611,
,,,-4.9624E-06,0.0208157896995544,0.196101991692558,
,,,-4.9622E-06,-0.113075435161591,0.195097807561979,
,,,-4.962E-06,0.0208157896995544,0.196269355714321,
,,,-4.9618E-06,-0.0461298227310181,0.196269355714321,
,,,-4.9616E-06,-0.0461298227310181,0.196269355714321,
,,,-4.9614E-06,-0.0461298227310181,0.195934627670795,
,,,-4.9612E-06,0.0208157896995544,0.196101991692558,
,,,-4.961E-06,-0.0461298227310181,0.195934627670795,
,,,-4.9608E-06,0.087761402130127,0.195767263649032,
,,,-4.9606E-06,0.0208157896995544,0.196436719736084,
,,,-4.9604E-06,0.087761402130127,0.196604083757848,
,,,-4.9602E-06,0.0208157896995544,0.196771447779611,
,,,-4.96E-06,-0.0461298227310181,0.196436719736084,
,,,-4.9598E-06,0.0208157896995544,0.196771447779611,
,,,-4.9596E-06,-0.0461298227310181,0.196436719736084,
,,,-4.9594E-06,0.0208157896995544,0.196771447779611,
,,,-4.9592E-06,0.0208157896995544,0.196101991692558,
,,,-4.959E-06,0.0208157896995544,0.196938811801374,
,,,-4.9588E-06,-0.113075435161591,0.1972735398449,
,,,-4.9586E-06,0.087761402130127,0.196269355714321,
,,,-4.9584E-06,0.154707014560699,0.196604083757848,
,,,-4.9582E-06,-0.0461298227310181,0.196938811801374,
,,,-4.958E-06,0.087761402130127,0.196938811801374,
,,,-4.9578E-06,-0.0461298227310181,0.196436719736084,
,,,-4.9576E-06,-0.0461298227310181,0.197440903866664,
,,,-4.9574E-06,-0.0461298227310181,0.197942995931953,
,,,-4.9572E-06,0.0208157896995544,0.196938811801374,
,,,-4.957E-06,0.0208157896995544,0.1972735398449,
,,,-4.9568E-06,0.087761402130127,0.197608267888427,
,,,-4.9566E-06,-0.113075435161591,0.196771447779611,
,,,-4.9564E-06,-0.0461298227310181,0.197106175823137,
,,,-4.9562E-06,0.087761402130127,0.197440903866664,
,,,-4.956E-06,0.0208157896995544,0.1972735398449,
,,,-4.9558E-06,-0.0461298227310181,0.197440903866664,
,,,-4.9556E-06,0.0208157896995544,0.197608267888427,
,,,-4.9554E-06,0.0208157896995544,0.196938811801374,
,,,-4.9552E-06,0.0208157896995544,0.196938811801374,
,,,-4.955E-06,-0.113075435161591,0.196604083757848,
,,,-4.9548E-06,0.0208157896995544,0.196938811801374,
,,,-4.9546E-06,0.0208157896995544,0.196938811801374,
,,,-4.9544E-06,0.0208157896995544,0.196938811801374,
,,,-4.9542E-06,0.0208157896995544,0.196771447779611,
,,,-4.954E-06,0.087761402130127,0.195432535605505,
,,,-4.9538E-06,0.0208157896995544,0.196269355714321,
,,,-4.9536E-06,0.0208157896995544,0.196269355714321,
,,,-4.9534E-06,0.0208157896995544,0.195934627670795,
,,,-4.9532E-06,-0.0461298227310181,0.196101991692558,
,,,-4.953E-06,0.0208157896995544,0.196269355714321,
,,,-4.9528E-06,0.0208157896995544,0.195599899627268,
,,,-4.9526E-06,-0.0461298227310181,0.196101991692558,
,,,-4.9524E-06,0.0208157896995544,0.196436719736084,
,,,-4.9522E-06,0.0208157896995544,0.197440903866664,
,,,-4.952E-06,0.087761402130127,0.196604083757848,
,,,-4.9518E-06,-0.0461298227310181,0.195934627670795,
,,,-4.9516E-06,-0.0461298227310181,0.196436719736084,
,,,-4.9514E-06,0.0208157896995544,0.196436719736084,
,,,-4.9512E-06,-0.0461298227310181,0.196436719736084,
,,,-4.951E-06,-0.0461298227310181,0.197106175823137,
,,,-4.9508E-06,0.0208157896995544,0.196604083757848,
,,,-4.9506E-06,0.087761402130127,0.195767263649032,
,,,-4.9504E-06,0.087761402130127,0.196101991692558,
,,,-4.9502E-06,-0.0461298227310181,0.196604083757848,
,,,-4.95E-06,0.0208157896995544,0.195599899627268,
,,,-4.9498E-06,0.0208157896995544,0.196436719736084,
,,,-4.9496E-06,0.0208157896995544,0.196101991692558,
,,,-4.9494E-06,-0.0461298227310181,0.196101991692558,
,,,-4.9492E-06,0.0208157896995544,0.196436719736084,
,,,-4.949E-06,-0.113075435161591,0.196604083757848,
,,,-4.9488E-06,0.0208157896995544,0.197106175823137,
,,,-4.9486E-06,0.0208157896995544,0.196101991692558,
,,,-4.9484E-06,0.0208157896995544,0.195934627670795,
,,,-4.9482E-06,-0.113075435161591,0.196436719736084,
,,,-4.948E-06,0.087761402130127,0.196269355714321,
,,,-4.9478E-06,0.0208157896995544,0.195934627670795,
,,,-4.9476E-06,0.087761402130127,0.196436719736084,
,,,-4.9474E-06,0.0208157896995544,0.196604083757848,
,,,-4.9472E-06,0.0208157896995544,0.196101991692558,
,,,-4.947E-06,0.087761402130127,0.195767263649032,
,,,-4.9468E-06,-0.0461298227310181,0.196771447779611,
,,,-4.9466E-06,0.0208157896995544,0.195934627670795,
,,,-4.9464E-06,0.087761402130127,0.195432535605505,
,,,-4.9462E-06,0.0208157896995544,0.195934627670795,
,,,-4.946E-06,0.0208157896995544,0.196101991692558,
,,,-4.9458E-06,0.0208157896995544,0.195599899627268,
,,,-4.9456E-06,-0.0461298227310181,0.195265171583742,
,,,-4.9454E-06,0.0208157896995544,0.196269355714321,
,,,-4.9452E-06,0.087761402130127,0.195265171583742,
,,,-4.945E-06,-0.0461298227310181,0.195767263649032,
,,,-4.9448E-06,0.0208157896995544,0.195767263649032,
,,,-4.9446E-06,0.0208157896995544,0.195934627670795,
,,,-4.9444E-06,-0.113075435161591,0.196436719736084,
,,,-4.9442E-06,0.0208157896995544,0.196101991692558,
,,,-4.944E-06,0.0208157896995544,0.196269355714321,
,,,-4.9438E-06,-0.113075435161591,0.195767263649032,
,,,-4.9436E-06,-0.0461298227310181,0.196269355714321,
,,,-4.9434E-06,0.087761402130127,0.196436719736084,
,,,-4.9432E-06,0.0208157896995544,0.196771447779611,
,,,-4.943E-06,-0.0461298227310181,0.196436719736084,
,,,-4.9428E-06,0.087761402130127,0.196101991692558,
,,,-4.9426E-06,0.0208157896995544,0.196771447779611,
,,,-4.9424E-06,-0.0461298227310181,0.196604083757848,
,,,-4.9422E-06,-0.0461298227310181,0.196101991692558,
,,,-4.942E-06,0.0208157896995544,0.196938811801374,
,,,-4.9418E-06,-0.0461298227310181,0.195767263649032,
,,,-4.9416E-06,0.087761402130127,0.195767263649032,
,,,-4.9414E-06,-0.0461298227310181,0.195767263649032,
,,,-4.9412E-06,0.0208157896995544,0.196436719736084,
,,,-4.941E-06,0.0208157896995544,0.196436719736084,
,,,-4.9408E-06,0.0208157896995544,0.196269355714321,
,,,-4.9406E-06,0.0208157896995544,0.196436719736084,
,,,-4.9404E-06,0.0208157896995544,0.196436719736084,
,,,-4.9402E-06,0.0208157896995544,0.196604083757848,
,,,-4.94E-06,0.0208157896995544,0.196269355714321,
,,,-4.9398E-06,0.0208157896995544,0.196436719736084,
,,,-4.9396E-06,0.0208157896995544,0.196771447779611,
,,,-4.9394E-06,0.087761402130127,0.196269355714321,
,,,-4.9392E-06,0.087761402130127,0.196938811801374,
,,,-4.939E-06,-0.0461298227310181,0.196938811801374,
,,,-4.9388E-06,0.0208157896995544,0.196604083757848,
,,,-4.9386E-06,0.0208157896995544,0.196604083757848,
,,,-4.9384E-06,-0.0461298227310181,0.196269355714321,
,,,-4.9382E-06,0.0208157896995544,0.1972735398449,
,,,-4.938E-06,-0.0461298227310181,0.196604083757848,
,,,-4.9378E-06,-0.0461298227310181,0.196604083757848,
,,,-4.9376E-06,0.087761402130127,0.196604083757848,
,,,-4.9374E-06,-0.180021047592163,0.196269355714321,
,,,-4.9372E-06,0.0208157896995544,0.196101991692558,
,,,-4.937E-06,0.0208157896995544,0.195934627670795,
,,,-4.9368E-06,-0.0461298227310181,0.196436719736084,
,,,-4.9366E-06,-0.0461298227310181,0.196269355714321,
,,,-4.9364E-06,0.0208157896995544,0.195934627670795,
,,,-4.9362E-06,-0.113075435161591,0.196269355714321,
,,,-4.936E-06,0.0208157896995544,0.197106175823137,
,,,-4.9358E-06,-0.0461298227310181,0.196436719736084,
,,,-4.9356E-06,0.0208157896995544,0.195934627670795,
,,,-4.9354E-06,0.0208157896995544,0.196436719736084,
,,,-4.9352E-06,0.087761402130127,0.196771447779611,
,,,-4.935E-06,0.0208157896995544,0.196604083757848,
,,,-4.9348E-06,0.0208157896995544,0.195934627670795,
,,,-4.9346E-06,-0.0461298227310181,0.196771447779611,
,,,-4.9344E-06,-0.0461298227310181,0.197106175823137,
,,,-4.9342E-06,0.087761402130127,0.195934627670795,
,,,-4.934E-06,0.0208157896995544,0.196101991692558,
,,,-4.9338E-06,0.087761402130127,0.196269355714321,
,,,-4.9336E-06,0.0208157896995544,0.196604083757848,
,,,-4.9334E-06,0.0208157896995544,0.196771447779611,
,,,-4.9332E-06,-0.0461298227310181,0.195934627670795,
,,,-4.933E-06,0.087761402130127,0.196604083757848,
,,,-4.9328E-06,0.0208157896995544,0.196101991692558,
,,,-4.9326E-06,-0.0461298227310181,0.195767263649032,
,,,-4.9324E-06,0.087761402130127,0.196604083757848,
,,,-4.9322E-06,0.0208157896995544,0.197608267888427,
,,,-4.932E-06,-0.0461298227310181,0.196101991692558,
,,,-4.9318E-06,0.0208157896995544,0.196269355714321,
,,,-4.9316E-06,-0.0461298227310181,0.196101991692558,
,,,-4.9314E-06,-0.0461298227310181,0.196269355714321,
,,,-4.9312E-06,0.0208157896995544,0.195767263649032,
,,,-4.931E-06,-0.113075435161591,0.196269355714321,
,,,-4.9308E-06,-0.113075435161591,0.19777563191019,
,,,-4.9306E-06,-0.0461298227310181,0.196771447779611,
,,,-4.9304E-06,0.0208157896995544,0.196269355714321,
,,,-4.9302E-06,-0.113075435161591,0.196604083757848,
,,,-4.93E-06,-0.0461298227310181,0.196269355714321,
,,,-4.9298E-06,-0.0461298227310181,0.196436719736084,
,,,-4.9296E-06,-0.0461298227310181,0.196771447779611,
,,,-4.9294E-06,-0.113075435161591,0.196938811801374,
,,,-4.9292E-06,-0.0461298227310181,0.197608267888427,
,,,-4.929E-06,-0.0461298227310181,0.196436719736084,
,,,-4.9288E-06,0.0208157896995544,0.197106175823137,
,,,-4.9286E-06,-0.0461298227310181,0.196436719736084,
,,,-4.9284E-06,0.087761402130127,0.195934627670795,
,,,-4.9282E-06,-0.0461298227310181,0.196269355714321,
,,,-4.928E-06,-0.0461298227310181,0.196436719736084,
,,,-4.9278E-06,0.0208157896995544,0.196604083757848,
,,,-4.9276E-06,-0.0461298227310181,0.196436719736084,
,,,-4.9274E-06,-0.0461298227310181,0.196604083757848,
,,,-4.9272E-06,0.0208157896995544,0.197106175823137,
,,,-4.927E-06,-0.113075435161591,0.196771447779611,
,,,-4.9268E-06,0.0208157896995544,0.196101991692558,
,,,-4.9266E-06,0.0208157896995544,0.197106175823137,
,,,-4.9264E-06,0.087761402130127,0.197106175823137,
,,,-4.9262E-06,-0.0461298227310181,0.196269355714321,
,,,-4.926E-06,-0.0461298227310181,0.1972735398449,
,,,-4.9258E-06,0.0208157896995544,0.197106175823137,
,,,-4.9256E-06,0.0208157896995544,0.197106175823137,
,,,-4.9254E-06,0.0208157896995544,0.196101991692558,
,,,-4.9252E-06,0.0208157896995544,0.196771447779611,
,,,-4.925E-06,0.0208157896995544,0.197440903866664,
,,,-4.9248E-06,-0.0461298227310181,0.195934627670795,
,,,-4.9246E-06,-0.113075435161591,0.197106175823137,
,,,-4.9244E-06,-0.0461298227310181,0.196771447779611,
,,,-4.9242E-06,0.087761402130127,0.196604083757848,
,,,-4.924E-06,-0.0461298227310181,0.196436719736084,
,,,-4.9238E-06,-0.0461298227310181,0.196938811801374,
,,,-4.9236E-06,0.0208157896995544,0.196938811801374,
,,,-4.9234E-06,-0.0461298227310181,0.197440903866664,
,,,-4.9232E-06,-0.0461298227310181,0.197608267888427,
,,,-4.923E-06,0.0208157896995544,0.196604083757848,
,,,-4.9228E-06,0.0208157896995544,0.196604083757848,
,,,-4.9226E-06,-0.0461298227310181,0.196269355714321,
,,,-4.9224E-06,0.0208157896995544,0.196604083757848,
,,,-4.9222E-06,0.0208157896995544,0.196604083757848,
,,,-4.922E-06,0.0208157896995544,0.196938811801374,
,,,-4.9218E-06,-0.0461298227310181,0.196938811801374,
,,,-4.9216E-06,0.0208157896995544,0.196604083757848,
,,,-4.9214E-06,0.0208157896995544,0.197106175823137,
,,,-4.9212E-06,-0.0461298227310181,0.19777563191019,
,,,-4.921E-06,-0.0461298227310181,0.196938811801374,
,,,-4.9208E-06,0.0208157896995544,0.1972735398449,
,,,-4.9206E-06,0.0208157896995544,0.196938811801374,
,,,-4.9204E-06,-0.113075435161591,0.197440903866664,
,,,-4.9202E-06,0.0208157896995544,0.197440903866664,
,,,-4.92E-06,0.0208157896995544,0.196938811801374,
,,,-4.9198E-06,-0.0461298227310181,0.197440903866664,
,,,-4.9196E-06,-0.0461298227310181,0.196938811801374,
,,,-4.9194E-06,-0.0461298227310181,0.197106175823137,
,,,-4.9192E-06,0.0208157896995544,0.1972735398449,
,,,-4.919E-06,0.0208157896995544,0.196771447779611,
,,,-4.9188E-06,-0.113075435161591,0.197106175823137,
,,,-4.9186E-06,0.087761402130127,0.196604083757848,
,,,-4.9184E-06,0.087761402130127,0.196771447779611,
,,,-4.9182E-06,-0.113075435161591,0.197608267888427,
,,,-4.918E-06,-0.0461298227310181,0.1972735398449,
,,,-4.9178E-06,0.0208157896995544,0.1972735398449,
,,,-4.9176E-06,0.0208157896995544,0.197608267888427,
,,,-4.9174E-06,-0.113075435161591,0.1972735398449,
,,,-4.9172E-06,-0.0461298227310181,0.197440903866664,
,,,-4.917E-06,0.087761402130127,0.197942995931953,
,,,-4.9168E-06,-0.113075435161591,0.197106175823137,
,,,-4.9166E-06,-0.0461298227310181,0.196771447779611,
,,,-4.9164E-06,0.087761402130127,0.1972735398449,
,,,-4.9162E-06,0.0208157896995544,0.197106175823137,
,,,-4.916E-06,0.087761402130127,0.1972735398449,
,,,-4.9158E-06,-0.0461298227310181,0.197106175823137,
,,,-4.9156E-06,0.087761402130127,0.197440903866664,
,,,-4.9154E-06,0.0208157896995544,0.1972735398449,
,,,-4.9152E-06,-0.0461298227310181,0.196604083757848,
,,,-4.915E-06,-0.0461298227310181,0.197608267888427,
,,,-4.9148E-06,0.0208157896995544,0.196938811801374,
,,,-4.9146E-06,0.0208157896995544,0.197106175823137,
,,,-4.9144E-06,0.0208157896995544,0.197440903866664,
,,,-4.9142E-06,-0.0461298227310181,0.1972735398449,
,,,-4.914E-06,0.087761402130127,0.19777563191019,
,,,-4.9138E-06,0.0208157896995544,0.196771447779611,
,,,-4.9136E-06,0.0208157896995544,0.197106175823137,
,,,-4.9134E-06,0.0208157896995544,0.196771447779611,
,,,-4.9132E-06,0.087761402130127,0.197440903866664,
,,,-4.913E-06,-0.0461298227310181,0.196604083757848,
,,,-4.9128E-06,-0.0461298227310181,0.196938811801374,
,,,-4.9126E-06,-0.0461298227310181,0.197942995931953,
,,,-4.9124E-06,-0.0461298227310181,0.197440903866664,
,,,-4.9122E-06,-0.0461298227310181,0.196938811801374,
,,,-4.912E-06,0.087761402130127,0.197608267888427,
,,,-4.9118E-06,-0.113075435161591,0.197440903866664,
,,,-4.9116E-06,-0.0461298227310181,0.197440903866664,
,,,-4.9114E-06,-0.0461298227310181,0.19777563191019,
,,,-4.9112E-06,-0.0461298227310181,0.197608267888427,
,,,-4.911E-06,-0.113075435161591,0.197440903866664,
,,,-4.9108E-06,-0.0461298227310181,0.1972735398449,
,,,-4.9106E-06,-0.0461298227310181,0.197440903866664,
,,,-4.9104E-06,-0.0461298227310181,0.19777563191019,
,,,-4.9102E-06,-0.113075435161591,0.19777563191019,
,,,-4.91E-06,-0.0461298227310181,0.197608267888427,
,,,-4.9098E-06,-0.0461298227310181,0.196771447779611,
,,,-4.9096E-06,0.0208157896995544,0.19777563191019,
,,,-4.9094E-06,0.0208157896995544,0.1972735398449,
,,,-4.9092E-06,0.087761402130127,0.1972735398449,
,,,-4.909E-06,-0.0461298227310181,0.1972735398449,
,,,-4.9088E-06,0.0208157896995544,0.197608267888427,
,,,-4.9086E-06,0.087761402130127,0.1972735398449,
,,,-4.9084E-06,-0.0461298227310181,0.1972735398449,
,,,-4.9082E-06,-0.0461298227310181,0.197942995931953,
,,,-4.908E-06,0.087761402130127,0.198110359953716,
,,,-4.9078E-06,-0.0461298227310181,0.197942995931953,
,,,-4.9076E-06,-0.0461298227310181,0.197942995931953,
,,,-4.9074E-06,0.0208157896995544,0.197106175823137,
,,,-4.9072E-06,0.0208157896995544,0.197106175823137,
,,,-4.907E-06,-0.0461298227310181,0.196938811801374,
,,,-4.9068E-06,0.087761402130127,0.1972735398449,
,,,-4.9066E-06,0.0208157896995544,0.197440903866664,
,,,-4.9064E-06,-0.180021047592163,0.19777563191019,
,,,-4.9062E-06,0.0208157896995544,0.197608267888427,
,,,-4.906E-06,0.0208157896995544,0.19777563191019,
,,,-4.9058E-06,0.0208157896995544,0.197440903866664,
,,,-4.9056E-06,0.0208157896995544,0.1972735398449,
,,,-4.9054E-06,-0.0461298227310181,0.197942995931953,
,,,-4.9052E-06,-0.0461298227310181,0.197440903866664,
,,,-4.905E-06,0.0208157896995544,0.197608267888427,
,,,-4.9048E-06,-0.0461298227310181,0.197440903866664,
,,,-4.9046E-06,0.0208157896995544,0.198110359953716,
,,,-4.9044E-06,0.0208157896995544,0.197440903866664,
,,,-4.9042E-06,-0.0461298227310181,0.197608267888427,
,,,-4.904E-06,-0.0461298227310181,0.19777563191019,
,,,-4.9038E-06,-0.0461298227310181,0.198445087997243,
,,,-4.9036E-06,0.0208157896995544,0.197440903866664,
,,,-4.9034E-06,-0.0461298227310181,0.197942995931953,
,,,-4.9032E-06,0.0208157896995544,0.197440903866664,
,,,-4.903E-06,0.0208157896995544,0.197608267888427,
,,,-4.9028E-06,0.087761402130127,0.1972735398449,
,,,-4.9026E-06,0.087761402130127,0.197942995931953,
,,,-4.9024E-06,0.0208157896995544,0.1972735398449,
,,,-4.9022E-06,-0.0461298227310181,0.19777563191019,
,,,-4.902E-06,0.0208157896995544,0.19777563191019,
,,,-4.9018E-06,0.087761402130127,0.197106175823137,
,,,-4.9016E-06,0.0208157896995544,0.198110359953716,
,,,-4.9014E-06,-0.0461298227310181,0.1972735398449,
,,,-4.9012E-06,0.0208157896995544,0.19777563191019,
,,,-4.901E-06,0.0208157896995544,0.197440903866664,
,,,-4.9008E-06,0.087761402130127,0.197440903866664,
,,,-4.9006E-06,-0.0461298227310181,0.19777563191019,
,,,-4.9004E-06,0.087761402130127,0.19777563191019,
,,,-4.9002E-06,-0.0461298227310181,0.19777563191019,
,,,-4.9E-06,-0.0461298227310181,0.198110359953716,
,,,-4.8998E-06,0.0208157896995544,0.198110359953716,
,,,-4.8996E-06,0.0208157896995544,0.197942995931953,
,,,-4.8994E-06,0.0208157896995544,0.19827772397548,
,,,-4.8992E-06,0.087761402130127,0.19827772397548,
,,,-4.899E-06,-0.113075435161591,0.197942995931953,
,,,-4.8988E-06,0.0208157896995544,0.19777563191019,
,,,-4.8986E-06,0.087761402130127,0.19827772397548,
,,,-4.8984E-06,0.0208157896995544,0.197942995931953,
,,,-4.8982E-06,-0.0461298227310181,0.196771447779611,
,,,-4.898E-06,-0.0461298227310181,0.197608267888427,
,,,-4.8978E-06,-0.0461298227310181,0.19777563191019,
,,,-4.8976E-06,0.0208157896995544,0.19777563191019,
,,,-4.8974E-06,-0.113075435161591,0.198445087997243,
,,,-4.8972E-06,0.0208157896995544,0.197440903866664,
,,,-4.897E-06,-0.113075435161591,0.197106175823137,
,,,-4.8968E-06,0.087761402130127,0.197608267888427,
,,,-4.8966E-06,0.0208157896995544,0.197440903866664,
,,,-4.8964E-06,0.087761402130127,0.1972735398449,
,,,-4.8962E-06,0.087761402130127,0.197608267888427,
,,,-4.896E-06,-0.0461298227310181,0.197440903866664,
,,,-4.8958E-06,0.0208157896995544,0.1972735398449,
,,,-4.8956E-06,0.0208157896995544,0.1972735398449,
,,,-4.8954E-06,-0.0461298227310181,0.197608267888427,
,,,-4.8952E-06,0.0208157896995544,0.198110359953716,
,,,-4.895E-06,0.0208157896995544,0.197106175823137,
,,,-4.8948E-06,-0.0461298227310181,0.19777563191019,
,,,-4.8946E-06,0.087761402130127,0.198779816040769,
,,,-4.8944E-06,0.0208157896995544,0.197608267888427,
,,,-4.8942E-06,0.0208157896995544,0.196771447779611,
,,,-4.894E-06,0.087761402130127,0.197440903866664,
,,,-4.8938E-06,0.087761402130127,0.197440903866664,
,,,-4.8936E-06,-0.0461298227310181,0.197440903866664,
,,,-4.8934E-06,0.0208157896995544,0.197608267888427,
,,,-4.8932E-06,0.0208157896995544,0.197440903866664,
,,,-4.893E-06,0.0208157896995544,0.197942995931953,
,,,-4.8928E-06,0.087761402130127,0.198110359953716,
,,,-4.8926E-06,-0.0461298227310181,0.197106175823137,
,,,-4.8924E-06,-0.0461298227310181,0.198110359953716,
,,,-4.8922E-06,0.0208157896995544,0.19777563191019,
,,,-4.892E-06,0.0208157896995544,0.197106175823137,
,,,-4.8918E-06,-0.113075435161591,0.197942995931953,
,,,-4.8916E-06,0.0208157896995544,0.197440903866664,
,,,-4.8914E-06,-0.0461298227310181,0.1972735398449,
,,,-4.8912E-06,0.0208157896995544,0.197608267888427,
,,,-4.891E-06,-0.0461298227310181,0.198110359953716,
,,,-4.8908E-06,0.0208157896995544,0.19827772397548,
,,,-4.8906E-06,-0.0461298227310181,0.197608267888427,
,,,-4.8904E-06,0.087761402130127,0.197608267888427,
,,,-4.8902E-06,-0.113075435161591,0.19777563191019,
,,,-4.89E-06,0.154707014560699,0.198110359953716,
,,,-4.8898E-06,0.0208157896995544,0.197942995931953,
,,,-4.8896E-06,-0.0461298227310181,0.197608267888427,
,,,-4.8894E-06,0.0208157896995544,0.198110359953716,
,,,-4.8892E-06,-0.0461298227310181,0.19827772397548,
,,,-4.889E-06,-0.0461298227310181,0.197608267888427,
,,,-4.8888E-06,0.0208157896995544,0.19777563191019,
,,,-4.8886E-06,-0.0461298227310181,0.197942995931953,
,,,-4.8884E-06,0.0208157896995544,0.197440903866664,
,,,-4.8882E-06,0.0208157896995544,0.197440903866664,
,,,-4.888E-06,0.154707014560699,0.198110359953716,
,,,-4.8878E-06,-0.0461298227310181,0.19777563191019,
,,,-4.8876E-06,0.087761402130127,0.19777563191019,
,,,-4.8874E-06,0.0208157896995544,0.197942995931953,
,,,-4.8872E-06,-0.113075435161591,0.197106175823137,
,,,-4.887E-06,0.0208157896995544,0.197942995931953,
,,,-4.8868E-06,0.0208157896995544,0.198445087997243,
,,,-4.8866E-06,-0.0461298227310181,0.19777563191019,
,,,-4.8864E-06,0.0208157896995544,0.197608267888427,
,,,-4.8862E-06,-0.0461298227310181,0.19777563191019,
,,,-4.886E-06,-0.0461298227310181,0.19827772397548,
,,,-4.8858E-06,0.0208157896995544,0.197106175823137,
,,,-4.8856E-06,-0.0461298227310181,0.197608267888427,
,,,-4.8854E-06,-0.0461298227310181,0.19777563191019,
,,,-4.8852E-06,0.0208157896995544,0.197608267888427,
,,,-4.885E-06,-0.0461298227310181,0.197942995931953,
,,,-4.8848E-06,-0.0461298227310181,0.197440903866664,
,,,-4.8846E-06,-0.0461298227310181,0.19777563191019,
,,,-4.8844E-06,0.0208157896995544,0.197608267888427,
,,,-4.8842E-06,-0.0461298227310181,0.19777563191019,
,,,-4.884E-06,0.0208157896995544,0.197440903866664,
,,,-4.8838E-06,0.0208157896995544,0.1972735398449,
,,,-4.8836E-06,0.087761402130127,0.196938811801374,
,,,-4.8834E-06,0.0208157896995544,0.197440903866664,
,,,-4.8832E-06,-0.0461298227310181,0.1972735398449,
,,,-4.883E-06,0.0208157896995544,0.1972735398449,
,,,-4.8828E-06,0.0208157896995544,0.197942995931953,
,,,-4.8826E-06,0.087761402130127,0.197440903866664,
,,,-4.8824E-06,0.0208157896995544,0.198110359953716,
,,,-4.8822E-06,-0.113075435161591,0.19777563191019,
,,,-4.882E-06,0.087761402130127,0.198110359953716,
,,,-4.8818E-06,0.0208157896995544,0.19827772397548,
,,,-4.8816E-06,0.087761402130127,0.19777563191019,
,,,-4.8814E-06,-0.0461298227310181,0.197440903866664,
,,,-4.8812E-06,0.0208157896995544,0.19777563191019,
,,,-4.881E-06,0.087761402130127,0.197942995931953,
,,,-4.8808E-06,-0.0461298227310181,0.196938811801374,
,,,-4.8806E-06,0.0208157896995544,0.197608267888427,
,,,-4.8804E-06,0.087761402130127,0.197608267888427,
,,,-4.8802E-06,0.087761402130127,0.197608267888427,
,,,-4.88E-06,0.0208157896995544,0.197440903866664,
,,,-4.8798E-06,-0.0461298227310181,0.197106175823137,
,,,-4.8796E-06,0.0208157896995544,0.197440903866664,
,,,-4.8794E-06,0.0208157896995544,0.197440903866664,
,,,-4.8792E-06,0.0208157896995544,0.196771447779611,
,,,-4.879E-06,-0.0461298227310181,0.196938811801374,
,,,-4.8788E-06,-0.0461298227310181,0.19777563191019,
,,,-4.8786E-06,-0.0461298227310181,0.19777563191019,
,,,-4.8784E-06,0.087761402130127,0.196938811801374,
,,,-4.8782E-06,-0.0461298227310181,0.197942995931953,
,,,-4.878E-06,-0.0461298227310181,0.197942995931953,
,,,-4.8778E-06,0.0208157896995544,0.198110359953716,
,,,-4.8776E-06,0.0208157896995544,0.197942995931953,
,,,-4.8774E-06,-0.0461298227310181,0.198445087997243,
,,,-4.8772E-06,0.087761402130127,0.198612452019006,
,,,-4.877E-06,-0.0461298227310181,0.19827772397548,
,,,-4.8768E-06,-0.0461298227310181,0.197440903866664,
,,,-4.8766E-06,0.0208157896995544,0.197942995931953,
,,,-4.8764E-06,-0.0461298227310181,0.197440903866664,
,,,-4.8762E-06,-0.0461298227310181,0.197440903866664,
,,,-4.876E-06,0.087761402130127,0.197942995931953,
,,,-4.8758E-06,-0.113075435161591,0.196938811801374,
,,,-4.8756E-06,0.0208157896995544,0.197106175823137,
,,,-4.8754E-06,0.0208157896995544,0.197608267888427,
,,,-4.8752E-06,0.087761402130127,0.198110359953716,
,,,-4.875E-06,-0.0461298227310181,0.197440903866664,
,,,-4.8748E-06,0.087761402130127,0.197440903866664,
,,,-4.8746E-06,0.0208157896995544,0.198110359953716,
,,,-4.8744E-06,0.0208157896995544,0.197106175823137,
,,,-4.8742E-06,0.0208157896995544,0.197440903866664,
,,,-4.874E-06,0.0208157896995544,0.196771447779611,
,,,-4.8738E-06,0.0208157896995544,0.197608267888427,
,,,-4.8736E-06,0.0208157896995544,0.197942995931953,
,,,-4.8734E-06,-0.0461298227310181,0.197440903866664,
,,,-4.8732E-06,0.0208157896995544,0.1972735398449,
,,,-4.873E-06,0.0208157896995544,0.198110359953716,
,,,-4.8728E-06,0.0208157896995544,0.19827772397548,
,,,-4.8726E-06,-0.0461298227310181,0.19777563191019,
,,,-4.8724E-06,-0.0461298227310181,0.197106175823137,
,,,-4.8722E-06,-0.0461298227310181,0.19827772397548,
,,,-4.872E-06,-0.113075435161591,0.1972735398449,
,,,-4.8718E-06,-0.0461298227310181,0.197440903866664,
,,,-4.8716E-06,0.0208157896995544,0.196938811801374,
,,,-4.8714E-06,0.0208157896995544,0.1972735398449,
,,,-4.8712E-06,0.0208157896995544,0.197440903866664,
,,,-4.871E-06,0.0208157896995544,0.19827772397548,
,,,-4.8708E-06,0.0208157896995544,0.1972735398449,
,,,-4.8706E-06,0.087761402130127,0.196604083757848,
,,,-4.8704E-06,0.0208157896995544,0.197942995931953,
,,,-4.8702E-06,0.087761402130127,0.198110359953716,
,,,-4.87E-06,0.0208157896995544,0.197106175823137,
,,,-4.8698E-06,-0.0461298227310181,0.197106175823137,
,,,-4.8696E-06,0.0208157896995544,0.198947180062532,
,,,-4.8694E-06,0.0208157896995544,0.198110359953716,
,,,-4.8692E-06,0.0208157896995544,0.1972735398449,
,,,-4.869E-06,0.0208157896995544,0.198110359953716,
,,,-4.8688E-06,0.0208157896995544,0.197942995931953,
,,,-4.8686E-06,0.0208157896995544,0.196604083757848,
,,,-4.8684E-06,0.087761402130127,0.197440903866664,
,,,-4.8682E-06,-0.0461298227310181,0.198110359953716,
,,,-4.868E-06,-0.0461298227310181,0.197942995931953,
,,,-4.8678E-06,0.0208157896995544,0.197440903866664,
,,,-4.8676E-06,-0.0461298227310181,0.198445087997243,
,,,-4.8674E-06,0.0208157896995544,0.19777563191019,
,,,-4.8672E-06,0.087761402130127,0.19827772397548,
,,,-4.867E-06,-0.0461298227310181,0.19777563191019,
,,,-4.8668E-06,-0.0461298227310181,0.198445087997243,
,,,-4.8666E-06,0.0208157896995544,0.19777563191019,
,,,-4.8664E-06,0.0208157896995544,0.198110359953716,
,,,-4.8662E-06,0.0208157896995544,0.197608267888427,
,,,-4.866E-06,-0.0461298227310181,0.197440903866664,
,,,-4.8658E-06,-0.113075435161591,0.197440903866664,
,,,-4.8656E-06,0.0208157896995544,0.19827772397548,
,,,-4.8654E-06,-0.0461298227310181,0.197608267888427,
,,,-4.8652E-06,0.0208157896995544,0.197942995931953,
,,,-4.865E-06,0.0208157896995544,0.198110359953716,
,,,-4.8648E-06,0.087761402130127,0.197942995931953,
,,,-4.8646E-06,-0.0461298227310181,0.197608267888427,
,,,-4.8644E-06,0.0208157896995544,0.197440903866664,
,,,-4.8642E-06,0.0208157896995544,0.197440903866664,
,,,-4.864E-06,0.0208157896995544,0.197106175823137,
,,,-4.8638E-06,0.087761402130127,0.19777563191019,
,,,-4.8636E-06,0.0208157896995544,0.197608267888427,
,,,-4.8634E-06,0.0208157896995544,0.1972735398449,
,,,-4.8632E-06,0.0208157896995544,0.19777563191019,
,,,-4.863E-06,0.0208157896995544,0.1972735398449,
,,,-4.8628E-06,0.0208157896995544,0.19777563191019,
,,,-4.8626E-06,0.0208157896995544,0.197608267888427,
,,,-4.8624E-06,0.087761402130127,0.197942995931953,
,,,-4.8622E-06,-0.0461298227310181,0.197608267888427,
,,,-4.862E-06,-0.0461298227310181,0.198110359953716,
,,,-4.8618E-06,-0.113075435161591,0.198445087997243,
,,,-4.8616E-06,0.0208157896995544,0.198110359953716,
,,,-4.8614E-06,0.0208157896995544,0.19777563191019,
,,,-4.8612E-06,0.0208157896995544,0.19777563191019,
,,,-4.861E-06,-0.0461298227310181,0.19827772397548,
,,,-4.8608E-06,0.0208157896995544,0.198110359953716,
,,,-4.8606E-06,-0.113075435161591,0.19777563191019,
,,,-4.8604E-06,-0.0461298227310181,0.197942995931953,
,,,-4.8602E-06,0.0208157896995544,0.19777563191019,
,,,-4.86E-06,0.0208157896995544,0.1972735398449,
,,,-4.8598E-06,-0.113075435161591,0.198110359953716,
,,,-4.8596E-06,0.0208157896995544,0.197440903866664,
,,,-4.8594E-06,0.0208157896995544,0.197440903866664,
,,,-4.8592E-06,-0.113075435161591,0.197942995931953,
,,,-4.859E-06,-0.0461298227310181,0.197608267888427,
,,,-4.8588E-06,0.0208157896995544,0.197440903866664,
,,,-4.8586E-06,-0.113075435161591,0.198445087997243,
,,,-4.8584E-06,0.087761402130127,0.198612452019006,
,,,-4.8582E-06,0.087761402130127,0.1972735398449,
,,,-4.858E-06,0.0208157896995544,0.197440903866664,
,,,-4.8578E-06,0.0208157896995544,0.198445087997243,
,,,-4.8576E-06,-0.0461298227310181,0.198779816040769,
,,,-4.8574E-06,0.087761402130127,0.19827772397548,
,,,-4.8572E-06,-0.0461298227310181,0.19827772397548,
,,,-4.857E-06,0.087761402130127,0.198445087997243,
,,,-4.8568E-06,0.0208157896995544,0.198445087997243,
,,,-4.8566E-06,-0.113075435161591,0.197440903866664,
,,,-4.8564E-06,-0.0461298227310181,0.198110359953716,
,,,-4.8562E-06,0.0208157896995544,0.198445087997243,
,,,-4.856E-06,0.0208157896995544,0.198110359953716,
,,,-4.8558E-06,0.0208157896995544,0.198445087997243,
,,,-4.8556E-06,0.087761402130127,0.197106175823137,
,,,-4.8554E-06,-0.0461298227310181,0.19827772397548,
,,,-4.8552E-06,-0.0461298227310181,0.198612452019006,
,,,-4.855E-06,0.0208157896995544,0.197106175823137,
,,,-4.8548E-06,0.0208157896995544,0.197440903866664,
,,,-4.8546E-06,-0.0461298227310181,0.198110359953716,
,,,-4.8544E-06,-0.0461298227310181,0.197608267888427,
,,,-4.8542E-06,-0.0461298227310181,0.19827772397548,
,,,-4.854E-06,-0.0461298227310181,0.198110359953716,
,,,-4.8538E-06,0.0208157896995544,0.197608267888427,
,,,-4.8536E-06,0.0208157896995544,0.198110359953716,
,,,-4.8534E-06,-0.0461298227310181,0.198445087997243,
,,,-4.8532E-06,0.087761402130127,0.198110359953716,
,,,-4.853E-06,-0.180021047592163,0.197440903866664,
,,,-4.8528E-06,0.0208157896995544,0.197608267888427,
,,,-4.8526E-06,0.087761402130127,0.19777563191019,
,,,-4.8524E-06,-0.0461298227310181,0.19777563191019,
,,,-4.8522E-06,-0.113075435161591,0.198110359953716,
,,,-4.852E-06,0.087761402130127,0.198110359953716,
,,,-4.8518E-06,-0.0461298227310181,0.197440903866664,
,,,-4.8516E-06,0.0208157896995544,0.198110359953716,
,,,-4.8514E-06,0.087761402130127,0.19827772397548,
,,,-4.8512E-06,0.0208157896995544,0.19827772397548,
,,,-4.851E-06,0.087761402130127,0.198445087997243,
,,,-4.8508E-06,0.0208157896995544,0.198445087997243,
,,,-4.8506E-06,0.0208157896995544,0.197942995931953,
,,,-4.8504E-06,0.0208157896995544,0.198110359953716,
,,,-4.8502E-06,-0.0461298227310181,0.19827772397548,
,,,-4.85E-06,-0.113075435161591,0.197608267888427,
,,,-4.8498E-06,-0.0461298227310181,0.198445087997243,
,,,-4.8496E-06,0.087761402130127,0.198445087997243,
,,,-4.8494E-06,0.0208157896995544,0.19777563191019,
,,,-4.8492E-06,0.0208157896995544,0.19777563191019,
,,,-4.849E-06,0.0208157896995544,0.197942995931953,
,,,-4.8488E-06,-0.0461298227310181,0.197106175823137,
,,,-4.8486E-06,0.0208157896995544,0.197440903866664,
,,,-4.8484E-06,0.0208157896995544,0.198445087997243,
,,,-4.8482E-06,0.0208157896995544,0.197942995931953,
,,,-4.848E-06,0.087761402130127,0.198110359953716,
,,,-4.8478E-06,-0.0461298227310181,0.198445087997243,
,,,-4.8476E-06,0.0208157896995544,0.198110359953716,
,,,-4.8474E-06,0.087761402130127,0.197608267888427,
,,,-4.8472E-06,0.0208157896995544,0.198110359953716,
,,,-4.847E-06,0.0208157896995544,0.198445087997243,
,,,-4.8468E-06,0.087761402130127,0.198612452019006,
,,,-4.8466E-06,-0.0461298227310181,0.197942995931953,
,,,-4.8464E-06,0.0208157896995544,0.198110359953716,
,,,-4.8462E-06,0.0208157896995544,0.198445087997243,
,,,-4.846E-06,0.087761402130127,0.197440903866664,
,,,-4.8458E-06,-0.0461298227310181,0.197106175823137,
,,,-4.8456E-06,0.087761402130127,0.197942995931953,
,,,-4.8454E-06,-0.0461298227310181,0.19827772397548,
,,,-4.8452E-06,0.0208157896995544,0.19777563191019,
,,,-4.845E-06,-0.0461298227310181,0.198110359953716,
,,,-4.8448E-06,0.0208157896995544,0.197440903866664,
,,,-4.8446E-06,0.0208157896995544,0.198445087997243,
,,,-4.8444E-06,-0.0461298227310181,0.1972735398449,
,,,-4.8442E-06,0.087761402130127,0.197106175823137,
,,,-4.844E-06,0.0208157896995544,0.19777563191019,
,,,-4.8438E-06,-0.113075435161591,0.197106175823137,
,,,-4.8436E-06,-0.0461298227310181,0.198110359953716,
,,,-4.8434E-06,0.0208157896995544,0.197440903866664,
,,,-4.8432E-06,0.0208157896995544,0.19777563191019,
,,,-4.843E-06,-0.0461298227310181,0.197608267888427,
,,,-4.8428E-06,0.087761402130127,0.197942995931953,
,,,-4.8426E-06,0.0208157896995544,0.197942995931953,
,,,-4.8424E-06,0.0208157896995544,0.197942995931953,
,,,-4.8422E-06,0.0208157896995544,0.1972735398449,
,,,-4.842E-06,-0.113075435161591,0.197440903866664,
,,,-4.8418E-06,-0.0461298227310181,0.197608267888427,
,,,-4.8416E-06,0.0208157896995544,0.198445087997243,
,,,-4.8414E-06,-0.113075435161591,0.197440903866664,
,,,-4.8412E-06,0.0208157896995544,0.197106175823137,
,,,-4.841E-06,0.0208157896995544,0.197440903866664,
,,,-4.8408E-06,0.0208157896995544,0.1972735398449,
,,,-4.8406E-06,-0.113075435161591,0.197942995931953,
,,,-4.8404E-06,0.087761402130127,0.197440903866664,
,,,-4.8402E-06,-0.0461298227310181,0.198445087997243,
,,,-4.84E-06,0.0208157896995544,0.1972735398449,
,,,-4.8398E-06,0.087761402130127,0.197942995931953,
,,,-4.8396E-06,0.0208157896995544,0.197942995931953,
,,,-4.8394E-06,0.0208157896995544,0.1972735398449,
,,,-4.8392E-06,0.087761402130127,0.19777563191019,
,,,-4.839E-06,0.087761402130127,0.19827772397548,
,,,-4.8388E-06,0.087761402130127,0.19777563191019,
,,,-4.8386E-06,-0.0461298227310181,0.19777563191019,
,,,-4.8384E-06,0.087761402130127,0.19827772397548,
,,,-4.8382E-06,0.087761402130127,0.1972735398449,
,,,-4.838E-06,-0.113075435161591,0.197608267888427,
,,,-4.8378E-06,0.0208157896995544,0.197440903866664,
,,,-4.8376E-06,0.0208157896995544,0.1972735398449,
,,,-4.8374E-06,0.0208157896995544,0.198110359953716,
,,,-4.8372E-06,0.0208157896995544,0.197942995931953,
,,,-4.837E-06,0.0208157896995544,0.1972735398449,
,,,-4.8368E-06,0.0208157896995544,0.197608267888427,
,,,-4.8366E-06,0.0208157896995544,0.198110359953716,
,,,-4.8364E-06,0.0208157896995544,0.197608267888427,
,,,-4.8362E-06,0.0208157896995544,0.197440903866664,
,,,-4.836E-06,-0.113075435161591,0.198110359953716,
,,,-4.8358E-06,-0.0461298227310181,0.19777563191019,
,,,-4.8356E-06,-0.0461298227310181,0.197440903866664,
,,,-4.8354E-06,-0.0461298227310181,0.19777563191019,
,,,-4.8352E-06,0.087761402130127,0.19827772397548,
,,,-4.835E-06,-0.0461298227310181,0.197440903866664,
,,,-4.8348E-06,0.0208157896995544,0.197608267888427,
,,,-4.8346E-06,0.0208157896995544,0.197440903866664,
,,,-4.8344E-06,0.0208157896995544,0.197440903866664,
,,,-4.8342E-06,-0.113075435161591,0.1972735398449,
,,,-4.834E-06,0.087761402130127,0.197440903866664,
,,,-4.8338E-06,-0.0461298227310181,0.1972735398449,
,,,-4.8336E-06,-0.0461298227310181,0.19777563191019,
,,,-4.8334E-06,0.0208157896995544,0.197942995931953,
,,,-4.8332E-06,0.0208157896995544,0.197942995931953,
,,,-4.833E-06,-0.0461298227310181,0.197942995931953,
,,,-4.8328E-06,0.087761402130127,0.197942995931953,
,,,-4.8326E-06,0.087761402130127,0.197942995931953,
,,,-4.8324E-06,0.087761402130127,0.19827772397548,
,,,-4.8322E-06,-0.0461298227310181,0.198445087997243,
,,,-4.832E-06,0.087761402130127,0.197942995931953,
,,,-4.8318E-06,0.0208157896995544,0.19777563191019,
,,,-4.8316E-06,-0.0461298227310181,0.198110359953716,
,,,-4.8314E-06,0.087761402130127,0.19827772397548,
,,,-4.8312E-06,0.0208157896995544,0.198445087997243,
,,,-4.831E-06,-0.0461298227310181,0.19827772397548,
,,,-4.8308E-06,0.0208157896995544,0.19827772397548,
,,,-4.8306E-06,-0.0461298227310181,0.198445087997243,
,,,-4.8304E-06,0.087761402130127,0.198110359953716,
,,,-4.8302E-06,-0.0461298227310181,0.197942995931953,
,,,-4.83E-06,-0.0461298227310181,0.19777563191019,
,,,-4.8298E-06,0.087761402130127,0.198110359953716,
,,,-4.8296E-06,-0.113075435161591,0.19777563191019,
,,,-4.8294E-06,-0.113075435161591,0.19777563191019,
,,,-4.8292E-06,0.0208157896995544,0.197942995931953,
,,,-4.829E-06,0.087761402130127,0.198110359953716,
,,,-4.8288E-06,0.0208157896995544,0.1972735398449,
,,,-4.8286E-06,-0.113075435161591,0.1972735398449,
,,,-4.8284E-06,-0.0461298227310181,0.197942995931953,
,,,-4.8282E-06,0.0208157896995544,0.19777563191019,
,,,-4.828E-06,-0.0461298227310181,0.197106175823137,
,,,-4.8278E-06,-0.0461298227310181,0.198110359953716,
,,,-4.8276E-06,0.0208157896995544,0.19777563191019,
,,,-4.8274E-06,-0.0461298227310181,0.197106175823137,
,,,-4.8272E-06,0.0208157896995544,0.197440903866664,
,,,-4.827E-06,-0.113075435161591,0.19777563191019,
,,,-4.8268E-06,-0.113075435161591,0.197440903866664,
,,,-4.8266E-06,-0.0461298227310181,0.197440903866664,
,,,-4.8264E-06,0.087761402130127,0.197106175823137,
,,,-4.8262E-06,-0.113075435161591,0.197608267888427,
,,,-4.826E-06,0.0208157896995544,0.197440903866664,
,,,-4.8258E-06,0.087761402130127,0.196771447779611,
,,,-4.8256E-06,0.0208157896995544,0.196938811801374,
,,,-4.8254E-06,0.0208157896995544,0.196938811801374,
,,,-4.8252E-06,0.0208157896995544,0.1972735398449,
,,,-4.825E-06,-0.0461298227310181,0.1972735398449,
,,,-4.8248E-06,0.087761402130127,0.19777563191019,
,,,-4.8246E-06,-0.0461298227310181,0.197608267888427,
,,,-4.8244E-06,0.087761402130127,0.197440903866664,
,,,-4.8242E-06,0.0208157896995544,0.196938811801374,
,,,-4.824E-06,0.087761402130127,0.19827772397548,
,,,-4.8238E-06,0.0208157896995544,0.197942995931953,
,,,-4.8236E-06,0.0208157896995544,0.1972735398449,
,,,-4.8234E-06,0.0208157896995544,0.197608267888427,
,,,-4.8232E-06,-0.113075435161591,0.197440903866664,
,,,-4.823E-06,0.0208157896995544,0.197608267888427,
,,,-4.8228E-06,-0.0461298227310181,0.197608267888427,
,,,-4.8226E-06,-0.0461298227310181,0.198612452019006,
,,,-4.8224E-06,0.0208157896995544,0.197608267888427,
,,,-4.8222E-06,-0.0461298227310181,0.197106175823137,
,,,-4.822E-06,-0.0461298227310181,0.196938811801374,
,,,-4.8218E-06,0.0208157896995544,0.19827772397548,
,,,-4.8216E-06,0.0208157896995544,0.1972735398449,
,,,-4.8214E-06,-0.0461298227310181,0.1972735398449,
,,,-4.8212E-06,0.0208157896995544,0.197608267888427,
,,,-4.821E-06,-0.0461298227310181,0.197942995931953,
,,,-4.8208E-06,0.0208157896995544,0.196771447779611,
,,,-4.8206E-06,0.087761402130127,0.197608267888427,
,,,-4.8204E-06,-0.0461298227310181,0.197608267888427,
,,,-4.8202E-06,-0.0461298227310181,0.196938811801374,
,,,-4.82E-06,0.087761402130127,0.197608267888427,
,,,-4.8198E-06,-0.0461298227310181,0.197942995931953,
,,,-4.8196E-06,0.087761402130127,0.198110359953716,
,,,-4.8194E-06,0.0208157896995544,0.1972735398449,
,,,-4.8192E-06,0.0208157896995544,0.197608267888427,
,,,-4.819E-06,0.087761402130127,0.197942995931953,
,,,-4.8188E-06,-0.113075435161591,0.197608267888427,
,,,-4.8186E-06,0.0208157896995544,0.19827772397548,
,,,-4.8184E-06,0.087761402130127,0.19827772397548,
,,,-4.8182E-06,0.0208157896995544,0.1972735398449,
,,,-4.818E-06,-0.0461298227310181,0.19777563191019,
,,,-4.8178E-06,-0.0461298227310181,0.197608267888427,
,,,-4.8176E-06,0.0208157896995544,0.19777563191019,
,,,-4.8174E-06,-0.0461298227310181,0.198779816040769,
,,,-4.8172E-06,0.0208157896995544,0.197608267888427,
,,,-4.817E-06,0.0208157896995544,0.19777563191019,
,,,-4.8168E-06,0.0208157896995544,0.197608267888427,
,,,-4.8166E-06,0.0208157896995544,0.197942995931953,
,,,-4.8164E-06,0.0208157896995544,0.19777563191019,
,,,-4.8162E-06,-0.0461298227310181,0.19827772397548,
,,,-4.816E-06,0.0208157896995544,0.198110359953716,
,,,-4.8158E-06,-0.0461298227310181,0.197942995931953,
,,,-4.8156E-06,0.0208157896995544,0.19827772397548,
,,,-4.8154E-06,0.0208157896995544,0.197440903866664,
,,,-4.8152E-06,0.0208157896995544,0.197608267888427,
,,,-4.815E-06,0.0208157896995544,0.197942995931953,
,,,-4.8148E-06,0.087761402130127,0.198445087997243,
,,,-4.8146E-06,-0.0461298227310181,0.19777563191019,
,,,-4.8144E-06,-0.0461298227310181,0.197608267888427,
,,,-4.8142E-06,0.0208157896995544,0.19777563191019,
,,,-4.814E-06,0.0208157896995544,0.197440903866664,
,,,-4.8138E-06,-0.0461298227310181,0.1972735398449,
,,,-4.8136E-06,0.0208157896995544,0.197942995931953,
,,,-4.8134E-06,0.0208157896995544,0.197608267888427,
,,,-4.8132E-06,0.087761402130127,0.197106175823137,
,,,-4.813E-06,0.0208157896995544,0.197440903866664,
,,,-4.8128E-06,0.0208157896995544,0.19777563191019,
,,,-4.8126E-06,0.087761402130127,0.19777563191019,
,,,-4.8124E-06,-0.0461298227310181,0.197440903866664,
,,,-4.8122E-06,0.0208157896995544,0.197608267888427,
,,,-4.812E-06,0.0208157896995544,0.197106175823137,
,,,-4.8118E-06,-0.0461298227310181,0.197440903866664,
,,,-4.8116E-06,0.0208157896995544,0.1972735398449,
,,,-4.8114E-06,0.154707014560699,0.1972735398449,
,,,-4.8112E-06,0.087761402130127,0.197440903866664,
,,,-4.811E-06,-0.0461298227310181,0.197440903866664,
,,,-4.8108E-06,0.154707014560699,0.197106175823137,
,,,-4.8106E-06,0.0208157896995544,0.19777563191019,
,,,-4.8104E-06,-0.0461298227310181,0.19777563191019,
,,,-4.8102E-06,0.0208157896995544,0.197608267888427,
,,,-4.81E-06,0.0208157896995544,0.197440903866664,
,,,-4.8098E-06,-0.0461298227310181,0.197608267888427,
,,,-4.8096E-06,-0.0461298227310181,0.197608267888427,
,,,-4.8094E-06,0.0208157896995544,0.197440903866664,
,,,-4.8092E-06,0.0208157896995544,0.1972735398449,
,,,-4.809E-06,-0.0461298227310181,0.197440903866664,
,,,-4.8088E-06,0.0208157896995544,0.196938811801374,
,,,-4.8086E-06,0.0208157896995544,0.197106175823137,
,,,-4.8084E-06,0.087761402130127,0.19777563191019,
,,,-4.8082E-06,-0.113075435161591,0.1972735398449,
,,,-4.808E-06,-0.0461298227310181,0.1972735398449,
,,,-4.8078E-06,-0.113075435161591,0.197440903866664,
,,,-4.8076E-06,0.0208157896995544,0.198110359953716,
,,,-4.8074E-06,0.0208157896995544,0.1972735398449,
,,,-4.8072E-06,0.0208157896995544,0.1972735398449,
,,,-4.807E-06,-0.0461298227310181,0.197440903866664,
,,,-4.8068E-06,0.087761402130127,0.197608267888427,
,,,-4.8066E-06,-0.0461298227310181,0.1972735398449,
,,,-4.8064E-06,-0.0461298227310181,0.198110359953716,
,,,-4.8062E-06,0.087761402130127,0.1972735398449,
,,,-4.806E-06,0.0208157896995544,0.197942995931953,
,,,-4.8058E-06,0.0208157896995544,0.197106175823137,
,,,-4.8056E-06,0.0208157896995544,0.197106175823137,
,,,-4.8054E-06,-0.113075435161591,0.1972735398449,
,,,-4.8052E-06,0.087761402130127,0.197440903866664,
,,,-4.805E-06,0.0208157896995544,0.197608267888427,
,,,-4.8048E-06,0.0208157896995544,0.1972735398449,
,,,-4.8046E-06,-0.0461298227310181,0.197608267888427,
,,,-4.8044E-06,0.087761402130127,0.196604083757848,
,,,-4.8042E-06,0.0208157896995544,0.19777563191019,
,,,-4.804E-06,-0.113075435161591,0.197440903866664,
,,,-4.8038E-06,0.0208157896995544,0.197608267888427,
,,,-4.8036E-06,0.087761402130127,0.197608267888427,
,,,-4.8034E-06,-0.0461298227310181,0.19777563191019,
,,,-4.8032E-06,0.087761402130127,0.1972735398449,
,,,-4.803E-06,-0.113075435161591,0.197440903866664,
,,,-4.8028E-06,-0.0461298227310181,0.197440903866664,
,,,-4.8026E-06,-0.0461298227310181,0.197106175823137,
,,,-4.8024E-06,0.0208157896995544,0.197106175823137,
,,,-4.8022E-06,0.0208157896995544,0.197106175823137,
,,,-4.802E-06,0.0208157896995544,0.198779816040769,
,,,-4.8018E-06,-0.0461298227310181,0.197942995931953,
,,,-4.8016E-06,0.0208157896995544,0.196771447779611,
,,,-4.8014E-06,-0.0461298227310181,0.19777563191019,
,,,-4.8012E-06,0.0208157896995544,0.198110359953716,
,,,-4.801E-06,0.0208157896995544,0.19777563191019,
,,,-4.8008E-06,0.0208157896995544,0.197440903866664,
,,,-4.8006E-06,-0.113075435161591,0.198110359953716,
,,,-4.8004E-06,0.087761402130127,0.1972735398449,
,,,-4.8002E-06,0.0208157896995544,0.197440903866664,
,,,-4.8E-06,-0.0461298227310181,0.197440903866664,
,,,-4.7998E-06,0.154707014560699,0.197942995931953,
,,,-4.7996E-06,0.0208157896995544,0.19827772397548,
,,,-4.7994E-06,0.0208157896995544,0.197608267888427,
,,,-4.7992E-06,0.087761402130127,0.19777563191019,
,,,-4.799E-06,-0.113075435161591,0.197440903866664,
,,,-4.7988E-06,-0.0461298227310181,0.1972735398449,
,,,-4.7986E-06,0.0208157896995544,0.197440903866664,
,,,-4.7984E-06,0.0208157896995544,0.197440903866664,
,,,-4.7982E-06,-0.0461298227310181,0.197440903866664,
,,,-4.798E-06,-0.0461298227310181,0.1972735398449,
,,,-4.7978E-06,-0.0461298227310181,0.197440903866664,
,,,-4.7976E-06,0.0208157896995544,0.197440903866664,
,,,-4.7974E-06,-0.0461298227310181,0.1972735398449,
,,,-4.7972E-06,0.0208157896995544,0.197106175823137,
,,,-4.797E-06,-0.0461298227310181,0.196938811801374,
,,,-4.7968E-06,-0.0461298227310181,0.1972735398449,
,,,-4.7966E-06,-0.0461298227310181,0.1972735398449,
,,,-4.7964E-06,0.0208157896995544,0.19777563191019,
,,,-4.7962E-06,0.087761402130127,0.19777563191019,
,,,-4.796E-06,0.0208157896995544,0.197608267888427,
,,,-4.7958E-06,-0.0461298227310181,0.197942995931953,
,,,-4.7956E-06,-0.113075435161591,0.19777563191019,
,,,-4.7954E-06,-0.0461298227310181,0.197106175823137,
,,,-4.7952E-06,0.0208157896995544,0.197440903866664,
,,,-4.795E-06,-0.113075435161591,0.197942995931953,
,,,-4.7948E-06,0.0208157896995544,0.198110359953716,
,,,-4.7946E-06,-0.0461298227310181,0.197942995931953,
,,,-4.7944E-06,-0.0461298227310181,0.197440903866664,
,,,-4.7942E-06,0.0208157896995544,0.19777563191019,
,,,-4.794E-06,0.087761402130127,0.198445087997243,
,,,-4.7938E-06,-0.0461298227310181,0.196604083757848,
,,,-4.7936E-06,-0.0461298227310181,0.198110359953716,
,,,-4.7934E-06,0.087761402130127,0.197440903866664,
,,,-4.7932E-06,-0.0461298227310181,0.197440903866664,
,,,-4.793E-06,0.0208157896995544,0.197942995931953,
,,,-4.7928E-06,0.087761402130127,0.197440903866664,
,,,-4.7926E-06,-0.0461298227310181,0.196938811801374,
,,,-4.7924E-06,0.0208157896995544,0.197106175823137,
,,,-4.7922E-06,0.0208157896995544,0.19777563191019,
,,,-4.792E-06,0.154707014560699,0.197942995931953,
,,,-4.7918E-06,-0.0461298227310181,0.197608267888427,
,,,-4.7916E-06,0.087761402130127,0.196771447779611,
,,,-4.7914E-06,0.0208157896995544,0.197106175823137,
,,,-4.7912E-06,-0.113075435161591,0.197608267888427,
,,,-4.791E-06,0.0208157896995544,0.196771447779611,
,,,-4.7908E-06,0.0208157896995544,0.19777563191019,
,,,-4.7906E-06,0.0208157896995544,0.198110359953716,
,,,-4.7904E-06,-0.0461298227310181,0.197440903866664,
,,,-4.7902E-06,-0.0461298227310181,0.196771447779611,
,,,-4.79E-06,0.0208157896995544,0.196771447779611,
,,,-4.7898E-06,0.0208157896995544,0.1972735398449,
,,,-4.7896E-06,0.0208157896995544,0.196771447779611,
,,,-4.7894E-06,0.0208157896995544,0.1972735398449,
,,,-4.7892E-06,0.0208157896995544,0.197106175823137,
,,,-4.789E-06,-0.0461298227310181,0.196938811801374,
,,,-4.7888E-06,0.0208157896995544,0.196436719736084,
,,,-4.7886E-06,0.0208157896995544,0.196604083757848,
,,,-4.7884E-06,0.0208157896995544,0.196938811801374,
,,,-4.7882E-06,-0.0461298227310181,0.197106175823137,
,,,-4.788E-06,0.087761402130127,0.196938811801374,
,,,-4.7878E-06,0.087761402130127,0.19777563191019,
,,,-4.7876E-06,0.0208157896995544,0.196771447779611,
,,,-4.7874E-06,-0.113075435161591,0.196269355714321,
,,,-4.7872E-06,-0.0461298227310181,0.196436719736084,
,,,-4.787E-06,0.154707014560699,0.19777563191019,
,,,-4.7868E-06,0.087761402130127,0.197440903866664,
,,,-4.7866E-06,0.0208157896995544,0.197106175823137,
,,,-4.7864E-06,0.221652626991272,0.196938811801374,
,,,-4.7862E-06,-0.113075435161591,0.196771447779611,
,,,-4.786E-06,0.0208157896995544,0.196938811801374,
,,,-4.7858E-06,0.087761402130127,0.196436719736084,
,,,-4.7856E-06,0.0208157896995544,0.197608267888427,
,,,-4.7854E-06,-0.0461298227310181,0.197106175823137,
,,,-4.7852E-06,0.087761402130127,0.196436719736084,
,,,-4.785E-06,0.0208157896995544,0.196436719736084,
,,,-4.7848E-06,-0.0461298227310181,0.196436719736084,
,,,-4.7846E-06,-0.0461298227310181,0.196938811801374,
,,,-4.7844E-06,0.0208157896995544,0.196771447779611,
,,,-4.7842E-06,-0.0461298227310181,0.197106175823137,
,,,-4.784E-06,0.154707014560699,0.196604083757848,
,,,-4.7838E-06,-0.0461298227310181,0.196436719736084,
,,,-4.7836E-06,-0.0461298227310181,0.1972735398449,
,,,-4.7834E-06,0.087761402130127,0.196436719736084,
,,,-4.7832E-06,-0.0461298227310181,0.196771447779611,
,,,-4.783E-06,-0.113075435161591,0.196938811801374,
,,,-4.7828E-06,0.0208157896995544,0.196436719736084,
,,,-4.7826E-06,-0.0461298227310181,0.196938811801374,
,,,-4.7824E-06,-0.0461298227310181,0.196938811801374,
,,,-4.7822E-06,0.0208157896995544,0.196604083757848,
,,,-4.782E-06,0.087761402130127,0.196771447779611,
,,,-4.7818E-06,-0.0461298227310181,0.196436719736084,
,,,-4.7816E-06,0.0208157896995544,0.197106175823137,
,,,-4.7814E-06,0.0208157896995544,0.1972735398449,
,,,-4.7812E-06,0.087761402130127,0.196269355714321,
,,,-4.781E-06,0.0208157896995544,0.197106175823137,
,,,-4.7808E-06,0.0208157896995544,0.197608267888427,
,,,-4.7806E-06,0.154707014560699,0.19777563191019,
,,,-4.7804E-06,-0.0461298227310181,0.196604083757848,
,,,-4.7802E-06,0.087761402130127,0.196436719736084,
,,,-4.78E-06,0.0208157896995544,0.197106175823137,
,,,-4.7798E-06,0.0208157896995544,0.196771447779611,
,,,-4.7796E-06,-0.0461298227310181,0.196101991692558,
,,,-4.7794E-06,0.0208157896995544,0.1972735398449,
,,,-4.7792E-06,0.0208157896995544,0.197106175823137,
,,,-4.779E-06,-0.113075435161591,0.196436719736084,
,,,-4.7788E-06,0.0208157896995544,0.197106175823137,
,,,-4.7786E-06,0.0208157896995544,0.196771447779611,
,,,-4.7784E-06,0.087761402130127,0.196938811801374,
,,,-4.7782E-06,-0.0461298227310181,0.196771447779611,
,,,-4.778E-06,-0.0461298227310181,0.196938811801374,
,,,-4.7778E-06,0.0208157896995544,0.197106175823137,
,,,-4.7776E-06,-0.0461298227310181,0.19777563191019,
,,,-4.7774E-06,-0.0461298227310181,0.197106175823137,
,,,-4.7772E-06,0.087761402130127,0.197440903866664,
,,,-4.777E-06,0.0208157896995544,0.196938811801374,
,,,-4.7768E-06,0.0208157896995544,0.196938811801374,
,,,-4.7766E-06,-0.0461298227310181,0.1972735398449,
,,,-4.7764E-06,-0.0461298227310181,0.196938811801374,
,,,-4.7762E-06,0.0208157896995544,0.196938811801374,
,,,-4.776E-06,0.0208157896995544,0.196938811801374,
,,,-4.7758E-06,-0.180021047592163,0.196771447779611,
,,,-4.7756E-06,-0.0461298227310181,0.196938811801374,
,,,-4.7754E-06,0.0208157896995544,0.196604083757848,
,,,-4.7752E-06,0.0208157896995544,0.195934627670795,
,,,-4.775E-06,-0.0461298227310181,0.197440903866664,
,,,-4.7748E-06,0.087761402130127,0.1972735398449,
,,,-4.7746E-06,0.0208157896995544,0.196604083757848,
,,,-4.7744E-06,0.0208157896995544,0.196771447779611,
,,,-4.7742E-06,0.087761402130127,0.19777563191019,
,,,-4.774E-06,0.0208157896995544,0.197106175823137,
,,,-4.7738E-06,0.0208157896995544,0.196938811801374,
,,,-4.7736E-06,0.087761402130127,0.197440903866664,
,,,-4.7734E-06,-0.113075435161591,0.196604083757848,
,,,-4.7732E-06,0.0208157896995544,0.196604083757848,
,,,-4.773E-06,0.0208157896995544,0.196604083757848,
,,,-4.7728E-06,0.0208157896995544,0.196938811801374,
,,,-4.7726E-06,0.0208157896995544,0.197440903866664,
,,,-4.7724E-06,0.0208157896995544,0.197106175823137,
,,,-4.7722E-06,-0.0461298227310181,0.196436719736084,
,,,-4.772E-06,0.0208157896995544,0.197106175823137,
,,,-4.7718E-06,-0.0461298227310181,0.196604083757848,
,,,-4.7716E-06,0.0208157896995544,0.1972735398449,
,,,-4.7714E-06,-0.0461298227310181,0.1972735398449,
,,,-4.7712E-06,0.0208157896995544,0.196938811801374,
,,,-4.771E-06,-0.0461298227310181,0.196771447779611,
,,,-4.7708E-06,-0.0461298227310181,0.1972735398449,
,,,-4.7706E-06,0.087761402130127,0.196604083757848,
,,,-4.7704E-06,0.0208157896995544,0.196771447779611,
,,,-4.7702E-06,-0.0461298227310181,0.196771447779611,
,,,-4.77E-06,0.0208157896995544,0.197106175823137,
,,,-4.7698E-06,0.0208157896995544,0.197942995931953,
,,,-4.7696E-06,-0.0461298227310181,0.196604083757848,
,,,-4.7694E-06,0.0208157896995544,0.1972735398449,
,,,-4.7692E-06,0.0208157896995544,0.196604083757848,
,,,-4.769E-06,-0.0461298227310181,0.196938811801374,
,,,-4.7688E-06,0.0208157896995544,0.196101991692558,
,,,-4.7686E-06,0.0208157896995544,0.196101991692558,
,,,-4.7684E-06,0.087761402130127,0.196771447779611,
,,,-4.7682E-06,0.0208157896995544,0.196771447779611,
,,,-4.768E-06,0.0208157896995544,0.196771447779611,
,,,-4.7678E-06,0.087761402130127,0.196938811801374,
,,,-4.7676E-06,0.0208157896995544,0.196101991692558,
,,,-4.7674E-06,-0.0461298227310181,0.196938811801374,
,,,-4.7672E-06,-0.0461298227310181,0.196771447779611,
,,,-4.767E-06,-0.113075435161591,0.196604083757848,
,,,-4.7668E-06,-0.0461298227310181,0.196771447779611,
,,,-4.7666E-06,0.087761402130127,0.196436719736084,
,,,-4.7664E-06,0.087761402130127,0.196604083757848,
,,,-4.7662E-06,-0.0461298227310181,0.197440903866664,
,,,-4.766E-06,-0.0461298227310181,0.195934627670795,
,,,-4.7658E-06,0.0208157896995544,0.196436719736084,
,,,-4.7656E-06,0.0208157896995544,0.196269355714321,
,,,-4.7654E-06,0.0208157896995544,0.195767263649032,
,,,-4.7652E-06,-0.113075435161591,0.195767263649032,
,,,-4.765E-06,0.087761402130127,0.197106175823137,
,,,-4.7648E-06,0.154707014560699,0.195934627670795,
,,,-4.7646E-06,-0.0461298227310181,0.195767263649032,
,,,-4.7644E-06,0.087761402130127,0.196771447779611,
,,,-4.7642E-06,0.0208157896995544,0.196604083757848,
,,,-4.764E-06,0.0208157896995544,0.196436719736084,
,,,-4.7638E-06,-0.0461298227310181,0.196604083757848,
,,,-4.7636E-06,0.0208157896995544,0.196938811801374,
,,,-4.7634E-06,-0.0461298227310181,0.196604083757848,
,,,-4.7632E-06,-0.0461298227310181,0.196771447779611,
,,,-4.763E-06,-0.0461298227310181,0.196604083757848,
,,,-4.7628E-06,0.087761402130127,0.197106175823137,
,,,-4.7626E-06,-0.0461298227310181,0.196436719736084,
,,,-4.7624E-06,0.0208157896995544,0.196101991692558,
,,,-4.7622E-06,0.0208157896995544,0.196938811801374,
,,,-4.762E-06,0.0208157896995544,0.196436719736084,
,,,-4.7618E-06,0.0208157896995544,0.196771447779611,
,,,-4.7616E-06,0.0208157896995544,0.196604083757848,
,,,-4.7614E-06,0.087761402130127,0.196604083757848,
,,,-4.7612E-06,-0.0461298227310181,0.195767263649032,
,,,-4.761E-06,0.0208157896995544,0.195934627670795,
,,,-4.7608E-06,0.087761402130127,0.196771447779611,
,,,-4.7606E-06,-0.0461298227310181,0.196269355714321,
,,,-4.7604E-06,-0.0461298227310181,0.196101991692558,
,,,-4.7602E-06,0.0208157896995544,0.196436719736084,
,,,-4.76E-06,0.0208157896995544,0.196436719736084,
,,,-4.7598E-06,-0.0461298227310181,0.195934627670795,
,,,-4.7596E-06,0.154707014560699,0.196269355714321,
,,,-4.7594E-06,-0.0461298227310181,0.197106175823137,
,,,-4.7592E-06,-0.0461298227310181,0.196269355714321,
,,,-4.759E-06,0.0208157896995544,0.196436719736084,
,,,-4.7588E-06,0.0208157896995544,0.196771447779611,
,,,-4.7586E-06,-0.0461298227310181,0.195767263649032,
,,,-4.7584E-06,0.087761402130127,0.196771447779611,
,,,-4.7582E-06,-0.113075435161591,0.196771447779611,
,,,-4.758E-06,-0.0461298227310181,0.196269355714321,
,,,-4.7578E-06,0.0208157896995544,0.196938811801374,
,,,-4.7576E-06,0.0208157896995544,0.196269355714321,
,,,-4.7574E-06,-0.0461298227310181,0.196771447779611,
,,,-4.7572E-06,0.0208157896995544,0.196938811801374,
,,,-4.757E-06,0.0208157896995544,0.196604083757848,
,,,-4.7568E-06,-0.0461298227310181,0.197440903866664,
,,,-4.7566E-06,-0.0461298227310181,0.197608267888427,
,,,-4.7564E-06,-0.0461298227310181,0.1972735398449,
,,,-4.7562E-06,0.0208157896995544,0.196436719736084,
,,,-4.756E-06,0.087761402130127,0.197106175823137,
,,,-4.7558E-06,0.0208157896995544,0.1972735398449,
,,,-4.7556E-06,0.0208157896995544,0.196101991692558,
,,,-4.7554E-06,0.0208157896995544,0.196269355714321,
,,,-4.7552E-06,-0.113075435161591,0.196101991692558,
,,,-4.755E-06,0.0208157896995544,0.196938811801374,
,,,-4.7548E-06,0.0208157896995544,0.196771447779611,
,,,-4.7546E-06,-0.0461298227310181,0.195599899627268,
,,,-4.7544E-06,0.0208157896995544,0.197106175823137,
,,,-4.7542E-06,0.087761402130127,0.196436719736084,
,,,-4.754E-06,0.0208157896995544,0.196269355714321,
,,,-4.7538E-06,0.087761402130127,0.196938811801374,
,,,-4.7536E-06,0.087761402130127,0.196938811801374,
,,,-4.7534E-06,0.0208157896995544,0.196604083757848,
,,,-4.7532E-06,-0.0461298227310181,0.196101991692558,
,,,-4.753E-06,0.0208157896995544,0.196771447779611,
,,,-4.7528E-06,0.0208157896995544,0.195767263649032,
,,,-4.7526E-06,0.0208157896995544,0.196436719736084,
,,,-4.7524E-06,-0.113075435161591,0.1972735398449,
,,,-4.7522E-06,0.087761402130127,0.196771447779611,
,,,-4.752E-06,0.0208157896995544,0.196604083757848,
,,,-4.7518E-06,-0.0461298227310181,0.197608267888427,
,,,-4.7516E-06,-0.0461298227310181,0.196938811801374,
,,,-4.7514E-06,0.0208157896995544,0.196269355714321,
,,,-4.7512E-06,0.0208157896995544,0.196604083757848,
,,,-4.751E-06,0.0208157896995544,0.196771447779611,
,,,-4.7508E-06,0.0208157896995544,0.196938811801374,
,,,-4.7506E-06,0.0208157896995544,0.196938811801374,
,,,-4.7504E-06,0.0208157896995544,0.1972735398449,
,,,-4.7502E-06,0.0208157896995544,0.196436719736084,
,,,-4.75E-06,0.087761402130127,0.1972735398449,
,,,-4.7498E-06,-0.0461298227310181,0.196604083757848,
,,,-4.7496E-06,0.087761402130127,0.197440903866664,
,,,-4.7494E-06,0.087761402130127,0.196269355714321,
,,,-4.7492E-06,0.087761402130127,0.196269355714321,
,,,-4.749E-06,0.0208157896995544,0.196604083757848,
,,,-4.7488E-06,0.0208157896995544,0.196604083757848,
,,,-4.7486E-06,0.087761402130127,0.196101991692558,
,,,-4.7484E-06,-0.0461298227310181,0.196771447779611,
,,,-4.7482E-06,0.087761402130127,0.196101991692558,
,,,-4.748E-06,0.0208157896995544,0.196436719736084,
,,,-4.7478E-06,-0.0461298227310181,0.196771447779611,
,,,-4.7476E-06,0.087761402130127,0.196269355714321,
,,,-4.7474E-06,0.0208157896995544,0.195934627670795,
,,,-4.7472E-06,0.0208157896995544,0.196771447779611,
,,,-4.747E-06,0.0208157896995544,0.195934627670795,
,,,-4.7468E-06,0.087761402130127,0.196436719736084,
,,,-4.7466E-06,-0.0461298227310181,0.196771447779611,
,,,-4.7464E-06,-0.0461298227310181,0.195934627670795,
,,,-4.7462E-06,0.0208157896995544,0.196269355714321,
,,,-4.746E-06,0.0208157896995544,0.196604083757848,
,,,-4.7458E-06,0.0208157896995544,0.196101991692558,
,,,-4.7456E-06,0.0208157896995544,0.196269355714321,
,,,-4.7454E-06,0.0208157896995544,0.195432535605505,
,,,-4.7452E-06,0.087761402130127,0.196771447779611,
,,,-4.745E-06,0.087761402130127,0.196436719736084,
,,,-4.7448E-06,0.0208157896995544,0.195934627670795,
,,,-4.7446E-06,-0.113075435161591,0.196771447779611,
,,,-4.7444E-06,0.087761402130127,0.197106175823137,
,,,-4.7442E-06,-0.0461298227310181,0.196604083757848,
,,,-4.744E-06,-0.0461298227310181,0.196436719736084,
,,,-4.7438E-06,-0.0461298227310181,0.196436719736084,
,,,-4.7436E-06,0.087761402130127,0.196101991692558,
,,,-4.7434E-06,-0.113075435161591,0.196436719736084,
,,,-4.7432E-06,0.087761402130127,0.196436719736084,
,,,-4.743E-06,-0.0461298227310181,0.195934627670795,
,,,-4.7428E-06,0.154707014560699,0.196436719736084,
,,,-4.7426E-06,0.0208157896995544,0.196269355714321,
,,,-4.7424E-06,0.0208157896995544,0.196101991692558,
,,,-4.7422E-06,0.0208157896995544,0.196771447779611,
,,,-4.742E-06,0.0208157896995544,0.196101991692558,
,,,-4.7418E-06,-0.0461298227310181,0.195432535605505,
,,,-4.7416E-06,0.154707014560699,0.195432535605505,
,,,-4.7414E-06,-0.0461298227310181,0.195934627670795,
,,,-4.7412E-06,0.0208157896995544,0.195767263649032,
,,,-4.741E-06,-0.0461298227310181,0.196604083757848,
,,,-4.7408E-06,0.154707014560699,0.196604083757848,
,,,-4.7406E-06,0.087761402130127,0.196101991692558,
,,,-4.7404E-06,0.087761402130127,0.195934627670795,
,,,-4.7402E-06,0.0208157896995544,0.196436719736084,
,,,-4.74E-06,0.0208157896995544,0.196771447779611,
,,,-4.7398E-06,0.0208157896995544,0.196101991692558,
,,,-4.7396E-06,0.0208157896995544,0.196436719736084,
,,,-4.7394E-06,0.087761402130127,0.196101991692558,
,,,-4.7392E-06,0.0208157896995544,0.196604083757848,
,,,-4.739E-06,-0.113075435161591,0.196604083757848,
,,,-4.7388E-06,-0.0461298227310181,0.196436719736084,
,,,-4.7386E-06,0.087761402130127,0.197106175823137,
,,,-4.7384E-06,0.0208157896995544,0.197106175823137,
,,,-4.7382E-06,-0.0461298227310181,0.196771447779611,
,,,-4.738E-06,0.0208157896995544,0.196269355714321,
,,,-4.7378E-06,-0.0461298227310181,0.196771447779611,
,,,-4.7376E-06,0.0208157896995544,0.196269355714321,
,,,-4.7374E-06,-0.0461298227310181,0.196604083757848,
,,,-4.7372E-06,0.0208157896995544,0.196436719736084,
,,,-4.737E-06,0.0208157896995544,0.196771447779611,
,,,-4.7368E-06,0.0208157896995544,0.196771447779611,
,,,-4.7366E-06,-0.0461298227310181,0.196771447779611,
,,,-4.7364E-06,0.221652626991272,0.197440903866664,
,,,-4.7362E-06,0.0208157896995544,0.195934627670795,
,,,-4.736E-06,-0.0461298227310181,0.196101991692558,
,,,-4.7358E-06,0.087761402130127,0.1972735398449,
,,,-4.7356E-06,0.0208157896995544,0.196604083757848,
,,,-4.7354E-06,0.087761402130127,0.196101991692558,
,,,-4.7352E-06,0.0208157896995544,0.196771447779611,
,,,-4.735E-06,0.087761402130127,0.196938811801374,
,,,-4.7348E-06,0.0208157896995544,0.196269355714321,
,,,-4.7346E-06,-0.0461298227310181,0.195767263649032,
,,,-4.7344E-06,0.154707014560699,0.196101991692558,
,,,-4.7342E-06,-0.0461298227310181,0.196604083757848,
,,,-4.734E-06,0.0208157896995544,0.196604083757848,
,,,-4.7338E-06,0.0208157896995544,0.196436719736084,
,,,-4.7336E-06,0.0208157896995544,0.196938811801374,
,,,-4.7334E-06,0.0208157896995544,0.197440903866664,
,,,-4.7332E-06,0.0208157896995544,0.196269355714321,
,,,-4.733E-06,0.0208157896995544,0.196604083757848,
,,,-4.7328E-06,0.087761402130127,0.196771447779611,
,,,-4.7326E-06,-0.113075435161591,0.196269355714321,
,,,-4.7324E-06,0.087761402130127,0.196771447779611,
,,,-4.7322E-06,0.087761402130127,0.196436719736084,
,,,-4.732E-06,0.0208157896995544,0.196101991692558,
,,,-4.7318E-06,0.0208157896995544,0.196771447779611,
,,,-4.7316E-06,0.087761402130127,0.196101991692558,
,,,-4.7314E-06,-0.0461298227310181,0.196269355714321,
,,,-4.7312E-06,0.0208157896995544,0.196436719736084,
,,,-4.731E-06,0.0208157896995544,0.196938811801374,
,,,-4.7308E-06,-0.113075435161591,0.196101991692558,
,,,-4.7306E-06,-0.0461298227310181,0.196436719736084,
,,,-4.7304E-06,0.087761402130127,0.196771447779611,
,,,-4.7302E-06,0.087761402130127,0.196604083757848,
,,,-4.73E-06,0.087761402130127,0.196604083757848,
,,,-4.7298E-06,0.0208157896995544,0.196938811801374,
,,,-4.7296E-06,-0.0461298227310181,0.195934627670795,
,,,-4.7294E-06,0.087761402130127,0.196771447779611,
,,,-4.7292E-06,-0.0461298227310181,0.196436719736084,
,,,-4.729E-06,0.0208157896995544,0.196604083757848,
,,,-4.7288E-06,0.0208157896995544,0.196938811801374,
,,,-4.7286E-06,0.0208157896995544,0.196938811801374,
,,,-4.7284E-06,0.087761402130127,0.196436719736084,
,,,-4.7282E-06,0.0208157896995544,0.195934627670795,
,,,-4.728E-06,0.0208157896995544,0.196771447779611,
,,,-4.7278E-06,0.0208157896995544,0.196604083757848,
,,,-4.7276E-06,0.0208157896995544,0.196101991692558,
,,,-4.7274E-06,0.0208157896995544,0.196436719736084,
,,,-4.7272E-06,-0.0461298227310181,0.196938811801374,
,,,-4.727E-06,-0.0461298227310181,0.1972735398449,
,,,-4.7268E-06,0.0208157896995544,0.196771447779611,
,,,-4.7266E-06,-0.0461298227310181,0.196771447779611,
,,,-4.7264E-06,0.154707014560699,0.196436719736084,
,,,-4.7262E-06,-0.0461298227310181,0.196771447779611,
,,,-4.726E-06,0.0208157896995544,0.196771447779611,
,,,-4.7258E-06,0.087761402130127,0.196771447779611,
,,,-4.7256E-06,0.0208157896995544,0.196269355714321,
,,,-4.7254E-06,-0.113075435161591,0.196436719736084,
,,,-4.7252E-06,0.087761402130127,0.196436719736084,
,,,-4.725E-06,-0.0461298227310181,0.196771447779611,
,,,-4.7248E-06,0.087761402130127,0.196771447779611,
,,,-4.7246E-06,-0.113075435161591,0.196938811801374,
,,,-4.7244E-06,-0.0461298227310181,0.196938811801374,
,,,-4.7242E-06,-0.0461298227310181,0.196938811801374,
,,,-4.724E-06,0.087761402130127,0.197608267888427,
,,,-4.7238E-06,-0.0461298227310181,0.196436719736084,
,,,-4.7236E-06,0.0208157896995544,0.197106175823137,
,,,-4.7234E-06,-0.0461298227310181,0.196101991692558,
,,,-4.7232E-06,-0.0461298227310181,0.196436719736084,
,,,-4.723E-06,0.087761402130127,0.196604083757848,
,,,-4.7228E-06,-0.0461298227310181,0.196101991692558,
,,,-4.7226E-06,0.0208157896995544,0.196938811801374,
,,,-4.7224E-06,0.154707014560699,0.196436719736084,
,,,-4.7222E-06,-0.0461298227310181,0.196436719736084,
,,,-4.722E-06,0.087761402130127,0.196269355714321,
,,,-4.7218E-06,0.0208157896995544,0.1972735398449,
,,,-4.7216E-06,0.0208157896995544,0.196269355714321,
,,,-4.7214E-06,-0.0461298227310181,0.196269355714321,
,,,-4.7212E-06,0.087761402130127,0.196101991692558,
,,,-4.721E-06,0.0208157896995544,0.197106175823137,
,,,-4.7208E-06,0.0208157896995544,0.196771447779611,
,,,-4.7206E-06,0.0208157896995544,0.197106175823137,
,,,-4.7204E-06,-0.0461298227310181,0.196938811801374,
,,,-4.7202E-06,-0.0461298227310181,0.196604083757848,
,,,-4.72E-06,0.087761402130127,0.196269355714321,
,,,-4.7198E-06,-0.0461298227310181,0.196604083757848,
,,,-4.7196E-06,0.0208157896995544,0.196436719736084,
,,,-4.7194E-06,0.0208157896995544,0.196436719736084,
,,,-4.7192E-06,0.0208157896995544,0.196604083757848,
,,,-4.719E-06,-0.113075435161591,0.196771447779611,
,,,-4.7188E-06,0.0208157896995544,0.196436719736084,
,,,-4.7186E-06,0.0208157896995544,0.196269355714321,
,,,-4.7184E-06,-0.0461298227310181,0.196269355714321,
,,,-4.7182E-06,-0.0461298227310181,0.196101991692558,
,,,-4.718E-06,0.087761402130127,0.196436719736084,
,,,-4.7178E-06,-0.0461298227310181,0.196436719736084,
,,,-4.7176E-06,-0.0461298227310181,0.196269355714321,
,,,-4.7174E-06,0.0208157896995544,0.196604083757848,
,,,-4.7172E-06,0.087761402130127,0.195934627670795,
,,,-4.717E-06,0.0208157896995544,0.196771447779611,
,,,-4.7168E-06,-0.0461298227310181,0.195767263649032,
,,,-4.7166E-06,0.087761402130127,0.196604083757848,
,,,-4.7164E-06,0.0208157896995544,0.196101991692558,
,,,-4.7162E-06,0.0208157896995544,0.196938811801374,
,,,-4.716E-06,0.0208157896995544,0.195934627670795,
,,,-4.7158E-06,0.0208157896995544,0.196604083757848,
,,,-4.7156E-06,0.087761402130127,0.195934627670795,
,,,-4.7154E-06,-0.0461298227310181,0.196269355714321,
,,,-4.7152E-06,0.154707014560699,0.196101991692558,
,,,-4.715E-06,-0.0461298227310181,0.196269355714321,
,,,-4.7148E-06,-0.0461298227310181,0.196269355714321,
,,,-4.7146E-06,0.0208157896995544,0.196436719736084,
,,,-4.7144E-06,0.0208157896995544,0.195934627670795,
,,,-4.7142E-06,-0.0461298227310181,0.196436719736084,
,,,-4.714E-06,0.087761402130127,0.196436719736084,
,,,-4.7138E-06,0.087761402130127,0.196269355714321,
,,,-4.7136E-06,0.0208157896995544,0.196269355714321,
,,,-4.7134E-06,-0.0461298227310181,0.197440903866664,
,,,-4.7132E-06,-0.0461298227310181,0.196269355714321,
,,,-4.713E-06,0.087761402130127,0.196436719736084,
,,,-4.7128E-06,0.0208157896995544,0.197106175823137,
,,,-4.7126E-06,-0.0461298227310181,0.197106175823137,
,,,-4.7124E-06,0.087761402130127,0.196604083757848,
,,,-4.7122E-06,-0.113075435161591,0.1972735398449,
,,,-4.712E-06,-0.0461298227310181,0.197106175823137,
,,,-4.7118E-06,0.0208157896995544,0.196771447779611,
,,,-4.7116E-06,0.0208157896995544,0.1972735398449,
,,,-4.7114E-06,-0.0461298227310181,0.196771447779611,
,,,-4.7112E-06,0.0208157896995544,0.196436719736084,
,,,-4.711E-06,-0.0461298227310181,0.196604083757848,
,,,-4.7108E-06,0.087761402130127,0.196938811801374,
,,,-4.7106E-06,0.0208157896995544,0.196771447779611,
,,,-4.7104E-06,0.0208157896995544,0.196604083757848,
,,,-4.7102E-06,-0.0461298227310181,0.1972735398449,
,,,-4.71E-06,-0.0461298227310181,0.196101991692558,
,,,-4.7098E-06,-0.0461298227310181,0.196771447779611,
,,,-4.7096E-06,0.0208157896995544,0.196771447779611,
,,,-4.7094E-06,-0.0461298227310181,0.1972735398449,
,,,-4.7092E-06,0.0208157896995544,0.196604083757848,
,,,-4.709E-06,0.087761402130127,0.1972735398449,
,,,-4.7088E-06,0.087761402130127,0.196771447779611,
,,,-4.7086E-06,-0.0461298227310181,0.196938811801374,
,,,-4.7084E-06,-0.0461298227310181,0.196771447779611,
,,,-4.7082E-06,0.0208157896995544,0.197608267888427,
,,,-4.708E-06,-0.0461298227310181,0.197106175823137,
,,,-4.7078E-06,-0.0461298227310181,0.197106175823137,
,,,-4.7076E-06,-0.0461298227310181,0.19777563191019,
,,,-4.7074E-06,-0.0461298227310181,0.196938811801374,
,,,-4.7072E-06,0.087761402130127,0.196938811801374,
,,,-4.707E-06,-0.0461298227310181,0.1972735398449,
,,,-4.7068E-06,-0.0461298227310181,0.196938811801374,
,,,-4.7066E-06,-0.0461298227310181,0.197106175823137,
,,,-4.7064E-06,0.087761402130127,0.197106175823137,
,,,-4.7062E-06,-0.0461298227310181,0.196938811801374,
,,,-4.706E-06,0.0208157896995544,0.196938811801374,
,,,-4.7058E-06,0.0208157896995544,0.196771447779611,
,,,-4.7056E-06,-0.0461298227310181,0.196771447779611,
,,,-4.7054E-06,-0.113075435161591,0.1972735398449,
,,,-4.7052E-06,0.0208157896995544,0.197608267888427,
,,,-4.705E-06,-0.0461298227310181,0.196771447779611,
,,,-4.7048E-06,0.0208157896995544,0.196938811801374,
,,,-4.7046E-06,0.0208157896995544,0.196938811801374,
,,,-4.7044E-06,0.154707014560699,0.1972735398449,
,,,-4.7042E-06,0.154707014560699,0.197106175823137,
,,,-4.704E-06,0.0208157896995544,0.196436719736084,
,,,-4.7038E-06,0.087761402130127,0.1972735398449,
,,,-4.7036E-06,0.087761402130127,0.196938811801374,
,,,-4.7034E-06,0.0208157896995544,0.196938811801374,
,,,-4.7032E-06,0.0208157896995544,0.196436719736084,
,,,-4.703E-06,0.087761402130127,0.196771447779611,
,,,-4.7028E-06,0.0208157896995544,0.196436719736084,
,,,-4.7026E-06,-0.0461298227310181,0.196604083757848,
,,,-4.7024E-06,0.087761402130127,0.196436719736084,
,,,-4.7022E-06,0.0208157896995544,0.197106175823137,
,,,-4.702E-06,0.0208157896995544,0.197106175823137,
,,,-4.7018E-06,0.0208157896995544,0.196436719736084,
,,,-4.7016E-06,0.0208157896995544,0.196101991692558,
,,,-4.7014E-06,-0.0461298227310181,0.196101991692558,
,,,-4.7012E-06,0.0208157896995544,0.196771447779611,
,,,-4.701E-06,0.154707014560699,0.196938811801374,
,,,-4.7008E-06,0.087761402130127,0.197608267888427,
,,,-4.7006E-06,-0.113075435161591,0.1972735398449,
,,,-4.7004E-06,-0.0461298227310181,0.196101991692558,
,,,-4.7002E-06,0.0208157896995544,0.196938811801374,
,,,-4.7E-06,0.0208157896995544,0.197440903866664,
,,,-4.6998E-06,-0.113075435161591,0.1972735398449,
,,,-4.6996E-06,-0.0461298227310181,0.196771447779611,
,,,-4.6994E-06,-0.0461298227310181,0.196938811801374,
,,,-4.6992E-06,0.0208157896995544,0.197106175823137,
,,,-4.699E-06,-0.0461298227310181,0.197106175823137,
,,,-4.6988E-06,0.0208157896995544,0.1972735398449,
,,,-4.6986E-06,-0.0461298227310181,0.196436719736084,
,,,-4.6984E-06,0.087761402130127,0.196604083757848,
,,,-4.6982E-06,0.0208157896995544,0.197608267888427,
,,,-4.698E-06,0.087761402130127,0.196604083757848,
,,,-4.6978E-06,0.0208157896995544,0.1972735398449,
,,,-4.6976E-06,0.0208157896995544,0.1972735398449,
,,,-4.6974E-06,0.087761402130127,0.197440903866664,
,,,-4.6972E-06,-0.0461298227310181,0.1972735398449,
,,,-4.697E-06,-0.0461298227310181,0.197106175823137,
,,,-4.6968E-06,0.0208157896995544,0.1972735398449,
,,,-4.6966E-06,0.087761402130127,0.197106175823137,
,,,-4.6964E-06,0.0208157896995544,0.197106175823137,
,,,-4.6962E-06,0.0208157896995544,0.197106175823137,
,,,-4.696E-06,0.087761402130127,0.196604083757848,
,,,-4.6958E-06,0.0208157896995544,0.197106175823137,
,,,-4.6956E-06,-0.0461298227310181,0.196604083757848,
,,,-4.6954E-06,0.0208157896995544,0.197106175823137,
,,,-4.6952E-06,0.0208157896995544,0.196604083757848,
,,,-4.695E-06,0.0208157896995544,0.196604083757848,
,,,-4.6948E-06,0.0208157896995544,0.196436719736084,
,,,-4.6946E-06,0.0208157896995544,0.196938811801374,
,,,-4.6944E-06,0.087761402130127,0.196604083757848,
,,,-4.6942E-06,0.0208157896995544,0.196771447779611,
,,,-4.694E-06,0.0208157896995544,0.1972735398449,
,,,-4.6938E-06,-0.0461298227310181,0.197106175823137,
,,,-4.6936E-06,0.0208157896995544,0.196604083757848,
,,,-4.6934E-06,-0.113075435161591,0.196771447779611,
,,,-4.6932E-06,-0.0461298227310181,0.197440903866664,
,,,-4.693E-06,-0.0461298227310181,0.196938811801374,
,,,-4.6928E-06,-0.0461298227310181,0.196771447779611,
,,,-4.6926E-06,-0.0461298227310181,0.196938811801374,
,,,-4.6924E-06,0.0208157896995544,0.197106175823137,
,,,-4.6922E-06,-0.113075435161591,0.196771447779611,
,,,-4.692E-06,0.0208157896995544,0.196938811801374,
,,,-4.6918E-06,0.0208157896995544,0.1972735398449,
,,,-4.6916E-06,0.154707014560699,0.197106175823137,
,,,-4.6914E-06,0.087761402130127,0.1972735398449,
,,,-4.6912E-06,-0.0461298227310181,0.197608267888427,
,,,-4.691E-06,0.0208157896995544,0.197440903866664,
,,,-4.6908E-06,-0.0461298227310181,0.197106175823137,
,,,-4.6906E-06,0.0208157896995544,0.197106175823137,
,,,-4.6904E-06,0.087761402130127,0.1972735398449,
,,,-4.6902E-06,-0.0461298227310181,0.195934627670795,
,,,-4.69E-06,-0.0461298227310181,0.197440903866664,
,,,-4.6898E-06,-0.0461298227310181,0.1972735398449,
,,,-4.6896E-06,0.0208157896995544,0.198110359953716,
,,,-4.6894E-06,-0.0461298227310181,0.1972735398449,
,,,-4.6892E-06,0.087761402130127,0.197106175823137,
,,,-4.689E-06,-0.0461298227310181,0.196604083757848,
,,,-4.6888E-06,0.0208157896995544,0.196938811801374,
,,,-4.6886E-06,-0.0461298227310181,0.197106175823137,
,,,-4.6884E-06,0.0208157896995544,0.197440903866664,
,,,-4.6882E-06,-0.0461298227310181,0.197608267888427,
,,,-4.688E-06,0.087761402130127,0.197942995931953,
,,,-4.6878E-06,-0.0461298227310181,0.197440903866664,
,,,-4.6876E-06,-0.0461298227310181,0.19777563191019,
,,,-4.6874E-06,-0.0461298227310181,0.197106175823137,
,,,-4.6872E-06,0.0208157896995544,0.197106175823137,
,,,-4.687E-06,-0.0461298227310181,0.19827772397548,
,,,-4.6868E-06,0.0208157896995544,0.197106175823137,
,,,-4.6866E-06,-0.0461298227310181,0.197106175823137,
,,,-4.6864E-06,-0.0461298227310181,0.196771447779611,
,,,-4.6862E-06,-0.0461298227310181,0.197106175823137,
,,,-4.686E-06,-0.0461298227310181,0.196771447779611,
,,,-4.6858E-06,-0.0461298227310181,0.196269355714321,
,,,-4.6856E-06,0.0208157896995544,0.1972735398449,
,,,-4.6854E-06,-0.0461298227310181,0.196938811801374,
,,,-4.6852E-06,0.087761402130127,0.196604083757848,
,,,-4.685E-06,0.0208157896995544,0.196604083757848,
,,,-4.6848E-06,0.0208157896995544,0.196771447779611,
,,,-4.6846E-06,0.0208157896995544,0.196771447779611,
,,,-4.6844E-06,-0.0461298227310181,0.196604083757848,
,,,-4.6842E-06,-0.0461298227310181,0.197106175823137,
,,,-4.684E-06,0.0208157896995544,0.196771447779611,
,,,-4.6838E-06,-0.0461298227310181,0.196938811801374,
,,,-4.6836E-06,-0.0461298227310181,0.196771447779611,
,,,-4.6834E-06,0.0208157896995544,0.197106175823137,
,,,-4.6832E-06,0.087761402130127,0.1972735398449,
,,,-4.683E-06,-0.0461298227310181,0.1972735398449,
,,,-4.6828E-06,-0.0461298227310181,0.1972735398449,
,,,-4.6826E-06,0.0208157896995544,0.196938811801374,
,,,-4.6824E-06,-0.113075435161591,0.196604083757848,
,,,-4.6822E-06,-0.0461298227310181,0.196771447779611,
,,,-4.682E-06,0.0208157896995544,0.197106175823137,
,,,-4.6818E-06,0.0208157896995544,0.196604083757848,
,,,-4.6816E-06,-0.0461298227310181,0.197106175823137,
,,,-4.6814E-06,-0.0461298227310181,0.196771447779611,
,,,-4.6812E-06,-0.113075435161591,0.197106175823137,
,,,-4.681E-06,0.0208157896995544,0.197106175823137,
,,,-4.6808E-06,0.0208157896995544,0.1972735398449,
,,,-4.6806E-06,-0.0461298227310181,0.196604083757848,
,,,-4.6804E-06,-0.0461298227310181,0.196436719736084,
,,,-4.6802E-06,-0.0461298227310181,0.197440903866664,
,,,-4.68E-06,0.0208157896995544,0.196938811801374,
,,,-4.6798E-06,-0.0461298227310181,0.196436719736084,
,,,-4.6796E-06,-0.0461298227310181,0.197608267888427,
,,,-4.6794E-06,0.0208157896995544,0.197440903866664,
,,,-4.6792E-06,0.0208157896995544,0.196436719736084,
,,,-4.679E-06,-0.0461298227310181,0.196938811801374,
,,,-4.6788E-06,0.087761402130127,0.1972735398449,
,,,-4.6786E-06,-0.0461298227310181,0.196436719736084,
,,,-4.6784E-06,0.087761402130127,0.196269355714321,
,,,-4.6782E-06,0.087761402130127,0.196771447779611,
,,,-4.678E-06,-0.0461298227310181,0.196938811801374,
,,,-4.6778E-06,0.087761402130127,0.196771447779611,
,,,-4.6776E-06,0.087761402130127,0.196771447779611,
,,,-4.6774E-06,-0.113075435161591,0.196436719736084,
,,,-4.6772E-06,-0.0461298227310181,0.196771447779611,
,,,-4.677E-06,0.0208157896995544,0.196938811801374,
,,,-4.6768E-06,0.087761402130127,0.197106175823137,
,,,-4.6766E-06,-0.0461298227310181,0.197106175823137,
,,,-4.6764E-06,0.0208157896995544,0.196604083757848,
,,,-4.6762E-06,-0.0461298227310181,0.197440903866664,
,,,-4.676E-06,-0.0461298227310181,0.196604083757848,
,,,-4.6758E-06,-0.0461298227310181,0.196101991692558,
,,,-4.6756E-06,0.0208157896995544,0.1972735398449,
,,,-4.6754E-06,-0.0461298227310181,0.196938811801374,
,,,-4.6752E-06,0.087761402130127,0.196604083757848,
,,,-4.675E-06,-0.0461298227310181,0.196436719736084,
,,,-4.6748E-06,0.0208157896995544,0.197440903866664,
,,,-4.6746E-06,0.0208157896995544,0.196604083757848,
,,,-4.6744E-06,-0.0461298227310181,0.196604083757848,
,,,-4.6742E-06,-0.0461298227310181,0.196938811801374,
,,,-4.674E-06,0.0208157896995544,0.197440903866664,
,,,-4.6738E-06,-0.113075435161591,0.196771447779611,
,,,-4.6736E-06,-0.113075435161591,0.1972735398449,
,,,-4.6734E-06,-0.0461298227310181,0.197608267888427,
,,,-4.6732E-06,0.0208157896995544,0.196938811801374,
,,,-4.673E-06,-0.180021047592163,0.196771447779611,
,,,-4.6728E-06,0.0208157896995544,0.196938811801374,
,,,-4.6726E-06,-0.0461298227310181,0.197440903866664,
,,,-4.6724E-06,0.087761402130127,0.196269355714321,
,,,-4.6722E-06,0.0208157896995544,0.196604083757848,
,,,-4.672E-06,-0.0461298227310181,0.197106175823137,
,,,-4.6718E-06,0.087761402130127,0.197440903866664,
,,,-4.6716E-06,0.0208157896995544,0.196938811801374,
,,,-4.6714E-06,-0.0461298227310181,0.1972735398449,
,,,-4.6712E-06,0.0208157896995544,0.1972735398449,
,,,-4.671E-06,-0.0461298227310181,0.197440903866664,
,,,-4.6708E-06,0.0208157896995544,0.197440903866664,
,,,-4.6706E-06,-0.0461298227310181,0.196938811801374,
,,,-4.6704E-06,0.087761402130127,0.197106175823137,
,,,-4.6702E-06,-0.0461298227310181,0.197440903866664,
,,,-4.67E-06,0.087761402130127,0.19777563191019,
,,,-4.6698E-06,0.087761402130127,0.197608267888427,
,,,-4.6696E-06,-0.0461298227310181,0.197440903866664,
,,,-4.6694E-06,-0.0461298227310181,0.197106175823137,
,,,-4.6692E-06,0.0208157896995544,0.19777563191019,
,,,-4.669E-06,0.0208157896995544,0.1972735398449,
,,,-4.6688E-06,0.087761402130127,0.1972735398449,
,,,-4.6686E-06,-0.113075435161591,0.196771447779611,
,,,-4.6684E-06,0.0208157896995544,0.1972735398449,
,,,-4.6682E-06,0.087761402130127,0.1972735398449,
,,,-4.668E-06,0.0208157896995544,0.197106175823137,
,,,-4.6678E-06,0.0208157896995544,0.196938811801374,
,,,-4.6676E-06,0.0208157896995544,0.197106175823137,
,,,-4.6674E-06,-0.0461298227310181,0.196938811801374,
,,,-4.6672E-06,-0.0461298227310181,0.198110359953716,
,,,-4.667E-06,0.0208157896995544,0.197608267888427,
,,,-4.6668E-06,0.0208157896995544,0.196771447779611,
,,,-4.6666E-06,0.0208157896995544,0.196938811801374,
,,,-4.6664E-06,0.0208157896995544,0.197106175823137,
,,,-4.6662E-06,0.0208157896995544,0.197440903866664,
,,,-4.666E-06,0.087761402130127,0.197106175823137,
,,,-4.6658E-06,-0.0461298227310181,0.196771447779611,
,,,-4.6656E-06,0.0208157896995544,0.197440903866664,
,,,-4.6654E-06,0.087761402130127,0.197440903866664,
,,,-4.6652E-06,-0.113075435161591,0.196604083757848,
,,,-4.665E-06,0.0208157896995544,0.196604083757848,
,,,-4.6648E-06,0.154707014560699,0.196938811801374,
,,,-4.6646E-06,0.0208157896995544,0.196604083757848,
,,,-4.6644E-06,0.0208157896995544,0.196771447779611,
,,,-4.6642E-06,0.087761402130127,0.197106175823137,
,,,-4.664E-06,0.087761402130127,0.196938811801374,
,,,-4.6638E-06,-0.0461298227310181,0.196771447779611,
,,,-4.6636E-06,0.087761402130127,0.196604083757848,
,,,-4.6634E-06,0.0208157896995544,0.197440903866664,
,,,-4.6632E-06,-0.0461298227310181,0.197106175823137,
,,,-4.663E-06,0.0208157896995544,0.196604083757848,
,,,-4.6628E-06,0.0208157896995544,0.197106175823137,
,,,-4.6626E-06,0.0208157896995544,0.1972735398449,
,,,-4.6624E-06,0.0208157896995544,0.197106175823137,
,,,-4.6622E-06,-0.113075435161591,0.196771447779611,
,,,-4.662E-06,0.0208157896995544,0.196938811801374,
,,,-4.6618E-06,-0.0461298227310181,0.197608267888427,
,,,-4.6616E-06,0.0208157896995544,0.196436719736084,
,,,-4.6614E-06,-0.0461298227310181,0.1972735398449,
,,,-4.6612E-06,-0.0461298227310181,0.197106175823137,
,,,-4.661E-06,-0.0461298227310181,0.196771447779611,
,,,-4.6608E-06,-0.0461298227310181,0.197106175823137,
,,,-4.6606E-06,-0.0461298227310181,0.196938811801374,
,,,-4.6604E-06,0.0208157896995544,0.196436719736084,
,,,-4.6602E-06,0.0208157896995544,0.196771447779611,
,,,-4.66E-06,0.0208157896995544,0.196938811801374,
,,,-4.6598E-06,0.087761402130127,0.197608267888427,
,,,-4.6596E-06,0.087761402130127,0.1972735398449,
,,,-4.6594E-06,0.0208157896995544,0.197440903866664,
,,,-4.6592E-06,0.0208157896995544,0.197440903866664,
,,,-4.659E-06,0.0208157896995544,0.196269355714321,
,,,-4.6588E-06,-0.0461298227310181,0.1972735398449,
,,,-4.6586E-06,-0.0461298227310181,0.197106175823137,
,,,-4.6584E-06,0.0208157896995544,0.196604083757848,
,,,-4.6582E-06,-0.0461298227310181,0.196938811801374,
,,,-4.658E-06,0.0208157896995544,0.1972735398449,
,,,-4.6578E-06,0.0208157896995544,0.1972735398449,
,,,-4.6576E-06,0.087761402130127,0.196436719736084,
,,,-4.6574E-06,0.0208157896995544,0.196938811801374,
,,,-4.6572E-06,0.087761402130127,0.197106175823137,
,,,-4.657E-06,-0.0461298227310181,0.196101991692558,
,,,-4.6568E-06,-0.113075435161591,0.195934627670795,
,,,-4.6566E-06,0.0208157896995544,0.197106175823137,
,,,-4.6564E-06,-0.0461298227310181,0.197608267888427,
,,,-4.6562E-06,0.087761402130127,0.196269355714321,
,,,-4.656E-06,0.0208157896995544,0.196604083757848,
,,,-4.6558E-06,-0.0461298227310181,0.196938811801374,
,,,-4.6556E-06,0.0208157896995544,0.196604083757848,
,,,-4.6554E-06,-0.0461298227310181,0.196604083757848,
,,,-4.6552E-06,0.0208157896995544,0.196269355714321,
,,,-4.655E-06,0.0208157896995544,0.196436719736084,
,,,-4.6548E-06,-0.0461298227310181,0.196771447779611,
,,,-4.6546E-06,-0.0461298227310181,0.196604083757848,
,,,-4.6544E-06,0.0208157896995544,0.196101991692558,
,,,-4.6542E-06,-0.0461298227310181,0.197608267888427,
,,,-4.654E-06,-0.0461298227310181,0.196938811801374,
,,,-4.6538E-06,-0.0461298227310181,0.197106175823137,
,,,-4.6536E-06,0.087761402130127,0.196771447779611,
,,,-4.6534E-06,-0.0461298227310181,0.196604083757848,
,,,-4.6532E-06,0.0208157896995544,0.196938811801374,
,,,-4.653E-06,0.087761402130127,0.1972735398449,
,,,-4.6528E-06,0.0208157896995544,0.197608267888427,
,,,-4.6526E-06,-0.0461298227310181,0.196938811801374,
,,,-4.6524E-06,-0.0461298227310181,0.196938811801374,
,,,-4.6522E-06,0.0208157896995544,0.196938811801374,
,,,-4.652E-06,-0.0461298227310181,0.196771447779611,
,,,-4.6518E-06,0.0208157896995544,0.196771447779611,
,,,-4.6516E-06,0.0208157896995544,0.196269355714321,
,,,-4.6514E-06,0.0208157896995544,0.19777563191019,
,,,-4.6512E-06,0.087761402130127,0.196771447779611,
,,,-4.651E-06,0.0208157896995544,0.196938811801374,
,,,-4.6508E-06,0.087761402130127,0.197608267888427,
,,,-4.6506E-06,-0.0461298227310181,0.196771447779611,
,,,-4.6504E-06,-0.0461298227310181,0.196771447779611,
,,,-4.6502E-06,0.0208157896995544,0.19827772397548,
,,,-4.65E-06,-0.0461298227310181,0.197440903866664,
,,,-4.6498E-06,-0.0461298227310181,0.197608267888427,
,,,-4.6496E-06,0.087761402130127,0.197440903866664,
,,,-4.6494E-06,-0.0461298227310181,0.197440903866664,
,,,-4.6492E-06,-0.0461298227310181,0.1972735398449,
,,,-4.649E-06,0.0208157896995544,0.196938811801374,
,,,-4.6488E-06,0.0208157896995544,0.196771447779611,
,,,-4.6486E-06,0.0208157896995544,0.197440903866664,
,,,-4.6484E-06,0.0208157896995544,0.1972735398449,
,,,-4.6482E-06,0.0208157896995544,0.197106175823137,
,,,-4.648E-06,0.0208157896995544,0.19777563191019,
,,,-4.6478E-06,-0.0461298227310181,0.197440903866664,
,,,-4.6476E-06,-0.113075435161591,0.196938811801374,
,,,-4.6474E-06,-0.0461298227310181,0.197106175823137,
,,,-4.6472E-06,0.087761402130127,0.197106175823137,
,,,-4.647E-06,-0.0461298227310181,0.197608267888427,
,,,-4.6468E-06,0.087761402130127,0.197608267888427,
,,,-4.6466E-06,0.087761402130127,0.197440903866664,
,,,-4.6464E-06,0.0208157896995544,0.19777563191019,
,,,-4.6462E-06,0.0208157896995544,0.1972735398449,
,,,-4.646E-06,-0.0461298227310181,0.197440903866664,
,,,-4.6458E-06,0.087761402130127,0.1972735398449,
,,,-4.6456E-06,0.0208157896995544,0.19777563191019,
,,,-4.6454E-06,0.0208157896995544,0.197440903866664,
,,,-4.6452E-06,0.0208157896995544,0.197440903866664,
,,,-4.645E-06,0.0208157896995544,0.19777563191019,
,,,-4.6448E-06,0.0208157896995544,0.197106175823137,
,,,-4.6446E-06,-0.0461298227310181,0.197608267888427,
,,,-4.6444E-06,0.087761402130127,0.197608267888427,
,,,-4.6442E-06,0.0208157896995544,0.197608267888427,
,,,-4.644E-06,0.0208157896995544,0.196938811801374,
,,,-4.6438E-06,-0.113075435161591,0.197440903866664,
,,,-4.6436E-06,-0.0461298227310181,0.197106175823137,
,,,-4.6434E-06,0.0208157896995544,0.197106175823137,
,,,-4.6432E-06,0.087761402130127,0.1972735398449,
,,,-4.643E-06,-0.113075435161591,0.196771447779611,
,,,-4.6428E-06,-0.0461298227310181,0.196771447779611,
,,,-4.6426E-06,0.087761402130127,0.197440903866664,
,,,-4.6424E-06,0.087761402130127,0.1972735398449,
,,,-4.6422E-06,-0.0461298227310181,0.197106175823137,
,,,-4.642E-06,0.0208157896995544,0.197942995931953,
,,,-4.6418E-06,0.0208157896995544,0.197440903866664,
,,,-4.6416E-06,-0.113075435161591,0.19777563191019,
,,,-4.6414E-06,-0.113075435161591,0.197942995931953,
,,,-4.6412E-06,0.0208157896995544,0.197440903866664,
,,,-4.641E-06,-0.0461298227310181,0.1972735398449,
,,,-4.6408E-06,0.0208157896995544,0.197440903866664,
,,,-4.6406E-06,0.0208157896995544,0.19777563191019,
,,,-4.6404E-06,0.087761402130127,0.196604083757848,
,,,-4.6402E-06,-0.0461298227310181,0.196938811801374,
,,,-4.64E-06,0.0208157896995544,0.197106175823137,
,,,-4.6398E-06,0.154707014560699,0.197440903866664,
,,,-4.6396E-06,-0.0461298227310181,0.197608267888427,
,,,-4.6394E-06,0.0208157896995544,0.1972735398449,
,,,-4.6392E-06,0.087761402130127,0.19777563191019,
,,,-4.639E-06,0.0208157896995544,0.197608267888427,
,,,-4.6388E-06,0.0208157896995544,0.197440903866664,
,,,-4.6386E-06,0.0208157896995544,0.19777563191019,
,,,-4.6384E-06,0.154707014560699,0.197608267888427,
,,,-4.6382E-06,-0.0461298227310181,0.19777563191019,
,,,-4.638E-06,0.154707014560699,0.197106175823137,
,,,-4.6378E-06,0.0208157896995544,0.1972735398449,
,,,-4.6376E-06,-0.113075435161591,0.196771447779611,
,,,-4.6374E-06,0.0208157896995544,0.197608267888427,
,,,-4.6372E-06,0.0208157896995544,0.197106175823137,
,,,-4.637E-06,0.0208157896995544,0.197440903866664,
,,,-4.6368E-06,0.087761402130127,0.198110359953716,
,,,-4.6366E-06,-0.0461298227310181,0.196436719736084,
,,,-4.6364E-06,0.0208157896995544,0.197440903866664,
,,,-4.6362E-06,0.0208157896995544,0.197942995931953,
,,,-4.636E-06,0.0208157896995544,0.196604083757848,
,,,-4.6358E-06,-0.0461298227310181,0.196938811801374,
,,,-4.6356E-06,-0.0461298227310181,0.198110359953716,
,,,-4.6354E-06,-0.0461298227310181,0.19777563191019,
,,,-4.6352E-06,0.0208157896995544,0.197106175823137,
,,,-4.635E-06,-0.113075435161591,0.19777563191019,
,,,-4.6348E-06,0.0208157896995544,0.196938811801374,
,,,-4.6346E-06,0.0208157896995544,0.1972735398449,
,,,-4.6344E-06,0.0208157896995544,0.197942995931953,
,,,-4.6342E-06,0.0208157896995544,0.197608267888427,
,,,-4.634E-06,0.154707014560699,0.196771447779611,
,,,-4.6338E-06,-0.0461298227310181,0.197106175823137,
,,,-4.6336E-06,0.0208157896995544,0.197942995931953,
,,,-4.6334E-06,0.087761402130127,0.197106175823137,
,,,-4.6332E-06,-0.0461298227310181,0.19777563191019,
,,,-4.633E-06,0.0208157896995544,0.197608267888427,
,,,-4.6328E-06,0.0208157896995544,0.1972735398449,
,,,-4.6326E-06,-0.0461298227310181,0.197106175823137,
,,,-4.6324E-06,0.0208157896995544,0.198779816040769,
,,,-4.6322E-06,0.0208157896995544,0.19777563191019,
,,,-4.632E-06,0.0208157896995544,0.19827772397548,
,,,-4.6318E-06,-0.0461298227310181,0.19827772397548,
,,,-4.6316E-06,0.087761402130127,0.19827772397548,
,,,-4.6314E-06,-0.0461298227310181,0.198445087997243,
,,,-4.6312E-06,-0.113075435161591,0.198612452019006,
,,,-4.631E-06,0.0208157896995544,0.19827772397548,
,,,-4.6308E-06,-0.0461298227310181,0.198612452019006,
,,,-4.6306E-06,-0.0461298227310181,0.19827772397548,
,,,-4.6304E-06,0.087761402130127,0.198110359953716,
,,,-4.6302E-06,0.0208157896995544,0.198110359953716,
,,,-4.63E-06,-0.0461298227310181,0.19827772397548,
,,,-4.6298E-06,0.0208157896995544,0.197440903866664,
,,,-4.6296E-06,0.0208157896995544,0.1972735398449,
,,,-4.6294E-06,-0.113075435161591,0.197608267888427,
,,,-4.6292E-06,0.0208157896995544,0.197608267888427,
,,,-4.629E-06,0.0208157896995544,0.19827772397548,
,,,-4.6288E-06,-0.0461298227310181,0.19827772397548,
,,,-4.6286E-06,-0.0461298227310181,0.197942995931953,
,,,-4.6284E-06,-0.0461298227310181,0.19777563191019,
,,,-4.6282E-06,-0.0461298227310181,0.197440903866664,
,,,-4.628E-06,0.0208157896995544,0.197942995931953,
,,,-4.6278E-06,0.0208157896995544,0.19827772397548,
,,,-4.6276E-06,-0.0461298227310181,0.197942995931953,
,,,-4.6274E-06,-0.0461298227310181,0.19827772397548,
,,,-4.6272E-06,0.0208157896995544,0.198110359953716,
,,,-4.627E-06,0.0208157896995544,0.197942995931953,
,,,-4.6268E-06,-0.113075435161591,0.197942995931953,
,,,-4.6266E-06,0.0208157896995544,0.197608267888427,
,,,-4.6264E-06,0.0208157896995544,0.198445087997243,
,,,-4.6262E-06,-0.0461298227310181,0.198612452019006,
,,,-4.626E-06,0.0208157896995544,0.19777563191019,
,,,-4.6258E-06,0.087761402130127,0.198110359953716,
,,,-4.6256E-06,0.087761402130127,0.197608267888427,
,,,-4.6254E-06,0.0208157896995544,0.198110359953716,
,,,-4.6252E-06,0.087761402130127,0.19827772397548,
,,,-4.625E-06,-0.0461298227310181,0.19777563191019,
,,,-4.6248E-06,0.0208157896995544,0.197106175823137,
,,,-4.6246E-06,-0.0461298227310181,0.19777563191019,
,,,-4.6244E-06,0.0208157896995544,0.197608267888427,
,,,-4.6242E-06,0.0208157896995544,0.198612452019006,
,,,-4.624E-06,0.087761402130127,0.19777563191019,
,,,-4.6238E-06,-0.113075435161591,0.19777563191019,
,,,-4.6236E-06,0.0208157896995544,0.19827772397548,
,,,-4.6234E-06,0.087761402130127,0.19827772397548,
,,,-4.6232E-06,-0.0461298227310181,0.198110359953716,
,,,-4.623E-06,-0.113075435161591,0.197440903866664,
,,,-4.6228E-06,0.154707014560699,0.19777563191019,
,,,-4.6226E-06,-0.0461298227310181,0.197440903866664,
,,,-4.6224E-06,-0.113075435161591,0.197608267888427,
,,,-4.6222E-06,0.0208157896995544,0.197608267888427,
,,,-4.622E-06,-0.0461298227310181,0.1972735398449,
,,,-4.6218E-06,-0.113075435161591,0.197608267888427,
,,,-4.6216E-06,0.087761402130127,0.196938811801374,
,,,-4.6214E-06,0.0208157896995544,0.197440903866664,
,,,-4.6212E-06,-0.0461298227310181,0.1972735398449,
,,,-4.621E-06,-0.0461298227310181,0.197106175823137,
,,,-4.6208E-06,-0.0461298227310181,0.197106175823137,
,,,-4.6206E-06,0.154707014560699,0.197440903866664,
,,,-4.6204E-06,-0.0461298227310181,0.19777563191019,
,,,-4.6202E-06,-0.0461298227310181,0.197608267888427,
,,,-4.62E-06,0.0208157896995544,0.197440903866664,
,,,-4.6198E-06,-0.113075435161591,0.197440903866664,
,,,-4.6196E-06,0.0208157896995544,0.197440903866664,
,,,-4.6194E-06,0.087761402130127,0.196604083757848,
,,,-4.6192E-06,0.087761402130127,0.1972735398449,
,,,-4.619E-06,-0.0461298227310181,0.197440903866664,
,,,-4.6188E-06,0.087761402130127,0.196771447779611,
,,,-4.6186E-06,-0.0461298227310181,0.196771447779611,
,,,-4.6184E-06,-0.113075435161591,0.19777563191019,
,,,-4.6182E-06,0.0208157896995544,0.197608267888427,
,,,-4.618E-06,-0.113075435161591,0.19777563191019,
,,,-4.6178E-06,0.0208157896995544,0.197608267888427,
,,,-4.6176E-06,0.0208157896995544,0.197608267888427,
,,,-4.6174E-06,0.0208157896995544,0.1972735398449,
,,,-4.6172E-06,-0.0461298227310181,0.1972735398449,
,,,-4.617E-06,0.0208157896995544,0.197608267888427,
,,,-4.6168E-06,0.0208157896995544,0.197608267888427,
,,,-4.6166E-06,-0.0461298227310181,0.19827772397548,
,,,-4.6164E-06,0.0208157896995544,0.197106175823137,
,,,-4.6162E-06,-0.0461298227310181,0.197440903866664,
,,,-4.616E-06,0.0208157896995544,0.19777563191019,
,,,-4.6158E-06,-0.0461298227310181,0.197608267888427,
,,,-4.6156E-06,-0.113075435161591,0.197106175823137,
,,,-4.6154E-06,-0.0461298227310181,0.197942995931953,
,,,-4.6152E-06,0.0208157896995544,0.19777563191019,
,,,-4.615E-06,0.0208157896995544,0.19827772397548,
,,,-4.6148E-06,0.087761402130127,0.198110359953716,
,,,-4.6146E-06,-0.0461298227310181,0.197942995931953,
,,,-4.6144E-06,0.0208157896995544,0.19777563191019,
,,,-4.6142E-06,0.0208157896995544,0.198445087997243,
,,,-4.614E-06,-0.0461298227310181,0.198110359953716,
,,,-4.6138E-06,0.0208157896995544,0.197608267888427,
,,,-4.6136E-06,0.0208157896995544,0.198612452019006,
,,,-4.6134E-06,-0.113075435161591,0.198445087997243,
,,,-4.6132E-06,0.087761402130127,0.198110359953716,
,,,-4.613E-06,0.0208157896995544,0.198110359953716,
,,,-4.6128E-06,0.0208157896995544,0.197106175823137,
,,,-4.6126E-06,-0.0461298227310181,0.197440903866664,
,,,-4.6124E-06,0.154707014560699,0.197440903866664,
,,,-4.6122E-06,0.0208157896995544,0.19777563191019,
,,,-4.612E-06,-0.113075435161591,0.19777563191019,
,,,-4.6118E-06,0.0208157896995544,0.197608267888427,
,,,-4.6116E-06,0.0208157896995544,0.197942995931953,
,,,-4.6114E-06,0.0208157896995544,0.197942995931953,
,,,-4.6112E-06,0.0208157896995544,0.197942995931953,
,,,-4.611E-06,-0.0461298227310181,0.1972735398449,
,,,-4.6108E-06,-0.0461298227310181,0.197942995931953,
,,,-4.6106E-06,0.087761402130127,0.19827772397548,
,,,-4.6104E-06,0.0208157896995544,0.197942995931953,
,,,-4.6102E-06,-0.0461298227310181,0.197440903866664,
,,,-4.61E-06,-0.0461298227310181,0.197942995931953,
,,,-4.6098E-06,0.0208157896995544,0.19777563191019,
,,,-4.6096E-06,-0.0461298227310181,0.197942995931953,
,,,-4.6094E-06,-0.0461298227310181,0.198110359953716,
,,,-4.6092E-06,0.0208157896995544,0.197942995931953,
,,,-4.609E-06,-0.0461298227310181,0.197942995931953,
,,,-4.6088E-06,0.087761402130127,0.197608267888427,
,,,-4.6086E-06,-0.0461298227310181,0.19827772397548,
,,,-4.6084E-06,0.0208157896995544,0.19827772397548,
,,,-4.6082E-06,0.087761402130127,0.19777563191019,
,,,-4.608E-06,-0.0461298227310181,0.19777563191019,
,,,-4.6078E-06,0.0208157896995544,0.19777563191019,
,,,-4.6076E-06,0.0208157896995544,0.19777563191019,
,,,-4.6074E-06,0.0208157896995544,0.197942995931953,
,,,-4.6072E-06,0.087761402130127,0.1972735398449,
,,,-4.607E-06,-0.0461298227310181,0.197608267888427,
,,,-4.6068E-06,-0.0461298227310181,0.19777563191019,
,,,-4.6066E-06,-0.0461298227310181,0.19777563191019,
,,,-4.6064E-06,0.0208157896995544,0.197942995931953,
,,,-4.6062E-06,-0.0461298227310181,0.19827772397548,
,,,-4.606E-06,0.0208157896995544,0.198110359953716,
,,,-4.6058E-06,0.0208157896995544,0.197608267888427,
,,,-4.6056E-06,-0.113075435161591,0.197608267888427,
,,,-4.6054E-06,0.0208157896995544,0.198445087997243,
,,,-4.6052E-06,-0.0461298227310181,0.198110359953716,
,,,-4.605E-06,0.0208157896995544,0.197608267888427,
,,,-4.6048E-06,0.0208157896995544,0.198110359953716,
,,,-4.6046E-06,-0.113075435161591,0.19777563191019,
,,,-4.6044E-06,0.0208157896995544,0.1972735398449,
,,,-4.6042E-06,0.0208157896995544,0.197440903866664,
,,,-4.604E-06,0.0208157896995544,0.198110359953716,
,,,-4.6038E-06,-0.0461298227310181,0.197440903866664,
,,,-4.6036E-06,0.0208157896995544,0.197440903866664,
,,,-4.6034E-06,0.0208157896995544,0.197942995931953,
,,,-4.6032E-06,0.0208157896995544,0.197942995931953,
,,,-4.603E-06,-0.0461298227310181,0.198445087997243,
,,,-4.6028E-06,-0.0461298227310181,0.19777563191019,
,,,-4.6026E-06,-0.113075435161591,0.197106175823137,
,,,-4.6024E-06,0.0208157896995544,0.198110359953716,
,,,-4.6022E-06,0.0208157896995544,0.19827772397548,
,,,-4.602E-06,0.0208157896995544,0.197106175823137,
,,,-4.6018E-06,0.087761402130127,0.198110359953716,
,,,-4.6016E-06,0.0208157896995544,0.197942995931953,
,,,-4.6014E-06,0.0208157896995544,0.19827772397548,
,,,-4.6012E-06,-0.0461298227310181,0.197608267888427,
,,,-4.601E-06,0.0208157896995544,0.198110359953716,
,,,-4.6008E-06,0.0208157896995544,0.19777563191019,
,,,-4.6006E-06,0.0208157896995544,0.197608267888427,
,,,-4.6004E-06,0.0208157896995544,0.19777563191019,
,,,-4.6002E-06,0.0208157896995544,0.197440903866664,
,,,-4.6E-06,0.154707014560699,0.19777563191019,
,,,-4.5998E-06,-0.0461298227310181,0.198445087997243,
,,,-4.5996E-06,0.087761402130127,0.19777563191019,
,,,-4.5994E-06,0.0208157896995544,0.198779816040769,
,,,-4.5992E-06,-0.0461298227310181,0.19827772397548,
,,,-4.599E-06,0.0208157896995544,0.198110359953716,
,,,-4.5988E-06,0.0208157896995544,0.197440903866664,
,,,-4.5986E-06,-0.0461298227310181,0.198110359953716,
,,,-4.5984E-06,0.087761402130127,0.19777563191019,
,,,-4.5982E-06,-0.0461298227310181,0.197942995931953,
,,,-4.598E-06,0.0208157896995544,0.197608267888427,
,,,-4.5978E-06,0.0208157896995544,0.197440903866664,
,,,-4.5976E-06,0.0208157896995544,0.197608267888427,
,,,-4.5974E-06,-0.113075435161591,0.197942995931953,
,,,-4.5972E-06,0.0208157896995544,0.198779816040769,
,,,-4.597E-06,0.0208157896995544,0.197942995931953,
,,,-4.5968E-06,0.0208157896995544,0.197608267888427,
,,,-4.5966E-06,-0.0461298227310181,0.197440903866664,
,,,-4.5964E-06,0.0208157896995544,0.19777563191019,
,,,-4.5962E-06,0.0208157896995544,0.197942995931953,
,,,-4.596E-06,0.087761402130127,0.197608267888427,
,,,-4.5958E-06,-0.0461298227310181,0.197942995931953,
,,,-4.5956E-06,0.087761402130127,0.197608267888427,
,,,-4.5954E-06,-0.0461298227310181,0.197942995931953,
,,,-4.5952E-06,-0.0461298227310181,0.197608267888427,
,,,-4.595E-06,0.0208157896995544,0.19777563191019,
,,,-4.5948E-06,-0.0461298227310181,0.197106175823137,
,,,-4.5946E-06,0.087761402130127,0.1972735398449,
,,,-4.5944E-06,0.0208157896995544,0.19777563191019,
,,,-4.5942E-06,-0.113075435161591,0.197440903866664,
,,,-4.594E-06,-0.0461298227310181,0.19827772397548,
,,,-4.5938E-06,0.0208157896995544,0.198110359953716,
,,,-4.5936E-06,0.154707014560699,0.197608267888427,
,,,-4.5934E-06,-0.113075435161591,0.197106175823137,
,,,-4.5932E-06,0.087761402130127,0.1972735398449,
,,,-4.593E-06,0.087761402130127,0.19827772397548,
,,,-4.5928E-06,-0.0461298227310181,0.19777563191019,
,,,-4.5926E-06,0.0208157896995544,0.197440903866664,
,,,-4.5924E-06,0.0208157896995544,0.197942995931953,
,,,-4.5922E-06,-0.0461298227310181,0.198110359953716,
,,,-4.592E-06,0.0208157896995544,0.19777563191019,
,,,-4.5918E-06,-0.0461298227310181,0.196938811801374,
,,,-4.5916E-06,-0.0461298227310181,0.197942995931953,
,,,-4.5914E-06,0.0208157896995544,0.19777563191019,
,,,-4.5912E-06,0.0208157896995544,0.197440903866664,
,,,-4.591E-06,-0.0461298227310181,0.196771447779611,
,,,-4.5908E-06,0.0208157896995544,0.197106175823137,
,,,-4.5906E-06,-0.0461298227310181,0.19777563191019,
,,,-4.5904E-06,0.0208157896995544,0.1972735398449,
,,,-4.5902E-06,-0.0461298227310181,0.1972735398449,
,,,-4.59E-06,-0.0461298227310181,0.197440903866664,
,,,-4.5898E-06,-0.0461298227310181,0.19777563191019,
,,,-4.5896E-06,0.0208157896995544,0.1972735398449,
,,,-4.5894E-06,-0.0461298227310181,0.19777563191019,
,,,-4.5892E-06,0.087761402130127,0.197608267888427,
,,,-4.589E-06,0.0208157896995544,0.198110359953716,
,,,-4.5888E-06,0.0208157896995544,0.198445087997243,
,,,-4.5886E-06,0.087761402130127,0.197440903866664,
,,,-4.5884E-06,0.0208157896995544,0.198110359953716,
,,,-4.5882E-06,-0.0461298227310181,0.197942995931953,
,,,-4.588E-06,0.087761402130127,0.19777563191019,
,,,-4.5878E-06,-0.113075435161591,0.197942995931953,
,,,-4.5876E-06,-0.0461298227310181,0.198445087997243,
,,,-4.5874E-06,0.0208157896995544,0.19777563191019,
,,,-4.5872E-06,0.087761402130127,0.198110359953716,
,,,-4.587E-06,0.0208157896995544,0.197608267888427,
,,,-4.5868E-06,0.0208157896995544,0.19777563191019,
,,,-4.5866E-06,0.0208157896995544,0.198110359953716,
,,,-4.5864E-06,-0.113075435161591,0.19777563191019,
,,,-4.5862E-06,-0.0461298227310181,0.197608267888427,
,,,-4.586E-06,0.0208157896995544,0.19777563191019,
,,,-4.5858E-06,0.0208157896995544,0.197608267888427,
,,,-4.5856E-06,0.087761402130127,0.19827772397548,
,,,-4.5854E-06,-0.113075435161591,0.19827772397548,
,,,-4.5852E-06,0.0208157896995544,0.198110359953716,
,,,-4.585E-06,0.0208157896995544,0.197608267888427,
,,,-4.5848E-06,-0.0461298227310181,0.197942995931953,
,,,-4.5846E-06,-0.0461298227310181,0.198110359953716,
,,,-4.5844E-06,0.0208157896995544,0.197440903866664,
,,,-4.5842E-06,-0.0461298227310181,0.19827772397548,
,,,-4.584E-06,0.0208157896995544,0.198779816040769,
,,,-4.5838E-06,-0.0461298227310181,0.198612452019006,
,,,-4.5836E-06,-0.0461298227310181,0.197440903866664,
,,,-4.5834E-06,0.0208157896995544,0.197608267888427,
,,,-4.5832E-06,0.0208157896995544,0.198445087997243,
,,,-4.583E-06,0.0208157896995544,0.19777563191019,
,,,-4.5828E-06,0.087761402130127,0.197608267888427,
,,,-4.5826E-06,-0.0461298227310181,0.19827772397548,
,,,-4.5824E-06,0.0208157896995544,0.197440903866664,
,,,-4.5822E-06,0.087761402130127,0.197440903866664,
,,,-4.582E-06,-0.0461298227310181,0.198110359953716,
,,,-4.5818E-06,0.087761402130127,0.197608267888427,
,,,-4.5816E-06,0.0208157896995544,0.19777563191019,
,,,-4.5814E-06,-0.0461298227310181,0.197942995931953,
,,,-4.5812E-06,0.0208157896995544,0.197608267888427,
,,,-4.581E-06,0.0208157896995544,0.19827772397548,
,,,-4.5808E-06,0.087761402130127,0.19777563191019,
,,,-4.5806E-06,-0.0461298227310181,0.198445087997243,
,,,-4.5804E-06,0.087761402130127,0.197106175823137,
,,,-4.5802E-06,0.0208157896995544,0.197608267888427,
,,,-4.58E-06,0.0208157896995544,0.197942995931953,
,,,-4.5798E-06,-0.0461298227310181,0.19777563191019,
,,,-4.5796E-06,-0.0461298227310181,0.197608267888427,
,,,-4.5794E-06,-0.0461298227310181,0.19827772397548,
,,,-4.5792E-06,0.0208157896995544,0.197608267888427,
,,,-4.579E-06,-0.113075435161591,0.1972735398449,
,,,-4.5788E-06,-0.113075435161591,0.196938811801374,
,,,-4.5786E-06,0.0208157896995544,0.1972735398449,
,,,-4.5784E-06,-0.0461298227310181,0.197106175823137,
,,,-4.5782E-06,0.0208157896995544,0.197440903866664,
,,,-4.578E-06,0.0208157896995544,0.197440903866664,
,,,-4.5778E-06,-0.113075435161591,0.19777563191019,
,,,-4.5776E-06,-0.0461298227310181,0.197608267888427,
,,,-4.5774E-06,-0.0461298227310181,0.198110359953716,
,,,-4.5772E-06,0.0208157896995544,0.197440903866664,
,,,-4.577E-06,0.0208157896995544,0.197440903866664,
,,,-4.5768E-06,0.087761402130127,0.197608267888427,
,,,-4.5766E-06,0.0208157896995544,0.197440903866664,
,,,-4.5764E-06,0.0208157896995544,0.19777563191019,
,,,-4.5762E-06,0.0208157896995544,0.198110359953716,
,,,-4.576E-06,0.0208157896995544,0.196771447779611,
,,,-4.5758E-06,0.0208157896995544,0.197942995931953,
,,,-4.5756E-06,0.0208157896995544,0.19777563191019,
,,,-4.5754E-06,0.0208157896995544,0.197608267888427,
,,,-4.5752E-06,0.087761402130127,0.196604083757848,
,,,-4.575E-06,0.0208157896995544,0.197608267888427,
,,,-4.5748E-06,0.0208157896995544,0.1972735398449,
,,,-4.5746E-06,-0.0461298227310181,0.197608267888427,
,,,-4.5744E-06,0.0208157896995544,0.1972735398449,
,,,-4.5742E-06,0.0208157896995544,0.197106175823137,
,,,-4.574E-06,0.0208157896995544,0.197608267888427,
,,,-4.5738E-06,0.0208157896995544,0.19827772397548,
,,,-4.5736E-06,-0.0461298227310181,0.19777563191019,
,,,-4.5734E-06,-0.0461298227310181,0.196436719736084,
,,,-4.5732E-06,0.0208157896995544,0.197106175823137,
,,,-4.573E-06,0.087761402130127,0.1972735398449,
,,,-4.5728E-06,0.087761402130127,0.1972735398449,
,,,-4.5726E-06,-0.180021047592163,0.196771447779611,
,,,-4.5724E-06,-0.0461298227310181,0.1972735398449,
,,,-4.5722E-06,-0.0461298227310181,0.197106175823137,
,,,-4.572E-06,0.087761402130127,0.196604083757848,
,,,-4.5718E-06,0.0208157896995544,0.196938811801374,
,,,-4.5716E-06,-0.0461298227310181,0.197106175823137,
,,,-4.5714E-06,-0.0461298227310181,0.196771447779611,
,,,-4.5712E-06,-0.0461298227310181,0.197106175823137,
,,,-4.571E-06,-0.0461298227310181,0.19777563191019,
,,,-4.5708E-06,0.087761402130127,0.197440903866664,
,,,-4.5706E-06,-0.113075435161591,0.197106175823137,
,,,-4.5704E-06,0.087761402130127,0.196938811801374,
,,,-4.5702E-06,0.0208157896995544,0.19777563191019,
,,,-4.57E-06,0.087761402130127,0.19777563191019,
,,,-4.5698E-06,-0.0461298227310181,0.19827772397548,
,,,-4.5696E-06,-0.0461298227310181,0.197608267888427,
,,,-4.5694E-06,0.087761402130127,0.197608267888427,
,,,-4.5692E-06,-0.0461298227310181,0.197106175823137,
,,,-4.569E-06,-0.0461298227310181,0.197106175823137,
,,,-4.5688E-06,-0.0461298227310181,0.197608267888427,
,,,-4.5686E-06,0.0208157896995544,0.197440903866664,
,,,-4.5684E-06,0.0208157896995544,0.197608267888427,
,,,-4.5682E-06,0.0208157896995544,0.197440903866664,
,,,-4.568E-06,0.087761402130127,0.19827772397548,
,,,-4.5678E-06,-0.0461298227310181,0.198110359953716,
,,,-4.5676E-06,-0.0461298227310181,0.197440903866664,
,,,-4.5674E-06,0.0208157896995544,0.197942995931953,
,,,-4.5672E-06,-0.113075435161591,0.19827772397548,
,,,-4.567E-06,0.0208157896995544,0.198445087997243,
,,,-4.5668E-06,0.0208157896995544,0.19777563191019,
,,,-4.5666E-06,0.0208157896995544,0.197608267888427,
,,,-4.5664E-06,-0.0461298227310181,0.198445087997243,
,,,-4.5662E-06,-0.113075435161591,0.197440903866664,
,,,-4.566E-06,0.0208157896995544,0.197608267888427,
,,,-4.5658E-06,0.087761402130127,0.197942995931953,
,,,-4.5656E-06,-0.0461298227310181,0.197106175823137,
,,,-4.5654E-06,-0.0461298227310181,0.1972735398449,
,,,-4.5652E-06,-0.0461298227310181,0.197942995931953,
,,,-4.565E-06,0.0208157896995544,0.19777563191019,
,,,-4.5648E-06,0.0208157896995544,0.197440903866664,
,,,-4.5646E-06,0.0208157896995544,0.19777563191019,
,,,-4.5644E-06,-0.0461298227310181,0.19827772397548,
,,,-4.5642E-06,0.0208157896995544,0.197608267888427,
,,,-4.564E-06,0.087761402130127,0.197608267888427,
,,,-4.5638E-06,-0.113075435161591,0.19827772397548,
,,,-4.5636E-06,0.087761402130127,0.197942995931953,
,,,-4.5634E-06,0.0208157896995544,0.197106175823137,
,,,-4.5632E-06,0.0208157896995544,0.198110359953716,
,,,-4.563E-06,-0.0461298227310181,0.197608267888427,
,,,-4.5628E-06,-0.113075435161591,0.196604083757848,
,,,-4.5626E-06,0.0208157896995544,0.197942995931953,
,,,-4.5624E-06,0.087761402130127,0.198779816040769,
,,,-4.5622E-06,-0.0461298227310181,0.197440903866664,
,,,-4.562E-06,0.0208157896995544,0.197440903866664,
,,,-4.5618E-06,0.0208157896995544,0.19827772397548,
,,,-4.5616E-06,0.087761402130127,0.198110359953716,
,,,-4.5614E-06,0.0208157896995544,0.197942995931953,
,,,-4.5612E-06,0.087761402130127,0.197942995931953,
,,,-4.561E-06,-0.0461298227310181,0.19827772397548,
,,,-4.5608E-06,0.0208157896995544,0.197608267888427,
,,,-4.5606E-06,-0.0461298227310181,0.19777563191019,
,,,-4.5604E-06,-0.0461298227310181,0.197608267888427,
,,,-4.5602E-06,0.087761402130127,0.19777563191019,
,,,-4.56E-06,0.087761402130127,0.197942995931953,
,,,-4.5598E-06,-0.113075435161591,0.1972735398449,
,,,-4.5596E-06,-0.0461298227310181,0.19777563191019,
,,,-4.5594E-06,0.0208157896995544,0.197942995931953,
,,,-4.5592E-06,0.0208157896995544,0.1972735398449,
,,,-4.559E-06,-0.0461298227310181,0.1972735398449,
,,,-4.5588E-06,0.0208157896995544,0.198110359953716,
,,,-4.5586E-06,-0.0461298227310181,0.198445087997243,
,,,-4.5584E-06,-0.0461298227310181,0.197608267888427,
,,,-4.5582E-06,0.0208157896995544,0.198110359953716,
,,,-4.558E-06,0.0208157896995544,0.19777563191019,
,,,-4.5578E-06,0.0208157896995544,0.197608267888427,
,,,-4.5576E-06,0.087761402130127,0.198110359953716,
,,,-4.5574E-06,0.0208157896995544,0.1972735398449,
,,,-4.5572E-06,0.0208157896995544,0.197942995931953,
,,,-4.557E-06,-0.0461298227310181,0.1972735398449,
,,,-4.5568E-06,0.0208157896995544,0.1972735398449,
,,,-4.5566E-06,0.087761402130127,0.197440903866664,
,,,-4.5564E-06,-0.113075435161591,0.19777563191019,
,,,-4.5562E-06,0.0208157896995544,0.197608267888427,
,,,-4.556E-06,0.0208157896995544,0.1972735398449,
,,,-4.5558E-06,-0.0461298227310181,0.196771447779611,
,,,-4.5556E-06,-0.0461298227310181,0.197440903866664,
,,,-4.5554E-06,0.087761402130127,0.197440903866664,
,,,-4.5552E-06,0.0208157896995544,0.19777563191019,
,,,-4.555E-06,-0.0461298227310181,0.197440903866664,
,,,-4.5548E-06,0.087761402130127,0.197106175823137,
,,,-4.5546E-06,-0.0461298227310181,0.197106175823137,
,,,-4.5544E-06,-0.113075435161591,0.196771447779611,
,,,-4.5542E-06,-0.0461298227310181,0.196604083757848,
,,,-4.554E-06,0.0208157896995544,0.197440903866664,
,,,-4.5538E-06,-0.0461298227310181,0.1972735398449,
,,,-4.5536E-06,0.0208157896995544,0.196771447779611,
,,,-4.5534E-06,0.0208157896995544,0.197608267888427,
,,,-4.5532E-06,-0.0461298227310181,0.1972735398449,
,,,-4.553E-06,-0.0461298227310181,0.196101991692558,
,,,-4.5528E-06,0.0208157896995544,0.196269355714321,
,,,-4.5526E-06,-0.113075435161591,0.196604083757848,
,,,-4.5524E-06,0.087761402130127,0.197106175823137,
,,,-4.5522E-06,0.0208157896995544,0.196771447779611,
,,,-4.552E-06,0.0208157896995544,0.197440903866664,
,,,-4.5518E-06,0.0208157896995544,0.197608267888427,
,,,-4.5516E-06,-0.0461298227310181,0.196771447779611,
,,,-4.5514E-06,-0.0461298227310181,0.1972735398449,
,,,-4.5512E-06,0.0208157896995544,0.197440903866664,
,,,-4.551E-06,0.087761402130127,0.196604083757848,
,,,-4.5508E-06,0.0208157896995544,0.1972735398449,
,,,-4.5506E-06,0.0208157896995544,0.197942995931953,
,,,-4.5504E-06,-0.0461298227310181,0.197440903866664,
,,,-4.5502E-06,0.0208157896995544,0.196604083757848,
,,,-4.55E-06,-0.113075435161591,0.1972735398449,
,,,-4.5498E-06,0.087761402130127,0.196938811801374,
,,,-4.5496E-06,0.0208157896995544,0.1972735398449,
,,,-4.5494E-06,-0.0461298227310181,0.196771447779611,
,,,-4.5492E-06,0.0208157896995544,0.197608267888427,
,,,-4.549E-06,0.0208157896995544,0.197608267888427,
,,,-4.5488E-06,0.087761402130127,0.1972735398449,
,,,-4.5486E-06,-0.0461298227310181,0.197106175823137,
,,,-4.5484E-06,-0.0461298227310181,0.1972735398449,
,,,-4.5482E-06,0.0208157896995544,0.197440903866664,
,,,-4.548E-06,0.0208157896995544,0.197942995931953,
,,,-4.5478E-06,0.0208157896995544,0.197608267888427,
,,,-4.5476E-06,-0.0461298227310181,0.197608267888427,
,,,-4.5474E-06,-0.0461298227310181,0.197942995931953,
,,,-4.5472E-06,0.087761402130127,0.19777563191019,
,,,-4.547E-06,-0.113075435161591,0.19777563191019,
,,,-4.5468E-06,-0.0461298227310181,0.197440903866664,
,,,-4.5466E-06,0.087761402130127,0.197440903866664,
,,,-4.5464E-06,0.087761402130127,0.198110359953716,
,,,-4.5462E-06,-0.0461298227310181,0.197440903866664,
,,,-4.546E-06,-0.0461298227310181,0.19777563191019,
,,,-4.5458E-06,-0.0461298227310181,0.198110359953716,
,,,-4.5456E-06,0.0208157896995544,0.197608267888427,
,,,-4.5454E-06,0.0208157896995544,0.1972735398449,
,,,-4.5452E-06,0.0208157896995544,0.19777563191019,
,,,-4.545E-06,0.0208157896995544,0.197942995931953,
,,,-4.5448E-06,0.0208157896995544,0.19777563191019,
,,,-4.5446E-06,0.0208157896995544,0.197942995931953,
,,,-4.5444E-06,0.087761402130127,0.197608267888427,
,,,-4.5442E-06,0.087761402130127,0.197608267888427,
,,,-4.544E-06,0.0208157896995544,0.1972735398449,
,,,-4.5438E-06,0.087761402130127,0.19777563191019,
,,,-4.5436E-06,-0.113075435161591,0.197440903866664,
,,,-4.5434E-06,0.0208157896995544,0.197106175823137,
,,,-4.5432E-06,0.0208157896995544,0.197942995931953,
,,,-4.543E-06,-0.0461298227310181,0.1972735398449,
,,,-4.5428E-06,0.0208157896995544,0.197608267888427,
,,,-4.5426E-06,0.0208157896995544,0.197608267888427,
,,,-4.5424E-06,0.154707014560699,0.1972735398449,
,,,-4.5422E-06,0.0208157896995544,0.196938811801374,
,,,-4.542E-06,0.0208157896995544,0.1972735398449,
,,,-4.5418E-06,0.0208157896995544,0.1972735398449,
,,,-4.5416E-06,-0.0461298227310181,0.197106175823137,
,,,-4.5414E-06,0.0208157896995544,0.197106175823137,
,,,-4.5412E-06,0.0208157896995544,0.1972735398449,
,,,-4.541E-06,-0.0461298227310181,0.197440903866664,
,,,-4.5408E-06,0.0208157896995544,0.196938811801374,
,,,-4.5406E-06,-0.113075435161591,0.197440903866664,
,,,-4.5404E-06,-0.0461298227310181,0.197106175823137,
,,,-4.5402E-06,0.0208157896995544,0.1972735398449,
,,,-4.54E-06,0.0208157896995544,0.197608267888427,
,,,-4.5398E-06,-0.0461298227310181,0.197440903866664,
,,,-4.5396E-06,0.0208157896995544,0.1972735398449,
,,,-4.5394E-06,-0.0461298227310181,0.19777563191019,
,,,-4.5392E-06,-0.0461298227310181,0.197440903866664,
,,,-4.539E-06,-0.113075435161591,0.197106175823137,
,,,-4.5388E-06,0.087761402130127,0.197942995931953,
,,,-4.5386E-06,-0.0461298227310181,0.197440903866664,
,,,-4.5384E-06,0.0208157896995544,0.197440903866664,
,,,-4.5382E-06,0.0208157896995544,0.197608267888427,
,,,-4.538E-06,0.087761402130127,0.197106175823137,
,,,-4.5378E-06,0.0208157896995544,0.1972735398449,
,,,-4.5376E-06,0.087761402130127,0.196771447779611,
,,,-4.5374E-06,0.154707014560699,0.1972735398449,
,,,-4.5372E-06,-0.113075435161591,0.197440903866664,
,,,-4.537E-06,0.087761402130127,0.197106175823137,
,,,-4.5368E-06,0.087761402130127,0.1972735398449,
,,,-4.5366E-06,-0.113075435161591,0.196938811801374,
,,,-4.5364E-06,-0.0461298227310181,0.197440903866664,
,,,-4.5362E-06,0.0208157896995544,0.197106175823137,
,,,-4.536E-06,0.0208157896995544,0.197608267888427,
,,,-4.5358E-06,-0.0461298227310181,0.196938811801374,
,,,-4.5356E-06,0.0208157896995544,0.198110359953716,
,,,-4.5354E-06,0.0208157896995544,0.1972735398449,
,,,-4.5352E-06,-0.0461298227310181,0.196436719736084,
,,,-4.535E-06,0.0208157896995544,0.196604083757848,
,,,-4.5348E-06,-0.0461298227310181,0.197942995931953,
,,,-4.5346E-06,0.0208157896995544,0.1972735398449,
,,,-4.5344E-06,0.0208157896995544,0.1972735398449,
,,,-4.5342E-06,-0.0461298227310181,0.196771447779611,
,,,-4.534E-06,0.0208157896995544,0.1972735398449,
,,,-4.5338E-06,0.0208157896995544,0.196771447779611,
,,,-4.5336E-06,0.0208157896995544,0.19777563191019,
,,,-4.5334E-06,-0.0461298227310181,0.196604083757848,
,,,-4.5332E-06,0.087761402130127,0.197106175823137,
,,,-4.533E-06,-0.0461298227310181,0.196604083757848,
,,,-4.5328E-06,-0.113075435161591,0.1972735398449,
,,,-4.5326E-06,-0.113075435161591,0.196938811801374,
,,,-4.5324E-06,0.087761402130127,0.197106175823137,
,,,-4.5322E-06,-0.113075435161591,0.1972735398449,
,,,-4.532E-06,0.087761402130127,0.196938811801374,
,,,-4.5318E-06,0.0208157896995544,0.197942995931953,
,,,-4.5316E-06,0.0208157896995544,0.19777563191019,
,,,-4.5314E-06,-0.0461298227310181,0.1972735398449,
,,,-4.5312E-06,0.0208157896995544,0.1972735398449,
,,,-4.531E-06,0.0208157896995544,0.1972735398449,
,,,-4.5308E-06,-0.0461298227310181,0.198110359953716,
,,,-4.5306E-06,0.087761402130127,0.196938811801374,
,,,-4.5304E-06,0.0208157896995544,0.197106175823137,
,,,-4.5302E-06,0.0208157896995544,0.196771447779611,
,,,-4.53E-06,0.0208157896995544,0.196101991692558,
,,,-4.5298E-06,0.087761402130127,0.196604083757848,
,,,-4.5296E-06,0.154707014560699,0.197608267888427,
,,,-4.5294E-06,-0.0461298227310181,0.196938811801374,
,,,-4.5292E-06,0.087761402130127,0.196771447779611,
,,,-4.529E-06,-0.0461298227310181,0.19777563191019,
,,,-4.5288E-06,-0.0461298227310181,0.19777563191019,
,,,-4.5286E-06,0.0208157896995544,0.197106175823137,
,,,-4.5284E-06,0.0208157896995544,0.1972735398449,
,,,-4.5282E-06,0.0208157896995544,0.197942995931953,
,,,-4.528E-06,0.0208157896995544,0.196269355714321,
,,,-4.5278E-06,-0.113075435161591,0.19777563191019,
,,,-4.5276E-06,0.0208157896995544,0.197942995931953,
,,,-4.5274E-06,0.0208157896995544,0.197106175823137,
,,,-4.5272E-06,0.0208157896995544,0.196771447779611,
,,,-4.527E-06,-0.113075435161591,0.19777563191019,
,,,-4.5268E-06,0.0208157896995544,0.197440903866664,
,,,-4.5266E-06,-0.0461298227310181,0.197440903866664,
,,,-4.5264E-06,-0.0461298227310181,0.197440903866664,
,,,-4.5262E-06,0.0208157896995544,0.19827772397548,
,,,-4.526E-06,0.0208157896995544,0.197106175823137,
,,,-4.5258E-06,-0.113075435161591,0.196771447779611,
,,,-4.5256E-06,0.0208157896995544,0.197106175823137,
,,,-4.5254E-06,0.087761402130127,0.196938811801374,
,,,-4.5252E-06,0.087761402130127,0.197106175823137,
,,,-4.525E-06,-0.0461298227310181,0.197608267888427,
,,,-4.5248E-06,-0.0461298227310181,0.197106175823137,
,,,-4.5246E-06,0.087761402130127,0.197440903866664,
,,,-4.5244E-06,-0.0461298227310181,0.196938811801374,
,,,-4.5242E-06,0.0208157896995544,0.19777563191019,
,,,-4.524E-06,-0.0461298227310181,0.196938811801374,
,,,-4.5238E-06,-0.113075435161591,0.1972735398449,
,,,-4.5236E-06,-0.0461298227310181,0.1972735398449,
,,,-4.5234E-06,0.087761402130127,0.197440903866664,
,,,-4.5232E-06,0.0208157896995544,0.196938811801374,
,,,-4.523E-06,-0.0461298227310181,0.197608267888427,
,,,-4.5228E-06,0.087761402130127,0.197106175823137,
,,,-4.5226E-06,0.087761402130127,0.197106175823137,
,,,-4.5224E-06,-0.0461298227310181,0.196938811801374,
,,,-4.5222E-06,-0.0461298227310181,0.196604083757848,
,,,-4.522E-06,0.0208157896995544,0.196938811801374,
,,,-4.5218E-06,0.0208157896995544,0.197608267888427,
,,,-4.5216E-06,0.0208157896995544,0.19777563191019,
,,,-4.5214E-06,-0.113075435161591,0.1972735398449,
,,,-4.5212E-06,0.0208157896995544,0.197440903866664,
,,,-4.521E-06,0.0208157896995544,0.197440903866664,
,,,-4.5208E-06,0.0208157896995544,0.196771447779611,
,,,-4.5206E-06,-0.113075435161591,0.19827772397548,
,,,-4.5204E-06,-0.0461298227310181,0.198110359953716,
,,,-4.5202E-06,-0.0461298227310181,0.197106175823137,
,,,-4.52E-06,-0.0461298227310181,0.197942995931953,
,,,-4.5198E-06,0.0208157896995544,0.197942995931953,
,,,-4.5196E-06,0.0208157896995544,0.1972735398449,
,,,-4.5194E-06,-0.0461298227310181,0.196938811801374,
,,,-4.5192E-06,0.0208157896995544,0.197440903866664,
,,,-4.519E-06,0.0208157896995544,0.196938811801374,
,,,-4.5188E-06,0.087761402130127,0.197440903866664,
,,,-4.5186E-06,-0.0461298227310181,0.1972735398449,
,,,-4.5184E-06,-0.0461298227310181,0.19777563191019,
,,,-4.5182E-06,0.087761402130127,0.197608267888427,
,,,-4.518E-06,-0.0461298227310181,0.197106175823137,
,,,-4.5178E-06,0.087761402130127,0.195767263649032,
,,,-4.5176E-06,0.087761402130127,0.197440903866664,
,,,-4.5174E-06,-0.0461298227310181,0.197608267888427,
,,,-4.5172E-06,-0.0461298227310181,0.19777563191019,
,,,-4.517E-06,0.0208157896995544,0.196938811801374,
,,,-4.5168E-06,0.0208157896995544,0.197440903866664,
,,,-4.5166E-06,0.0208157896995544,0.197106175823137,
,,,-4.5164E-06,-0.0461298227310181,0.197608267888427,
,,,-4.5162E-06,0.087761402130127,0.19777563191019,
,,,-4.516E-06,0.0208157896995544,0.197440903866664,
,,,-4.5158E-06,0.0208157896995544,0.197106175823137,
,,,-4.5156E-06,-0.113075435161591,0.197440903866664,
,,,-4.5154E-06,-0.0461298227310181,0.1972735398449,
,,,-4.5152E-06,0.087761402130127,0.197106175823137,
,,,-4.515E-06,-0.0461298227310181,0.196269355714321,
,,,-4.5148E-06,0.0208157896995544,0.197106175823137,
,,,-4.5146E-06,0.0208157896995544,0.196604083757848,
,,,-4.5144E-06,0.0208157896995544,0.196269355714321,
,,,-4.5142E-06,-0.113075435161591,0.197106175823137,
,,,-4.514E-06,0.0208157896995544,0.196938811801374,
,,,-4.5138E-06,0.0208157896995544,0.197106175823137,
,,,-4.5136E-06,0.087761402130127,0.196771447779611,
,,,-4.5134E-06,0.0208157896995544,0.197440903866664,
,,,-4.5132E-06,-0.0461298227310181,0.196771447779611,
,,,-4.513E-06,0.0208157896995544,0.196771447779611,
,,,-4.5128E-06,0.154707014560699,0.197440903866664,
,,,-4.5126E-06,0.0208157896995544,0.1972735398449,
,,,-4.5124E-06,0.0208157896995544,0.196604083757848,
,,,-4.5122E-06,0.0208157896995544,0.1972735398449,
,,,-4.512E-06,-0.0461298227310181,0.196604083757848,
,,,-4.5118E-06,0.0208157896995544,0.19777563191019,
,,,-4.5116E-06,-0.0461298227310181,0.197106175823137,
,,,-4.5114E-06,0.0208157896995544,0.196938811801374,
,,,-4.5112E-06,0.0208157896995544,0.197440903866664,
,,,-4.511E-06,0.0208157896995544,0.196938811801374,
,,,-4.5108E-06,0.0208157896995544,0.196771447779611,
,,,-4.5106E-06,-0.0461298227310181,0.1972735398449,
,,,-4.5104E-06,0.0208157896995544,0.1972735398449,
,,,-4.5102E-06,0.087761402130127,0.196938811801374,
,,,-4.51E-06,0.0208157896995544,0.196604083757848,
,,,-4.5098E-06,-0.0461298227310181,0.196436719736084,
,,,-4.5096E-06,-0.0461298227310181,0.196938811801374,
,,,-4.5094E-06,0.0208157896995544,0.1972735398449,
,,,-4.5092E-06,0.0208157896995544,0.197440903866664,
,,,-4.509E-06,0.0208157896995544,0.197106175823137,
,,,-4.5088E-06,0.087761402130127,0.196604083757848,
,,,-4.5086E-06,-0.0461298227310181,0.196938811801374,
,,,-4.5084E-06,0.0208157896995544,0.1972735398449,
,,,-4.5082E-06,0.0208157896995544,0.19777563191019,
,,,-4.508E-06,0.087761402130127,0.197440903866664,
,,,-4.5078E-06,-0.0461298227310181,0.197608267888427,
,,,-4.5076E-06,-0.0461298227310181,0.196771447779611,
,,,-4.5074E-06,-0.113075435161591,0.19777563191019,
,,,-4.5072E-06,0.087761402130127,0.197440903866664,
,,,-4.507E-06,-0.0461298227310181,0.196771447779611,
,,,-4.5068E-06,0.087761402130127,0.197106175823137,
,,,-4.5066E-06,-0.0461298227310181,0.197440903866664,
,,,-4.5064E-06,0.0208157896995544,0.197440903866664,
,,,-4.5062E-06,0.0208157896995544,0.197608267888427,
,,,-4.506E-06,0.154707014560699,0.197440903866664,
,,,-4.5058E-06,0.0208157896995544,0.196269355714321,
,,,-4.5056E-06,-0.0461298227310181,0.197440903866664,
,,,-4.5054E-06,-0.0461298227310181,0.197608267888427,
,,,-4.5052E-06,-0.0461298227310181,0.1972735398449,
,,,-4.505E-06,0.0208157896995544,0.196771447779611,
,,,-4.5048E-06,0.087761402130127,0.196938811801374,
,,,-4.5046E-06,0.0208157896995544,0.1972735398449,
,,,-4.5044E-06,-0.113075435161591,0.196771447779611,
,,,-4.5042E-06,0.0208157896995544,0.197106175823137,
,,,-4.504E-06,0.154707014560699,0.1972735398449,
,,,-4.5038E-06,-0.0461298227310181,0.196938811801374,
,,,-4.5036E-06,0.0208157896995544,0.196436719736084,
,,,-4.5034E-06,0.0208157896995544,0.197106175823137,
,,,-4.5032E-06,-0.0461298227310181,0.196938811801374,
,,,-4.503E-06,-0.0461298227310181,0.196604083757848,
,,,-4.5028E-06,0.0208157896995544,0.197608267888427,
,,,-4.5026E-06,-0.0461298227310181,0.196938811801374,
,,,-4.5024E-06,-0.0461298227310181,0.197440903866664,
,,,-4.5022E-06,-0.246966660022736,0.196604083757848,
,,,-4.502E-06,0.0208157896995544,0.197106175823137,
,,,-4.5018E-06,0.0208157896995544,0.196938811801374,
,,,-4.5016E-06,0.0208157896995544,0.197106175823137,
,,,-4.5014E-06,-0.0461298227310181,0.196938811801374,
,,,-4.5012E-06,-0.0461298227310181,0.197608267888427,
,,,-4.501E-06,-0.0461298227310181,0.19777563191019,
,,,-4.5008E-06,-0.0461298227310181,0.196938811801374,
,,,-4.5006E-06,-0.0461298227310181,0.197608267888427,
,,,-4.5004E-06,0.0208157896995544,0.198110359953716,
,,,-4.5002E-06,-0.0461298227310181,0.197106175823137,
,,,-4.5E-06,0.0208157896995544,0.196938811801374,
,,,-4.4998E-06,-0.0461298227310181,0.197942995931953,
,,,-4.4996E-06,0.087761402130127,0.197440903866664,
,,,-4.4994E-06,-0.0461298227310181,0.197106175823137,
,,,-4.4992E-06,0.087761402130127,0.196938811801374,
,,,-4.499E-06,0.154707014560699,0.197440903866664,
,,,-4.4988E-06,-0.0461298227310181,0.196938811801374,
,,,-4.4986E-06,-0.113075435161591,0.197106175823137,
,,,-4.4984E-06,0.087761402130127,0.197440903866664,
,,,-4.4982E-06,0.0208157896995544,0.197106175823137,
,,,-4.498E-06,-0.0461298227310181,0.1972735398449,
,,,-4.4978E-06,0.087761402130127,0.196771447779611,
,,,-4.4976E-06,0.087761402130127,0.196604083757848,
,,,-4.4974E-06,-0.113075435161591,0.196604083757848,
,,,-4.4972E-06,0.0208157896995544,0.196604083757848,
,,,-4.497E-06,0.0208157896995544,0.197106175823137,
,,,-4.4968E-06,-0.113075435161591,0.197440903866664,
,,,-4.4966E-06,-0.0461298227310181,0.196604083757848,
,,,-4.4964E-06,-0.0461298227310181,0.196938811801374,
,,,-4.4962E-06,0.0208157896995544,0.196604083757848,
,,,-4.496E-06,-0.0461298227310181,0.197106175823137,
,,,-4.4958E-06,-0.0461298227310181,0.196269355714321,
,,,-4.4956E-06,0.0208157896995544,0.196771447779611,
,,,-4.4954E-06,-0.0461298227310181,0.196604083757848,
,,,-4.4952E-06,-0.0461298227310181,0.1972735398449,
,,,-4.495E-06,-0.0461298227310181,0.196938811801374,
,,,-4.4948E-06,0.087761402130127,0.196604083757848,
,,,-4.4946E-06,-0.0461298227310181,0.197440903866664,
,,,-4.4944E-06,-0.0461298227310181,0.196269355714321,
,,,-4.4942E-06,-0.0461298227310181,0.196604083757848,
,,,-4.494E-06,-0.0461298227310181,0.196604083757848,
,,,-4.4938E-06,0.0208157896995544,0.196436719736084,
,,,-4.4936E-06,0.0208157896995544,0.196771447779611,
,,,-4.4934E-06,0.0208157896995544,0.196436719736084,
,,,-4.4932E-06,0.087761402130127,0.196269355714321,
,,,-4.493E-06,-0.0461298227310181,0.196938811801374,
,,,-4.4928E-06,0.0208157896995544,0.196604083757848,
,,,-4.4926E-06,0.154707014560699,0.196436719736084,
,,,-4.4924E-06,-0.0461298227310181,0.1972735398449,
,,,-4.4922E-06,0.087761402130127,0.196938811801374,
,,,-4.492E-06,0.0208157896995544,0.1972735398449,
,,,-4.4918E-06,-0.113075435161591,0.196938811801374,
,,,-4.4916E-06,0.0208157896995544,0.196604083757848,
,,,-4.4914E-06,0.0208157896995544,0.196436719736084,
,,,-4.4912E-06,0.0208157896995544,0.196771447779611,
,,,-4.491E-06,-0.0461298227310181,0.196938811801374,
,,,-4.4908E-06,-0.0461298227310181,0.196771447779611,
,,,-4.4906E-06,0.0208157896995544,0.196938811801374,
,,,-4.4904E-06,-0.113075435161591,0.196604083757848,
,,,-4.4902E-06,-0.0461298227310181,0.196771447779611,
,,,-4.49E-06,0.0208157896995544,0.196604083757848,
,,,-4.4898E-06,0.0208157896995544,0.197440903866664,
,,,-4.4896E-06,-0.0461298227310181,0.197608267888427,
,,,-4.4894E-06,-0.113075435161591,0.196604083757848,
,,,-4.4892E-06,-0.0461298227310181,0.197106175823137,
,,,-4.489E-06,0.0208157896995544,0.1972735398449,
,,,-4.4888E-06,0.0208157896995544,0.1972735398449,
,,,-4.4886E-06,-0.113075435161591,0.196938811801374,
,,,-4.4884E-06,0.0208157896995544,0.197106175823137,
,,,-4.4882E-06,-0.0461298227310181,0.197106175823137,
,,,-4.488E-06,-0.113075435161591,0.197106175823137,
,,,-4.4878E-06,0.0208157896995544,0.196771447779611,
,,,-4.4876E-06,-0.113075435161591,0.1972735398449,
,,,-4.4874E-06,-0.0461298227310181,0.196771447779611,
,,,-4.4872E-06,0.0208157896995544,0.197106175823137,
,,,-4.487E-06,0.0208157896995544,0.196604083757848,
,,,-4.4868E-06,0.154707014560699,0.196101991692558,
,,,-4.4866E-06,0.0208157896995544,0.196771447779611,
,,,-4.4864E-06,-0.0461298227310181,0.196938811801374,
,,,-4.4862E-06,0.154707014560699,0.196604083757848,
,,,-4.486E-06,0.0208157896995544,0.196771447779611,
,,,-4.4858E-06,-0.0461298227310181,0.196269355714321,
,,,-4.4856E-06,0.0208157896995544,0.196436719736084,
,,,-4.4854E-06,0.0208157896995544,0.196771447779611,
,,,-4.4852E-06,-0.0461298227310181,0.196604083757848,
,,,-4.485E-06,0.0208157896995544,0.196938811801374,
,,,-4.4848E-06,0.087761402130127,0.197106175823137,
,,,-4.4846E-06,0.0208157896995544,0.197942995931953,
,,,-4.4844E-06,-0.0461298227310181,0.197106175823137,
,,,-4.4842E-06,0.0208157896995544,0.196771447779611,
,,,-4.484E-06,-0.113075435161591,0.196269355714321,
,,,-4.4838E-06,0.0208157896995544,0.196436719736084,
,,,-4.4836E-06,0.0208157896995544,0.196771447779611,
,,,-4.4834E-06,0.0208157896995544,0.196938811801374,
,,,-4.4832E-06,0.087761402130127,0.19777563191019,
,,,-4.483E-06,-0.113075435161591,0.197106175823137,
,,,-4.4828E-06,-0.0461298227310181,0.196938811801374,
,,,-4.4826E-06,0.087761402130127,0.196771447779611,
,,,-4.4824E-06,0.0208157896995544,0.197942995931953,
,,,-4.4822E-06,0.0208157896995544,0.197440903866664,
,,,-4.482E-06,0.0208157896995544,0.196771447779611,
,,,-4.4818E-06,-0.0461298227310181,0.197440903866664,
,,,-4.4816E-06,-0.113075435161591,0.197106175823137,
,,,-4.4814E-06,-0.113075435161591,0.197608267888427,
,,,-4.4812E-06,-0.0461298227310181,0.196938811801374,
,,,-4.481E-06,0.0208157896995544,0.197440903866664,
,,,-4.4808E-06,0.087761402130127,0.197608267888427,
,,,-4.4806E-06,0.087761402130127,0.1972735398449,
,,,-4.4804E-06,0.0208157896995544,0.196604083757848,
,,,-4.4802E-06,0.0208157896995544,0.197106175823137,
,,,-4.48E-06,-0.0461298227310181,0.197106175823137,
,,,-4.4798E-06,0.0208157896995544,0.196938811801374,
,,,-4.4796E-06,-0.0461298227310181,0.196604083757848,
,,,-4.4794E-06,0.087761402130127,0.197440903866664,
,,,-4.4792E-06,0.0208157896995544,0.196938811801374,
,,,-4.479E-06,-0.0461298227310181,0.196771447779611,
,,,-4.4788E-06,-0.0461298227310181,0.196269355714321,
,,,-4.4786E-06,0.0208157896995544,0.197106175823137,
,,,-4.4784E-06,0.087761402130127,0.197106175823137,
,,,-4.4782E-06,-0.0461298227310181,0.196604083757848,
,,,-4.478E-06,0.087761402130127,0.196771447779611,
,,,-4.4778E-06,-0.0461298227310181,0.197440903866664,
,,,-4.4776E-06,-0.0461298227310181,0.196101991692558,
,,,-4.4774E-06,0.0208157896995544,0.197106175823137,
,,,-4.4772E-06,0.0208157896995544,0.197106175823137,
,,,-4.477E-06,0.0208157896995544,0.196938811801374,
,,,-4.4768E-06,0.087761402130127,0.197440903866664,
,,,-4.4766E-06,-0.113075435161591,0.196938811801374,
,,,-4.4764E-06,0.0208157896995544,0.1972735398449,
,,,-4.4762E-06,0.087761402130127,0.196101991692558,
,,,-4.476E-06,0.0208157896995544,0.196604083757848,
,,,-4.4758E-06,-0.113075435161591,0.197106175823137,
,,,-4.4756E-06,0.0208157896995544,0.197106175823137,
,,,-4.4754E-06,-0.0461298227310181,0.197106175823137,
,,,-4.4752E-06,0.0208157896995544,0.197106175823137,
,,,-4.475E-06,0.087761402130127,0.197106175823137,
,,,-4.4748E-06,0.0208157896995544,0.1972735398449,
,,,-4.4746E-06,0.0208157896995544,0.197608267888427,
,,,-4.4744E-06,0.087761402130127,0.197106175823137,
,,,-4.4742E-06,0.087761402130127,0.196938811801374,
,,,-4.474E-06,0.087761402130127,0.196436719736084,
,,,-4.4738E-06,0.087761402130127,0.196938811801374,
,,,-4.4736E-06,-0.0461298227310181,0.196604083757848,
,,,-4.4734E-06,0.087761402130127,0.196604083757848,
,,,-4.4732E-06,0.0208157896995544,0.197106175823137,
,,,-4.473E-06,0.0208157896995544,0.1972735398449,
,,,-4.4728E-06,-0.0461298227310181,0.197106175823137,
,,,-4.4726E-06,-0.113075435161591,0.196771447779611,
,,,-4.4724E-06,0.0208157896995544,0.1972735398449,
,,,-4.4722E-06,0.087761402130127,0.197106175823137,
,,,-4.472E-06,0.0208157896995544,0.197106175823137,
,,,-4.4718E-06,-0.0461298227310181,0.197440903866664,
,,,-4.4716E-06,0.087761402130127,0.197608267888427,
,,,-4.4714E-06,0.0208157896995544,0.1972735398449,
,,,-4.4712E-06,-0.0461298227310181,0.196101991692558,
,,,-4.471E-06,0.0208157896995544,0.196436719736084,
,,,-4.4708E-06,0.0208157896995544,0.196771447779611,
,,,-4.4706E-06,-0.0461298227310181,0.19777563191019,
,,,-4.4704E-06,0.0208157896995544,0.196604083757848,
,,,-4.4702E-06,-0.0461298227310181,0.196436719736084,
,,,-4.47E-06,0.0208157896995544,0.196938811801374,
,,,-4.4698E-06,0.0208157896995544,0.19827772397548,
,,,-4.4696E-06,0.0208157896995544,0.196771447779611,
,,,-4.4694E-06,-0.0461298227310181,0.196269355714321,
,,,-4.4692E-06,-0.0461298227310181,0.196938811801374,
,,,-4.469E-06,-0.0461298227310181,0.196771447779611,
,,,-4.4688E-06,-0.0461298227310181,0.196269355714321,
,,,-4.4686E-06,0.087761402130127,0.1972735398449,
,,,-4.4684E-06,-0.0461298227310181,0.197440903866664,
,,,-4.4682E-06,-0.0461298227310181,0.196938811801374,
,,,-4.468E-06,0.087761402130127,0.1972735398449,
,,,-4.4678E-06,0.087761402130127,0.196938811801374,
,,,-4.4676E-06,0.087761402130127,0.196436719736084,
,,,-4.4674E-06,0.0208157896995544,0.196771447779611,
,,,-4.4672E-06,0.0208157896995544,0.197106175823137,
,,,-4.467E-06,0.087761402130127,0.196771447779611,
,,,-4.4668E-06,-0.0461298227310181,0.196938811801374,
,,,-4.4666E-06,0.0208157896995544,0.198110359953716,
,,,-4.4664E-06,0.0208157896995544,0.197608267888427,
,,,-4.4662E-06,0.0208157896995544,0.196771447779611,
,,,-4.466E-06,0.0208157896995544,0.196604083757848,
,,,-4.4658E-06,0.0208157896995544,0.197106175823137,
,,,-4.4656E-06,0.154707014560699,0.197106175823137,
,,,-4.4654E-06,0.0208157896995544,0.196604083757848,
,,,-4.4652E-06,0.087761402130127,0.196436719736084,
,,,-4.465E-06,-0.0461298227310181,0.196771447779611,
,,,-4.4648E-06,-0.0461298227310181,0.197440903866664,
,,,-4.4646E-06,-0.0461298227310181,0.19777563191019,
,,,-4.4644E-06,0.0208157896995544,0.196938811801374,
,,,-4.4642E-06,0.0208157896995544,0.196938811801374,
,,,-4.464E-06,0.087761402130127,0.1972735398449,
,,,-4.4638E-06,-0.0461298227310181,0.197106175823137,
,,,-4.4636E-06,0.0208157896995544,0.197608267888427,
,,,-4.4634E-06,-0.0461298227310181,0.196604083757848,
,,,-4.4632E-06,0.0208157896995544,0.196604083757848,
,,,-4.463E-06,0.087761402130127,0.197440903866664,
,,,-4.4628E-06,0.0208157896995544,0.196771447779611,
,,,-4.4626E-06,-0.0461298227310181,0.19777563191019,
,,,-4.4624E-06,0.0208157896995544,0.19777563191019,
,,,-4.4622E-06,-0.0461298227310181,0.1972735398449,
,,,-4.462E-06,0.0208157896995544,0.197942995931953,
,,,-4.4618E-06,-0.0461298227310181,0.196938811801374,
,,,-4.4616E-06,0.087761402130127,0.196938811801374,
,,,-4.4614E-06,-0.0461298227310181,0.196771447779611,
,,,-4.4612E-06,-0.0461298227310181,0.196938811801374,
,,,-4.461E-06,-0.0461298227310181,0.197106175823137,
,,,-4.4608E-06,0.0208157896995544,0.1972735398449,
,,,-4.4606E-06,0.0208157896995544,0.1972735398449,
,,,-4.4604E-06,0.0208157896995544,0.196604083757848,
,,,-4.4602E-06,0.087761402130127,0.196436719736084,
,,,-4.46E-06,0.0208157896995544,0.197440903866664,
,,,-4.4598E-06,0.0208157896995544,0.197942995931953,
,,,-4.4596E-06,0.087761402130127,0.197440903866664,
,,,-4.4594E-06,-0.0461298227310181,0.1972735398449,
,,,-4.4592E-06,-0.0461298227310181,0.196938811801374,
,,,-4.459E-06,0.0208157896995544,0.197608267888427,
,,,-4.4588E-06,0.0208157896995544,0.196771447779611,
,,,-4.4586E-06,-0.0461298227310181,0.197608267888427,
,,,-4.4584E-06,-0.0461298227310181,0.196771447779611,
,,,-4.4582E-06,-0.0461298227310181,0.196771447779611,
,,,-4.458E-06,0.0208157896995544,0.19777563191019,
,,,-4.4578E-06,-0.0461298227310181,0.19777563191019,
,,,-4.4576E-06,0.087761402130127,0.197608267888427,
,,,-4.4574E-06,-0.113075435161591,0.1972735398449,
,,,-4.4572E-06,-0.113075435161591,0.197440903866664,
,,,-4.457E-06,0.0208157896995544,0.1972735398449,
,,,-4.4568E-06,0.0208157896995544,0.196604083757848,
,,,-4.4566E-06,-0.113075435161591,0.196938811801374,
,,,-4.4564E-06,0.0208157896995544,0.197106175823137,
,,,-4.4562E-06,-0.0461298227310181,0.196938811801374,
,,,-4.456E-06,-0.0461298227310181,0.1972735398449,
,,,-4.4558E-06,-0.113075435161591,0.197106175823137,
,,,-4.4556E-06,0.0208157896995544,0.19777563191019,
,,,-4.4554E-06,0.0208157896995544,0.197440903866664,
,,,-4.4552E-06,0.087761402130127,0.196938811801374,
,,,-4.455E-06,0.0208157896995544,0.196771447779611,
,,,-4.4548E-06,0.087761402130127,0.1972735398449,
,,,-4.4546E-06,0.0208157896995544,0.197608267888427,
,,,-4.4544E-06,-0.0461298227310181,0.197608267888427,
,,,-4.4542E-06,0.0208157896995544,0.197440903866664,
,,,-4.454E-06,-0.0461298227310181,0.197608267888427,
,,,-4.4538E-06,-0.0461298227310181,0.196771447779611,
,,,-4.4536E-06,-0.0461298227310181,0.1972735398449,
,,,-4.4534E-06,-0.113075435161591,0.197106175823137,
,,,-4.4532E-06,0.087761402130127,0.197106175823137,
,,,-4.453E-06,0.087761402130127,0.1972735398449,
,,,-4.4528E-06,0.221652626991272,0.196938811801374,
,,,-4.4526E-06,-0.0461298227310181,0.196938811801374,
,,,-4.4524E-06,0.0208157896995544,0.196604083757848,
,,,-4.4522E-06,0.0208157896995544,0.196938811801374,
,,,-4.452E-06,-0.0461298227310181,0.197440903866664,
,,,-4.4518E-06,-0.0461298227310181,0.196938811801374,
,,,-4.4516E-06,0.0208157896995544,0.196771447779611,
,,,-4.4514E-06,0.087761402130127,0.197440903866664,
,,,-4.4512E-06,0.0208157896995544,0.197106175823137,
,,,-4.451E-06,-0.113075435161591,0.197106175823137,
,,,-4.4508E-06,0.0208157896995544,0.197608267888427,
,,,-4.4506E-06,0.154707014560699,0.1972735398449,
,,,-4.4504E-06,-0.0461298227310181,0.196771447779611,
,,,-4.4502E-06,-0.0461298227310181,0.197106175823137,
,,,-4.45E-06,0.0208157896995544,0.197608267888427,
,,,-4.4498E-06,-0.0461298227310181,0.197608267888427,
,,,-4.4496E-06,-0.0461298227310181,0.197106175823137,
,,,-4.4494E-06,-0.113075435161591,0.1972735398449,
,,,-4.4492E-06,0.0208157896995544,0.197440903866664,
,,,-4.449E-06,0.0208157896995544,0.197106175823137,
,,,-4.4488E-06,0.0208157896995544,0.196938811801374,
,,,-4.4486E-06,0.087761402130127,0.197440903866664,
,,,-4.4484E-06,0.0208157896995544,0.19777563191019,
,,,-4.4482E-06,0.0208157896995544,0.1972735398449,
,,,-4.448E-06,-0.0461298227310181,0.1972735398449,
,,,-4.4478E-06,0.087761402130127,0.196938811801374,
,,,-4.4476E-06,-0.0461298227310181,0.196938811801374,
,,,-4.4474E-06,0.087761402130127,0.197608267888427,
,,,-4.4472E-06,0.0208157896995544,0.196604083757848,
,,,-4.447E-06,-0.0461298227310181,0.196771447779611,
,,,-4.4468E-06,0.0208157896995544,0.1972735398449,
,,,-4.4466E-06,0.0208157896995544,0.196436719736084,
,,,-4.4464E-06,0.087761402130127,0.197440903866664,
,,,-4.4462E-06,-0.0461298227310181,0.197608267888427,
,,,-4.446E-06,0.0208157896995544,0.196604083757848,
,,,-4.4458E-06,0.0208157896995544,0.197106175823137,
,,,-4.4456E-06,0.0208157896995544,0.196604083757848,
,,,-4.4454E-06,0.0208157896995544,0.196436719736084,
,,,-4.4452E-06,-0.0461298227310181,0.196604083757848,
,,,-4.445E-06,-0.0461298227310181,0.19777563191019,
,,,-4.4448E-06,0.087761402130127,0.196938811801374,
,,,-4.4446E-06,-0.0461298227310181,0.196436719736084,
,,,-4.4444E-06,-0.0461298227310181,0.1972735398449,
,,,-4.4442E-06,0.0208157896995544,0.196771447779611,
,,,-4.444E-06,0.087761402130127,0.197440903866664,
,,,-4.4438E-06,-0.0461298227310181,0.1972735398449,
,,,-4.4436E-06,-0.0461298227310181,0.196938811801374,
,,,-4.4434E-06,-0.0461298227310181,0.1972735398449,
,,,-4.4432E-06,-0.113075435161591,0.196436719736084,
,,,-4.443E-06,-0.0461298227310181,0.196771447779611,
,,,-4.4428E-06,0.0208157896995544,0.197106175823137,
,,,-4.4426E-06,0.0208157896995544,0.196938811801374,
,,,-4.4424E-06,0.087761402130127,0.197106175823137,
,,,-4.4422E-06,-0.0461298227310181,0.1972735398449,
,,,-4.442E-06,0.0208157896995544,0.197440903866664,
,,,-4.4418E-06,0.087761402130127,0.196938811801374,
,,,-4.4416E-06,0.0208157896995544,0.196604083757848,
,,,-4.4414E-06,0.087761402130127,0.1972735398449,
,,,-4.4412E-06,-0.113075435161591,0.196938811801374,
,,,-4.441E-06,0.0208157896995544,0.196604083757848,
,,,-4.4408E-06,0.087761402130127,0.196938811801374,
,,,-4.4406E-06,-0.113075435161591,0.196604083757848,
,,,-4.4404E-06,0.087761402130127,0.196604083757848,
,,,-4.4402E-06,-0.0461298227310181,0.196604083757848,
,,,-4.44E-06,0.087761402130127,0.197106175823137,
,,,-4.4398E-06,-0.0461298227310181,0.197440903866664,
,,,-4.4396E-06,-0.0461298227310181,0.197608267888427,
,,,-4.4394E-06,0.0208157896995544,0.197106175823137,
,,,-4.4392E-06,0.0208157896995544,0.196938811801374,
,,,-4.439E-06,-0.0461298227310181,0.196938811801374,
,,,-4.4388E-06,0.0208157896995544,0.197608267888427,
,,,-4.4386E-06,0.087761402130127,0.197608267888427,
,,,-4.4384E-06,0.087761402130127,0.197106175823137,
,,,-4.4382E-06,-0.113075435161591,0.196771447779611,
,,,-4.438E-06,0.087761402130127,0.196771447779611,
,,,-4.4378E-06,0.0208157896995544,0.197106175823137,
,,,-4.4376E-06,0.0208157896995544,0.197106175823137,
,,,-4.4374E-06,-0.113075435161591,0.1972735398449,
,,,-4.4372E-06,0.0208157896995544,0.196771447779611,
,,,-4.437E-06,0.0208157896995544,0.196604083757848,
,,,-4.4368E-06,0.0208157896995544,0.197608267888427,
,,,-4.4366E-06,-0.180021047592163,0.197608267888427,
,,,-4.4364E-06,0.0208157896995544,0.197106175823137,
,,,-4.4362E-06,-0.0461298227310181,0.197608267888427,
,,,-4.436E-06,0.0208157896995544,0.197440903866664,
,,,-4.4358E-06,0.0208157896995544,0.197608267888427,
,,,-4.4356E-06,0.087761402130127,0.1972735398449,
,,,-4.4354E-06,0.0208157896995544,0.197106175823137,
,,,-4.4352E-06,0.0208157896995544,0.197106175823137,
,,,-4.435E-06,0.0208157896995544,0.196436719736084,
,,,-4.4348E-06,-0.0461298227310181,0.197106175823137,
,,,-4.4346E-06,-0.0461298227310181,0.196771447779611,
,,,-4.4344E-06,0.0208157896995544,0.196938811801374,
,,,-4.4342E-06,-0.113075435161591,0.196771447779611,
,,,-4.434E-06,0.0208157896995544,0.196938811801374,
,,,-4.4338E-06,0.0208157896995544,0.196604083757848,
,,,-4.4336E-06,0.0208157896995544,0.19777563191019,
,,,-4.4334E-06,-0.113075435161591,0.196938811801374,
,,,-4.4332E-06,0.0208157896995544,0.196604083757848,
,,,-4.433E-06,0.087761402130127,0.1972735398449,
,,,-4.4328E-06,-0.0461298227310181,0.196604083757848,
,,,-4.4326E-06,-0.0461298227310181,0.197106175823137,
,,,-4.4324E-06,-0.113075435161591,0.197608267888427,
,,,-4.4322E-06,0.0208157896995544,0.197608267888427,
,,,-4.432E-06,0.0208157896995544,0.1972735398449,
,,,-4.4318E-06,-0.180021047592163,0.196771447779611,
,,,-4.4316E-06,0.0208157896995544,0.196604083757848,
,,,-4.4314E-06,0.087761402130127,0.196604083757848,
,,,-4.4312E-06,0.087761402130127,0.196269355714321,
,,,-4.431E-06,-0.113075435161591,0.196771447779611,
,,,-4.4308E-06,0.087761402130127,0.196771447779611,
,,,-4.4306E-06,-0.0461298227310181,0.1972735398449,
,,,-4.4304E-06,-0.113075435161591,0.196604083757848,
,,,-4.4302E-06,-0.0461298227310181,0.196938811801374,
,,,-4.43E-06,-0.0461298227310181,0.197440903866664,
,,,-4.4298E-06,0.0208157896995544,0.196436719736084,
,,,-4.4296E-06,-0.0461298227310181,0.196604083757848,
,,,-4.4294E-06,-0.0461298227310181,0.197106175823137,
,,,-4.4292E-06,0.0208157896995544,0.196269355714321,
,,,-4.429E-06,0.087761402130127,0.197106175823137,
,,,-4.4288E-06,0.0208157896995544,0.196436719736084,
,,,-4.4286E-06,0.0208157896995544,0.196604083757848,
,,,-4.4284E-06,-0.113075435161591,0.196604083757848,
,,,-4.4282E-06,0.0208157896995544,0.196604083757848,
,,,-4.428E-06,0.087761402130127,0.196771447779611,
,,,-4.4278E-06,-0.0461298227310181,0.196771447779611,
,,,-4.4276E-06,-0.0461298227310181,0.196771447779611,
,,,-4.4274E-06,0.0208157896995544,0.196436719736084,
,,,-4.4272E-06,0.154707014560699,0.196938811801374,
,,,-4.427E-06,-0.0461298227310181,0.196604083757848,
,,,-4.4268E-06,0.087761402130127,0.196604083757848,
,,,-4.4266E-06,0.0208157896995544,0.196604083757848,
,,,-4.4264E-06,0.0208157896995544,0.195767263649032,
,,,-4.4262E-06,-0.0461298227310181,0.196436719736084,
,,,-4.426E-06,-0.113075435161591,0.197106175823137,
,,,-4.4258E-06,0.0208157896995544,0.196436719736084,
,,,-4.4256E-06,0.0208157896995544,0.196604083757848,
,,,-4.4254E-06,-0.0461298227310181,0.196771447779611,
,,,-4.4252E-06,0.0208157896995544,0.196938811801374,
,,,-4.425E-06,0.0208157896995544,0.197106175823137,
,,,-4.4248E-06,0.087761402130127,0.197106175823137,
,,,-4.4246E-06,-0.113075435161591,0.196436719736084,
,,,-4.4244E-06,0.0208157896995544,0.197106175823137,
,,,-4.4242E-06,0.0208157896995544,0.197440903866664,
,,,-4.424E-06,0.087761402130127,0.196938811801374,
,,,-4.4238E-06,-0.0461298227310181,0.196604083757848,
,,,-4.4236E-06,0.0208157896995544,0.1972735398449,
,,,-4.4234E-06,0.0208157896995544,0.197608267888427,
,,,-4.4232E-06,0.0208157896995544,0.196269355714321,
,,,-4.423E-06,0.0208157896995544,0.197440903866664,
,,,-4.4228E-06,0.0208157896995544,0.196938811801374,
,,,-4.4226E-06,0.0208157896995544,0.197106175823137,
,,,-4.4224E-06,0.0208157896995544,0.1972735398449,
,,,-4.4222E-06,0.0208157896995544,0.197440903866664,
,,,-4.422E-06,0.0208157896995544,0.197106175823137,
,,,-4.4218E-06,0.0208157896995544,0.196604083757848,
,,,-4.4216E-06,0.0208157896995544,0.196604083757848,
,,,-4.4214E-06,0.0208157896995544,0.197440903866664,
,,,-4.4212E-06,0.0208157896995544,0.197440903866664,
,,,-4.421E-06,0.0208157896995544,0.197106175823137,
,,,-4.4208E-06,0.087761402130127,0.19777563191019,
,,,-4.4206E-06,-0.0461298227310181,0.197440903866664,
,,,-4.4204E-06,0.0208157896995544,0.196771447779611,
,,,-4.4202E-06,-0.0461298227310181,0.197106175823137,
,,,-4.42E-06,-0.0461298227310181,0.197106175823137,
,,,-4.4198E-06,-0.0461298227310181,0.197608267888427,
,,,-4.4196E-06,0.0208157896995544,0.1972735398449,
,,,-4.4194E-06,0.087761402130127,0.197106175823137,
,,,-4.4192E-06,0.087761402130127,0.1972735398449,
,,,-4.419E-06,-0.113075435161591,0.196938811801374,
,,,-4.4188E-06,-0.0461298227310181,0.19777563191019,
,,,-4.4186E-06,0.0208157896995544,0.196436719736084,
,,,-4.4184E-06,0.0208157896995544,0.196269355714321,
,,,-4.4182E-06,-0.0461298227310181,0.197106175823137,
,,,-4.418E-06,0.087761402130127,0.196436719736084,
,,,-4.4178E-06,-0.0461298227310181,0.196604083757848,
,,,-4.4176E-06,-0.0461298227310181,0.197440903866664,
,,,-4.4174E-06,0.0208157896995544,0.197106175823137,
,,,-4.4172E-06,0.0208157896995544,0.197106175823137,
,,,-4.417E-06,0.0208157896995544,0.19777563191019,
,,,-4.4168E-06,0.087761402130127,0.196771447779611,
,,,-4.4166E-06,0.0208157896995544,0.195934627670795,
,,,-4.4164E-06,0.0208157896995544,0.197106175823137,
,,,-4.4162E-06,0.087761402130127,0.197106175823137,
,,,-4.416E-06,0.0208157896995544,0.196269355714321,
,,,-4.4158E-06,0.0208157896995544,0.196604083757848,
,,,-4.4156E-06,0.0208157896995544,0.197106175823137,
,,,-4.4154E-06,-0.0461298227310181,0.197106175823137,
,,,-4.4152E-06,0.0208157896995544,0.196604083757848,
,,,-4.415E-06,0.0208157896995544,0.196269355714321,
,,,-4.4148E-06,0.0208157896995544,0.197106175823137,
,,,-4.4146E-06,-0.0461298227310181,0.196771447779611,
,,,-4.4144E-06,0.087761402130127,0.197106175823137,
,,,-4.4142E-06,0.0208157896995544,0.19777563191019,
,,,-4.414E-06,0.087761402130127,0.196771447779611,
,,,-4.4138E-06,0.0208157896995544,0.197106175823137,
,,,-4.4136E-06,-0.0461298227310181,0.196604083757848,
,,,-4.4134E-06,0.0208157896995544,0.196771447779611,
,,,-4.4132E-06,0.0208157896995544,0.196938811801374,
,,,-4.413E-06,0.087761402130127,0.196604083757848,
,,,-4.4128E-06,0.087761402130127,0.1972735398449,
,,,-4.4126E-06,-0.180021047592163,0.197106175823137,
,,,-4.4124E-06,0.0208157896995544,0.1972735398449,
,,,-4.4122E-06,0.0208157896995544,0.196771447779611,
,,,-4.412E-06,0.0208157896995544,0.196269355714321,
,,,-4.4118E-06,-0.0461298227310181,0.196269355714321,
,,,-4.4116E-06,0.087761402130127,0.197106175823137,
,,,-4.4114E-06,0.0208157896995544,0.197440903866664,
,,,-4.4112E-06,-0.0461298227310181,0.196604083757848,
,,,-4.411E-06,-0.0461298227310181,0.196771447779611,
,,,-4.4108E-06,0.0208157896995544,0.196604083757848,
,,,-4.4106E-06,-0.0461298227310181,0.196604083757848,
,,,-4.4104E-06,0.0208157896995544,0.195767263649032,
,,,-4.4102E-06,0.087761402130127,0.196604083757848,
,,,-4.41E-06,0.087761402130127,0.1972735398449,
,,,-4.4098E-06,-0.0461298227310181,0.197106175823137,
,,,-4.4096E-06,-0.0461298227310181,0.196771447779611,
,,,-4.4094E-06,0.0208157896995544,0.196938811801374,
,,,-4.4092E-06,0.0208157896995544,0.1972735398449,
,,,-4.409E-06,0.087761402130127,0.196436719736084,
,,,-4.4088E-06,0.0208157896995544,0.1972735398449,
,,,-4.4086E-06,0.0208157896995544,0.196938811801374,
,,,-4.4084E-06,0.0208157896995544,0.196771447779611,
,,,-4.4082E-06,0.087761402130127,0.1972735398449,
,,,-4.408E-06,0.154707014560699,0.197106175823137,
,,,-4.4078E-06,0.0208157896995544,0.196101991692558,
,,,-4.4076E-06,0.0208157896995544,0.197106175823137,
,,,-4.4074E-06,0.0208157896995544,0.197440903866664,
,,,-4.4072E-06,-0.0461298227310181,0.196269355714321,
,,,-4.407E-06,0.0208157896995544,0.196604083757848,
,,,-4.4068E-06,-0.113075435161591,0.196604083757848,
,,,-4.4066E-06,0.087761402130127,0.196771447779611,
,,,-4.4064E-06,0.087761402130127,0.1972735398449,
,,,-4.4062E-06,-0.113075435161591,0.196604083757848,
,,,-4.406E-06,0.0208157896995544,0.197106175823137,
,,,-4.4058E-06,0.087761402130127,0.1972735398449,
,,,-4.4056E-06,0.0208157896995544,0.196101991692558,
,,,-4.4054E-06,-0.0461298227310181,0.195767263649032,
,,,-4.4052E-06,0.087761402130127,0.196771447779611,
,,,-4.405E-06,-0.0461298227310181,0.196101991692558,
,,,-4.4048E-06,-0.0461298227310181,0.197106175823137,
,,,-4.4046E-06,0.0208157896995544,0.197440903866664,
,,,-4.4044E-06,0.0208157896995544,0.196436719736084,
,,,-4.4042E-06,-0.0461298227310181,0.196771447779611,
,,,-4.404E-06,0.087761402130127,0.196604083757848,
,,,-4.4038E-06,0.0208157896995544,0.196604083757848,
,,,-4.4036E-06,0.087761402130127,0.196604083757848,
,,,-4.4034E-06,0.0208157896995544,0.196269355714321,
,,,-4.4032E-06,0.0208157896995544,0.196604083757848,
,,,-4.403E-06,0.0208157896995544,0.196604083757848,
,,,-4.4028E-06,-0.0461298227310181,0.197440903866664,
,,,-4.4026E-06,0.0208157896995544,0.196938811801374,
,,,-4.4024E-06,-0.0461298227310181,0.197106175823137,
,,,-4.4022E-06,0.0208157896995544,0.195599899627268,
,,,-4.402E-06,-0.113075435161591,0.196938811801374,
,,,-4.4018E-06,-0.0461298227310181,0.196771447779611,
,,,-4.4016E-06,0.221652626991272,0.196604083757848,
,,,-4.4014E-06,0.0208157896995544,0.197106175823137,
,,,-4.4012E-06,0.0208157896995544,0.196771447779611,
,,,-4.401E-06,0.0208157896995544,0.197440903866664,
,,,-4.4008E-06,-0.113075435161591,0.197106175823137,
,,,-4.4006E-06,-0.0461298227310181,0.196771447779611,
,,,-4.4004E-06,-0.0461298227310181,0.19777563191019,
,,,-4.4002E-06,0.0208157896995544,0.197440903866664,
,,,-4.4E-06,0.0208157896995544,0.197440903866664,
,,,-4.3998E-06,-0.0461298227310181,0.197608267888427,
,,,-4.3996E-06,0.0208157896995544,0.197440903866664,
,,,-4.3994E-06,0.0208157896995544,0.197106175823137,
,,,-4.3992E-06,0.0208157896995544,0.197106175823137,
,,,-4.399E-06,-0.0461298227310181,0.196604083757848,
,,,-4.3988E-06,0.087761402130127,0.197106175823137,
,,,-4.3986E-06,-0.0461298227310181,0.196938811801374,
,,,-4.3984E-06,-0.113075435161591,0.196604083757848,
,,,-4.3982E-06,0.0208157896995544,0.196771447779611,
,,,-4.398E-06,-0.0461298227310181,0.19777563191019,
,,,-4.3978E-06,-0.0461298227310181,0.197106175823137,
,,,-4.3976E-06,0.0208157896995544,0.196771447779611,
,,,-4.3974E-06,0.0208157896995544,0.197440903866664,
,,,-4.3972E-06,0.087761402130127,0.196938811801374,
,,,-4.397E-06,0.0208157896995544,0.196938811801374,
,,,-4.3968E-06,-0.0461298227310181,0.196938811801374,
,,,-4.3966E-06,0.154707014560699,0.197608267888427,
,,,-4.3964E-06,0.087761402130127,0.197106175823137,
,,,-4.3962E-06,0.0208157896995544,0.197106175823137,
,,,-4.396E-06,0.0208157896995544,0.196771447779611,
,,,-4.3958E-06,0.0208157896995544,0.196604083757848,
,,,-4.3956E-06,-0.0461298227310181,0.1972735398449,
,,,-4.3954E-06,0.0208157896995544,0.197106175823137,
,,,-4.3952E-06,0.087761402130127,0.196436719736084,
,,,-4.395E-06,-0.0461298227310181,0.197440903866664,
,,,-4.3948E-06,0.0208157896995544,0.196771447779611,
,,,-4.3946E-06,0.0208157896995544,0.196101991692558,
,,,-4.3944E-06,0.087761402130127,0.196436719736084,
,,,-4.3942E-06,0.087761402130127,0.1972735398449,
,,,-4.394E-06,-0.0461298227310181,0.196771447779611,
,,,-4.3938E-06,0.0208157896995544,0.197608267888427,
,,,-4.3936E-06,0.087761402130127,0.196604083757848,
,,,-4.3934E-06,-0.113075435161591,0.197106175823137,
,,,-4.3932E-06,-0.0461298227310181,0.196771447779611,
,,,-4.393E-06,0.0208157896995544,0.1972735398449,
,,,-4.3928E-06,0.0208157896995544,0.197440903866664,
,,,-4.3926E-06,-0.0461298227310181,0.197106175823137,
,,,-4.3924E-06,-0.0461298227310181,0.196436719736084,
,,,-4.3922E-06,0.0208157896995544,0.197440903866664,
,,,-4.392E-06,0.0208157896995544,0.196269355714321,
,,,-4.3918E-06,0.0208157896995544,0.196771447779611,
,,,-4.3916E-06,0.0208157896995544,0.196771447779611,
,,,-4.3914E-06,0.0208157896995544,0.196604083757848,
,,,-4.3912E-06,0.0208157896995544,0.1972735398449,
,,,-4.391E-06,-0.0461298227310181,0.197106175823137,
,,,-4.3908E-06,0.087761402130127,0.196771447779611,
,,,-4.3906E-06,0.0208157896995544,0.1972735398449,
,,,-4.3904E-06,0.0208157896995544,0.196101991692558,
,,,-4.3902E-06,0.0208157896995544,0.196436719736084,
,,,-4.39E-06,0.0208157896995544,0.196604083757848,
,,,-4.3898E-06,-0.0461298227310181,0.196604083757848,
,,,-4.3896E-06,0.087761402130127,0.196771447779611,
,,,-4.3894E-06,-0.0461298227310181,0.196771447779611,
,,,-4.3892E-06,0.087761402130127,0.196771447779611,
,,,-4.389E-06,0.0208157896995544,0.196604083757848,
,,,-4.3888E-06,0.154707014560699,0.197608267888427,
,,,-4.3886E-06,0.0208157896995544,0.196269355714321,
,,,-4.3884E-06,0.0208157896995544,0.196436719736084,
,,,-4.3882E-06,0.0208157896995544,0.1972735398449,
,,,-4.388E-06,-0.113075435161591,0.196938811801374,
,,,-4.3878E-06,0.0208157896995544,0.196436719736084,
,,,-4.3876E-06,-0.113075435161591,0.1972735398449,
,,,-4.3874E-06,0.087761402130127,0.196938811801374,
,,,-4.3872E-06,-0.0461298227310181,0.196938811801374,
,,,-4.387E-06,-0.0461298227310181,0.196436719736084,
,,,-4.3868E-06,0.0208157896995544,0.196771447779611,
,,,-4.3866E-06,0.087761402130127,0.196436719736084,
,,,-4.3864E-06,0.0208157896995544,0.196771447779611,
,,,-4.3862E-06,-0.0461298227310181,0.196604083757848,
,,,-4.386E-06,-0.0461298227310181,0.196269355714321,
,,,-4.3858E-06,-0.0461298227310181,0.197106175823137,
,,,-4.3856E-06,0.0208157896995544,0.196436719736084,
,,,-4.3854E-06,-0.0461298227310181,0.196101991692558,
,,,-4.3852E-06,-0.0461298227310181,0.196604083757848,
,,,-4.385E-06,0.0208157896995544,0.196771447779611,
,,,-4.3848E-06,0.0208157896995544,0.196101991692558,
,,,-4.3846E-06,-0.0461298227310181,0.1972735398449,
,,,-4.3844E-06,0.087761402130127,0.196938811801374,
,,,-4.3842E-06,-0.0461298227310181,0.196269355714321,
,,,-4.384E-06,0.0208157896995544,0.196938811801374,
,,,-4.3838E-06,0.0208157896995544,0.196436719736084,
,,,-4.3836E-06,-0.0461298227310181,0.196938811801374,
,,,-4.3834E-06,0.087761402130127,0.196269355714321,
,,,-4.3832E-06,0.0208157896995544,0.196269355714321,
,,,-4.383E-06,-0.0461298227310181,0.196101991692558,
,,,-4.3828E-06,0.0208157896995544,0.197106175823137,
,,,-4.3826E-06,0.0208157896995544,0.196771447779611,
,,,-4.3824E-06,0.087761402130127,0.196604083757848,
,,,-4.3822E-06,-0.0461298227310181,0.196771447779611,
,,,-4.382E-06,0.0208157896995544,0.196436719736084,
,,,-4.3818E-06,-0.0461298227310181,0.197608267888427,
,,,-4.3816E-06,-0.0461298227310181,0.196436719736084,
,,,-4.3814E-06,0.0208157896995544,0.196604083757848,
,,,-4.3812E-06,-0.113075435161591,0.19777563191019,
,,,-4.381E-06,0.0208157896995544,0.197440903866664,
,,,-4.3808E-06,0.087761402130127,0.196604083757848,
,,,-4.3806E-06,-0.0461298227310181,0.196604083757848,
,,,-4.3804E-06,0.0208157896995544,0.1972735398449,
,,,-4.3802E-06,0.0208157896995544,0.196604083757848,
,,,-4.38E-06,0.0208157896995544,0.196771447779611,
,,,-4.3798E-06,-0.113075435161591,0.1972735398449,
,,,-4.3796E-06,0.0208157896995544,0.1972735398449,
,,,-4.3794E-06,0.087761402130127,0.197608267888427,
,,,-4.3792E-06,-0.0461298227310181,0.196436719736084,
,,,-4.379E-06,-0.0461298227310181,0.197608267888427,
,,,-4.3788E-06,0.0208157896995544,0.197942995931953,
,,,-4.3786E-06,-0.113075435161591,0.197106175823137,
,,,-4.3784E-06,0.0208157896995544,0.197106175823137,
,,,-4.3782E-06,0.087761402130127,0.197440903866664,
,,,-4.378E-06,0.087761402130127,0.196771447779611,
,,,-4.3778E-06,-0.0461298227310181,0.197106175823137,
,,,-4.3776E-06,0.0208157896995544,0.197106175823137,
,,,-4.3774E-06,0.087761402130127,0.196604083757848,
,,,-4.3772E-06,-0.0461298227310181,0.19777563191019,
,,,-4.377E-06,-0.0461298227310181,0.196938811801374,
,,,-4.3768E-06,0.0208157896995544,0.196771447779611,
,,,-4.3766E-06,0.0208157896995544,0.196436719736084,
,,,-4.3764E-06,0.0208157896995544,0.196938811801374,
,,,-4.3762E-06,0.0208157896995544,0.1972735398449,
,,,-4.376E-06,0.154707014560699,0.196771447779611,
,,,-4.3758E-06,0.0208157896995544,0.1972735398449,
,,,-4.3756E-06,-0.0461298227310181,0.196771447779611,
,,,-4.3754E-06,0.0208157896995544,0.197106175823137,
,,,-4.3752E-06,-0.113075435161591,0.196604083757848,
,,,-4.375E-06,0.0208157896995544,0.196269355714321,
,,,-4.3748E-06,0.0208157896995544,0.196436719736084,
,,,-4.3746E-06,0.0208157896995544,0.196938811801374,
,,,-4.3744E-06,0.0208157896995544,0.196938811801374,
,,,-4.3742E-06,0.0208157896995544,0.196436719736084,
,,,-4.374E-06,-0.0461298227310181,0.196771447779611,
,,,-4.3738E-06,0.0208157896995544,0.196604083757848,
,,,-4.3736E-06,0.0208157896995544,0.196269355714321,
,,,-4.3734E-06,-0.0461298227310181,0.196771447779611,
,,,-4.3732E-06,0.087761402130127,0.197440903866664,
,,,-4.373E-06,-0.0461298227310181,0.196101991692558,
,,,-4.3728E-06,0.0208157896995544,0.196604083757848,
,,,-4.3726E-06,-0.0461298227310181,0.196938811801374,
,,,-4.3724E-06,-0.0461298227310181,0.196771447779611,
,,,-4.3722E-06,-0.0461298227310181,0.196436719736084,
,,,-4.372E-06,0.087761402130127,0.197440903866664,
,,,-4.3718E-06,-0.0461298227310181,0.196771447779611,
,,,-4.3716E-06,0.154707014560699,0.196604083757848,
,,,-4.3714E-06,0.0208157896995544,0.196938811801374,
,,,-4.3712E-06,-0.0461298227310181,0.197106175823137,
,,,-4.371E-06,0.0208157896995544,0.196101991692558,
,,,-4.3708E-06,-0.0461298227310181,0.196604083757848,
,,,-4.3706E-06,0.0208157896995544,0.197106175823137,
,,,-4.3704E-06,0.0208157896995544,0.1972735398449,
,,,-4.3702E-06,0.0208157896995544,0.1972735398449,
,,,-4.37E-06,0.0208157896995544,0.196938811801374,
,,,-4.3698E-06,-0.0461298227310181,0.1972735398449,
,,,-4.3696E-06,0.087761402130127,0.197608267888427,
,,,-4.3694E-06,0.0208157896995544,0.196436719736084,
,,,-4.3692E-06,0.087761402130127,0.196604083757848,
,,,-4.369E-06,-0.0461298227310181,0.196771447779611,
,,,-4.3688E-06,-0.0461298227310181,0.196938811801374,
,,,-4.3686E-06,-0.0461298227310181,0.1972735398449,
,,,-4.3684E-06,-0.0461298227310181,0.197440903866664,
,,,-4.3682E-06,0.0208157896995544,0.197440903866664,
,,,-4.368E-06,0.087761402130127,0.196436719736084,
,,,-4.3678E-06,-0.0461298227310181,0.196771447779611,
,,,-4.3676E-06,0.0208157896995544,0.19777563191019,
,,,-4.3674E-06,0.0208157896995544,0.197440903866664,
,,,-4.3672E-06,-0.0461298227310181,0.196436719736084,
,,,-4.367E-06,-0.0461298227310181,0.196771447779611,
,,,-4.3668E-06,0.0208157896995544,0.197106175823137,
,,,-4.3666E-06,-0.0461298227310181,0.197106175823137,
,,,-4.3664E-06,0.0208157896995544,0.196269355714321,
,,,-4.3662E-06,-0.0461298227310181,0.196604083757848,
,,,-4.366E-06,-0.0461298227310181,0.197440903866664,
,,,-4.3658E-06,-0.0461298227310181,0.196771447779611,
,,,-4.3656E-06,0.0208157896995544,0.196938811801374,
,,,-4.3654E-06,0.087761402130127,0.196771447779611,
,,,-4.3652E-06,0.0208157896995544,0.196938811801374,
,,,-4.365E-06,-0.0461298227310181,0.196938811801374,
,,,-4.3648E-06,-0.0461298227310181,0.197106175823137,
,,,-4.3646E-06,0.087761402130127,0.196771447779611,
,,,-4.3644E-06,0.0208157896995544,0.197106175823137,
,,,-4.3642E-06,0.087761402130127,0.196269355714321,
,,,-4.364E-06,0.0208157896995544,0.196771447779611,
,,,-4.3638E-06,-0.0461298227310181,0.196938811801374,
,,,-4.3636E-06,0.0208157896995544,0.1972735398449,
,,,-4.3634E-06,0.0208157896995544,0.197106175823137,
,,,-4.3632E-06,0.087761402130127,0.196771447779611,
,,,-4.363E-06,-0.0461298227310181,0.196436719736084,
,,,-4.3628E-06,0.154707014560699,0.196938811801374,
,,,-4.3626E-06,-0.0461298227310181,0.196938811801374,
,,,-4.3624E-06,-0.113075435161591,0.196101991692558,
,,,-4.3622E-06,0.0208157896995544,0.1972735398449,
,,,-4.362E-06,-0.113075435161591,0.196771447779611,
,,,-4.3618E-06,0.087761402130127,0.197106175823137,
,,,-4.3616E-06,0.087761402130127,0.1972735398449,
,,,-4.3614E-06,-0.113075435161591,0.197106175823137,
,,,-4.3612E-06,-0.0461298227310181,0.197440903866664,
,,,-4.361E-06,0.0208157896995544,0.197106175823137,
,,,-4.3608E-06,0.0208157896995544,0.196771447779611,
,,,-4.3606E-06,-0.0461298227310181,0.196938811801374,
,,,-4.3604E-06,0.0208157896995544,0.197106175823137,
,,,-4.3602E-06,-0.113075435161591,0.1972735398449,
,,,-4.36E-06,-0.113075435161591,0.197106175823137,
,,,-4.3598E-06,-0.0461298227310181,0.1972735398449,
,,,-4.3596E-06,0.087761402130127,0.197440903866664,
,,,-4.3594E-06,-0.113075435161591,0.196771447779611,
,,,-4.3592E-06,0.087761402130127,0.196436719736084,
,,,-4.359E-06,0.087761402130127,0.196771447779611,
,,,-4.3588E-06,0.0208157896995544,0.196771447779611,
,,,-4.3586E-06,-0.0461298227310181,0.197608267888427,
,,,-4.3584E-06,-0.113075435161591,0.196938811801374,
,,,-4.3582E-06,0.087761402130127,0.197440903866664,
,,,-4.358E-06,-0.0461298227310181,0.1972735398449,
,,,-4.3578E-06,-0.0461298227310181,0.196938811801374,
,,,-4.3576E-06,0.0208157896995544,0.197608267888427,
,,,-4.3574E-06,-0.0461298227310181,0.1972735398449,
,,,-4.3572E-06,-0.0461298227310181,0.197440903866664,
,,,-4.357E-06,-0.0461298227310181,0.198110359953716,
,,,-4.3568E-06,0.087761402130127,0.197106175823137,
,,,-4.3566E-06,-0.0461298227310181,0.1972735398449,
,,,-4.3564E-06,0.087761402130127,0.197608267888427,
,,,-4.3562E-06,0.0208157896995544,0.19777563191019,
,,,-4.356E-06,-0.113075435161591,0.197106175823137,
,,,-4.3558E-06,0.0208157896995544,0.196771447779611,
,,,-4.3556E-06,0.0208157896995544,0.197440903866664,
,,,-4.3554E-06,-0.0461298227310181,0.197942995931953,
,,,-4.3552E-06,0.087761402130127,0.197608267888427,
,,,-4.355E-06,-0.113075435161591,0.1972735398449,
,,,-4.3548E-06,-0.0461298227310181,0.197608267888427,
,,,-4.3546E-06,-0.0461298227310181,0.197440903866664,
,,,-4.3544E-06,-0.0461298227310181,0.197106175823137,
,,,-4.3542E-06,-0.0461298227310181,0.197106175823137,
,,,-4.354E-06,0.0208157896995544,0.1972735398449,
,,,-4.3538E-06,-0.0461298227310181,0.196938811801374,
,,,-4.3536E-06,0.0208157896995544,0.196938811801374,
,,,-4.3534E-06,0.0208157896995544,0.197608267888427,
,,,-4.3532E-06,-0.0461298227310181,0.197942995931953,
,,,-4.353E-06,-0.0461298227310181,0.196771447779611,
,,,-4.3528E-06,0.087761402130127,0.197106175823137,
,,,-4.3526E-06,-0.113075435161591,0.1972735398449,
,,,-4.3524E-06,0.087761402130127,0.196771447779611,
,,,-4.3522E-06,0.0208157896995544,0.197608267888427,
,,,-4.352E-06,-0.0461298227310181,0.1972735398449,
,,,-4.3518E-06,0.087761402130127,0.196938811801374,
,,,-4.3516E-06,0.0208157896995544,0.197106175823137,
,,,-4.3514E-06,-0.0461298227310181,0.197106175823137,
,,,-4.3512E-06,0.087761402130127,0.196938811801374,
,,,-4.351E-06,0.0208157896995544,0.197608267888427,
,,,-4.3508E-06,0.0208157896995544,0.197440903866664,
,,,-4.3506E-06,0.0208157896995544,0.1972735398449,
,,,-4.3504E-06,0.154707014560699,0.197106175823137,
,,,-4.3502E-06,-0.0461298227310181,0.197942995931953,
,,,-4.35E-06,0.087761402130127,0.197106175823137,
,,,-4.3498E-06,0.0208157896995544,0.196938811801374,
,,,-4.3496E-06,-0.0461298227310181,0.19777563191019,
,,,-4.3494E-06,0.0208157896995544,0.196938811801374,
,,,-4.3492E-06,0.0208157896995544,0.197106175823137,
,,,-4.349E-06,0.0208157896995544,0.197440903866664,
,,,-4.3488E-06,-0.0461298227310181,0.196436719736084,
,,,-4.3486E-06,-0.0461298227310181,0.196604083757848,
,,,-4.3484E-06,0.0208157896995544,0.197440903866664,
,,,-4.3482E-06,0.0208157896995544,0.196604083757848,
,,,-4.348E-06,0.0208157896995544,0.196269355714321,
,,,-4.3478E-06,-0.0461298227310181,0.197106175823137,
,,,-4.3476E-06,-0.0461298227310181,0.197440903866664,
,,,-4.3474E-06,-0.0461298227310181,0.197106175823137,
,,,-4.3472E-06,0.154707014560699,0.197106175823137,
,,,-4.347E-06,-0.113075435161591,0.196436719736084,
,,,-4.3468E-06,-0.0461298227310181,0.196436719736084,
,,,-4.3466E-06,-0.0461298227310181,0.196771447779611,
,,,-4.3464E-06,0.0208157896995544,0.198110359953716,
,,,-4.3462E-06,0.0208157896995544,0.197608267888427,
,,,-4.346E-06,0.221652626991272,0.196938811801374,
,,,-4.3458E-06,0.087761402130127,0.196938811801374,
,,,-4.3456E-06,0.0208157896995544,0.197106175823137,
,,,-4.3454E-06,0.0208157896995544,0.197106175823137,
,,,-4.3452E-06,0.087761402130127,0.197608267888427,
,,,-4.345E-06,-0.0461298227310181,0.196604083757848,
,,,-4.3448E-06,0.0208157896995544,0.196938811801374,
,,,-4.3446E-06,-0.0461298227310181,0.196771447779611,
,,,-4.3444E-06,0.0208157896995544,0.197106175823137,
,,,-4.3442E-06,0.0208157896995544,0.197106175823137,
,,,-4.344E-06,0.0208157896995544,0.196938811801374,
,,,-4.3438E-06,-0.0461298227310181,0.197608267888427,
,,,-4.3436E-06,0.0208157896995544,0.197608267888427,
,,,-4.3434E-06,0.0208157896995544,0.197440903866664,
,,,-4.3432E-06,0.0208157896995544,0.197440903866664,
,,,-4.343E-06,0.0208157896995544,0.198110359953716,
,,,-4.3428E-06,0.0208157896995544,0.197608267888427,
,,,-4.3426E-06,0.154707014560699,0.19777563191019,
,,,-4.3424E-06,0.0208157896995544,0.19827772397548,
,,,-4.3422E-06,-0.0461298227310181,0.197440903866664,
,,,-4.342E-06,0.0208157896995544,0.1972735398449,
,,,-4.3418E-06,0.087761402130127,0.197608267888427,
,,,-4.3416E-06,0.0208157896995544,0.197106175823137,
,,,-4.3414E-06,-0.0461298227310181,0.197106175823137,
,,,-4.3412E-06,0.087761402130127,0.197106175823137,
,,,-4.341E-06,-0.0461298227310181,0.196938811801374,
,,,-4.3408E-06,-0.0461298227310181,0.196771447779611,
,,,-4.3406E-06,-0.180021047592163,0.197106175823137,
,,,-4.3404E-06,0.0208157896995544,0.197942995931953,
,,,-4.3402E-06,-0.0461298227310181,0.1972735398449,
,,,-4.34E-06,0.087761402130127,0.196938811801374,
,,,-4.3398E-06,-0.0461298227310181,0.1972735398449,
,,,-4.3396E-06,0.087761402130127,0.197106175823137,
,,,-4.3394E-06,0.0208157896995544,0.196938811801374,
,,,-4.3392E-06,0.0208157896995544,0.196938811801374,
,,,-4.339E-06,0.087761402130127,0.197942995931953,
,,,-4.3388E-06,0.0208157896995544,0.197440903866664,
,,,-4.3386E-06,-0.0461298227310181,0.1972735398449,
,,,-4.3384E-06,0.087761402130127,0.196938811801374,
,,,-4.3382E-06,-0.0461298227310181,0.196771447779611,
,,,-4.338E-06,0.0208157896995544,0.197608267888427,
,,,-4.3378E-06,0.087761402130127,0.196771447779611,
,,,-4.3376E-06,0.087761402130127,0.196771447779611,
,,,-4.3374E-06,-0.0461298227310181,0.1972735398449,
,,,-4.3372E-06,0.0208157896995544,0.1972735398449,
,,,-4.337E-06,0.0208157896995544,0.197440903866664,
,,,-4.3368E-06,-0.113075435161591,0.196436719736084,
,,,-4.3366E-06,0.0208157896995544,0.197440903866664,
,,,-4.3364E-06,0.0208157896995544,0.19777563191019,
,,,-4.3362E-06,0.0208157896995544,0.196938811801374,
,,,-4.336E-06,0.087761402130127,0.196604083757848,
,,,-4.3358E-06,-0.113075435161591,0.197106175823137,
,,,-4.3356E-06,0.0208157896995544,0.196771447779611,
,,,-4.3354E-06,-0.0461298227310181,0.1972735398449,
,,,-4.3352E-06,0.087761402130127,0.196771447779611,
,,,-4.335E-06,-0.0461298227310181,0.196604083757848,
,,,-4.3348E-06,-0.0461298227310181,0.196604083757848,
,,,-4.3346E-06,-0.0461298227310181,0.196604083757848,
,,,-4.3344E-06,0.0208157896995544,0.196938811801374,
,,,-4.3342E-06,0.087761402130127,0.1972735398449,
,,,-4.334E-06,0.0208157896995544,0.197440903866664,
,,,-4.3338E-06,-0.0461298227310181,0.19777563191019,
,,,-4.3336E-06,0.087761402130127,0.197440903866664,
,,,-4.3334E-06,0.0208157896995544,0.196938811801374,
,,,-4.3332E-06,0.0208157896995544,0.196269355714321,
,,,-4.333E-06,0.0208157896995544,0.197942995931953,
,,,-4.3328E-06,-0.0461298227310181,0.196938811801374,
,,,-4.3326E-06,0.087761402130127,0.197942995931953,
,,,-4.3324E-06,-0.0461298227310181,0.196436719736084,
,,,-4.3322E-06,0.087761402130127,0.1972735398449,
,,,-4.332E-06,0.087761402130127,0.197440903866664,
,,,-4.3318E-06,-0.0461298227310181,0.196938811801374,
,,,-4.3316E-06,-0.0461298227310181,0.196771447779611,
,,,-4.3314E-06,0.0208157896995544,0.19777563191019,
,,,-4.3312E-06,0.0208157896995544,0.197942995931953,
,,,-4.331E-06,-0.0461298227310181,0.197608267888427,
,,,-4.3308E-06,0.087761402130127,0.197106175823137,
,,,-4.3306E-06,0.0208157896995544,0.197608267888427,
,,,-4.3304E-06,0.0208157896995544,0.196604083757848,
,,,-4.3302E-06,0.0208157896995544,0.197440903866664,
,,,-4.33E-06,0.0208157896995544,0.197106175823137,
,,,-4.3298E-06,-0.0461298227310181,0.197440903866664,
,,,-4.3296E-06,0.087761402130127,0.19777563191019,
,,,-4.3294E-06,-0.113075435161591,0.197942995931953,
,,,-4.3292E-06,-0.0461298227310181,0.197942995931953,
,,,-4.329E-06,0.0208157896995544,0.197608267888427,
,,,-4.3288E-06,0.0208157896995544,0.19777563191019,
,,,-4.3286E-06,-0.113075435161591,0.19777563191019,
,,,-4.3284E-06,0.087761402130127,0.197608267888427,
,,,-4.3282E-06,-0.0461298227310181,0.19777563191019,
,,,-4.328E-06,-0.0461298227310181,0.197106175823137,
,,,-4.3278E-06,-0.0461298227310181,0.197106175823137,
,,,-4.3276E-06,0.0208157896995544,0.197942995931953,
,,,-4.3274E-06,-0.0461298227310181,0.1972735398449,
,,,-4.3272E-06,0.087761402130127,0.196604083757848,
,,,-4.327E-06,0.0208157896995544,0.1972735398449,
,,,-4.3268E-06,0.154707014560699,0.197106175823137,
,,,-4.3266E-06,0.087761402130127,0.196938811801374,
,,,-4.3264E-06,-0.0461298227310181,0.19777563191019,
,,,-4.3262E-06,0.0208157896995544,0.197608267888427,
,,,-4.326E-06,-0.0461298227310181,0.197440903866664,
,,,-4.3258E-06,-0.0461298227310181,0.196771447779611,
,,,-4.3256E-06,0.087761402130127,0.19777563191019,
,,,-4.3254E-06,-0.113075435161591,0.1972735398449,
,,,-4.3252E-06,-0.0461298227310181,0.197440903866664,
,,,-4.325E-06,0.087761402130127,0.196771447779611,
,,,-4.3248E-06,0.087761402130127,0.1972735398449,
,,,-4.3246E-06,0.0208157896995544,0.196938811801374,
,,,-4.3244E-06,0.0208157896995544,0.197106175823137,
,,,-4.3242E-06,-0.0461298227310181,0.196938811801374,
,,,-4.324E-06,-0.113075435161591,0.197106175823137,
,,,-4.3238E-06,-0.0461298227310181,0.196436719736084,
,,,-4.3236E-06,-0.113075435161591,0.196938811801374,
,,,-4.3234E-06,0.0208157896995544,0.196604083757848,
,,,-4.3232E-06,0.154707014560699,0.197440903866664,
,,,-4.323E-06,-0.0461298227310181,0.196938811801374,
,,,-4.3228E-06,-0.0461298227310181,0.196938811801374,
,,,-4.3226E-06,0.0208157896995544,0.1972735398449,
,,,-4.3224E-06,0.0208157896995544,0.197440903866664,
,,,-4.3222E-06,0.0208157896995544,0.197440903866664,
,,,-4.322E-06,0.0208157896995544,0.195934627670795,
,,,-4.3218E-06,-0.0461298227310181,0.1972735398449,
,,,-4.3216E-06,0.087761402130127,0.197106175823137,
,,,-4.3214E-06,-0.0461298227310181,0.1972735398449,
,,,-4.3212E-06,0.0208157896995544,0.196604083757848,
,,,-4.321E-06,-0.0461298227310181,0.197106175823137,
,,,-4.3208E-06,0.087761402130127,0.196938811801374,
,,,-4.3206E-06,0.0208157896995544,0.196269355714321,
,,,-4.3204E-06,0.087761402130127,0.196938811801374,
,,,-4.3202E-06,-0.0461298227310181,0.196938811801374,
,,,-4.32E-06,0.0208157896995544,0.196436719736084,
,,,-4.3198E-06,0.0208157896995544,0.196269355714321,
,,,-4.3196E-06,-0.0461298227310181,0.195934627670795,
,,,-4.3194E-06,-0.0461298227310181,0.196938811801374,
,,,-4.3192E-06,0.0208157896995544,0.1972735398449,
,,,-4.319E-06,-0.113075435161591,0.196436719736084,
,,,-4.3188E-06,-0.0461298227310181,0.196938811801374,
,,,-4.3186E-06,-0.0461298227310181,0.196604083757848,
,,,-4.3184E-06,0.0208157896995544,0.197106175823137,
,,,-4.3182E-06,-0.0461298227310181,0.196938811801374,
,,,-4.318E-06,-0.0461298227310181,0.197106175823137,
,,,-4.3178E-06,0.0208157896995544,0.196938811801374,
,,,-4.3176E-06,-0.113075435161591,0.196604083757848,
,,,-4.3174E-06,0.0208157896995544,0.196938811801374,
,,,-4.3172E-06,0.0208157896995544,0.197106175823137,
,,,-4.317E-06,-0.0461298227310181,0.196938811801374,
,,,-4.3168E-06,-0.0461298227310181,0.197440903866664,
,,,-4.3166E-06,-0.113075435161591,0.196269355714321,
,,,-4.3164E-06,-0.0461298227310181,0.197106175823137,
,,,-4.3162E-06,0.0208157896995544,0.197608267888427,
,,,-4.316E-06,0.0208157896995544,0.196771447779611,
,,,-4.3158E-06,-0.0461298227310181,0.196604083757848,
,,,-4.3156E-06,0.0208157896995544,0.197608267888427,
,,,-4.3154E-06,-0.0461298227310181,0.196938811801374,
,,,-4.3152E-06,-0.0461298227310181,0.197106175823137,
,,,-4.315E-06,-0.0461298227310181,0.197106175823137,
,,,-4.3148E-06,-0.0461298227310181,0.196771447779611,
,,,-4.3146E-06,-0.113075435161591,0.197440903866664,
,,,-4.3144E-06,0.0208157896995544,0.197106175823137,
,,,-4.3142E-06,0.087761402130127,0.1972735398449,
,,,-4.314E-06,0.087761402130127,0.196938811801374,
,,,-4.3138E-06,-0.0461298227310181,0.1972735398449,
,,,-4.3136E-06,-0.0461298227310181,0.196604083757848,
,,,-4.3134E-06,0.087761402130127,0.197440903866664,
,,,-4.3132E-06,-0.0461298227310181,0.196938811801374,
,,,-4.313E-06,-0.0461298227310181,0.195934627670795,
,,,-4.3128E-06,0.0208157896995544,0.197440903866664,
,,,-4.3126E-06,-0.0461298227310181,0.197942995931953,
,,,-4.3124E-06,-0.0461298227310181,0.197440903866664,
,,,-4.3122E-06,0.0208157896995544,0.196771447779611,
,,,-4.312E-06,0.0208157896995544,0.1972735398449,
,,,-4.3118E-06,-0.0461298227310181,0.197608267888427,
,,,-4.3116E-06,0.0208157896995544,0.197942995931953,
,,,-4.3114E-06,0.0208157896995544,0.197942995931953,
,,,-4.3112E-06,-0.113075435161591,0.196938811801374,
,,,-4.311E-06,-0.0461298227310181,0.197440903866664,
,,,-4.3108E-06,-0.113075435161591,0.198110359953716,
,,,-4.3106E-06,0.087761402130127,0.197440903866664,
,,,-4.3104E-06,0.087761402130127,0.1972735398449,
,,,-4.3102E-06,-0.0461298227310181,0.197106175823137,
,,,-4.31E-06,-0.0461298227310181,0.1972735398449,
,,,-4.3098E-06,-0.0461298227310181,0.197608267888427,
,,,-4.3096E-06,0.0208157896995544,0.197106175823137,
,,,-4.3094E-06,-0.0461298227310181,0.197440903866664,
,,,-4.3092E-06,-0.0461298227310181,0.196604083757848,
,,,-4.309E-06,-0.0461298227310181,0.19777563191019,
,,,-4.3088E-06,0.0208157896995544,0.196938811801374,
,,,-4.3086E-06,-0.0461298227310181,0.196771447779611,
,,,-4.3084E-06,-0.0461298227310181,0.197106175823137,
,,,-4.3082E-06,-0.0461298227310181,0.1972735398449,
,,,-4.308E-06,-0.0461298227310181,0.196938811801374,
,,,-4.3078E-06,-0.0461298227310181,0.196938811801374,
,,,-4.3076E-06,0.087761402130127,0.196938811801374,
,,,-4.3074E-06,0.0208157896995544,0.196771447779611,
,,,-4.3072E-06,-0.0461298227310181,0.196771447779611,
,,,-4.307E-06,0.0208157896995544,0.1972735398449,
,,,-4.3068E-06,-0.113075435161591,0.196938811801374,
,,,-4.3066E-06,-0.0461298227310181,0.196771447779611,
,,,-4.3064E-06,0.0208157896995544,0.196604083757848,
,,,-4.3062E-06,-0.113075435161591,0.196938811801374,
,,,-4.306E-06,-0.0461298227310181,0.196771447779611,
,,,-4.3058E-06,0.0208157896995544,0.196269355714321,
,,,-4.3056E-06,0.0208157896995544,0.196771447779611,
,,,-4.3054E-06,-0.0461298227310181,0.1972735398449,
,,,-4.3052E-06,0.0208157896995544,0.196938811801374,
,,,-4.305E-06,0.087761402130127,0.1972735398449,
,,,-4.3048E-06,-0.0461298227310181,0.196101991692558,
,,,-4.3046E-06,0.0208157896995544,0.196269355714321,
,,,-4.3044E-06,0.0208157896995544,0.196771447779611,
,,,-4.3042E-06,0.087761402130127,0.196101991692558,
,,,-4.304E-06,0.0208157896995544,0.196604083757848,
,,,-4.3038E-06,-0.0461298227310181,0.1972735398449,
,,,-4.3036E-06,-0.0461298227310181,0.196604083757848,
,,,-4.3034E-06,0.087761402130127,0.195934627670795,
,,,-4.3032E-06,-0.0461298227310181,0.196269355714321,
,,,-4.303E-06,-0.113075435161591,0.196771447779611,
,,,-4.3028E-06,0.087761402130127,0.196436719736084,
,,,-4.3026E-06,-0.0461298227310181,0.196938811801374,
,,,-4.3024E-06,-0.113075435161591,0.196101991692558,
,,,-4.3022E-06,0.0208157896995544,0.196436719736084,
,,,-4.302E-06,0.0208157896995544,0.196771447779611,
,,,-4.3018E-06,-0.113075435161591,0.196771447779611,
,,,-4.3016E-06,0.0208157896995544,0.196269355714321,
,,,-4.3014E-06,-0.0461298227310181,0.196604083757848,
,,,-4.3012E-06,0.087761402130127,0.196604083757848,
,,,-4.301E-06,0.0208157896995544,0.196938811801374,
,,,-4.3008E-06,0.0208157896995544,0.196938811801374,
,,,-4.3006E-06,0.087761402130127,0.197106175823137,
,,,-4.3004E-06,0.0208157896995544,0.196938811801374,
,,,-4.3002E-06,-0.0461298227310181,0.196938811801374,
,,,-4.3E-06,0.0208157896995544,0.196604083757848,
,,,-4.2998E-06,-0.0461298227310181,0.196938811801374,
,,,-4.2996E-06,0.0208157896995544,0.196436719736084,
,,,-4.2994E-06,0.0208157896995544,0.196269355714321,
,,,-4.2992E-06,0.087761402130127,0.197106175823137,
,,,-4.299E-06,-0.0461298227310181,0.196938811801374,
,,,-4.2988E-06,0.087761402130127,0.196604083757848,
,,,-4.2986E-06,-0.0461298227310181,0.197106175823137,
,,,-4.2984E-06,-0.0461298227310181,0.196436719736084,
,,,-4.2982E-06,-0.113075435161591,0.196771447779611,
,,,-4.298E-06,-0.0461298227310181,0.196938811801374,
,,,-4.2978E-06,0.0208157896995544,0.197608267888427,
,,,-4.2976E-06,0.087761402130127,0.197608267888427,
,,,-4.2974E-06,-0.0461298227310181,0.196938811801374,
,,,-4.2972E-06,-0.0461298227310181,0.197106175823137,
,,,-4.297E-06,0.0208157896995544,0.1972735398449,
,,,-4.2968E-06,-0.0461298227310181,0.197106175823137,
,,,-4.2966E-06,-0.0461298227310181,0.196771447779611,
,,,-4.2964E-06,0.0208157896995544,0.1972735398449,
,,,-4.2962E-06,-0.0461298227310181,0.197608267888427,
,,,-4.296E-06,0.0208157896995544,0.197440903866664,
,,,-4.2958E-06,-0.0461298227310181,0.1972735398449,
,,,-4.2956E-06,0.0208157896995544,0.19827772397548,
,,,-4.2954E-06,-0.113075435161591,0.198110359953716,
,,,-4.2952E-06,0.087761402130127,0.19777563191019,
,,,-4.295E-06,-0.0461298227310181,0.197942995931953,
,,,-4.2948E-06,0.0208157896995544,0.196771447779611,
,,,-4.2946E-06,-0.0461298227310181,0.196436719736084,
,,,-4.2944E-06,-0.113075435161591,0.197106175823137,
,,,-4.2942E-06,0.087761402130127,0.1972735398449,
,,,-4.294E-06,0.087761402130127,0.196771447779611,
,,,-4.2938E-06,0.0208157896995544,0.196771447779611,
,,,-4.2936E-06,0.0208157896995544,0.197440903866664,
,,,-4.2934E-06,0.0208157896995544,0.197106175823137,
,,,-4.2932E-06,0.0208157896995544,0.1972735398449,
,,,-4.293E-06,-0.0461298227310181,0.1972735398449,
,,,-4.2928E-06,0.087761402130127,0.196938811801374,
,,,-4.2926E-06,-0.0461298227310181,0.196604083757848,
,,,-4.2924E-06,-0.0461298227310181,0.1972735398449,
,,,-4.2922E-06,-0.0461298227310181,0.197608267888427,
,,,-4.292E-06,0.087761402130127,0.196938811801374,
,,,-4.2918E-06,-0.0461298227310181,0.196938811801374,
,,,-4.2916E-06,-0.0461298227310181,0.197608267888427,
,,,-4.2914E-06,0.0208157896995544,0.196771447779611,
,,,-4.2912E-06,0.087761402130127,0.1972735398449,
,,,-4.291E-06,-0.113075435161591,0.196771447779611,
,,,-4.2908E-06,-0.0461298227310181,0.196436719736084,
,,,-4.2906E-06,0.154707014560699,0.197440903866664,
,,,-4.2904E-06,-0.0461298227310181,0.197106175823137,
,,,-4.2902E-06,-0.0461298227310181,0.196771447779611,
,,,-4.29E-06,0.0208157896995544,0.197106175823137,
,,,-4.2898E-06,-0.0461298227310181,0.197440903866664,
,,,-4.2896E-06,0.0208157896995544,0.197440903866664,
,,,-4.2894E-06,0.0208157896995544,0.196771447779611,
,,,-4.2892E-06,0.0208157896995544,0.197942995931953,
,,,-4.289E-06,0.0208157896995544,0.1972735398449,
,,,-4.2888E-06,0.0208157896995544,0.197440903866664,
,,,-4.2886E-06,0.0208157896995544,0.196938811801374,
,,,-4.2884E-06,0.087761402130127,0.197106175823137,
,,,-4.2882E-06,0.0208157896995544,0.196771447779611,
,,,-4.288E-06,-0.0461298227310181,0.196938811801374,
,,,-4.2878E-06,-0.0461298227310181,0.1972735398449,
,,,-4.2876E-06,-0.0461298227310181,0.196436719736084,
,,,-4.2874E-06,0.0208157896995544,0.196436719736084,
,,,-4.2872E-06,-0.0461298227310181,0.197440903866664,
,,,-4.287E-06,-0.113075435161591,0.196771447779611,
,,,-4.2868E-06,0.0208157896995544,0.196604083757848,
,,,-4.2866E-06,0.0208157896995544,0.196938811801374,
,,,-4.2864E-06,0.0208157896995544,0.197106175823137,
,,,-4.2862E-06,-0.0461298227310181,0.196771447779611,
,,,-4.286E-06,0.0208157896995544,0.196436719736084,
,,,-4.2858E-06,-0.0461298227310181,0.196436719736084,
,,,-4.2856E-06,-0.113075435161591,0.195599899627268,
,,,-4.2854E-06,0.0208157896995544,0.195599899627268,
,,,-4.2852E-06,0.0208157896995544,0.196269355714321,
,,,-4.285E-06,0.0208157896995544,0.196771447779611,
,,,-4.2848E-06,0.087761402130127,0.196101991692558,
,,,-4.2846E-06,-0.0461298227310181,0.195934627670795,
,,,-4.2844E-06,-0.0461298227310181,0.196101991692558,
,,,-4.2842E-06,0.087761402130127,0.196436719736084,
,,,-4.284E-06,0.0208157896995544,0.195934627670795,
,,,-4.2838E-06,-0.0461298227310181,0.196604083757848,
,,,-4.2836E-06,0.0208157896995544,0.196771447779611,
,,,-4.2834E-06,-0.0461298227310181,0.196269355714321,
,,,-4.2832E-06,-0.0461298227310181,0.196938811801374,
,,,-4.283E-06,-0.0461298227310181,0.196436719736084,
,,,-4.2828E-06,-0.0461298227310181,0.196604083757848,
,,,-4.2826E-06,-0.0461298227310181,0.196604083757848,
,,,-4.2824E-06,0.087761402130127,0.196771447779611,
,,,-4.2822E-06,0.0208157896995544,0.196269355714321,
,,,-4.282E-06,-0.0461298227310181,0.196436719736084,
,,,-4.2818E-06,-0.0461298227310181,0.196436719736084,
,,,-4.2816E-06,-0.0461298227310181,0.196269355714321,
,,,-4.2814E-06,0.087761402130127,0.196604083757848,
,,,-4.2812E-06,-0.113075435161591,0.196604083757848,
,,,-4.281E-06,-0.0461298227310181,0.196938811801374,
,,,-4.2808E-06,0.154707014560699,0.196771447779611,
,,,-4.2806E-06,0.0208157896995544,0.196436719736084,
,,,-4.2804E-06,0.0208157896995544,0.195934627670795,
,,,-4.2802E-06,0.087761402130127,0.196436719736084,
,,,-4.28E-06,0.087761402130127,0.196604083757848,
,,,-4.2798E-06,-0.0461298227310181,0.195934627670795,
,,,-4.2796E-06,0.0208157896995544,0.196269355714321,
,,,-4.2794E-06,0.0208157896995544,0.1972735398449,
,,,-4.2792E-06,-0.113075435161591,0.196269355714321,
,,,-4.279E-06,-0.0461298227310181,0.196436719736084,
,,,-4.2788E-06,0.0208157896995544,0.1972735398449,
,,,-4.2786E-06,0.0208157896995544,0.196771447779611,
,,,-4.2784E-06,0.0208157896995544,0.196771447779611,
,,,-4.2782E-06,-0.113075435161591,0.196269355714321,
,,,-4.278E-06,0.0208157896995544,0.196771447779611,
,,,-4.2778E-06,0.087761402130127,0.197440903866664,
,,,-4.2776E-06,0.0208157896995544,0.197440903866664,
,,,-4.2774E-06,-0.0461298227310181,0.196938811801374,
,,,-4.2772E-06,-0.0461298227310181,0.1972735398449,
,,,-4.277E-06,-0.0461298227310181,0.19777563191019,
,,,-4.2768E-06,-0.0461298227310181,0.197440903866664,
,,,-4.2766E-06,-0.0461298227310181,0.196436719736084,
,,,-4.2764E-06,0.087761402130127,0.1972735398449,
,,,-4.2762E-06,-0.0461298227310181,0.197440903866664,
,,,-4.276E-06,0.0208157896995544,0.197106175823137,
,,,-4.2758E-06,0.0208157896995544,0.196604083757848,
,,,-4.2756E-06,0.0208157896995544,0.196938811801374,
,,,-4.2754E-06,0.0208157896995544,0.196938811801374,
,,,-4.2752E-06,0.0208157896995544,0.196771447779611,
,,,-4.275E-06,0.0208157896995544,0.197440903866664,
,,,-4.2748E-06,0.0208157896995544,0.197608267888427,
,,,-4.2746E-06,0.0208157896995544,0.196604083757848,
,,,-4.2744E-06,0.0208157896995544,0.196938811801374,
,,,-4.2742E-06,-0.0461298227310181,0.196938811801374,
,,,-4.274E-06,-0.113075435161591,0.1972735398449,
,,,-4.2738E-06,-0.0461298227310181,0.1972735398449,
,,,-4.2736E-06,0.087761402130127,0.197942995931953,
,,,-4.2734E-06,0.0208157896995544,0.196771447779611,
,,,-4.2732E-06,0.087761402130127,0.197106175823137,
,,,-4.273E-06,-0.0461298227310181,0.196771447779611,
,,,-4.2728E-06,-0.0461298227310181,0.197440903866664,
,,,-4.2726E-06,-0.0461298227310181,0.197608267888427,
,,,-4.2724E-06,0.0208157896995544,0.197106175823137,
,,,-4.2722E-06,-0.0461298227310181,0.196604083757848,
,,,-4.272E-06,0.087761402130127,0.1972735398449,
,,,-4.2718E-06,-0.0461298227310181,0.196771447779611,
,,,-4.2716E-06,-0.0461298227310181,0.1972735398449,
,,,-4.2714E-06,0.087761402130127,0.197942995931953,
,,,-4.2712E-06,0.0208157896995544,0.1972735398449,
,,,-4.271E-06,-0.113075435161591,0.197106175823137,
,,,-4.2708E-06,0.0208157896995544,0.1972735398449,
,,,-4.2706E-06,0.0208157896995544,0.197106175823137,
,,,-4.2704E-06,-0.0461298227310181,0.196269355714321,
,,,-4.2702E-06,-0.0461298227310181,0.197106175823137,
,,,-4.27E-06,-0.0461298227310181,0.1972735398449,
,,,-4.2698E-06,0.0208157896995544,0.197106175823137,
,,,-4.2696E-06,0.087761402130127,0.196604083757848,
,,,-4.2694E-06,0.0208157896995544,0.197608267888427,
,,,-4.2692E-06,0.087761402130127,0.196771447779611,
,,,-4.269E-06,0.0208157896995544,0.196436719736084,
,,,-4.2688E-06,-0.0461298227310181,0.196604083757848,
,,,-4.2686E-06,0.087761402130127,0.196938811801374,
,,,-4.2684E-06,0.0208157896995544,0.196938811801374,
,,,-4.2682E-06,-0.0461298227310181,0.196604083757848,
,,,-4.268E-06,0.0208157896995544,0.197106175823137,
,,,-4.2678E-06,0.0208157896995544,0.196938811801374,
,,,-4.2676E-06,0.0208157896995544,0.196938811801374,
,,,-4.2674E-06,0.0208157896995544,0.1972735398449,
,,,-4.2672E-06,0.087761402130127,0.196771447779611,
,,,-4.267E-06,-0.0461298227310181,0.196938811801374,
,,,-4.2668E-06,-0.0461298227310181,0.196604083757848,
,,,-4.2666E-06,0.0208157896995544,0.197106175823137,
,,,-4.2664E-06,-0.0461298227310181,0.197106175823137,
,,,-4.2662E-06,-0.0461298227310181,0.196604083757848,
,,,-4.266E-06,0.0208157896995544,0.196771447779611,
,,,-4.2658E-06,-0.0461298227310181,0.1972735398449,
,,,-4.2656E-06,0.087761402130127,0.196771447779611,
,,,-4.2654E-06,-0.0461298227310181,0.196604083757848,
,,,-4.2652E-06,-0.0461298227310181,0.196938811801374,
,,,-4.265E-06,0.0208157896995544,0.1972735398449,
,,,-4.2648E-06,0.0208157896995544,0.196436719736084,
,,,-4.2646E-06,-0.0461298227310181,0.196938811801374,
,,,-4.2644E-06,0.087761402130127,0.196604083757848,
,,,-4.2642E-06,0.0208157896995544,0.196436719736084,
,,,-4.264E-06,-0.0461298227310181,0.196938811801374,
,,,-4.2638E-06,-0.113075435161591,0.196436719736084,
,,,-4.2636E-06,0.0208157896995544,0.196771447779611,
,,,-4.2634E-06,-0.0461298227310181,0.196938811801374,
,,,-4.2632E-06,0.087761402130127,0.195934627670795,
,,,-4.263E-06,0.0208157896995544,0.196436719736084,
,,,-4.2628E-06,0.154707014560699,0.196436719736084,
,,,-4.2626E-06,0.0208157896995544,0.196436719736084,
,,,-4.2624E-06,0.0208157896995544,0.196269355714321,
,,,-4.2622E-06,0.154707014560699,0.196771447779611,
,,,-4.262E-06,0.0208157896995544,0.197106175823137,
,,,-4.2618E-06,-0.0461298227310181,0.196101991692558,
,,,-4.2616E-06,-0.0461298227310181,0.197106175823137,
,,,-4.2614E-06,0.0208157896995544,0.196771447779611,
,,,-4.2612E-06,0.087761402130127,0.196771447779611,
,,,-4.261E-06,-0.0461298227310181,0.1972735398449,
,,,-4.2608E-06,0.0208157896995544,0.1972735398449,
,,,-4.2606E-06,-0.0461298227310181,0.196771447779611,
,,,-4.2604E-06,0.0208157896995544,0.196604083757848,
,,,-4.2602E-06,-0.0461298227310181,0.197106175823137,
,,,-4.26E-06,-0.0461298227310181,0.197106175823137,
,,,-4.2598E-06,0.0208157896995544,0.196771447779611,
,,,-4.2596E-06,0.0208157896995544,0.196771447779611,
,,,-4.2594E-06,0.0208157896995544,0.196269355714321,
,,,-4.2592E-06,0.087761402130127,0.196604083757848,
,,,-4.259E-06,0.0208157896995544,0.197440903866664,
,,,-4.2588E-06,-0.0461298227310181,0.196938811801374,
,,,-4.2586E-06,-0.0461298227310181,0.197942995931953,
,,,-4.2584E-06,0.0208157896995544,0.197942995931953,
,,,-4.2582E-06,-0.0461298227310181,0.198110359953716,
,,,-4.258E-06,0.087761402130127,0.197106175823137,
,,,-4.2578E-06,-0.0461298227310181,0.197942995931953,
,,,-4.2576E-06,0.0208157896995544,0.197440903866664,
,,,-4.2574E-06,0.0208157896995544,0.1972735398449,
,,,-4.2572E-06,0.087761402130127,0.197608267888427,
,,,-4.257E-06,-0.0461298227310181,0.196938811801374,
,,,-4.2568E-06,0.0208157896995544,0.1972735398449,
,,,-4.2566E-06,0.0208157896995544,0.196938811801374,
,,,-4.2564E-06,0.087761402130127,0.19777563191019,
,,,-4.2562E-06,0.0208157896995544,0.19777563191019,
,,,-4.256E-06,0.0208157896995544,0.197440903866664,
,,,-4.2558E-06,0.0208157896995544,0.196604083757848,
,,,-4.2556E-06,0.0208157896995544,0.196604083757848,
,,,-4.2554E-06,-0.0461298227310181,0.196269355714321,
,,,-4.2552E-06,0.0208157896995544,0.196938811801374,
,,,-4.255E-06,0.087761402130127,0.1972735398449,
,,,-4.2548E-06,0.0208157896995544,0.197106175823137,
,,,-4.2546E-06,-0.0461298227310181,0.196771447779611,
,,,-4.2544E-06,0.087761402130127,0.197440903866664,
,,,-4.2542E-06,-0.0461298227310181,0.1972735398449,
,,,-4.254E-06,0.087761402130127,0.197106175823137,
,,,-4.2538E-06,-0.0461298227310181,0.197440903866664,
,,,-4.2536E-06,0.0208157896995544,0.197106175823137,
,,,-4.2534E-06,-0.0461298227310181,0.197608267888427,
,,,-4.2532E-06,-0.0461298227310181,0.197942995931953,
,,,-4.253E-06,0.0208157896995544,0.19827772397548,
,,,-4.2528E-06,0.087761402130127,0.198110359953716,
,,,-4.2526E-06,-0.0461298227310181,0.197440903866664,
,,,-4.2524E-06,0.0208157896995544,0.197942995931953,
,,,-4.2522E-06,0.0208157896995544,0.1972735398449,
,,,-4.252E-06,0.0208157896995544,0.197608267888427,
,,,-4.2518E-06,-0.0461298227310181,0.197440903866664,
,,,-4.2516E-06,0.0208157896995544,0.196938811801374,
,,,-4.2514E-06,-0.0461298227310181,0.19827772397548,
,,,-4.2512E-06,0.0208157896995544,0.197440903866664,
,,,-4.251E-06,-0.0461298227310181,0.19777563191019,
,,,-4.2508E-06,-0.113075435161591,0.197106175823137,
,,,-4.2506E-06,0.0208157896995544,0.196771447779611,
,,,-4.2504E-06,0.087761402130127,0.196938811801374,
,,,-4.2502E-06,-0.113075435161591,0.197608267888427,
,,,-4.25E-06,0.0208157896995544,0.197106175823137,
,,,-4.2498E-06,0.154707014560699,0.1972735398449,
,,,-4.2496E-06,0.0208157896995544,0.19827772397548,
,,,-4.2494E-06,0.087761402130127,0.198110359953716,
,,,-4.2492E-06,-0.0461298227310181,0.19777563191019,
,,,-4.249E-06,0.087761402130127,0.196938811801374,
,,,-4.2488E-06,0.154707014560699,0.19777563191019,
,,,-4.2486E-06,-0.0461298227310181,0.1972735398449,
,,,-4.2484E-06,0.0208157896995544,0.19777563191019,
,,,-4.2482E-06,-0.0461298227310181,0.197440903866664,
,,,-4.248E-06,0.087761402130127,0.1972735398449,
,,,-4.2478E-06,-0.0461298227310181,0.196771447779611,
,,,-4.2476E-06,0.154707014560699,0.196436719736084,
,,,-4.2474E-06,0.0208157896995544,0.1972735398449,
,,,-4.2472E-06,-0.0461298227310181,0.196938811801374,
,,,-4.247E-06,-0.0461298227310181,0.196604083757848,
,,,-4.2468E-06,-0.113075435161591,0.196771447779611,
,,,-4.2466E-06,-0.0461298227310181,0.1972735398449,
,,,-4.2464E-06,0.154707014560699,0.196436719736084,
,,,-4.2462E-06,-0.0461298227310181,0.196604083757848,
,,,-4.246E-06,-0.0461298227310181,0.1972735398449,
,,,-4.2458E-06,-0.0461298227310181,0.197106175823137,
,,,-4.2456E-06,0.0208157896995544,0.196101991692558,
,,,-4.2454E-06,-0.0461298227310181,0.196269355714321,
,,,-4.2452E-06,0.0208157896995544,0.196938811801374,
,,,-4.245E-06,0.087761402130127,0.196771447779611,
,,,-4.2448E-06,0.087761402130127,0.196604083757848,
,,,-4.2446E-06,-0.0461298227310181,0.197608267888427,
,,,-4.2444E-06,-0.0461298227310181,0.196436719736084,
,,,-4.2442E-06,0.0208157896995544,0.196101991692558,
,,,-4.244E-06,0.0208157896995544,0.197608267888427,
,,,-4.2438E-06,-0.0461298227310181,0.196938811801374,
,,,-4.2436E-06,0.087761402130127,0.195767263649032,
,,,-4.2434E-06,0.0208157896995544,0.196938811801374,
,,,-4.2432E-06,0.0208157896995544,0.196771447779611,
,,,-4.243E-06,0.0208157896995544,0.196269355714321,
,,,-4.2428E-06,-0.0461298227310181,0.197106175823137,
,,,-4.2426E-06,0.0208157896995544,0.197440903866664,
,,,-4.2424E-06,0.0208157896995544,0.196604083757848,
,,,-4.2422E-06,0.0208157896995544,0.196604083757848,
,,,-4.242E-06,-0.0461298227310181,0.196938811801374,
,,,-4.2418E-06,-0.0461298227310181,0.196938811801374,
,,,-4.2416E-06,0.154707014560699,0.197608267888427,
,,,-4.2414E-06,0.0208157896995544,0.196771447779611,
,,,-4.2412E-06,0.0208157896995544,0.196436719736084,
,,,-4.241E-06,0.0208157896995544,0.19777563191019,
,,,-4.2408E-06,-0.0461298227310181,0.197106175823137,
,,,-4.2406E-06,-0.0461298227310181,0.196771447779611,
,,,-4.2404E-06,0.0208157896995544,0.1972735398449,
,,,-4.2402E-06,0.0208157896995544,0.197106175823137,
,,,-4.24E-06,0.0208157896995544,0.196771447779611,
,,,-4.2398E-06,-0.0461298227310181,0.196771447779611,
,,,-4.2396E-06,0.087761402130127,0.197106175823137,
,,,-4.2394E-06,0.0208157896995544,0.197106175823137,
,,,-4.2392E-06,0.0208157896995544,0.196269355714321,
,,,-4.239E-06,-0.0461298227310181,0.196938811801374,
,,,-4.2388E-06,0.0208157896995544,0.196604083757848,
,,,-4.2386E-06,0.0208157896995544,0.1972735398449,
,,,-4.2384E-06,-0.0461298227310181,0.196604083757848,
,,,-4.2382E-06,-0.113075435161591,0.197608267888427,
,,,-4.238E-06,0.0208157896995544,0.1972735398449,
,,,-4.2378E-06,-0.0461298227310181,0.197608267888427,
,,,-4.2376E-06,0.087761402130127,0.1972735398449,
,,,-4.2374E-06,0.0208157896995544,0.197106175823137,
,,,-4.2372E-06,0.087761402130127,0.19777563191019,
,,,-4.237E-06,0.0208157896995544,0.197106175823137,
,,,-4.2368E-06,-0.0461298227310181,0.198110359953716,
,,,-4.2366E-06,0.0208157896995544,0.19827772397548,
,,,-4.2364E-06,-0.113075435161591,0.1972735398449,
,,,-4.2362E-06,0.087761402130127,0.196436719736084,
,,,-4.236E-06,0.087761402130127,0.1972735398449,
,,,-4.2358E-06,-0.113075435161591,0.197106175823137,
,,,-4.2356E-06,0.0208157896995544,0.197440903866664,
,,,-4.2354E-06,0.0208157896995544,0.197608267888427,
,,,-4.2352E-06,0.087761402130127,0.197608267888427,
,,,-4.235E-06,0.0208157896995544,0.197440903866664,
,,,-4.2348E-06,0.154707014560699,0.197440903866664,
,,,-4.2346E-06,-0.0461298227310181,0.197440903866664,
,,,-4.2344E-06,-0.0461298227310181,0.197608267888427,
,,,-4.2342E-06,-0.0461298227310181,0.1972735398449,
,,,-4.234E-06,-0.113075435161591,0.197440903866664,
,,,-4.2338E-06,0.0208157896995544,0.197942995931953,
,,,-4.2336E-06,0.087761402130127,0.197942995931953,
,,,-4.2334E-06,-0.0461298227310181,0.197106175823137,
,,,-4.2332E-06,0.0208157896995544,0.197440903866664,
,,,-4.233E-06,0.0208157896995544,0.197440903866664,
,,,-4.2328E-06,0.0208157896995544,0.197608267888427,
,,,-4.2326E-06,0.0208157896995544,0.197942995931953,
,,,-4.2324E-06,-0.0461298227310181,0.198110359953716,
,,,-4.2322E-06,-0.0461298227310181,0.197440903866664,
,,,-4.232E-06,-0.0461298227310181,0.196938811801374,
,,,-4.2318E-06,0.0208157896995544,0.197942995931953,
,,,-4.2316E-06,0.0208157896995544,0.197440903866664,
,,,-4.2314E-06,0.0208157896995544,0.1972735398449,
,,,-4.2312E-06,0.087761402130127,0.197942995931953,
,,,-4.231E-06,-0.0461298227310181,0.198947180062532,
,,,-4.2308E-06,0.0208157896995544,0.1972735398449,
,,,-4.2306E-06,0.0208157896995544,0.196771447779611,
,,,-4.2304E-06,0.0208157896995544,0.197440903866664,
,,,-4.2302E-06,0.087761402130127,0.197440903866664,
,,,-4.23E-06,-0.0461298227310181,0.197106175823137,
,,,-4.2298E-06,-0.0461298227310181,0.1972735398449,
,,,-4.2296E-06,0.0208157896995544,0.1972735398449,
,,,-4.2294E-06,-0.113075435161591,0.196436719736084,
,,,-4.2292E-06,0.0208157896995544,0.1972735398449,
,,,-4.229E-06,0.0208157896995544,0.196269355714321,
,,,-4.2288E-06,0.154707014560699,0.196604083757848,
,,,-4.2286E-06,0.0208157896995544,0.196938811801374,
,,,-4.2284E-06,-0.0461298227310181,0.196604083757848,
,,,-4.2282E-06,-0.0461298227310181,0.196436719736084,
,,,-4.228E-06,0.0208157896995544,0.196436719736084,
,,,-4.2278E-06,-0.113075435161591,0.196771447779611,
,,,-4.2276E-06,-0.113075435161591,0.196604083757848,
,,,-4.2274E-06,0.0208157896995544,0.196436719736084,
,,,-4.2272E-06,0.087761402130127,0.196101991692558,
,,,-4.227E-06,-0.0461298227310181,0.196269355714321,
,,,-4.2268E-06,-0.0461298227310181,0.196604083757848,
,,,-4.2266E-06,0.0208157896995544,0.196604083757848,
,,,-4.2264E-06,0.0208157896995544,0.196436719736084,
,,,-4.2262E-06,-0.0461298227310181,0.196604083757848,
,,,-4.226E-06,0.0208157896995544,0.196269355714321,
,,,-4.2258E-06,-0.0461298227310181,0.196436719736084,
,,,-4.2256E-06,-0.0461298227310181,0.196269355714321,
,,,-4.2254E-06,0.0208157896995544,0.195767263649032,
,,,-4.2252E-06,0.0208157896995544,0.195934627670795,
,,,-4.225E-06,0.0208157896995544,0.196436719736084,
,,,-4.2248E-06,-0.0461298227310181,0.196101991692558,
,,,-4.2246E-06,0.0208157896995544,0.195599899627268,
,,,-4.2244E-06,0.087761402130127,0.196436719736084,
,,,-4.2242E-06,-0.113075435161591,0.196771447779611,
,,,-4.224E-06,-0.0461298227310181,0.196269355714321,
,,,-4.2238E-06,0.087761402130127,0.196604083757848,
,,,-4.2236E-06,-0.0461298227310181,0.196938811801374,
,,,-4.2234E-06,-0.113075435161591,0.196604083757848,
,,,-4.2232E-06,0.087761402130127,0.196436719736084,
,,,-4.223E-06,-0.113075435161591,0.196604083757848,
,,,-4.2228E-06,-0.0461298227310181,0.196101991692558,
,,,-4.2226E-06,0.087761402130127,0.196938811801374,
,,,-4.2224E-06,0.087761402130127,0.196269355714321,
,,,-4.2222E-06,-0.0461298227310181,0.196938811801374,
,,,-4.222E-06,0.0208157896995544,0.196604083757848,
,,,-4.2218E-06,0.0208157896995544,0.197440903866664,
,,,-4.2216E-06,-0.0461298227310181,0.196269355714321,
,,,-4.2214E-06,-0.113075435161591,0.196436719736084,
,,,-4.2212E-06,0.0208157896995544,0.1972735398449,
,,,-4.221E-06,0.0208157896995544,0.196604083757848,
,,,-4.2208E-06,0.0208157896995544,0.196938811801374,
,,,-4.2206E-06,-0.113075435161591,0.196604083757848,
,,,-4.2204E-06,0.0208157896995544,0.196938811801374,
,,,-4.2202E-06,0.0208157896995544,0.196938811801374,
,,,-4.22E-06,0.0208157896995544,0.197106175823137,
,,,-4.2198E-06,0.0208157896995544,0.1972735398449,
,,,-4.2196E-06,0.087761402130127,0.197106175823137,
,,,-4.2194E-06,-0.0461298227310181,0.196938811801374,
,,,-4.2192E-06,0.0208157896995544,0.196771447779611,
,,,-4.219E-06,0.0208157896995544,0.196938811801374,
,,,-4.2188E-06,-0.0461298227310181,0.196771447779611,
,,,-4.2186E-06,-0.0461298227310181,0.196771447779611,
,,,-4.2184E-06,0.087761402130127,0.196771447779611,
,,,-4.2182E-06,-0.113075435161591,0.196436719736084,
,,,-4.218E-06,0.154707014560699,0.196436719736084,
,,,-4.2178E-06,0.0208157896995544,0.197106175823137,
,,,-4.2176E-06,-0.0461298227310181,0.197106175823137,
,,,-4.2174E-06,0.087761402130127,0.1972735398449,
,,,-4.2172E-06,0.0208157896995544,0.197440903866664,
,,,-4.217E-06,-0.0461298227310181,0.196436719736084,
,,,-4.2168E-06,0.087761402130127,0.197106175823137,
,,,-4.2166E-06,-0.113075435161591,0.1972735398449,
,,,-4.2164E-06,-0.0461298227310181,0.197440903866664,
,,,-4.2162E-06,0.0208157896995544,0.1972735398449,
,,,-4.216E-06,0.0208157896995544,0.197608267888427,
,,,-4.2158E-06,-0.0461298227310181,0.19777563191019,
,,,-4.2156E-06,0.087761402130127,0.197106175823137,
,,,-4.2154E-06,0.0208157896995544,0.196938811801374,
,,,-4.2152E-06,-0.113075435161591,0.197106175823137,
,,,-4.215E-06,0.0208157896995544,0.197106175823137,
,,,-4.2148E-06,0.0208157896995544,0.197440903866664,
,,,-4.2146E-06,-0.0461298227310181,0.197440903866664,
,,,-4.2144E-06,0.087761402130127,0.1972735398449,
,,,-4.2142E-06,-0.0461298227310181,0.196771447779611,
,,,-4.214E-06,0.0208157896995544,0.19777563191019,
,,,-4.2138E-06,0.0208157896995544,0.19777563191019,
,,,-4.2136E-06,-0.0461298227310181,0.196938811801374,
,,,-4.2134E-06,-0.0461298227310181,0.19777563191019,
,,,-4.2132E-06,-0.0461298227310181,0.1972735398449,
,,,-4.213E-06,-0.0461298227310181,0.1972735398449,
,,,-4.2128E-06,-0.0461298227310181,0.1972735398449,
,,,-4.2126E-06,0.0208157896995544,0.197106175823137,
,,,-4.2124E-06,-0.0461298227310181,0.197440903866664,
,,,-4.2122E-06,0.0208157896995544,0.197440903866664,
,,,-4.212E-06,0.087761402130127,0.197608267888427,
,,,-4.2118E-06,-0.113075435161591,0.197608267888427,
,,,-4.2116E-06,-0.0461298227310181,0.1972735398449,
,,,-4.2114E-06,0.087761402130127,0.197608267888427,
,,,-4.2112E-06,0.087761402130127,0.196604083757848,
,,,-4.211E-06,0.0208157896995544,0.196436719736084,
,,,-4.2108E-06,-0.0461298227310181,0.197106175823137,
,,,-4.2106E-06,0.087761402130127,0.196938811801374,
,,,-4.2104E-06,0.087761402130127,0.196101991692558,
,,,-4.2102E-06,-0.0461298227310181,0.197608267888427,
,,,-4.21E-06,0.0208157896995544,0.196771447779611,
,,,-4.2098E-06,0.154707014560699,0.196938811801374,
,,,-4.2096E-06,0.0208157896995544,0.196604083757848,
,,,-4.2094E-06,-0.0461298227310181,0.196436719736084,
,,,-4.2092E-06,0.0208157896995544,0.196604083757848,
,,,-4.209E-06,0.0208157896995544,0.196771447779611,
,,,-4.2088E-06,0.0208157896995544,0.197106175823137,
,,,-4.2086E-06,0.0208157896995544,0.1972735398449,
,,,-4.2084E-06,-0.113075435161591,0.196771447779611,
,,,-4.2082E-06,-0.0461298227310181,0.196604083757848,
,,,-4.208E-06,0.0208157896995544,0.196604083757848,
,,,-4.2078E-06,-0.0461298227310181,0.196771447779611,
,,,-4.2076E-06,-0.0461298227310181,0.196436719736084,
,,,-4.2074E-06,0.087761402130127,0.196269355714321,
,,,-4.2072E-06,0.0208157896995544,0.196436719736084,
,,,-4.207E-06,0.087761402130127,0.196938811801374,
,,,-4.2068E-06,0.0208157896995544,0.196604083757848,
,,,-4.2066E-06,-0.0461298227310181,0.196436719736084,
,,,-4.2064E-06,0.0208157896995544,0.196604083757848,
,,,-4.2062E-06,0.087761402130127,0.196771447779611,
,,,-4.206E-06,-0.0461298227310181,0.196771447779611,
,,,-4.2058E-06,-0.0461298227310181,0.196269355714321,
,,,-4.2056E-06,0.087761402130127,0.196771447779611,
,,,-4.2054E-06,0.0208157896995544,0.195599899627268,
,,,-4.2052E-06,0.0208157896995544,0.195934627670795,
,,,-4.205E-06,0.0208157896995544,0.197106175823137,
,,,-4.2048E-06,0.0208157896995544,0.195767263649032,
,,,-4.2046E-06,0.087761402130127,0.196604083757848,
,,,-4.2044E-06,-0.0461298227310181,0.196604083757848,
,,,-4.2042E-06,0.087761402130127,0.195934627670795,
,,,-4.204E-06,0.087761402130127,0.195599899627268,
,,,-4.2038E-06,-0.0461298227310181,0.196101991692558,
,,,-4.2036E-06,0.0208157896995544,0.196101991692558,
,,,-4.2034E-06,0.0208157896995544,0.196436719736084,
,,,-4.2032E-06,0.087761402130127,0.196938811801374,
,,,-4.203E-06,0.0208157896995544,0.196269355714321,
,,,-4.2028E-06,0.0208157896995544,0.196101991692558,
,,,-4.2026E-06,0.0208157896995544,0.196436719736084,
,,,-4.2024E-06,0.0208157896995544,0.196938811801374,
,,,-4.2022E-06,0.0208157896995544,0.196771447779611,
,,,-4.202E-06,0.0208157896995544,0.196604083757848,
,,,-4.2018E-06,-0.0461298227310181,0.196436719736084,
,,,-4.2016E-06,0.087761402130127,0.196101991692558,
,,,-4.2014E-06,-0.113075435161591,0.196436719736084,
,,,-4.2012E-06,-0.0461298227310181,0.196436719736084,
,,,-4.201E-06,0.087761402130127,0.196771447779611,
,,,-4.2008E-06,0.0208157896995544,0.196604083757848,
,,,-4.2006E-06,-0.0461298227310181,0.197106175823137,
,,,-4.2004E-06,0.087761402130127,0.196436719736084,
,,,-4.2002E-06,-0.0461298227310181,0.196101991692558,
,,,-4.2E-06,0.087761402130127,0.196938811801374,
,,,-4.1998E-06,-0.0461298227310181,0.196436719736084,
,,,-4.1996E-06,0.0208157896995544,0.196604083757848,
,,,-4.1994E-06,-0.0461298227310181,0.196938811801374,
,,,-4.1992E-06,0.087761402130127,0.196938811801374,
,,,-4.199E-06,0.087761402130127,0.1972735398449,
,,,-4.1988E-06,0.0208157896995544,0.19777563191019,
,,,-4.1986E-06,0.0208157896995544,0.197106175823137,
,,,-4.1984E-06,0.0208157896995544,0.1972735398449,
,,,-4.1982E-06,0.087761402130127,0.196938811801374,
,,,-4.198E-06,-0.0461298227310181,0.197106175823137,
,,,-4.1978E-06,0.087761402130127,0.197106175823137,
,,,-4.1976E-06,0.0208157896995544,0.197106175823137,
,,,-4.1974E-06,0.0208157896995544,0.196604083757848,
,,,-4.1972E-06,0.0208157896995544,0.1972735398449,
,,,-4.197E-06,0.0208157896995544,0.196771447779611,
,,,-4.1968E-06,0.087761402130127,0.196938811801374,
,,,-4.1966E-06,-0.0461298227310181,0.196604083757848,
,,,-4.1964E-06,0.0208157896995544,0.196938811801374,
,,,-4.1962E-06,0.0208157896995544,0.197608267888427,
,,,-4.196E-06,0.0208157896995544,0.196938811801374,
,,,-4.1958E-06,-0.0461298227310181,0.197106175823137,
,,,-4.1956E-06,0.0208157896995544,0.197608267888427,
,,,-4.1954E-06,0.0208157896995544,0.19777563191019,
,,,-4.1952E-06,0.087761402130127,0.19777563191019,
,,,-4.195E-06,-0.0461298227310181,0.1972735398449,
,,,-4.1948E-06,-0.0461298227310181,0.197440903866664,
,,,-4.1946E-06,0.087761402130127,0.197608267888427,
,,,-4.1944E-06,0.0208157896995544,0.197440903866664,
,,,-4.1942E-06,-0.113075435161591,0.197440903866664,
,,,-4.194E-06,-0.0461298227310181,0.196771447779611,
,,,-4.1938E-06,-0.0461298227310181,0.197440903866664,
,,,-4.1936E-06,0.0208157896995544,0.197440903866664,
,,,-4.1934E-06,-0.113075435161591,0.196771447779611,
,,,-4.1932E-06,-0.0461298227310181,0.196938811801374,
,,,-4.193E-06,-0.0461298227310181,0.197440903866664,
,,,-4.1928E-06,0.087761402130127,0.196604083757848,
,,,-4.1926E-06,-0.0461298227310181,0.196938811801374,
,,,-4.1924E-06,0.087761402130127,0.197440903866664,
,,,-4.1922E-06,-0.0461298227310181,0.1972735398449,
,,,-4.192E-06,-0.0461298227310181,0.1972735398449,
,,,-4.1918E-06,0.087761402130127,0.197942995931953,
,,,-4.1916E-06,0.087761402130127,0.196604083757848,
,,,-4.1914E-06,-0.0461298227310181,0.196269355714321,
,,,-4.1912E-06,0.087761402130127,0.19777563191019,
,,,-4.191E-06,0.0208157896995544,0.196771447779611,
,,,-4.1908E-06,-0.0461298227310181,0.197106175823137,
,,,-4.1906E-06,0.0208157896995544,0.1972735398449,
,,,-4.1904E-06,0.087761402130127,0.197106175823137,
,,,-4.1902E-06,0.0208157896995544,0.1972735398449,
,,,-4.19E-06,0.0208157896995544,0.196771447779611,
,,,-4.1898E-06,0.087761402130127,0.197440903866664,
,,,-4.1896E-06,0.0208157896995544,0.197106175823137,
,,,-4.1894E-06,0.0208157896995544,0.197440903866664,
,,,-4.1892E-06,0.0208157896995544,0.19777563191019,
,,,-4.189E-06,-0.0461298227310181,0.197440903866664,
,,,-4.1888E-06,0.0208157896995544,0.196771447779611,
,,,-4.1886E-06,-0.113075435161591,0.196938811801374,
,,,-4.1884E-06,0.0208157896995544,0.196436719736084,
,,,-4.1882E-06,0.0208157896995544,0.196938811801374,
,,,-4.188E-06,0.0208157896995544,0.196101991692558,
,,,-4.1878E-06,-0.0461298227310181,0.1972735398449,
,,,-4.1876E-06,0.0208157896995544,0.196771447779611,
,,,-4.1874E-06,-0.0461298227310181,0.197106175823137,
,,,-4.1872E-06,-0.0461298227310181,0.196771447779611,
,,,-4.187E-06,0.0208157896995544,0.19827772397548,
,,,-4.1868E-06,0.0208157896995544,0.196604083757848,
,,,-4.1866E-06,-0.113075435161591,0.196771447779611,
,,,-4.1864E-06,0.087761402130127,0.196938811801374,
,,,-4.1862E-06,0.0208157896995544,0.198110359953716,
,,,-4.186E-06,0.0208157896995544,0.196938811801374,
,,,-4.1858E-06,0.0208157896995544,0.196269355714321,
,,,-4.1856E-06,-0.0461298227310181,0.196604083757848,
,,,-4.1854E-06,0.0208157896995544,0.196604083757848,
,,,-4.1852E-06,0.0208157896995544,0.196269355714321,
,,,-4.185E-06,0.0208157896995544,0.196771447779611,
,,,-4.1848E-06,0.087761402130127,0.196771447779611,
,,,-4.1846E-06,0.0208157896995544,0.196436719736084,
,,,-4.1844E-06,0.0208157896995544,0.196101991692558,
,,,-4.1842E-06,-0.0461298227310181,0.196436719736084,
,,,-4.184E-06,0.0208157896995544,0.196604083757848,
,,,-4.1838E-06,0.0208157896995544,0.197106175823137,
,,,-4.1836E-06,0.087761402130127,0.196436719736084,
,,,-4.1834E-06,-0.0461298227310181,0.196269355714321,
,,,-4.1832E-06,-0.0461298227310181,0.197106175823137,
,,,-4.183E-06,0.0208157896995544,0.197106175823137,
,,,-4.1828E-06,0.0208157896995544,0.196771447779611,
,,,-4.1826E-06,0.0208157896995544,0.196604083757848,
,,,-4.1824E-06,0.087761402130127,0.196436719736084,
,,,-4.1822E-06,-0.0461298227310181,0.197106175823137,
,,,-4.182E-06,0.0208157896995544,0.197440903866664,
,,,-4.1818E-06,0.087761402130127,0.196938811801374,
,,,-4.1816E-06,0.0208157896995544,0.196771447779611,
,,,-4.1814E-06,-0.0461298227310181,0.196101991692558,
,,,-4.1812E-06,0.0208157896995544,0.196771447779611,
,,,-4.181E-06,-0.0461298227310181,0.196269355714321,
,,,-4.1808E-06,0.0208157896995544,0.196938811801374,
,,,-4.1806E-06,-0.0461298227310181,0.196938811801374,
,,,-4.1804E-06,0.0208157896995544,0.197440903866664,
,,,-4.1802E-06,-0.0461298227310181,0.196604083757848,
,,,-4.18E-06,0.087761402130127,0.196938811801374,
,,,-4.1798E-06,0.0208157896995544,0.197106175823137,
,,,-4.1796E-06,0.087761402130127,0.19777563191019,
,,,-4.1794E-06,0.0208157896995544,0.196771447779611,
,,,-4.1792E-06,0.0208157896995544,0.196771447779611,
,,,-4.179E-06,0.154707014560699,0.196938811801374,
,,,-4.1788E-06,0.0208157896995544,0.197106175823137,
,,,-4.1786E-06,-0.0461298227310181,0.196269355714321,
,,,-4.1784E-06,0.0208157896995544,0.197106175823137,
,,,-4.1782E-06,-0.0461298227310181,0.197106175823137,
,,,-4.178E-06,0.087761402130127,0.197608267888427,
,,,-4.1778E-06,0.0208157896995544,0.196938811801374,
,,,-4.1776E-06,0.0208157896995544,0.197608267888427,
,,,-4.1774E-06,0.0208157896995544,0.1972735398449,
,,,-4.1772E-06,-0.0461298227310181,0.19777563191019,
,,,-4.177E-06,0.0208157896995544,0.197608267888427,
,,,-4.1768E-06,0.0208157896995544,0.197440903866664,
,,,-4.1766E-06,-0.0461298227310181,0.197942995931953,
,,,-4.1764E-06,0.0208157896995544,0.197942995931953,
,,,-4.1762E-06,0.0208157896995544,0.197440903866664,
,,,-4.176E-06,0.087761402130127,0.197106175823137,
,,,-4.1758E-06,0.0208157896995544,0.19827772397548,
,,,-4.1756E-06,-0.113075435161591,0.197440903866664,
,,,-4.1754E-06,0.087761402130127,0.197608267888427,
,,,-4.1752E-06,0.087761402130127,0.197608267888427,
,,,-4.175E-06,-0.113075435161591,0.197440903866664,
,,,-4.1748E-06,0.0208157896995544,0.197440903866664,
,,,-4.1746E-06,0.0208157896995544,0.197440903866664,
,,,-4.1744E-06,-0.0461298227310181,0.197440903866664,
,,,-4.1742E-06,-0.113075435161591,0.197608267888427,
,,,-4.174E-06,0.154707014560699,0.197106175823137,
,,,-4.1738E-06,-0.0461298227310181,0.196771447779611,
,,,-4.1736E-06,0.087761402130127,0.197440903866664,
,,,-4.1734E-06,0.0208157896995544,0.197106175823137,
,,,-4.1732E-06,0.087761402130127,0.196938811801374,
,,,-4.173E-06,0.087761402130127,0.19777563191019,
,,,-4.1728E-06,-0.0461298227310181,0.197106175823137,
,,,-4.1726E-06,0.087761402130127,0.197608267888427,
,,,-4.1724E-06,0.087761402130127,0.196938811801374,
,,,-4.1722E-06,0.087761402130127,0.197106175823137,
,,,-4.172E-06,0.087761402130127,0.197440903866664,
,,,-4.1718E-06,0.0208157896995544,0.197440903866664,
,,,-4.1716E-06,0.087761402130127,0.197608267888427,
,,,-4.1714E-06,0.0208157896995544,0.197106175823137,
,,,-4.1712E-06,0.0208157896995544,0.197608267888427,
,,,-4.171E-06,0.0208157896995544,0.197106175823137,
,,,-4.1708E-06,0.087761402130127,0.196771447779611,
,,,-4.1706E-06,-0.0461298227310181,0.197608267888427,
,,,-4.1704E-06,0.0208157896995544,0.197942995931953,
,,,-4.1702E-06,0.087761402130127,0.197608267888427,
,,,-4.17E-06,0.0208157896995544,0.197106175823137,
,,,-4.1698E-06,0.087761402130127,0.197942995931953,
,,,-4.1696E-06,0.087761402130127,0.197942995931953,
,,,-4.1694E-06,-0.0461298227310181,0.1972735398449,
,,,-4.1692E-06,0.0208157896995544,0.197106175823137,
,,,-4.169E-06,0.0208157896995544,0.197942995931953,
,,,-4.1688E-06,-0.0461298227310181,0.197440903866664,
,,,-4.1686E-06,-0.0461298227310181,0.196771447779611,
,,,-4.1684E-06,0.087761402130127,0.197942995931953,
,,,-4.1682E-06,0.0208157896995544,0.197608267888427,
,,,-4.168E-06,0.0208157896995544,0.1972735398449,
,,,-4.1678E-06,-0.113075435161591,0.19777563191019,
,,,-4.1676E-06,0.0208157896995544,0.197440903866664,
,,,-4.1674E-06,-0.0461298227310181,0.196938811801374,
,,,-4.1672E-06,0.087761402130127,0.197440903866664,
,,,-4.167E-06,0.0208157896995544,0.197106175823137,
,,,-4.1668E-06,0.0208157896995544,0.19777563191019,
,,,-4.1666E-06,0.087761402130127,0.197440903866664,
,,,-4.1664E-06,-0.0461298227310181,0.196938811801374,
,,,-4.1662E-06,0.0208157896995544,0.196771447779611,
,,,-4.166E-06,-0.113075435161591,0.196938811801374,
,,,-4.1658E-06,0.087761402130127,0.196771447779611,
,,,-4.1656E-06,0.0208157896995544,0.1972735398449,
,,,-4.1654E-06,-0.0461298227310181,0.197608267888427,
,,,-4.1652E-06,-0.0461298227310181,0.196771447779611,
,,,-4.165E-06,0.0208157896995544,0.197106175823137,
,,,-4.1648E-06,0.0208157896995544,0.1972735398449,
,,,-4.1646E-06,-0.0461298227310181,0.197106175823137,
,,,-4.1644E-06,0.087761402130127,0.197608267888427,
,,,-4.1642E-06,0.0208157896995544,0.19777563191019,
,,,-4.164E-06,-0.0461298227310181,0.197106175823137,
,,,-4.1638E-06,0.0208157896995544,0.197608267888427,
,,,-4.1636E-06,0.0208157896995544,0.1972735398449,
,,,-4.1634E-06,-0.0461298227310181,0.1972735398449,
,,,-4.1632E-06,0.087761402130127,0.197942995931953,
,,,-4.163E-06,-0.113075435161591,0.197106175823137,
,,,-4.1628E-06,0.0208157896995544,0.197440903866664,
,,,-4.1626E-06,0.087761402130127,0.1972735398449,
,,,-4.1624E-06,0.0208157896995544,0.197440903866664,
,,,-4.1622E-06,-0.113075435161591,0.196604083757848,
,,,-4.162E-06,-0.0461298227310181,0.196938811801374,
,,,-4.1618E-06,-0.0461298227310181,0.196771447779611,
,,,-4.1616E-06,0.087761402130127,0.197608267888427,
,,,-4.1614E-06,0.0208157896995544,0.197942995931953,
,,,-4.1612E-06,-0.0461298227310181,0.1972735398449,
,,,-4.161E-06,-0.0461298227310181,0.196938811801374,
,,,-4.1608E-06,0.087761402130127,0.197608267888427,
,,,-4.1606E-06,0.087761402130127,0.196771447779611,
,,,-4.1604E-06,0.0208157896995544,0.1972735398449,
,,,-4.1602E-06,0.087761402130127,0.197106175823137,
,,,-4.16E-06,0.087761402130127,0.197440903866664,
,,,-4.1598E-06,0.0208157896995544,0.197440903866664,
,,,-4.1596E-06,0.0208157896995544,0.1972735398449,
,,,-4.1594E-06,0.087761402130127,0.196436719736084,
,,,-4.1592E-06,0.0208157896995544,0.19777563191019,
,,,-4.159E-06,0.0208157896995544,0.196771447779611,
,,,-4.1588E-06,0.0208157896995544,0.196771447779611,
,,,-4.1586E-06,0.0208157896995544,0.197106175823137,
,,,-4.1584E-06,0.0208157896995544,0.197106175823137,
,,,-4.1582E-06,-0.0461298227310181,0.197440903866664,
,,,-4.158E-06,0.087761402130127,0.196771447779611,
,,,-4.1578E-06,-0.0461298227310181,0.197440903866664,
,,,-4.1576E-06,-0.113075435161591,0.196771447779611,
,,,-4.1574E-06,-0.0461298227310181,0.197608267888427,
,,,-4.1572E-06,-0.113075435161591,0.197608267888427,
,,,-4.157E-06,-0.0461298227310181,0.197440903866664,
,,,-4.1568E-06,0.0208157896995544,0.1972735398449,
,,,-4.1566E-06,-0.113075435161591,0.197106175823137,
,,,-4.1564E-06,-0.0461298227310181,0.197608267888427,
,,,-4.1562E-06,0.087761402130127,0.197608267888427,
,,,-4.156E-06,0.0208157896995544,0.197608267888427,
,,,-4.1558E-06,-0.0461298227310181,0.196604083757848,
,,,-4.1556E-06,0.087761402130127,0.19777563191019,
,,,-4.1554E-06,-0.0461298227310181,0.197440903866664,
,,,-4.1552E-06,0.0208157896995544,0.196771447779611,
,,,-4.155E-06,0.0208157896995544,0.197106175823137,
,,,-4.1548E-06,-0.0461298227310181,0.19827772397548,
,,,-4.1546E-06,-0.0461298227310181,0.19777563191019,
,,,-4.1544E-06,0.0208157896995544,0.196938811801374,
,,,-4.1542E-06,-0.0461298227310181,0.1972735398449,
,,,-4.154E-06,0.154707014560699,0.197440903866664,
,,,-4.1538E-06,-0.0461298227310181,0.197106175823137,
,,,-4.1536E-06,-0.0461298227310181,0.196771447779611,
,,,-4.1534E-06,0.154707014560699,0.196938811801374,
,,,-4.1532E-06,-0.0461298227310181,0.197440903866664,
,,,-4.153E-06,0.0208157896995544,0.196771447779611,
,,,-4.1528E-06,0.087761402130127,0.196269355714321,
,,,-4.1526E-06,-0.113075435161591,0.196938811801374,
,,,-4.1524E-06,-0.0461298227310181,0.197106175823137,
,,,-4.1522E-06,0.0208157896995544,0.1972735398449,
,,,-4.152E-06,0.154707014560699,0.1972735398449,
,,,-4.1518E-06,-0.0461298227310181,0.197942995931953,
,,,-4.1516E-06,0.0208157896995544,0.197106175823137,
,,,-4.1514E-06,0.0208157896995544,0.19777563191019,
,,,-4.1512E-06,0.087761402130127,0.198110359953716,
,,,-4.151E-06,0.0208157896995544,0.198110359953716,
,,,-4.1508E-06,-0.0461298227310181,0.19777563191019,
,,,-4.1506E-06,-0.0461298227310181,0.198110359953716,
,,,-4.1504E-06,0.0208157896995544,0.19827772397548,
,,,-4.1502E-06,-0.0461298227310181,0.197608267888427,
,,,-4.15E-06,0.0208157896995544,0.198110359953716,
,,,-4.1498E-06,0.0208157896995544,0.198779816040769,
,,,-4.1496E-06,0.0208157896995544,0.19827772397548,
,,,-4.1494E-06,-0.0461298227310181,0.198445087997243,
,,,-4.1492E-06,0.0208157896995544,0.198110359953716,
,,,-4.149E-06,-0.0461298227310181,0.198612452019006,
,,,-4.1488E-06,-0.0461298227310181,0.198947180062532,
,,,-4.1486E-06,-0.0461298227310181,0.19777563191019,
,,,-4.1484E-06,-0.113075435161591,0.198779816040769,
,,,-4.1482E-06,0.0208157896995544,0.198445087997243,
,,,-4.148E-06,0.087761402130127,0.19827772397548,
,,,-4.1478E-06,-0.0461298227310181,0.198110359953716,
,,,-4.1476E-06,0.0208157896995544,0.197942995931953,
,,,-4.1474E-06,0.0208157896995544,0.197608267888427,
,,,-4.1472E-06,-0.0461298227310181,0.197106175823137,
,,,-4.147E-06,0.087761402130127,0.197942995931953,
,,,-4.1468E-06,-0.0461298227310181,0.19777563191019,
,,,-4.1466E-06,-0.0461298227310181,0.196938811801374,
,,,-4.1464E-06,0.087761402130127,0.1972735398449,
,,,-4.1462E-06,0.0208157896995544,0.196771447779611,
,,,-4.146E-06,0.087761402130127,0.197106175823137,
,,,-4.1458E-06,-0.0461298227310181,0.196604083757848,
,,,-4.1456E-06,0.087761402130127,0.197106175823137,
,,,-4.1454E-06,0.0208157896995544,0.196604083757848,
,,,-4.1452E-06,-0.0461298227310181,0.196269355714321,
,,,-4.145E-06,0.0208157896995544,0.197106175823137,
,,,-4.1448E-06,-0.113075435161591,0.196604083757848,
,,,-4.1446E-06,0.0208157896995544,0.196436719736084,
,,,-4.1444E-06,0.0208157896995544,0.196771447779611,
,,,-4.1442E-06,0.0208157896995544,0.196101991692558,
,,,-4.144E-06,-0.0461298227310181,0.195934627670795,
,,,-4.1438E-06,-0.0461298227310181,0.196101991692558,
,,,-4.1436E-06,0.0208157896995544,0.196771447779611,
,,,-4.1434E-06,0.0208157896995544,0.196269355714321,
,,,-4.1432E-06,-0.113075435161591,0.195599899627268,
,,,-4.143E-06,-0.0461298227310181,0.1972735398449,
,,,-4.1428E-06,0.0208157896995544,0.196436719736084,
,,,-4.1426E-06,-0.0461298227310181,0.196269355714321,
,,,-4.1424E-06,0.0208157896995544,0.196771447779611,
,,,-4.1422E-06,-0.0461298227310181,0.196938811801374,
,,,-4.142E-06,-0.0461298227310181,0.196771447779611,
,,,-4.1418E-06,0.0208157896995544,0.196771447779611,
,,,-4.1416E-06,-0.0461298227310181,0.1972735398449,
,,,-4.1414E-06,0.087761402130127,0.196771447779611,
,,,-4.1412E-06,0.087761402130127,0.196604083757848,
,,,-4.141E-06,-0.0461298227310181,0.196938811801374,
,,,-4.1408E-06,-0.0461298227310181,0.196938811801374,
,,,-4.1406E-06,0.154707014560699,0.197106175823137,
,,,-4.1404E-06,-0.0461298227310181,0.197106175823137,
,,,-4.1402E-06,0.087761402130127,0.197106175823137,
,,,-4.14E-06,0.0208157896995544,0.196938811801374,
,,,-4.1398E-06,-0.0461298227310181,0.197608267888427,
,,,-4.1396E-06,0.0208157896995544,0.196938811801374,
,,,-4.1394E-06,0.087761402130127,0.197440903866664,
,,,-4.1392E-06,0.0208157896995544,0.197608267888427,
,,,-4.139E-06,0.0208157896995544,0.196604083757848,
,,,-4.1388E-06,0.087761402130127,0.196938811801374,
,,,-4.1386E-06,0.0208157896995544,0.1972735398449,
,,,-4.1384E-06,0.0208157896995544,0.196771447779611,
,,,-4.1382E-06,0.0208157896995544,0.196771447779611,
,,,-4.138E-06,-0.113075435161591,0.196938811801374,
,,,-4.1378E-06,-0.0461298227310181,0.196771447779611,
,,,-4.1376E-06,0.087761402130127,0.196938811801374,
,,,-4.1374E-06,-0.113075435161591,0.196938811801374,
,,,-4.1372E-06,-0.0461298227310181,0.196938811801374,
,,,-4.137E-06,0.0208157896995544,0.196269355714321,
,,,-4.1368E-06,-0.0461298227310181,0.196604083757848,
,,,-4.1366E-06,-0.113075435161591,0.197440903866664,
,,,-4.1364E-06,0.0208157896995544,0.19777563191019,
,,,-4.1362E-06,-0.0461298227310181,0.1972735398449,
,,,-4.136E-06,0.0208157896995544,0.196771447779611,
,,,-4.1358E-06,0.0208157896995544,0.197608267888427,
,,,-4.1356E-06,0.0208157896995544,0.197440903866664,
,,,-4.1354E-06,0.0208157896995544,0.1972735398449,
,,,-4.1352E-06,0.087761402130127,0.197942995931953,
,,,-4.135E-06,-0.0461298227310181,0.198110359953716,
,,,-4.1348E-06,0.0208157896995544,0.197106175823137,
,,,-4.1346E-06,0.0208157896995544,0.197942995931953,
,,,-4.1344E-06,0.0208157896995544,0.197942995931953,
,,,-4.1342E-06,0.087761402130127,0.197942995931953,
,,,-4.134E-06,-0.0461298227310181,0.198110359953716,
,,,-4.1338E-06,0.0208157896995544,0.197942995931953,
,,,-4.1336E-06,-0.0461298227310181,0.198947180062532,
,,,-4.1334E-06,-0.0461298227310181,0.19827772397548,
,,,-4.1332E-06,0.0208157896995544,0.19777563191019,
,,,-4.133E-06,-0.0461298227310181,0.199114544084296,
,,,-4.1328E-06,0.087761402130127,0.198779816040769,
,,,-4.1326E-06,-0.0461298227310181,0.198110359953716,
,,,-4.1324E-06,0.0208157896995544,0.198445087997243,
,,,-4.1322E-06,-0.0461298227310181,0.198779816040769,
,,,-4.132E-06,0.087761402130127,0.19827772397548,
,,,-4.1318E-06,-0.0461298227310181,0.198612452019006,
,,,-4.1316E-06,-0.113075435161591,0.19827772397548,
,,,-4.1314E-06,0.0208157896995544,0.197942995931953,
,,,-4.1312E-06,0.0208157896995544,0.198110359953716,
,,,-4.131E-06,-0.180021047592163,0.197440903866664,
,,,-4.1308E-06,-0.0461298227310181,0.197608267888427,
,,,-4.1306E-06,0.0208157896995544,0.196604083757848,
,,,-4.1304E-06,0.0208157896995544,0.196771447779611,
,,,-4.1302E-06,-0.113075435161591,0.196436719736084,
,,,-4.13E-06,0.087761402130127,0.197440903866664,
,,,-4.1298E-06,-0.0461298227310181,0.197106175823137,
,,,-4.1296E-06,0.0208157896995544,0.196436719736084,
,,,-4.1294E-06,0.0208157896995544,0.196604083757848,
,,,-4.1292E-06,0.0208157896995544,0.195599899627268,
,,,-4.129E-06,0.0208157896995544,0.196604083757848,
,,,-4.1288E-06,-0.0461298227310181,0.196604083757848,
,,,-4.1286E-06,0.0208157896995544,0.196269355714321,
,,,-4.1284E-06,0.154707014560699,0.196436719736084,
,,,-4.1282E-06,0.0208157896995544,0.196101991692558,
,,,-4.128E-06,-0.0461298227310181,0.195599899627268,
,,,-4.1278E-06,0.0208157896995544,0.196436719736084,
,,,-4.1276E-06,0.0208157896995544,0.195934627670795,
,,,-4.1274E-06,0.0208157896995544,0.196101991692558,
,,,-4.1272E-06,0.087761402130127,0.195767263649032,
,,,-4.127E-06,-0.0461298227310181,0.196436719736084,
,,,-4.1268E-06,0.0208157896995544,0.195767263649032,
,,,-4.1266E-06,-0.0461298227310181,0.196436719736084,
,,,-4.1264E-06,-0.0461298227310181,0.196101991692558,
,,,-4.1262E-06,-0.0461298227310181,0.195432535605505,
,,,-4.126E-06,0.087761402130127,0.196101991692558,
,,,-4.1258E-06,-0.113075435161591,0.196436719736084,
,,,-4.1256E-06,0.0208157896995544,0.195767263649032,
,,,-4.1254E-06,0.0208157896995544,0.195265171583742,
,,,-4.1252E-06,-0.0461298227310181,0.195934627670795,
,,,-4.125E-06,-0.0461298227310181,0.195097807561979,
,,,-4.1248E-06,0.0208157896995544,0.195767263649032,
,,,-4.1246E-06,-0.113075435161591,0.195599899627268,
,,,-4.1244E-06,0.0208157896995544,0.195599899627268,
,,,-4.1242E-06,0.087761402130127,0.196101991692558,
,,,-4.124E-06,0.0208157896995544,0.194595715496689,
,,,-4.1238E-06,-0.0461298227310181,0.195934627670795,
,,,-4.1236E-06,0.0208157896995544,0.195599899627268,
,,,-4.1234E-06,0.0208157896995544,0.195599899627268,
,,,-4.1232E-06,-0.0461298227310181,0.195265171583742,
,,,-4.123E-06,0.0208157896995544,0.196101991692558,
,,,-4.1228E-06,0.087761402130127,0.195767263649032,
,,,-4.1226E-06,-0.113075435161591,0.195265171583742,
,,,-4.1224E-06,-0.113075435161591,0.195934627670795,
,,,-4.1222E-06,0.0208157896995544,0.195934627670795,
,,,-4.122E-06,0.087761402130127,0.195097807561979,
,,,-4.1218E-06,0.0208157896995544,0.195432535605505,
,,,-4.1216E-06,-0.0461298227310181,0.195097807561979,
,,,-4.1214E-06,0.0208157896995544,0.196101991692558,
,,,-4.1212E-06,-0.0461298227310181,0.196436719736084,
,,,-4.121E-06,-0.0461298227310181,0.196436719736084,
,,,-4.1208E-06,0.0208157896995544,0.195934627670795,
,,,-4.1206E-06,0.0208157896995544,0.196604083757848,
,,,-4.1204E-06,-0.0461298227310181,0.196101991692558,
,,,-4.1202E-06,0.0208157896995544,0.196604083757848,
,,,-4.12E-06,0.087761402130127,0.1972735398449,
,,,-4.1198E-06,-0.0461298227310181,0.197608267888427,
,,,-4.1196E-06,0.087761402130127,0.196771447779611,
,,,-4.1194E-06,0.0208157896995544,0.198110359953716,
,,,-4.1192E-06,-0.113075435161591,0.197440903866664,
,,,-4.119E-06,0.0208157896995544,0.1972735398449,
,,,-4.1188E-06,0.0208157896995544,0.197440903866664,
,,,-4.1186E-06,0.0208157896995544,0.19777563191019,
,,,-4.1184E-06,0.0208157896995544,0.197608267888427,
,,,-4.1182E-06,-0.0461298227310181,0.19777563191019,
,,,-4.118E-06,0.087761402130127,0.198445087997243,
,,,-4.1178E-06,0.0208157896995544,0.19777563191019,
,,,-4.1176E-06,-0.0461298227310181,0.197608267888427,
,,,-4.1174E-06,-0.0461298227310181,0.19777563191019,
,,,-4.1172E-06,0.0208157896995544,0.198110359953716,
,,,-4.117E-06,-0.0461298227310181,0.197942995931953,
,,,-4.1168E-06,-0.0461298227310181,0.198445087997243,
,,,-4.1166E-06,0.0208157896995544,0.198110359953716,
,,,-4.1164E-06,-0.0461298227310181,0.198110359953716,
,,,-4.1162E-06,0.0208157896995544,0.197106175823137,
,,,-4.116E-06,0.087761402130127,0.197608267888427,
,,,-4.1158E-06,-0.0461298227310181,0.19827772397548,
,,,-4.1156E-06,0.0208157896995544,0.197608267888427,
,,,-4.1154E-06,0.087761402130127,0.19777563191019,
,,,-4.1152E-06,0.0208157896995544,0.197942995931953,
,,,-4.115E-06,0.0208157896995544,0.197942995931953,
,,,-4.1148E-06,-0.0461298227310181,0.197440903866664,
,,,-4.1146E-06,0.0208157896995544,0.19777563191019,
,,,-4.1144E-06,0.087761402130127,0.197942995931953,
,,,-4.1142E-06,-0.0461298227310181,0.1972735398449,
,,,-4.114E-06,-0.0461298227310181,0.19777563191019,
,,,-4.1138E-06,0.087761402130127,0.197106175823137,
,,,-4.1136E-06,0.087761402130127,0.197106175823137,
,,,-4.1134E-06,-0.0461298227310181,0.19777563191019,
,,,-4.1132E-06,0.0208157896995544,0.196604083757848,
,,,-4.113E-06,0.087761402130127,0.1972735398449,
,,,-4.1128E-06,-0.0461298227310181,0.197440903866664,
,,,-4.1126E-06,-0.0461298227310181,0.197106175823137,
,,,-4.1124E-06,0.0208157896995544,0.196101991692558,
,,,-4.1122E-06,0.0208157896995544,0.196604083757848,
,,,-4.112E-06,0.087761402130127,0.196771447779611,
,,,-4.1118E-06,-0.0461298227310181,0.196771447779611,
,,,-4.1116E-06,0.0208157896995544,0.196938811801374,
,,,-4.1114E-06,0.0208157896995544,0.196101991692558,
,,,-4.1112E-06,0.087761402130127,0.196771447779611,
,,,-4.111E-06,0.0208157896995544,0.196101991692558,
,,,-4.1108E-06,-0.0461298227310181,0.196771447779611,
,,,-4.1106E-06,-0.0461298227310181,0.196269355714321,
,,,-4.1104E-06,0.0208157896995544,0.196101991692558,
,,,-4.1102E-06,-0.0461298227310181,0.195599899627268,
,,,-4.11E-06,-0.0461298227310181,0.196436719736084,
,,,-4.1098E-06,0.0208157896995544,0.196771447779611,
,,,-4.1096E-06,0.087761402130127,0.196938811801374,
,,,-4.1094E-06,-0.0461298227310181,0.195934627670795,
,,,-4.1092E-06,0.087761402130127,0.195934627670795,
,,,-4.109E-06,-0.0461298227310181,0.195934627670795,
,,,-4.1088E-06,0.0208157896995544,0.195767263649032,
,,,-4.1086E-06,0.087761402130127,0.196269355714321,
,,,-4.1084E-06,-0.0461298227310181,0.195767263649032,
,,,-4.1082E-06,0.0208157896995544,0.195934627670795,
,,,-4.108E-06,0.087761402130127,0.195934627670795,
,,,-4.1078E-06,0.0208157896995544,0.195934627670795,
,,,-4.1076E-06,0.0208157896995544,0.195767263649032,
,,,-4.1074E-06,-0.0461298227310181,0.195599899627268,
,,,-4.1072E-06,0.087761402130127,0.196771447779611,
,,,-4.107E-06,-0.0461298227310181,0.195934627670795,
,,,-4.1068E-06,0.154707014560699,0.195265171583742,
,,,-4.1066E-06,-0.0461298227310181,0.196436719736084,
,,,-4.1064E-06,-0.0461298227310181,0.195767263649032,
,,,-4.1062E-06,0.0208157896995544,0.195934627670795,
,,,-4.106E-06,-0.0461298227310181,0.196269355714321,
,,,-4.1058E-06,-0.0461298227310181,0.195767263649032,
,,,-4.1056E-06,0.087761402130127,0.196101991692558,
,,,-4.1054E-06,-0.0461298227310181,0.195934627670795,
,,,-4.1052E-06,-0.0461298227310181,0.195934627670795,
,,,-4.105E-06,0.087761402130127,0.195767263649032,
,,,-4.1048E-06,0.0208157896995544,0.195599899627268,
,,,-4.1046E-06,-0.0461298227310181,0.195265171583742,
,,,-4.1044E-06,-0.0461298227310181,0.195934627670795,
,,,-4.1042E-06,0.0208157896995544,0.195934627670795,
,,,-4.104E-06,0.0208157896995544,0.195934627670795,
,,,-4.1038E-06,-0.0461298227310181,0.195934627670795,
,,,-4.1036E-06,0.0208157896995544,0.195934627670795,
,,,-4.1034E-06,-0.0461298227310181,0.195934627670795,
,,,-4.1032E-06,0.0208157896995544,0.196101991692558,
,,,-4.103E-06,0.0208157896995544,0.196101991692558,
,,,-4.1028E-06,0.087761402130127,0.196436719736084,
,,,-4.1026E-06,0.087761402130127,0.195934627670795,
,,,-4.1024E-06,-0.0461298227310181,0.196436719736084,
,,,-4.1022E-06,0.087761402130127,0.195599899627268,
,,,-4.102E-06,-0.0461298227310181,0.196269355714321,
,,,-4.1018E-06,-0.0461298227310181,0.196604083757848,
,,,-4.1016E-06,0.0208157896995544,0.196604083757848,
,,,-4.1014E-06,0.087761402130127,0.196436719736084,
,,,-4.1012E-06,0.0208157896995544,0.195767263649032,
,,,-4.101E-06,-0.0461298227310181,0.197608267888427,
,,,-4.1008E-06,0.087761402130127,0.196938811801374,
,,,-4.1006E-06,-0.0461298227310181,0.1972735398449,
,,,-4.1004E-06,0.087761402130127,0.196604083757848,
,,,-4.1002E-06,0.0208157896995544,0.196771447779611,
,,,-4.1E-06,-0.0461298227310181,0.196938811801374,
,,,-4.0998E-06,0.0208157896995544,0.197440903866664,
,,,-4.0996E-06,-0.0461298227310181,0.1972735398449,
,,,-4.0994E-06,-0.113075435161591,0.1972735398449,
,,,-4.0992E-06,0.087761402130127,0.19777563191019,
,,,-4.099E-06,-0.113075435161591,0.197942995931953,
,,,-4.0988E-06,0.0208157896995544,0.197608267888427,
,,,-4.0986E-06,-0.0461298227310181,0.197608267888427,
,,,-4.0984E-06,0.0208157896995544,0.19777563191019,
,,,-4.0982E-06,-0.0461298227310181,0.197106175823137,
,,,-4.098E-06,-0.0461298227310181,0.197608267888427,
,,,-4.0978E-06,-0.0461298227310181,0.197440903866664,
,,,-4.0976E-06,-0.0461298227310181,0.19777563191019,
,,,-4.0974E-06,-0.113075435161591,0.197608267888427,
,,,-4.0972E-06,0.0208157896995544,0.19777563191019,
,,,-4.097E-06,-0.0461298227310181,0.197942995931953,
,,,-4.0968E-06,0.087761402130127,0.198779816040769,
,,,-4.0966E-06,0.0208157896995544,0.198612452019006,
,,,-4.0964E-06,0.154707014560699,0.197942995931953,
,,,-4.0962E-06,0.0208157896995544,0.19777563191019,
,,,-4.096E-06,0.0208157896995544,0.19777563191019,
,,,-4.0958E-06,0.087761402130127,0.198779816040769,
,,,-4.0956E-06,-0.0461298227310181,0.19777563191019,
,,,-4.0954E-06,0.087761402130127,0.197608267888427,
,,,-4.0952E-06,0.087761402130127,0.197440903866664,
,,,-4.095E-06,0.0208157896995544,0.197440903866664,
,,,-4.0948E-06,0.0208157896995544,0.197608267888427,
,,,-4.0946E-06,-0.0461298227310181,0.19827772397548,
,,,-4.0944E-06,0.087761402130127,0.19777563191019,
,,,-4.0942E-06,0.0208157896995544,0.197608267888427,
,,,-4.094E-06,0.0208157896995544,0.197942995931953,
,,,-4.0938E-06,-0.0461298227310181,0.197440903866664,
,,,-4.0936E-06,0.0208157896995544,0.1972735398449,
,,,-4.0934E-06,0.0208157896995544,0.19777563191019,
,,,-4.0932E-06,-0.113075435161591,0.19777563191019,
,,,-4.093E-06,0.0208157896995544,0.197608267888427,
,,,-4.0928E-06,0.087761402130127,0.198110359953716,
,,,-4.0926E-06,-0.113075435161591,0.197608267888427,
,,,-4.0924E-06,-0.0461298227310181,0.198110359953716,
,,,-4.0922E-06,0.0208157896995544,0.197942995931953,
,,,-4.092E-06,0.0208157896995544,0.197608267888427,
,,,-4.0918E-06,0.0208157896995544,0.19777563191019,
,,,-4.0916E-06,0.0208157896995544,0.19777563191019,
,,,-4.0914E-06,-0.0461298227310181,0.197106175823137,
,,,-4.0912E-06,0.0208157896995544,0.197106175823137,
,,,-4.091E-06,-0.0461298227310181,0.197106175823137,
,,,-4.0908E-06,-0.0461298227310181,0.197106175823137,
,,,-4.0906E-06,-0.0461298227310181,0.196938811801374,
,,,-4.0904E-06,0.087761402130127,0.197440903866664,
,,,-4.0902E-06,0.0208157896995544,0.197440903866664,
,,,-4.09E-06,0.0208157896995544,0.19777563191019,
,,,-4.0898E-06,0.0208157896995544,0.1972735398449,
,,,-4.0896E-06,-0.0461298227310181,0.196938811801374,
,,,-4.0894E-06,-0.0461298227310181,0.196938811801374,
,,,-4.0892E-06,-0.113075435161591,0.197608267888427,
,,,-4.089E-06,-0.0461298227310181,0.197608267888427,
,,,-4.0888E-06,0.0208157896995544,0.197942995931953,
,,,-4.0886E-06,0.0208157896995544,0.196938811801374,
,,,-4.0884E-06,-0.0461298227310181,0.197608267888427,
,,,-4.0882E-06,0.0208157896995544,0.19827772397548,
,,,-4.088E-06,0.0208157896995544,0.197440903866664,
,,,-4.0878E-06,-0.113075435161591,0.197106175823137,
,,,-4.0876E-06,0.0208157896995544,0.1972735398449,
,,,-4.0874E-06,0.0208157896995544,0.197440903866664,
,,,-4.0872E-06,-0.0461298227310181,0.197106175823137,
,,,-4.087E-06,-0.0461298227310181,0.197608267888427,
,,,-4.0868E-06,0.0208157896995544,0.198110359953716,
,,,-4.0866E-06,-0.0461298227310181,0.197440903866664,
,,,-4.0864E-06,0.087761402130127,0.19777563191019,
,,,-4.0862E-06,-0.113075435161591,0.197106175823137,
,,,-4.086E-06,-0.113075435161591,0.197608267888427,
,,,-4.0858E-06,0.0208157896995544,0.196436719736084,
,,,-4.0856E-06,0.0208157896995544,0.197106175823137,
,,,-4.0854E-06,-0.0461298227310181,0.1972735398449,
,,,-4.0852E-06,0.0208157896995544,0.1972735398449,
,,,-4.085E-06,-0.113075435161591,0.196938811801374,
,,,-4.0848E-06,-0.0461298227310181,0.196938811801374,
,,,-4.0846E-06,0.0208157896995544,0.197440903866664,
,,,-4.0844E-06,0.0208157896995544,0.196771447779611,
,,,-4.0842E-06,-0.113075435161591,0.196604083757848,
,,,-4.084E-06,0.087761402130127,0.196771447779611,
,,,-4.0838E-06,-0.0461298227310181,0.197608267888427,
,,,-4.0836E-06,-0.0461298227310181,0.197608267888427,
,,,-4.0834E-06,0.0208157896995544,0.196938811801374,
,,,-4.0832E-06,-0.0461298227310181,0.196771447779611,
,,,-4.083E-06,0.0208157896995544,0.1972735398449,
,,,-4.0828E-06,-0.0461298227310181,0.197440903866664,
,,,-4.0826E-06,-0.0461298227310181,0.196604083757848,
,,,-4.0824E-06,0.0208157896995544,0.197106175823137,
,,,-4.0822E-06,-0.0461298227310181,0.196771447779611,
,,,-4.082E-06,0.0208157896995544,0.1972735398449,
,,,-4.0818E-06,-0.113075435161591,0.197440903866664,
,,,-4.0816E-06,0.087761402130127,0.196938811801374,
,,,-4.0814E-06,-0.0461298227310181,0.1972735398449,
,,,-4.0812E-06,-0.0461298227310181,0.197608267888427,
,,,-4.081E-06,-0.0461298227310181,0.197106175823137,
,,,-4.0808E-06,-0.0461298227310181,0.196938811801374,
,,,-4.0806E-06,-0.0461298227310181,0.1972735398449,
,,,-4.0804E-06,-0.0461298227310181,0.197440903866664,
,,,-4.0802E-06,-0.0461298227310181,0.197608267888427,
,,,-4.08E-06,0.0208157896995544,0.197942995931953,
,,,-4.0798E-06,-0.113075435161591,0.1972735398449,
,,,-4.0796E-06,0.0208157896995544,0.1972735398449,
,,,-4.0794E-06,-0.0461298227310181,0.198110359953716,
,,,-4.0792E-06,0.0208157896995544,0.198110359953716,
,,,-4.079E-06,0.0208157896995544,0.198445087997243,
,,,-4.0788E-06,-0.0461298227310181,0.198612452019006,
,,,-4.0786E-06,-0.0461298227310181,0.19777563191019,
,,,-4.0784E-06,0.0208157896995544,0.19777563191019,
,,,-4.0782E-06,0.0208157896995544,0.19827772397548,
,,,-4.078E-06,-0.0461298227310181,0.198445087997243,
,,,-4.0778E-06,0.087761402130127,0.197608267888427,
,,,-4.0776E-06,-0.0461298227310181,0.197440903866664,
,,,-4.0774E-06,-0.0461298227310181,0.198445087997243,
,,,-4.0772E-06,0.0208157896995544,0.198612452019006,
,,,-4.077E-06,0.0208157896995544,0.197608267888427,
,,,-4.0768E-06,0.0208157896995544,0.197106175823137,
,,,-4.0766E-06,0.0208157896995544,0.197440903866664,
,,,-4.0764E-06,-0.0461298227310181,0.19777563191019,
,,,-4.0762E-06,0.087761402130127,0.197942995931953,
,,,-4.076E-06,0.0208157896995544,0.1972735398449,
,,,-4.0758E-06,-0.0461298227310181,0.197440903866664,
,,,-4.0756E-06,0.0208157896995544,0.19777563191019,
,,,-4.0754E-06,-0.113075435161591,0.197942995931953,
,,,-4.0752E-06,0.087761402130127,0.197106175823137,
,,,-4.075E-06,0.0208157896995544,0.197942995931953,
,,,-4.0748E-06,-0.0461298227310181,0.197608267888427,
,,,-4.0746E-06,-0.0461298227310181,0.19777563191019,
,,,-4.0744E-06,0.0208157896995544,0.197942995931953,
,,,-4.0742E-06,0.0208157896995544,0.197440903866664,
,,,-4.074E-06,-0.0461298227310181,0.197608267888427,
,,,-4.0738E-06,0.154707014560699,0.19827772397548,
,,,-4.0736E-06,-0.0461298227310181,0.197608267888427,
,,,-4.0734E-06,-0.113075435161591,0.197106175823137,
,,,-4.0732E-06,-0.0461298227310181,0.19777563191019,
,,,-4.073E-06,-0.0461298227310181,0.19777563191019,
,,,-4.0728E-06,-0.0461298227310181,0.19777563191019,
,,,-4.0726E-06,-0.0461298227310181,0.19777563191019,
,,,-4.0724E-06,0.0208157896995544,0.198110359953716,
,,,-4.0722E-06,-0.0461298227310181,0.197942995931953,
,,,-4.072E-06,-0.0461298227310181,0.198779816040769,
,,,-4.0718E-06,-0.0461298227310181,0.19827772397548,
,,,-4.0716E-06,0.0208157896995544,0.19827772397548,
,,,-4.0714E-06,-0.0461298227310181,0.197608267888427,
,,,-4.0712E-06,0.0208157896995544,0.198445087997243,
,,,-4.071E-06,0.0208157896995544,0.197942995931953,
,,,-4.0708E-06,0.0208157896995544,0.197942995931953,
,,,-4.0706E-06,0.0208157896995544,0.198612452019006,
,,,-4.0704E-06,-0.0461298227310181,0.19827772397548,
,,,-4.0702E-06,0.087761402130127,0.197942995931953,
,,,-4.07E-06,-0.0461298227310181,0.197440903866664,
,,,-4.0698E-06,-0.0461298227310181,0.198110359953716,
,,,-4.0696E-06,0.0208157896995544,0.19827772397548,
,,,-4.0694E-06,-0.0461298227310181,0.197608267888427,
,,,-4.0692E-06,0.0208157896995544,0.198445087997243,
,,,-4.069E-06,0.087761402130127,0.198110359953716,
,,,-4.0688E-06,0.087761402130127,0.1972735398449,
,,,-4.0686E-06,0.0208157896995544,0.19827772397548,
,,,-4.0684E-06,-0.0461298227310181,0.198110359953716,
,,,-4.0682E-06,0.0208157896995544,0.19777563191019,
,,,-4.068E-06,0.0208157896995544,0.197608267888427,
,,,-4.0678E-06,-0.0461298227310181,0.198445087997243,
,,,-4.0676E-06,0.0208157896995544,0.197942995931953,
,,,-4.0674E-06,-0.0461298227310181,0.19777563191019,
,,,-4.0672E-06,0.087761402130127,0.197942995931953,
,,,-4.067E-06,-0.180021047592163,0.197106175823137,
,,,-4.0668E-06,-0.113075435161591,0.198110359953716,
,,,-4.0666E-06,0.0208157896995544,0.197440903866664,
,,,-4.0664E-06,0.0208157896995544,0.197942995931953,
,,,-4.0662E-06,-0.0461298227310181,0.19827772397548,
,,,-4.066E-06,0.0208157896995544,0.19777563191019,
,,,-4.0658E-06,-0.0461298227310181,0.197942995931953,
,,,-4.0656E-06,-0.0461298227310181,0.197440903866664,
,,,-4.0654E-06,-0.113075435161591,0.197608267888427,
,,,-4.0652E-06,-0.0461298227310181,0.197942995931953,
,,,-4.065E-06,-0.0461298227310181,0.197440903866664,
,,,-4.0648E-06,0.0208157896995544,0.197608267888427,
,,,-4.0646E-06,0.0208157896995544,0.197608267888427,
,,,-4.0644E-06,0.087761402130127,0.197440903866664,
,,,-4.0642E-06,0.0208157896995544,0.197106175823137,
,,,-4.064E-06,0.0208157896995544,0.1972735398449,
,,,-4.0638E-06,0.087761402130127,0.196771447779611,
,,,-4.0636E-06,-0.0461298227310181,0.197106175823137,
,,,-4.0634E-06,-0.0461298227310181,0.197106175823137,
,,,-4.0632E-06,0.0208157896995544,0.1972735398449,
,,,-4.063E-06,-0.113075435161591,0.197440903866664,
,,,-4.0628E-06,0.0208157896995544,0.196269355714321,
,,,-4.0626E-06,0.0208157896995544,0.196604083757848,
,,,-4.0624E-06,0.087761402130127,0.196771447779611,
,,,-4.0622E-06,-0.0461298227310181,0.196938811801374,
,,,-4.062E-06,0.0208157896995544,0.197106175823137,
,,,-4.0618E-06,-0.0461298227310181,0.198110359953716,
,,,-4.0616E-06,-0.0461298227310181,0.19777563191019,
,,,-4.0614E-06,-0.0461298227310181,0.196604083757848,
,,,-4.0612E-06,-0.0461298227310181,0.196771447779611,
,,,-4.061E-06,-0.0461298227310181,0.196604083757848,
,,,-4.0608E-06,0.0208157896995544,0.195934627670795,
,,,-4.0606E-06,-0.113075435161591,0.196771447779611,
,,,-4.0604E-06,-0.0461298227310181,0.196269355714321,
,,,-4.0602E-06,-0.0461298227310181,0.195934627670795,
,,,-4.06E-06,0.0208157896995544,0.195934627670795,
,,,-4.0598E-06,-0.113075435161591,0.196269355714321,
,,,-4.0596E-06,-0.0461298227310181,0.195432535605505,
,,,-4.0594E-06,-0.0461298227310181,0.195265171583742,
,,,-4.0592E-06,-0.0461298227310181,0.196101991692558,
,,,-4.059E-06,-0.113075435161591,0.195767263649032,
,,,-4.0588E-06,0.0208157896995544,0.195767263649032,
,,,-4.0586E-06,-0.113075435161591,0.195599899627268,
,,,-4.0584E-06,0.0208157896995544,0.195767263649032,
,,,-4.0582E-06,0.087761402130127,0.195432535605505,
,,,-4.058E-06,0.087761402130127,0.196101991692558,
,,,-4.0578E-06,0.0208157896995544,0.196436719736084,
,,,-4.0576E-06,-0.0461298227310181,0.195934627670795,
,,,-4.0574E-06,0.087761402130127,0.196771447779611,
,,,-4.0572E-06,-0.0461298227310181,0.196938811801374,
,,,-4.057E-06,0.0208157896995544,0.196771447779611,
,,,-4.0568E-06,0.0208157896995544,0.196269355714321,
,,,-4.0566E-06,-0.113075435161591,0.1972735398449,
,,,-4.0564E-06,-0.0461298227310181,0.196938811801374,
,,,-4.0562E-06,0.0208157896995544,0.197106175823137,
,,,-4.056E-06,0.154707014560699,0.196604083757848,
,,,-4.0558E-06,-0.0461298227310181,0.196604083757848,
,,,-4.0556E-06,0.0208157896995544,0.195599899627268,
,,,-4.0554E-06,0.0208157896995544,0.196436719736084,
,,,-4.0552E-06,0.0208157896995544,0.196436719736084,
,,,-4.055E-06,-0.0461298227310181,0.196436719736084,
,,,-4.0548E-06,-0.0461298227310181,0.196938811801374,
,,,-4.0546E-06,-0.0461298227310181,0.196604083757848,
,,,-4.0544E-06,0.0208157896995544,0.195934627670795,
,,,-4.0542E-06,-0.113075435161591,0.195767263649032,
,,,-4.054E-06,0.0208157896995544,0.196604083757848,
,,,-4.0538E-06,0.087761402130127,0.196771447779611,
,,,-4.0536E-06,-0.0461298227310181,0.196101991692558,
,,,-4.0534E-06,0.0208157896995544,0.197106175823137,
,,,-4.0532E-06,0.0208157896995544,0.196604083757848,
,,,-4.053E-06,-0.0461298227310181,0.196604083757848,
,,,-4.0528E-06,-0.0461298227310181,0.196269355714321,
,,,-4.0526E-06,-0.0461298227310181,0.196938811801374,
,,,-4.0524E-06,0.0208157896995544,0.1972735398449,
,,,-4.0522E-06,-0.0461298227310181,0.197440903866664,
,,,-4.052E-06,0.087761402130127,0.196938811801374,
,,,-4.0518E-06,0.087761402130127,0.197440903866664,
,,,-4.0516E-06,0.087761402130127,0.196938811801374,
,,,-4.0514E-06,0.087761402130127,0.197106175823137,
,,,-4.0512E-06,-0.0461298227310181,0.196938811801374,
,,,-4.051E-06,0.0208157896995544,0.197608267888427,
,,,-4.0508E-06,0.0208157896995544,0.197608267888427,
,,,-4.0506E-06,0.0208157896995544,0.196771447779611,
,,,-4.0504E-06,0.0208157896995544,0.197106175823137,
,,,-4.0502E-06,-0.113075435161591,0.1972735398449,
,,,-4.05E-06,-0.0461298227310181,0.197106175823137,
,,,-4.0498E-06,0.0208157896995544,0.1972735398449,
,,,-4.0496E-06,0.087761402130127,0.19827772397548,
,,,-4.0494E-06,-0.0461298227310181,0.196938811801374,
,,,-4.0492E-06,0.087761402130127,0.19777563191019,
,,,-4.049E-06,0.087761402130127,0.19777563191019,
,,,-4.0488E-06,0.0208157896995544,0.197608267888427,
,,,-4.0486E-06,-0.0461298227310181,0.197608267888427,
,,,-4.0484E-06,0.0208157896995544,0.198110359953716,
,,,-4.0482E-06,-0.0461298227310181,0.1972735398449,
,,,-4.048E-06,0.0208157896995544,0.197942995931953,
,,,-4.0478E-06,-0.113075435161591,0.197942995931953,
,,,-4.0476E-06,-0.0461298227310181,0.19777563191019,
,,,-4.0474E-06,0.0208157896995544,0.19827772397548,
,,,-4.0472E-06,0.0208157896995544,0.198445087997243,
,,,-4.047E-06,0.087761402130127,0.19827772397548,
,,,-4.0468E-06,0.0208157896995544,0.197608267888427,
,,,-4.0466E-06,-0.0461298227310181,0.197608267888427,
,,,-4.0464E-06,0.087761402130127,0.196771447779611,
,,,-4.0462E-06,0.0208157896995544,0.197608267888427,
,,,-4.046E-06,0.0208157896995544,0.197440903866664,
,,,-4.0458E-06,-0.0461298227310181,0.197608267888427,
,,,-4.0456E-06,0.087761402130127,0.197608267888427,
,,,-4.0454E-06,0.0208157896995544,0.1972735398449,
,,,-4.0452E-06,0.087761402130127,0.1972735398449,
,,,-4.045E-06,0.0208157896995544,0.197440903866664,
,,,-4.0448E-06,0.0208157896995544,0.197440903866664,
,,,-4.0446E-06,0.087761402130127,0.1972735398449,
,,,-4.0444E-06,0.0208157896995544,0.196604083757848,
,,,-4.0442E-06,-0.0461298227310181,0.196771447779611,
,,,-4.044E-06,0.0208157896995544,0.1972735398449,
,,,-4.0438E-06,0.087761402130127,0.196771447779611,
,,,-4.0436E-06,-0.0461298227310181,0.1972735398449,
,,,-4.0434E-06,0.0208157896995544,0.197106175823137,
,,,-4.0432E-06,0.154707014560699,0.196771447779611,
,,,-4.043E-06,-0.0461298227310181,0.197106175823137,
,,,-4.0428E-06,-0.0461298227310181,0.197106175823137,
,,,-4.0426E-06,0.087761402130127,0.196436719736084,
,,,-4.0424E-06,-0.0461298227310181,0.196604083757848,
,,,-4.0422E-06,-0.0461298227310181,0.196604083757848,
,,,-4.042E-06,-0.113075435161591,0.196269355714321,
,,,-4.0418E-06,0.0208157896995544,0.195767263649032,
,,,-4.0416E-06,-0.0461298227310181,0.195934627670795,
,,,-4.0414E-06,-0.0461298227310181,0.196436719736084,
,,,-4.0412E-06,-0.0461298227310181,0.196269355714321,
,,,-4.041E-06,0.0208157896995544,0.195599899627268,
,,,-4.0408E-06,0.0208157896995544,0.196269355714321,
,,,-4.0406E-06,-0.113075435161591,0.195767263649032,
,,,-4.0404E-06,0.0208157896995544,0.195599899627268,
,,,-4.0402E-06,-0.0461298227310181,0.197106175823137,
,,,-4.04E-06,0.0208157896995544,0.196436719736084,
,,,-4.0398E-06,-0.113075435161591,0.196771447779611,
,,,-4.0396E-06,-0.0461298227310181,0.196436719736084,
,,,-4.0394E-06,-0.0461298227310181,0.196269355714321,
,,,-4.0392E-06,0.0208157896995544,0.195767263649032,
,,,-4.039E-06,-0.0461298227310181,0.196604083757848,
,,,-4.0388E-06,0.087761402130127,0.195934627670795,
,,,-4.0386E-06,0.0208157896995544,0.196771447779611,
,,,-4.0384E-06,0.0208157896995544,0.196101991692558,
,,,-4.0382E-06,-0.0461298227310181,0.195934627670795,
,,,-4.038E-06,0.0208157896995544,0.195934627670795,
,,,-4.0378E-06,0.0208157896995544,0.195934627670795,
,,,-4.0376E-06,0.0208157896995544,0.195934627670795,
,,,-4.0374E-06,-0.0461298227310181,0.196604083757848,
,,,-4.0372E-06,0.087761402130127,0.196101991692558,
,,,-4.037E-06,0.0208157896995544,0.196269355714321,
,,,-4.0368E-06,0.0208157896995544,0.196269355714321,
,,,-4.0366E-06,-0.113075435161591,0.196269355714321,
,,,-4.0364E-06,0.0208157896995544,0.195599899627268,
,,,-4.0362E-06,0.0208157896995544,0.196101991692558,
,,,-4.036E-06,-0.0461298227310181,0.196269355714321,
,,,-4.0358E-06,0.0208157896995544,0.196436719736084,
,,,-4.0356E-06,0.0208157896995544,0.196771447779611,
,,,-4.0354E-06,-0.0461298227310181,0.196771447779611,
,,,-4.0352E-06,0.087761402130127,0.197440903866664,
,,,-4.035E-06,-0.113075435161591,0.196436719736084,
,,,-4.0348E-06,-0.113075435161591,0.196604083757848,
,,,-4.0346E-06,0.0208157896995544,0.196771447779611,
,,,-4.0344E-06,0.0208157896995544,0.195934627670795,
,,,-4.0342E-06,-0.113075435161591,0.196604083757848,
,,,-4.034E-06,0.0208157896995544,0.197106175823137,
,,,-4.0338E-06,-0.0461298227310181,0.196269355714321,
,,,-4.0336E-06,0.087761402130127,0.196771447779611,
,,,-4.0334E-06,-0.113075435161591,0.197440903866664,
,,,-4.0332E-06,-0.0461298227310181,0.196604083757848,
,,,-4.033E-06,-0.0461298227310181,0.196436719736084,
,,,-4.0328E-06,0.0208157896995544,0.196771447779611,
,,,-4.0326E-06,0.0208157896995544,0.196771447779611,
,,,-4.0324E-06,0.087761402130127,0.196771447779611,
,,,-4.0322E-06,0.0208157896995544,0.1972735398449,
,,,-4.032E-06,-0.0461298227310181,0.196938811801374,
,,,-4.0318E-06,0.0208157896995544,0.196771447779611,
,,,-4.0316E-06,0.0208157896995544,0.197440903866664,
,,,-4.0314E-06,0.087761402130127,0.197106175823137,
,,,-4.0312E-06,-0.0461298227310181,0.19777563191019,
,,,-4.031E-06,0.0208157896995544,0.1972735398449,
,,,-4.0308E-06,-0.0461298227310181,0.197942995931953,
,,,-4.0306E-06,0.0208157896995544,0.197106175823137,
,,,-4.0304E-06,0.154707014560699,0.198445087997243,
,,,-4.0302E-06,-0.0461298227310181,0.197106175823137,
,,,-4.03E-06,0.0208157896995544,0.1972735398449,
,,,-4.0298E-06,0.0208157896995544,0.198110359953716,
,,,-4.0296E-06,-0.0461298227310181,0.198612452019006,
,,,-4.0294E-06,0.087761402130127,0.198110359953716,
,,,-4.0292E-06,-0.0461298227310181,0.198445087997243,
,,,-4.029E-06,-0.0461298227310181,0.197942995931953,
,,,-4.0288E-06,0.0208157896995544,0.197942995931953,
,,,-4.0286E-06,-0.113075435161591,0.198110359953716,
,,,-4.0284E-06,0.0208157896995544,0.197942995931953,
,,,-4.0282E-06,0.087761402130127,0.19777563191019,
,,,-4.028E-06,0.0208157896995544,0.197608267888427,
,,,-4.0278E-06,-0.0461298227310181,0.198779816040769,
,,,-4.0276E-06,-0.0461298227310181,0.198445087997243,
,,,-4.0274E-06,-0.0461298227310181,0.19777563191019,
,,,-4.0272E-06,0.0208157896995544,0.198445087997243,
,,,-4.027E-06,-0.0461298227310181,0.19827772397548,
,,,-4.0268E-06,0.0208157896995544,0.198612452019006,
,,,-4.0266E-06,-0.0461298227310181,0.198779816040769,
,,,-4.0264E-06,0.0208157896995544,0.198779816040769,
,,,-4.0262E-06,-0.0461298227310181,0.198110359953716,
,,,-4.026E-06,0.087761402130127,0.197942995931953,
,,,-4.0258E-06,0.087761402130127,0.19777563191019,
,,,-4.0256E-06,-0.0461298227310181,0.19827772397548,
,,,-4.0254E-06,-0.0461298227310181,0.198779816040769,
,,,-4.0252E-06,-0.0461298227310181,0.198445087997243,
,,,-4.025E-06,-0.0461298227310181,0.197942995931953,
,,,-4.0248E-06,-0.0461298227310181,0.198612452019006,
,,,-4.0246E-06,-0.113075435161591,0.197106175823137,
,,,-4.0244E-06,0.0208157896995544,0.197608267888427,
,,,-4.0242E-06,0.087761402130127,0.19827772397548,
,,,-4.024E-06,0.087761402130127,0.19827772397548,
,,,-4.0238E-06,0.0208157896995544,0.197942995931953,
,,,-4.0236E-06,-0.0461298227310181,0.197942995931953,
,,,-4.0234E-06,-0.0461298227310181,0.19777563191019,
,,,-4.0232E-06,-0.0461298227310181,0.19777563191019,
,,,-4.023E-06,0.0208157896995544,0.197942995931953,
,,,-4.0228E-06,0.0208157896995544,0.197608267888427,
,,,-4.0226E-06,-0.0461298227310181,0.197440903866664,
,,,-4.0224E-06,0.154707014560699,0.19777563191019,
,,,-4.0222E-06,-0.0461298227310181,0.19777563191019,
,,,-4.022E-06,0.0208157896995544,0.197440903866664,
,,,-4.0218E-06,0.0208157896995544,0.197440903866664,
,,,-4.0216E-06,0.087761402130127,0.197608267888427,
,,,-4.0214E-06,-0.0461298227310181,0.196938811801374,
,,,-4.0212E-06,0.087761402130127,0.1972735398449,
,,,-4.021E-06,-0.0461298227310181,0.196938811801374,
,,,-4.0208E-06,0.0208157896995544,0.196771447779611,
,,,-4.0206E-06,-0.0461298227310181,0.197106175823137,
,,,-4.0204E-06,0.0208157896995544,0.196938811801374,
,,,-4.0202E-06,-0.0461298227310181,0.196436719736084,
,,,-4.02E-06,0.0208157896995544,0.196771447779611,
,,,-4.0198E-06,0.0208157896995544,0.1972735398449,
,,,-4.0196E-06,0.0208157896995544,0.195767263649032,
,,,-4.0194E-06,0.0208157896995544,0.196604083757848,
,,,-4.0192E-06,0.0208157896995544,0.196436719736084,
,,,-4.019E-06,0.0208157896995544,0.196269355714321,
,,,-4.0188E-06,-0.0461298227310181,0.196101991692558,
,,,-4.0186E-06,0.0208157896995544,0.196269355714321,
,,,-4.0184E-06,0.0208157896995544,0.196269355714321,
,,,-4.0182E-06,-0.0461298227310181,0.196436719736084,
,,,-4.018E-06,0.0208157896995544,0.196101991692558,
,,,-4.0178E-06,0.0208157896995544,0.196436719736084,
,,,-4.0176E-06,0.087761402130127,0.195934627670795,
,,,-4.0174E-06,-0.0461298227310181,0.195934627670795,
,,,-4.0172E-06,0.087761402130127,0.195767263649032,
,,,-4.017E-06,-0.0461298227310181,0.196436719736084,
,,,-4.0168E-06,0.0208157896995544,0.196938811801374,
,,,-4.0166E-06,0.0208157896995544,0.195265171583742,
,,,-4.0164E-06,-0.0461298227310181,0.195097807561979,
,,,-4.0162E-06,0.0208157896995544,0.196101991692558,
,,,-4.016E-06,-0.0461298227310181,0.196101991692558,
,,,-4.0158E-06,-0.113075435161591,0.195265171583742,
,,,-4.0156E-06,-0.0461298227310181,0.196269355714321,
,,,-4.0154E-06,0.0208157896995544,0.196269355714321,
,,,-4.0152E-06,0.0208157896995544,0.195934627670795,
,,,-4.015E-06,-0.0461298227310181,0.196771447779611,
,,,-4.0148E-06,0.0208157896995544,0.196436719736084,
,,,-4.0146E-06,-0.113075435161591,0.196101991692558,
,,,-4.0144E-06,-0.0461298227310181,0.195599899627268,
,,,-4.0142E-06,-0.0461298227310181,0.196938811801374,
,,,-4.014E-06,0.087761402130127,0.197106175823137,
,,,-4.0138E-06,-0.0461298227310181,0.196269355714321,
,,,-4.0136E-06,0.087761402130127,0.197440903866664,
,,,-4.0134E-06,-0.0461298227310181,0.197106175823137,
,,,-4.0132E-06,0.087761402130127,0.196101991692558,
,,,-4.013E-06,0.087761402130127,0.197608267888427,
,,,-4.0128E-06,0.087761402130127,0.196938811801374,
,,,-4.0126E-06,0.087761402130127,0.1972735398449,
,,,-4.0124E-06,-0.0461298227310181,0.196938811801374,
,,,-4.0122E-06,0.0208157896995544,0.197440903866664,
,,,-4.012E-06,0.0208157896995544,0.196771447779611,
,,,-4.0118E-06,0.0208157896995544,0.197608267888427,
,,,-4.0116E-06,0.0208157896995544,0.19777563191019,
,,,-4.0114E-06,0.087761402130127,0.198110359953716,
,,,-4.0112E-06,0.087761402130127,0.197608267888427,
,,,-4.011E-06,-0.0461298227310181,0.197608267888427,
,,,-4.0108E-06,-0.0461298227310181,0.1972735398449,
,,,-4.0106E-06,0.0208157896995544,0.19777563191019,
,,,-4.0104E-06,-0.0461298227310181,0.1972735398449,
,,,-4.0102E-06,0.0208157896995544,0.197440903866664,
,,,-4.01E-06,0.0208157896995544,0.19777563191019,
,,,-4.0098E-06,0.087761402130127,0.197608267888427,
,,,-4.0096E-06,0.087761402130127,0.198110359953716,
,,,-4.0094E-06,-0.113075435161591,0.197440903866664,
,,,-4.0092E-06,0.0208157896995544,0.19777563191019,
,,,-4.009E-06,0.087761402130127,0.197942995931953,
,,,-4.0088E-06,0.0208157896995544,0.1972735398449,
,,,-4.0086E-06,-0.113075435161591,0.197608267888427,
,,,-4.0084E-06,0.087761402130127,0.197440903866664,
,,,-4.0082E-06,0.0208157896995544,0.197942995931953,
,,,-4.008E-06,-0.0461298227310181,0.19777563191019,
,,,-4.0078E-06,-0.0461298227310181,0.1972735398449,
,,,-4.0076E-06,0.154707014560699,0.197440903866664,
,,,-4.0074E-06,0.0208157896995544,0.197942995931953,
,,,-4.0072E-06,0.087761402130127,0.198445087997243,
,,,-4.007E-06,0.0208157896995544,0.197608267888427,
,,,-4.0068E-06,0.154707014560699,0.198110359953716,
,,,-4.0066E-06,-0.0461298227310181,0.197608267888427,
,,,-4.0064E-06,0.0208157896995544,0.197106175823137,
,,,-4.0062E-06,0.087761402130127,0.196938811801374,
,,,-4.006E-06,-0.0461298227310181,0.197106175823137,
,,,-4.0058E-06,-0.0461298227310181,0.198110359953716,
,,,-4.0056E-06,0.087761402130127,0.196938811801374,
,,,-4.0054E-06,-0.0461298227310181,0.196938811801374,
,,,-4.0052E-06,-0.0461298227310181,0.1972735398449,
,,,-4.005E-06,0.0208157896995544,0.1972735398449,
,,,-4.0048E-06,0.0208157896995544,0.196938811801374,
,,,-4.0046E-06,0.087761402130127,0.197608267888427,
,,,-4.0044E-06,-0.0461298227310181,0.196938811801374,
,,,-4.0042E-06,-0.0461298227310181,0.197106175823137,
,,,-4.004E-06,-0.0461298227310181,0.197106175823137,
,,,-4.0038E-06,0.0208157896995544,0.196771447779611,
,,,-4.0036E-06,0.0208157896995544,0.195934627670795,
,,,-4.0034E-06,-0.0461298227310181,0.196938811801374,
,,,-4.0032E-06,0.087761402130127,0.1972735398449,
,,,-4.003E-06,-0.0461298227310181,0.196436719736084,
,,,-4.0028E-06,-0.0461298227310181,0.196771447779611,
,,,-4.0026E-06,0.087761402130127,0.197106175823137,
,,,-4.0024E-06,0.087761402130127,0.196938811801374,
,,,-4.0022E-06,-0.113075435161591,0.196604083757848,
,,,-4.002E-06,0.0208157896995544,0.196269355714321,
,,,-4.0018E-06,0.0208157896995544,0.196938811801374,
,,,-4.0016E-06,0.0208157896995544,0.196604083757848,
,,,-4.0014E-06,-0.113075435161591,0.196604083757848,
,,,-4.0012E-06,0.0208157896995544,0.1972735398449,
,,,-4.001E-06,-0.113075435161591,0.196938811801374,
,,,-4.0008E-06,0.087761402130127,0.196938811801374,
,,,-4.0006E-06,0.087761402130127,0.1972735398449,
,,,-4.0004E-06,0.0208157896995544,0.196771447779611,
,,,-4.0002E-06,-0.0461298227310181,0.196938811801374,
,,,-4E-06,0.0208157896995544,0.197106175823137,
,,,-3.9998E-06,0.087761402130127,0.196269355714321,
,,,-3.9996E-06,-0.0461298227310181,0.197106175823137,
,,,-3.9994E-06,0.087761402130127,0.196604083757848,
,,,-3.9992E-06,0.0208157896995544,0.19777563191019,
,,,-3.999E-06,0.0208157896995544,0.1972735398449,
,,,-3.9988E-06,0.087761402130127,0.197106175823137,
,,,-3.9986E-06,0.087761402130127,0.196938811801374,
,,,-3.9984E-06,0.154707014560699,0.196938811801374,
,,,-3.9982E-06,-0.0461298227310181,0.197106175823137,
,,,-3.998E-06,0.0208157896995544,0.196436719736084,
,,,-3.9978E-06,-0.0461298227310181,0.196269355714321,
,,,-3.9976E-06,-0.0461298227310181,0.196938811801374,
,,,-3.9974E-06,0.0208157896995544,0.196771447779611,
,,,-3.9972E-06,0.0208157896995544,0.196771447779611,
,,,-3.997E-06,0.0208157896995544,0.197106175823137,
,,,-3.9968E-06,0.087761402130127,0.197608267888427,
,,,-3.9966E-06,-0.113075435161591,0.1972735398449,
,,,-3.9964E-06,-0.0461298227310181,0.197106175823137,
,,,-3.9962E-06,0.087761402130127,0.1972735398449,
,,,-3.996E-06,0.0208157896995544,0.196771447779611,
,,,-3.9958E-06,-0.0461298227310181,0.197106175823137,
,,,-3.9956E-06,0.087761402130127,0.197106175823137,
,,,-3.9954E-06,0.0208157896995544,0.197608267888427,
,,,-3.9952E-06,0.087761402130127,0.196938811801374,
,,,-3.995E-06,-0.113075435161591,0.197440903866664,
,,,-3.9948E-06,0.0208157896995544,0.197440903866664,
,,,-3.9946E-06,0.0208157896995544,0.1972735398449,
,,,-3.9944E-06,0.0208157896995544,0.197440903866664,
,,,-3.9942E-06,0.0208157896995544,0.197942995931953,
,,,-3.994E-06,0.087761402130127,0.1972735398449,
,,,-3.9938E-06,0.0208157896995544,0.197440903866664,
,,,-3.9936E-06,0.0208157896995544,0.197608267888427,
,,,-3.9934E-06,0.087761402130127,0.197942995931953,
,,,-3.9932E-06,-0.180021047592163,0.1972735398449,
,,,-3.993E-06,0.0208157896995544,0.19777563191019,
,,,-3.9928E-06,0.0208157896995544,0.197440903866664,
,,,-3.9926E-06,-0.113075435161591,0.197106175823137,
,,,-3.9924E-06,0.0208157896995544,0.198779816040769,
,,,-3.9922E-06,0.0208157896995544,0.198110359953716,
,,,-3.992E-06,0.087761402130127,0.197608267888427,
,,,-3.9918E-06,0.0208157896995544,0.197608267888427,
,,,-3.9916E-06,0.087761402130127,0.19777563191019,
,,,-3.9914E-06,0.087761402130127,0.19777563191019,
,,,-3.9912E-06,0.087761402130127,0.1972735398449,
,,,-3.991E-06,0.0208157896995544,0.197942995931953,
,,,-3.9908E-06,-0.0461298227310181,0.197440903866664,
,,,-3.9906E-06,0.087761402130127,0.197942995931953,
,,,-3.9904E-06,0.0208157896995544,0.197608267888427,
,,,-3.9902E-06,-0.113075435161591,0.19777563191019,
,,,-3.99E-06,0.0208157896995544,0.198110359953716,
,,,-3.9898E-06,0.087761402130127,0.198445087997243,
,,,-3.9896E-06,0.0208157896995544,0.198110359953716,
,,,-3.9894E-06,-0.0461298227310181,0.198445087997243,
,,,-3.9892E-06,0.087761402130127,0.19827772397548,
,,,-3.989E-06,0.0208157896995544,0.19827772397548,
,,,-3.9888E-06,0.0208157896995544,0.198779816040769,
,,,-3.9886E-06,-0.0461298227310181,0.198110359953716,
,,,-3.9884E-06,0.0208157896995544,0.198445087997243,
,,,-3.9882E-06,-0.0461298227310181,0.198779816040769,
,,,-3.988E-06,0.087761402130127,0.198445087997243,
,,,-3.9878E-06,-0.0461298227310181,0.19827772397548,
,,,-3.9876E-06,0.087761402130127,0.19827772397548,
,,,-3.9874E-06,0.087761402130127,0.197942995931953,
,,,-3.9872E-06,-0.0461298227310181,0.19827772397548,
,,,-3.987E-06,0.0208157896995544,0.198445087997243,
,,,-3.9868E-06,-0.0461298227310181,0.19777563191019,
,,,-3.9866E-06,0.087761402130127,0.197942995931953,
,,,-3.9864E-06,-0.0461298227310181,0.19777563191019,
,,,-3.9862E-06,0.0208157896995544,0.197106175823137,
,,,-3.986E-06,-0.0461298227310181,0.1972735398449,
,,,-3.9858E-06,0.0208157896995544,0.19777563191019,
,,,-3.9856E-06,0.154707014560699,0.197942995931953,
,,,-3.9854E-06,-0.0461298227310181,0.197440903866664,
,,,-3.9852E-06,-0.0461298227310181,0.19777563191019,
,,,-3.985E-06,0.0208157896995544,0.197608267888427,
,,,-3.9848E-06,-0.113075435161591,0.197942995931953,
,,,-3.9846E-06,0.0208157896995544,0.198110359953716,
,,,-3.9844E-06,0.0208157896995544,0.197440903866664,
,,,-3.9842E-06,0.0208157896995544,0.198110359953716,
,,,-3.984E-06,0.087761402130127,0.198110359953716,
,,,-3.9838E-06,0.0208157896995544,0.197106175823137,
,,,-3.9836E-06,0.0208157896995544,0.197942995931953,
,,,-3.9834E-06,0.0208157896995544,0.19777563191019,
,,,-3.9832E-06,0.0208157896995544,0.197440903866664,
,,,-3.983E-06,-0.0461298227310181,0.197942995931953,
,,,-3.9828E-06,0.087761402130127,0.197106175823137,
,,,-3.9826E-06,-0.0461298227310181,0.196771447779611,
,,,-3.9824E-06,0.087761402130127,0.196771447779611,
,,,-3.9822E-06,-0.0461298227310181,0.19777563191019,
,,,-3.982E-06,0.087761402130127,0.197608267888427,
,,,-3.9818E-06,-0.0461298227310181,0.198110359953716,
,,,-3.9816E-06,0.087761402130127,0.196771447779611,
,,,-3.9814E-06,0.0208157896995544,0.19777563191019,
,,,-3.9812E-06,0.087761402130127,0.197608267888427,
,,,-3.981E-06,0.0208157896995544,0.197608267888427,
,,,-3.9808E-06,0.0208157896995544,0.197106175823137,
,,,-3.9806E-06,0.087761402130127,0.197608267888427,
,,,-3.9804E-06,-0.0461298227310181,0.197608267888427,
,,,-3.9802E-06,0.0208157896995544,0.1972735398449,
,,,-3.98E-06,0.087761402130127,0.1972735398449,
,,,-3.9798E-06,-0.0461298227310181,0.197608267888427,
,,,-3.9796E-06,0.0208157896995544,0.198110359953716,
,,,-3.9794E-06,0.0208157896995544,0.197440903866664,
,,,-3.9792E-06,0.087761402130127,0.1972735398449,
,,,-3.979E-06,0.0208157896995544,0.197106175823137,
,,,-3.9788E-06,0.087761402130127,0.197106175823137,
,,,-3.9786E-06,0.0208157896995544,0.1972735398449,
,,,-3.9784E-06,-0.113075435161591,0.196771447779611,
,,,-3.9782E-06,-0.0461298227310181,0.1972735398449,
,,,-3.978E-06,0.0208157896995544,0.198110359953716,
,,,-3.9778E-06,-0.0461298227310181,0.197942995931953,
,,,-3.9776E-06,0.087761402130127,0.19827772397548,
,,,-3.9774E-06,-0.0461298227310181,0.1972735398449,
,,,-3.9772E-06,-0.0461298227310181,0.197106175823137,
,,,-3.977E-06,0.0208157896995544,0.196938811801374,
,,,-3.9768E-06,0.087761402130127,0.197608267888427,
,,,-3.9766E-06,-0.0461298227310181,0.1972735398449,
,,,-3.9764E-06,0.0208157896995544,0.196771447779611,
,,,-3.9762E-06,-0.113075435161591,0.197440903866664,
,,,-3.976E-06,0.0208157896995544,0.197942995931953,
,,,-3.9758E-06,0.0208157896995544,0.197106175823137,
,,,-3.9756E-06,0.0208157896995544,0.197608267888427,
,,,-3.9754E-06,0.0208157896995544,0.197440903866664,
,,,-3.9752E-06,0.0208157896995544,0.197440903866664,
,,,-3.975E-06,-0.0461298227310181,0.197106175823137,
,,,-3.9748E-06,0.087761402130127,0.197106175823137,
,,,-3.9746E-06,0.0208157896995544,0.197608267888427,
,,,-3.9744E-06,0.0208157896995544,0.197106175823137,
,,,-3.9742E-06,0.087761402130127,0.197440903866664,
,,,-3.974E-06,-0.0461298227310181,0.197440903866664,
,,,-3.9738E-06,-0.0461298227310181,0.1972735398449,
,,,-3.9736E-06,0.087761402130127,0.197106175823137,
,,,-3.9734E-06,-0.0461298227310181,0.1972735398449,
,,,-3.9732E-06,0.0208157896995544,0.197608267888427,
,,,-3.973E-06,0.087761402130127,0.1972735398449,
,,,-3.9728E-06,0.154707014560699,0.197440903866664,
,,,-3.9726E-06,-0.0461298227310181,0.197942995931953,
,,,-3.9724E-06,0.0208157896995544,0.197608267888427,
,,,-3.9722E-06,0.0208157896995544,0.198445087997243,
,,,-3.972E-06,0.0208157896995544,0.197942995931953,
,,,-3.9718E-06,0.0208157896995544,0.197608267888427,
,,,-3.9716E-06,0.0208157896995544,0.19777563191019,
,,,-3.9714E-06,-0.0461298227310181,0.19827772397548,
,,,-3.9712E-06,-0.0461298227310181,0.198612452019006,
,,,-3.971E-06,-0.0461298227310181,0.197608267888427,
,,,-3.9708E-06,0.0208157896995544,0.19827772397548,
,,,-3.9706E-06,-0.0461298227310181,0.197440903866664,
,,,-3.9704E-06,0.0208157896995544,0.197440903866664,
,,,-3.9702E-06,-0.0461298227310181,0.198110359953716,
,,,-3.97E-06,-0.0461298227310181,0.198110359953716,
,,,-3.9698E-06,-0.0461298227310181,0.198612452019006,
,,,-3.9696E-06,0.0208157896995544,0.19777563191019,
,,,-3.9694E-06,0.0208157896995544,0.197942995931953,
,,,-3.9692E-06,-0.0461298227310181,0.198779816040769,
,,,-3.969E-06,0.0208157896995544,0.197942995931953,
,,,-3.9688E-06,0.087761402130127,0.19827772397548,
,,,-3.9686E-06,0.0208157896995544,0.198110359953716,
,,,-3.9684E-06,0.087761402130127,0.19827772397548,
,,,-3.9682E-06,0.0208157896995544,0.197440903866664,
,,,-3.968E-06,0.0208157896995544,0.197942995931953,
,,,-3.9678E-06,0.087761402130127,0.198445087997243,
,,,-3.9676E-06,0.0208157896995544,0.19827772397548,
,,,-3.9674E-06,0.087761402130127,0.197942995931953,
,,,-3.9672E-06,0.0208157896995544,0.197942995931953,
,,,-3.967E-06,0.0208157896995544,0.197608267888427,
,,,-3.9668E-06,0.0208157896995544,0.197106175823137,
,,,-3.9666E-06,0.087761402130127,0.198612452019006,
,,,-3.9664E-06,0.154707014560699,0.198110359953716,
,,,-3.9662E-06,-0.0461298227310181,0.196771447779611,
,,,-3.966E-06,0.0208157896995544,0.197440903866664,
,,,-3.9658E-06,0.0208157896995544,0.19827772397548,
,,,-3.9656E-06,0.0208157896995544,0.196604083757848,
,,,-3.9654E-06,-0.0461298227310181,0.196604083757848,
,,,-3.9652E-06,-0.0461298227310181,0.197942995931953,
,,,-3.965E-06,0.0208157896995544,0.1972735398449,
,,,-3.9648E-06,-0.0461298227310181,0.197106175823137,
,,,-3.9646E-06,-0.0461298227310181,0.197106175823137,
,,,-3.9644E-06,0.0208157896995544,0.1972735398449,
,,,-3.9642E-06,0.0208157896995544,0.1972735398449,
,,,-3.964E-06,0.0208157896995544,0.196436719736084,
,,,-3.9638E-06,-0.0461298227310181,0.1972735398449,
,,,-3.9636E-06,0.0208157896995544,0.196938811801374,
,,,-3.9634E-06,-0.0461298227310181,0.196938811801374,
,,,-3.9632E-06,0.0208157896995544,0.196436719736084,
,,,-3.963E-06,-0.0461298227310181,0.197608267888427,
,,,-3.9628E-06,0.0208157896995544,0.197106175823137,
,,,-3.9626E-06,-0.0461298227310181,0.197608267888427,
,,,-3.9624E-06,0.0208157896995544,0.196771447779611,
,,,-3.9622E-06,0.0208157896995544,0.196771447779611,
,,,-3.962E-06,0.087761402130127,0.197106175823137,
,,,-3.9618E-06,0.087761402130127,0.197106175823137,
,,,-3.9616E-06,-0.0461298227310181,0.197106175823137,
,,,-3.9614E-06,0.154707014560699,0.196771447779611,
,,,-3.9612E-06,0.0208157896995544,0.196771447779611,
,,,-3.961E-06,0.087761402130127,0.196269355714321,
,,,-3.9608E-06,0.087761402130127,0.196269355714321,
,,,-3.9606E-06,-0.0461298227310181,0.196269355714321,
,,,-3.9604E-06,0.154707014560699,0.196101991692558,
,,,-3.9602E-06,-0.0461298227310181,0.196938811801374,
,,,-3.96E-06,0.087761402130127,0.196436719736084,
,,,-3.9598E-06,-0.0461298227310181,0.196269355714321,
,,,-3.9596E-06,0.087761402130127,0.196604083757848,
,,,-3.9594E-06,-0.0461298227310181,0.196436719736084,
,,,-3.9592E-06,-0.0461298227310181,0.196604083757848,
,,,-3.959E-06,0.0208157896995544,0.195934627670795,
,,,-3.9588E-06,-0.113075435161591,0.196604083757848,
,,,-3.9586E-06,0.0208157896995544,0.195767263649032,
,,,-3.9584E-06,0.087761402130127,0.196604083757848,
,,,-3.9582E-06,-0.0461298227310181,0.196436719736084,
,,,-3.958E-06,0.0208157896995544,0.196101991692558,
,,,-3.9578E-06,0.0208157896995544,0.195934627670795,
,,,-3.9576E-06,-0.0461298227310181,0.195767263649032,
,,,-3.9574E-06,0.0208157896995544,0.195599899627268,
,,,-3.9572E-06,0.0208157896995544,0.196269355714321,
,,,-3.957E-06,-0.0461298227310181,0.196436719736084,
,,,-3.9568E-06,-0.0461298227310181,0.195934627670795,
,,,-3.9566E-06,0.0208157896995544,0.196101991692558,
,,,-3.9564E-06,-0.113075435161591,0.195934627670795,
,,,-3.9562E-06,-0.0461298227310181,0.195934627670795,
,,,-3.956E-06,0.087761402130127,0.196269355714321,
,,,-3.9558E-06,0.0208157896995544,0.195432535605505,
,,,-3.9556E-06,-0.0461298227310181,0.195934627670795,
,,,-3.9554E-06,0.0208157896995544,0.195767263649032,
,,,-3.9552E-06,0.0208157896995544,0.195265171583742,
,,,-3.955E-06,0.087761402130127,0.196101991692558,
,,,-3.9548E-06,-0.0461298227310181,0.196101991692558,
,,,-3.9546E-06,0.0208157896995544,0.196269355714321,
,,,-3.9544E-06,0.0208157896995544,0.196436719736084,
,,,-3.9542E-06,0.0208157896995544,0.196269355714321,
,,,-3.954E-06,0.0208157896995544,0.196436719736084,
,,,-3.9538E-06,0.0208157896995544,0.196269355714321,
,,,-3.9536E-06,0.087761402130127,0.196436719736084,
,,,-3.9534E-06,-0.0461298227310181,0.197106175823137,
,,,-3.9532E-06,0.0208157896995544,0.197106175823137,
,,,-3.953E-06,0.0208157896995544,0.196938811801374,
,,,-3.9528E-06,-0.113075435161591,0.196604083757848,
,,,-3.9526E-06,0.0208157896995544,0.197106175823137,
,,,-3.9524E-06,-0.0461298227310181,0.197608267888427,
,,,-3.9522E-06,-0.0461298227310181,0.196771447779611,
,,,-3.952E-06,0.087761402130127,0.196771447779611,
,,,-3.9518E-06,-0.113075435161591,0.197440903866664,
,,,-3.9516E-06,0.0208157896995544,0.197106175823137,
,,,-3.9514E-06,0.0208157896995544,0.19777563191019,
,,,-3.9512E-06,0.087761402130127,0.197942995931953,
,,,-3.951E-06,-0.0461298227310181,0.197608267888427,
,,,-3.9508E-06,0.0208157896995544,0.19777563191019,
,,,-3.9506E-06,-0.0461298227310181,0.197942995931953,
,,,-3.9504E-06,0.0208157896995544,0.197440903866664,
,,,-3.9502E-06,-0.113075435161591,0.197608267888427,
,,,-3.95E-06,-0.0461298227310181,0.197942995931953,
,,,-3.9498E-06,0.0208157896995544,0.197608267888427,
,,,-3.9496E-06,0.087761402130127,0.197942995931953,
,,,-3.9494E-06,-0.0461298227310181,0.198779816040769,
,,,-3.9492E-06,0.087761402130127,0.198110359953716,
,,,-3.949E-06,0.0208157896995544,0.1972735398449,
,,,-3.9488E-06,-0.0461298227310181,0.197942995931953,
,,,-3.9486E-06,0.0208157896995544,0.19827772397548,
,,,-3.9484E-06,-0.0461298227310181,0.19777563191019,
,,,-3.9482E-06,0.0208157896995544,0.197106175823137,
,,,-3.948E-06,0.0208157896995544,0.1972735398449,
,,,-3.9478E-06,0.0208157896995544,0.196771447779611,
,,,-3.9476E-06,0.087761402130127,0.1972735398449,
,,,-3.9474E-06,0.0208157896995544,0.196771447779611,
,,,-3.9472E-06,0.154707014560699,0.197106175823137,
,,,-3.947E-06,0.0208157896995544,0.197608267888427,
,,,-3.9468E-06,0.0208157896995544,0.197106175823137,
,,,-3.9466E-06,-0.0461298227310181,0.197106175823137,
,,,-3.9464E-06,-0.0461298227310181,0.197106175823137,
,,,-3.9462E-06,0.0208157896995544,0.196938811801374,
,,,-3.946E-06,-0.0461298227310181,0.196938811801374,
,,,-3.9458E-06,-0.0461298227310181,0.19777563191019,
,,,-3.9456E-06,0.154707014560699,0.196938811801374,
,,,-3.9454E-06,-0.0461298227310181,0.197106175823137,
,,,-3.9452E-06,0.0208157896995544,0.197440903866664,
,,,-3.945E-06,0.087761402130127,0.1972735398449,
,,,-3.9448E-06,0.0208157896995544,0.197106175823137,
,,,-3.9446E-06,-0.0461298227310181,0.1972735398449,
,,,-3.9444E-06,0.0208157896995544,0.197608267888427,
,,,-3.9442E-06,-0.0461298227310181,0.197440903866664,
,,,-3.944E-06,0.0208157896995544,0.196436719736084,
,,,-3.9438E-06,-0.113075435161591,0.196938811801374,
,,,-3.9436E-06,-0.0461298227310181,0.197942995931953,
,,,-3.9434E-06,-0.0461298227310181,0.196771447779611,
,,,-3.9432E-06,0.087761402130127,0.197440903866664,
,,,-3.943E-06,-0.0461298227310181,0.1972735398449,
,,,-3.9428E-06,0.087761402130127,0.1972735398449,
,,,-3.9426E-06,-0.0461298227310181,0.196771447779611,
,,,-3.9424E-06,0.0208157896995544,0.196938811801374,
,,,-3.9422E-06,0.087761402130127,0.196938811801374,
,,,-3.942E-06,-0.0461298227310181,0.197106175823137,
,,,-3.9418E-06,-0.0461298227310181,0.197106175823137,
,,,-3.9416E-06,-0.0461298227310181,0.1972735398449,
,,,-3.9414E-06,0.087761402130127,0.197106175823137,
,,,-3.9412E-06,-0.0461298227310181,0.196269355714321,
,,,-3.941E-06,-0.0461298227310181,0.1972735398449,
,,,-3.9408E-06,0.087761402130127,0.196938811801374,
,,,-3.9406E-06,-0.0461298227310181,0.196938811801374,
,,,-3.9404E-06,0.0208157896995544,0.196604083757848,
,,,-3.9402E-06,-0.0461298227310181,0.197106175823137,
,,,-3.94E-06,0.0208157896995544,0.196604083757848,
,,,-3.9398E-06,-0.0461298227310181,0.196771447779611,
,,,-3.9396E-06,0.0208157896995544,0.196771447779611,
,,,-3.9394E-06,-0.0461298227310181,0.196269355714321,
,,,-3.9392E-06,0.087761402130127,0.196101991692558,
,,,-3.939E-06,-0.113075435161591,0.196436719736084,
,,,-3.9388E-06,0.0208157896995544,0.196604083757848,
,,,-3.9386E-06,0.087761402130127,0.195934627670795,
,,,-3.9384E-06,0.0208157896995544,0.196101991692558,
,,,-3.9382E-06,-0.113075435161591,0.196436719736084,
,,,-3.938E-06,0.0208157896995544,0.196101991692558,
,,,-3.9378E-06,-0.0461298227310181,0.195767263649032,
,,,-3.9376E-06,-0.0461298227310181,0.196269355714321,
,,,-3.9374E-06,-0.0461298227310181,0.196101991692558,
,,,-3.9372E-06,0.0208157896995544,0.196436719736084,
,,,-3.937E-06,0.0208157896995544,0.195265171583742,
,,,-3.9368E-06,0.0208157896995544,0.196101991692558,
,,,-3.9366E-06,0.0208157896995544,0.196101991692558,
,,,-3.9364E-06,-0.0461298227310181,0.196101991692558,
,,,-3.9362E-06,0.0208157896995544,0.196436719736084,
,,,-3.936E-06,-0.0461298227310181,0.196101991692558,
,,,-3.9358E-06,0.087761402130127,0.196604083757848,
,,,-3.9356E-06,-0.0461298227310181,0.196101991692558,
,,,-3.9354E-06,0.087761402130127,0.195934627670795,
,,,-3.9352E-06,0.0208157896995544,0.196604083757848,
,,,-3.935E-06,-0.0461298227310181,0.196269355714321,
,,,-3.9348E-06,0.0208157896995544,0.196269355714321,
,,,-3.9346E-06,0.087761402130127,0.196771447779611,
,,,-3.9344E-06,0.087761402130127,0.196771447779611,
,,,-3.9342E-06,0.0208157896995544,0.196938811801374,
,,,-3.934E-06,0.0208157896995544,0.197106175823137,
,,,-3.9338E-06,0.0208157896995544,0.196101991692558,
,,,-3.9336E-06,-0.0461298227310181,0.1972735398449,
,,,-3.9334E-06,-0.0461298227310181,0.1972735398449,
,,,-3.9332E-06,0.0208157896995544,0.196771447779611,
,,,-3.933E-06,0.087761402130127,0.19777563191019,
,,,-3.9328E-06,0.0208157896995544,0.197942995931953,
,,,-3.9326E-06,-0.113075435161591,0.196771447779611,
,,,-3.9324E-06,0.0208157896995544,0.197942995931953,
,,,-3.9322E-06,0.0208157896995544,0.19827772397548,
,,,-3.932E-06,0.0208157896995544,0.197440903866664,
,,,-3.9318E-06,-0.0461298227310181,0.197440903866664,
,,,-3.9316E-06,0.0208157896995544,0.19777563191019,
,,,-3.9314E-06,0.0208157896995544,0.19777563191019,
,,,-3.9312E-06,0.0208157896995544,0.197608267888427,
,,,-3.931E-06,-0.113075435161591,0.198110359953716,
,,,-3.9308E-06,0.0208157896995544,0.19777563191019,
,,,-3.9306E-06,-0.113075435161591,0.19827772397548,
,,,-3.9304E-06,0.0208157896995544,0.198110359953716,
,,,-3.9302E-06,0.0208157896995544,0.19777563191019,
,,,-3.93E-06,0.087761402130127,0.19777563191019,
,,,-3.9298E-06,-0.0461298227310181,0.197942995931953,
,,,-3.9296E-06,-0.0461298227310181,0.197942995931953,
,,,-3.9294E-06,0.0208157896995544,0.198110359953716,
,,,-3.9292E-06,-0.0461298227310181,0.19777563191019,
,,,-3.929E-06,0.0208157896995544,0.1972735398449,
,,,-3.9288E-06,0.0208157896995544,0.1972735398449,
,,,-3.9286E-06,0.0208157896995544,0.198110359953716,
,,,-3.9284E-06,0.0208157896995544,0.197608267888427,
,,,-3.9282E-06,0.0208157896995544,0.1972735398449,
,,,-3.928E-06,0.0208157896995544,0.19777563191019,
,,,-3.9278E-06,-0.0461298227310181,0.197942995931953,
,,,-3.9276E-06,0.0208157896995544,0.197106175823137,
,,,-3.9274E-06,-0.0461298227310181,0.197608267888427,
,,,-3.9272E-06,-0.113075435161591,0.197440903866664,
,,,-3.927E-06,-0.0461298227310181,0.197942995931953,
,,,-3.9268E-06,0.0208157896995544,0.197608267888427,
,,,-3.9266E-06,0.087761402130127,0.19777563191019,
,,,-3.9264E-06,0.0208157896995544,0.196938811801374,
,,,-3.9262E-06,-0.113075435161591,0.197942995931953,
,,,-3.926E-06,-0.0461298227310181,0.19827772397548,
,,,-3.9258E-06,0.0208157896995544,0.196938811801374,
,,,-3.9256E-06,-0.0461298227310181,0.197440903866664,
,,,-3.9254E-06,-0.0461298227310181,0.197942995931953,
,,,-3.9252E-06,0.0208157896995544,0.19777563191019,
,,,-3.925E-06,-0.0461298227310181,0.197608267888427,
,,,-3.9248E-06,0.087761402130127,0.19827772397548,
,,,-3.9246E-06,0.0208157896995544,0.197942995931953,
,,,-3.9244E-06,-0.0461298227310181,0.198445087997243,
,,,-3.9242E-06,-0.0461298227310181,0.197608267888427,
,,,-3.924E-06,0.087761402130127,0.197440903866664,
,,,-3.9238E-06,0.0208157896995544,0.19777563191019,
,,,-3.9236E-06,0.154707014560699,0.197106175823137,
,,,-3.9234E-06,0.0208157896995544,0.1972735398449,
,,,-3.9232E-06,-0.0461298227310181,0.197608267888427,
,,,-3.923E-06,0.087761402130127,0.1972735398449,
,,,-3.9228E-06,-0.0461298227310181,0.19777563191019,
,,,-3.9226E-06,-0.0461298227310181,0.1972735398449,
,,,-3.9224E-06,0.087761402130127,0.196938811801374,
,,,-3.9222E-06,-0.0461298227310181,0.196269355714321,
,,,-3.922E-06,0.087761402130127,0.196938811801374,
,,,-3.9218E-06,0.0208157896995544,0.1972735398449,
,,,-3.9216E-06,0.087761402130127,0.1972735398449,
,,,-3.9214E-06,-0.0461298227310181,0.1972735398449,
,,,-3.9212E-06,0.0208157896995544,0.196771447779611,
,,,-3.921E-06,0.0208157896995544,0.197608267888427,
,,,-3.9208E-06,0.0208157896995544,0.196604083757848,
,,,-3.9206E-06,0.0208157896995544,0.197106175823137,
,,,-3.9204E-06,0.0208157896995544,0.196938811801374,
,,,-3.9202E-06,0.0208157896995544,0.195767263649032,
,,,-3.92E-06,0.0208157896995544,0.196604083757848,
,,,-3.9198E-06,-0.180021047592163,0.196771447779611,
,,,-3.9196E-06,-0.0461298227310181,0.196604083757848,
,,,-3.9194E-06,0.0208157896995544,0.196269355714321,
,,,-3.9192E-06,-0.0461298227310181,0.196604083757848,
,,,-3.919E-06,-0.0461298227310181,0.196436719736084,
,,,-3.9188E-06,0.0208157896995544,0.196269355714321,
,,,-3.9186E-06,0.0208157896995544,0.196436719736084,
,,,-3.9184E-06,0.0208157896995544,0.195767263649032,
,,,-3.9182E-06,-0.0461298227310181,0.196101991692558,
,,,-3.918E-06,0.0208157896995544,0.197106175823137,
,,,-3.9178E-06,0.0208157896995544,0.196938811801374,
,,,-3.9176E-06,0.087761402130127,0.196101991692558,
,,,-3.9174E-06,0.0208157896995544,0.1972735398449,
,,,-3.9172E-06,0.087761402130127,0.1972735398449,
,,,-3.917E-06,0.0208157896995544,0.196436719736084,
,,,-3.9168E-06,-0.0461298227310181,0.196604083757848,
,,,-3.9166E-06,0.0208157896995544,0.196604083757848,
,,,-3.9164E-06,-0.0461298227310181,0.195934627670795,
,,,-3.9162E-06,0.087761402130127,0.196436719736084,
,,,-3.916E-06,0.0208157896995544,0.196604083757848,
,,,-3.9158E-06,-0.0461298227310181,0.196604083757848,
,,,-3.9156E-06,0.0208157896995544,0.196269355714321,
,,,-3.9154E-06,0.0208157896995544,0.196604083757848,
,,,-3.9152E-06,-0.0461298227310181,0.196269355714321,
,,,-3.915E-06,-0.0461298227310181,0.196436719736084,
,,,-3.9148E-06,0.0208157896995544,0.196771447779611,
,,,-3.9146E-06,0.0208157896995544,0.196938811801374,
,,,-3.9144E-06,0.0208157896995544,0.196436719736084,
,,,-3.9142E-06,0.0208157896995544,0.196771447779611,
,,,-3.914E-06,-0.113075435161591,0.196604083757848,
,,,-3.9138E-06,0.0208157896995544,0.197106175823137,
,,,-3.9136E-06,0.0208157896995544,0.196604083757848,
,,,-3.9134E-06,-0.180021047592163,0.196938811801374,
,,,-3.9132E-06,0.0208157896995544,0.196771447779611,
,,,-3.913E-06,0.087761402130127,0.197106175823137,
,,,-3.9128E-06,0.0208157896995544,0.1972735398449,
,,,-3.9126E-06,-0.0461298227310181,0.196938811801374,
,,,-3.9124E-06,0.0208157896995544,0.197106175823137,
,,,-3.9122E-06,-0.0461298227310181,0.19777563191019,
,,,-3.912E-06,-0.0461298227310181,0.197440903866664,
,,,-3.9118E-06,-0.113075435161591,0.198110359953716,
,,,-3.9116E-06,0.0208157896995544,0.197440903866664,
,,,-3.9114E-06,-0.0461298227310181,0.1972735398449,
,,,-3.9112E-06,0.0208157896995544,0.197106175823137,
,,,-3.911E-06,0.087761402130127,0.19777563191019,
,,,-3.9108E-06,0.0208157896995544,0.1972735398449,
,,,-3.9106E-06,0.0208157896995544,0.196436719736084,
,,,-3.9104E-06,0.0208157896995544,0.197106175823137,
,,,-3.9102E-06,0.0208157896995544,0.197440903866664,
,,,-3.91E-06,-0.0461298227310181,0.196436719736084,
,,,-3.9098E-06,0.0208157896995544,0.197440903866664,
,,,-3.9096E-06,0.087761402130127,0.196938811801374,
,,,-3.9094E-06,-0.0461298227310181,0.196938811801374,
,,,-3.9092E-06,0.0208157896995544,0.196938811801374,
,,,-3.909E-06,0.0208157896995544,0.19777563191019,
,,,-3.9088E-06,0.087761402130127,0.1972735398449,
,,,-3.9086E-06,-0.113075435161591,0.196771447779611,
,,,-3.9084E-06,0.087761402130127,0.1972735398449,
,,,-3.9082E-06,0.0208157896995544,0.197440903866664,
,,,-3.908E-06,-0.0461298227310181,0.196604083757848,
,,,-3.9078E-06,0.0208157896995544,0.196771447779611,
,,,-3.9076E-06,-0.113075435161591,0.1972735398449,
,,,-3.9074E-06,0.0208157896995544,0.1972735398449,
,,,-3.9072E-06,0.087761402130127,0.197440903866664,
,,,-3.907E-06,-0.0461298227310181,0.196436719736084,
,,,-3.9068E-06,-0.0461298227310181,0.196436719736084,
,,,-3.9066E-06,0.0208157896995544,0.196938811801374,
,,,-3.9064E-06,0.154707014560699,0.197106175823137,
,,,-3.9062E-06,-0.113075435161591,0.196604083757848,
,,,-3.906E-06,0.0208157896995544,0.196938811801374,
,,,-3.9058E-06,0.0208157896995544,0.1972735398449,
,,,-3.9056E-06,0.0208157896995544,0.1972735398449,
,,,-3.9054E-06,-0.0461298227310181,0.196938811801374,
,,,-3.9052E-06,0.0208157896995544,0.196771447779611,
,,,-3.905E-06,0.0208157896995544,0.196938811801374,
,,,-3.9048E-06,0.087761402130127,0.197440903866664,
,,,-3.9046E-06,0.0208157896995544,0.196938811801374,
,,,-3.9044E-06,0.087761402130127,0.196269355714321,
,,,-3.9042E-06,-0.0461298227310181,0.196436719736084,
,,,-3.904E-06,0.0208157896995544,0.197106175823137,
,,,-3.9038E-06,-0.0461298227310181,0.1972735398449,
,,,-3.9036E-06,-0.0461298227310181,0.196938811801374,
,,,-3.9034E-06,0.0208157896995544,0.196771447779611,
,,,-3.9032E-06,0.0208157896995544,0.196938811801374,
,,,-3.903E-06,-0.113075435161591,0.197106175823137,
,,,-3.9028E-06,0.087761402130127,0.196771447779611,
,,,-3.9026E-06,0.0208157896995544,0.196436719736084,
,,,-3.9024E-06,0.087761402130127,0.196436719736084,
,,,-3.9022E-06,0.0208157896995544,0.196269355714321,
,,,-3.902E-06,-0.0461298227310181,0.196604083757848,
,,,-3.9018E-06,-0.0461298227310181,0.196771447779611,
,,,-3.9016E-06,-0.0461298227310181,0.196604083757848,
,,,-3.9014E-06,0.0208157896995544,0.195934627670795,
,,,-3.9012E-06,-0.0461298227310181,0.196938811801374,
,,,-3.901E-06,-0.0461298227310181,0.196604083757848,
,,,-3.9008E-06,0.087761402130127,0.197106175823137,
,,,-3.9006E-06,-0.0461298227310181,0.196604083757848,
,,,-3.9004E-06,-0.0461298227310181,0.196269355714321,
,,,-3.9002E-06,0.087761402130127,0.196269355714321,
,,,-3.9E-06,0.0208157896995544,0.196436719736084,
,,,-3.8998E-06,-0.113075435161591,0.196269355714321,
,,,-3.8996E-06,0.0208157896995544,0.196771447779611,
,,,-3.8994E-06,-0.0461298227310181,0.196269355714321,
,,,-3.8992E-06,0.0208157896995544,0.196771447779611,
,,,-3.899E-06,-0.0461298227310181,0.196101991692558,
,,,-3.8988E-06,-0.0461298227310181,0.196436719736084,
,,,-3.8986E-06,-0.0461298227310181,0.196436719736084,
,,,-3.8984E-06,0.087761402130127,0.196771447779611,
,,,-3.8982E-06,0.0208157896995544,0.196269355714321,
,,,-3.898E-06,0.087761402130127,0.196269355714321,
,,,-3.8978E-06,0.0208157896995544,0.196604083757848,
,,,-3.8976E-06,-0.0461298227310181,0.196436719736084,
,,,-3.8974E-06,0.087761402130127,0.196269355714321,
,,,-3.8972E-06,-0.0461298227310181,0.196436719736084,
,,,-3.897E-06,0.0208157896995544,0.196771447779611,
,,,-3.8968E-06,0.0208157896995544,0.196101991692558,
,,,-3.8966E-06,0.0208157896995544,0.196269355714321,
,,,-3.8964E-06,-0.113075435161591,0.197608267888427,
,,,-3.8962E-06,0.0208157896995544,0.196771447779611,
,,,-3.896E-06,0.154707014560699,0.196604083757848,
,,,-3.8958E-06,0.0208157896995544,0.197440903866664,
,,,-3.8956E-06,0.0208157896995544,0.196436719736084,
,,,-3.8954E-06,0.0208157896995544,0.196938811801374,
,,,-3.8952E-06,0.0208157896995544,0.196604083757848,
,,,-3.895E-06,0.0208157896995544,0.196269355714321,
,,,-3.8948E-06,0.0208157896995544,0.197440903866664,
,,,-3.8946E-06,0.087761402130127,0.197440903866664,
,,,-3.8944E-06,0.154707014560699,0.197106175823137,
,,,-3.8942E-06,-0.113075435161591,0.1972735398449,
,,,-3.894E-06,0.0208157896995544,0.197440903866664,
,,,-3.8938E-06,0.087761402130127,0.197106175823137,
,,,-3.8936E-06,0.0208157896995544,0.196269355714321,
,,,-3.8934E-06,-0.0461298227310181,0.196938811801374,
,,,-3.8932E-06,-0.0461298227310181,0.196436719736084,
,,,-3.893E-06,-0.0461298227310181,0.196938811801374,
,,,-3.8928E-06,0.0208157896995544,0.197440903866664,
,,,-3.8926E-06,0.0208157896995544,0.1972735398449,
,,,-3.8924E-06,0.0208157896995544,0.197106175823137,
,,,-3.8922E-06,-0.0461298227310181,0.197440903866664,
,,,-3.892E-06,0.087761402130127,0.196771447779611,
,,,-3.8918E-06,-0.0461298227310181,0.196938811801374,
,,,-3.8916E-06,0.087761402130127,0.197106175823137,
,,,-3.8914E-06,0.0208157896995544,0.197608267888427,
,,,-3.8912E-06,-0.0461298227310181,0.196938811801374,
,,,-3.891E-06,0.087761402130127,0.196604083757848,
,,,-3.8908E-06,-0.0461298227310181,0.197106175823137,
,,,-3.8906E-06,-0.0461298227310181,0.1972735398449,
,,,-3.8904E-06,0.0208157896995544,0.1972735398449,
,,,-3.8902E-06,0.0208157896995544,0.19777563191019,
,,,-3.89E-06,0.087761402130127,0.197608267888427,
,,,-3.8898E-06,0.087761402130127,0.197440903866664,
,,,-3.8896E-06,0.0208157896995544,0.1972735398449,
,,,-3.8894E-06,-0.0461298227310181,0.197106175823137,
,,,-3.8892E-06,0.0208157896995544,0.196436719736084,
,,,-3.889E-06,0.0208157896995544,0.19827772397548,
,,,-3.8888E-06,-0.0461298227310181,0.19827772397548,
,,,-3.8886E-06,-0.0461298227310181,0.1972735398449,
,,,-3.8884E-06,0.0208157896995544,0.1972735398449,
,,,-3.8882E-06,-0.113075435161591,0.197942995931953,
,,,-3.888E-06,0.087761402130127,0.197608267888427,
,,,-3.8878E-06,-0.113075435161591,0.197942995931953,
,,,-3.8876E-06,-0.0461298227310181,0.1972735398449,
,,,-3.8874E-06,0.0208157896995544,0.19777563191019,
,,,-3.8872E-06,-0.0461298227310181,0.197608267888427,
,,,-3.887E-06,0.0208157896995544,0.19777563191019,
,,,-3.8868E-06,-0.0461298227310181,0.198110359953716,
,,,-3.8866E-06,-0.0461298227310181,0.197440903866664,
,,,-3.8864E-06,-0.0461298227310181,0.196938811801374,
,,,-3.8862E-06,-0.113075435161591,0.1972735398449,
,,,-3.886E-06,0.0208157896995544,0.197440903866664,
,,,-3.8858E-06,0.0208157896995544,0.19777563191019,
,,,-3.8856E-06,0.087761402130127,0.196938811801374,
,,,-3.8854E-06,-0.0461298227310181,0.19777563191019,
,,,-3.8852E-06,0.087761402130127,0.197106175823137,
,,,-3.885E-06,0.0208157896995544,0.196938811801374,
,,,-3.8848E-06,-0.0461298227310181,0.196101991692558,
,,,-3.8846E-06,0.0208157896995544,0.1972735398449,
,,,-3.8844E-06,0.0208157896995544,0.197106175823137,
,,,-3.8842E-06,-0.0461298227310181,0.1972735398449,
,,,-3.884E-06,0.0208157896995544,0.196938811801374,
,,,-3.8838E-06,-0.113075435161591,0.196771447779611,
,,,-3.8836E-06,-0.0461298227310181,0.197440903866664,
,,,-3.8834E-06,0.0208157896995544,0.196436719736084,
,,,-3.8832E-06,0.087761402130127,0.196604083757848,
,,,-3.883E-06,-0.0461298227310181,0.197440903866664,
,,,-3.8828E-06,0.0208157896995544,0.196436719736084,
,,,-3.8826E-06,0.087761402130127,0.197608267888427,
,,,-3.8824E-06,0.0208157896995544,0.19777563191019,
,,,-3.8822E-06,0.0208157896995544,0.197106175823137,
,,,-3.882E-06,0.0208157896995544,0.196771447779611,
,,,-3.8818E-06,0.0208157896995544,0.196771447779611,
,,,-3.8816E-06,0.087761402130127,0.1972735398449,
,,,-3.8814E-06,-0.113075435161591,0.196101991692558,
,,,-3.8812E-06,-0.0461298227310181,0.1972735398449,
,,,-3.881E-06,0.087761402130127,0.196771447779611,
,,,-3.8808E-06,0.0208157896995544,0.196938811801374,
,,,-3.8806E-06,-0.0461298227310181,0.197106175823137,
,,,-3.8804E-06,-0.0461298227310181,0.196604083757848,
,,,-3.8802E-06,0.0208157896995544,0.196604083757848,
,,,-3.88E-06,-0.0461298227310181,0.1972735398449,
,,,-3.8798E-06,-0.113075435161591,0.196436719736084,
,,,-3.8796E-06,0.0208157896995544,0.196101991692558,
,,,-3.8794E-06,0.0208157896995544,0.196604083757848,
,,,-3.8792E-06,0.0208157896995544,0.196604083757848,
,,,-3.879E-06,0.0208157896995544,0.196771447779611,
,,,-3.8788E-06,0.087761402130127,0.196771447779611,
,,,-3.8786E-06,0.0208157896995544,0.196436719736084,
,,,-3.8784E-06,0.0208157896995544,0.196436719736084,
,,,-3.8782E-06,0.0208157896995544,0.1972735398449,
,,,-3.878E-06,-0.0461298227310181,0.196938811801374,
,,,-3.8778E-06,0.087761402130127,0.196269355714321,
,,,-3.8776E-06,0.0208157896995544,0.195934627670795,
,,,-3.8774E-06,0.0208157896995544,0.196269355714321,
,,,-3.8772E-06,0.0208157896995544,0.196436719736084,
,,,-3.877E-06,0.0208157896995544,0.196604083757848,
,,,-3.8768E-06,0.154707014560699,0.196604083757848,
,,,-3.8766E-06,-0.0461298227310181,0.196436719736084,
,,,-3.8764E-06,0.087761402130127,0.196269355714321,
,,,-3.8762E-06,0.087761402130127,0.197106175823137,
,,,-3.876E-06,-0.0461298227310181,0.196604083757848,
,,,-3.8758E-06,0.0208157896995544,0.195767263649032,
,,,-3.8756E-06,-0.0461298227310181,0.196771447779611,
,,,-3.8754E-06,-0.0461298227310181,0.196604083757848,
,,,-3.8752E-06,0.087761402130127,0.196771447779611,
,,,-3.875E-06,-0.0461298227310181,0.196771447779611,
,,,-3.8748E-06,0.0208157896995544,0.196269355714321,
,,,-3.8746E-06,0.0208157896995544,0.196604083757848,
,,,-3.8744E-06,0.0208157896995544,0.196938811801374,
,,,-3.8742E-06,-0.0461298227310181,0.196436719736084,
,,,-3.874E-06,-0.0461298227310181,0.195767263649032,
,,,-3.8738E-06,-0.0461298227310181,0.196938811801374,
,,,-3.8736E-06,0.0208157896995544,0.196771447779611,
,,,-3.8734E-06,0.0208157896995544,0.196771447779611,
,,,-3.8732E-06,-0.0461298227310181,0.196938811801374,
,,,-3.873E-06,0.0208157896995544,0.196604083757848,
,,,-3.8728E-06,0.0208157896995544,0.196269355714321,
,,,-3.8726E-06,0.0208157896995544,0.196771447779611,
,,,-3.8724E-06,0.087761402130127,0.196436719736084,
,,,-3.8722E-06,0.0208157896995544,0.196771447779611,
,,,-3.872E-06,0.0208157896995544,0.1972735398449,
,,,-3.8718E-06,0.087761402130127,0.196771447779611,
,,,-3.8716E-06,-0.0461298227310181,0.196604083757848,
,,,-3.8714E-06,0.087761402130127,0.196771447779611,
,,,-3.8712E-06,0.0208157896995544,0.1972735398449,
,,,-3.871E-06,-0.113075435161591,0.196771447779611,
,,,-3.8708E-06,0.0208157896995544,0.196604083757848,
,,,-3.8706E-06,0.087761402130127,0.197440903866664,
,,,-3.8704E-06,0.087761402130127,0.196604083757848,
,,,-3.8702E-06,-0.0461298227310181,0.196771447779611,
,,,-3.87E-06,0.087761402130127,0.196771447779611,
,,,-3.8698E-06,-0.0461298227310181,0.196771447779611,
,,,-3.8696E-06,0.0208157896995544,0.196269355714321,
,,,-3.8694E-06,-0.0461298227310181,0.196269355714321,
,,,-3.8692E-06,-0.113075435161591,0.197106175823137,
,,,-3.869E-06,0.0208157896995544,0.196938811801374,
,,,-3.8688E-06,0.087761402130127,0.197440903866664,
,,,-3.8686E-06,-0.0461298227310181,0.1972735398449,
,,,-3.8684E-06,0.0208157896995544,0.197106175823137,
,,,-3.8682E-06,0.0208157896995544,0.197440903866664,
,,,-3.868E-06,0.0208157896995544,0.197106175823137,
,,,-3.8678E-06,-0.0461298227310181,0.196938811801374,
,,,-3.8676E-06,-0.0461298227310181,0.197608267888427,
,,,-3.8674E-06,0.0208157896995544,0.198110359953716,
,,,-3.8672E-06,-0.0461298227310181,0.1972735398449,
,,,-3.867E-06,-0.0461298227310181,0.197106175823137,
,,,-3.8668E-06,-0.0461298227310181,0.196771447779611,
,,,-3.8666E-06,-0.113075435161591,0.197106175823137,
,,,-3.8664E-06,0.087761402130127,0.1972735398449,
,,,-3.8662E-06,-0.0461298227310181,0.197440903866664,
,,,-3.866E-06,0.0208157896995544,0.196771447779611,
,,,-3.8658E-06,0.0208157896995544,0.197440903866664,
,,,-3.8656E-06,0.0208157896995544,0.196269355714321,
,,,-3.8654E-06,0.087761402130127,0.19777563191019,
,,,-3.8652E-06,-0.0461298227310181,0.197440903866664,
,,,-3.865E-06,0.0208157896995544,0.19777563191019,
,,,-3.8648E-06,0.0208157896995544,0.196938811801374,
,,,-3.8646E-06,0.087761402130127,0.197440903866664,
,,,-3.8644E-06,0.0208157896995544,0.197440903866664,
,,,-3.8642E-06,-0.113075435161591,0.196938811801374,
,,,-3.864E-06,0.087761402130127,0.1972735398449,
,,,-3.8638E-06,0.0208157896995544,0.197440903866664,
,,,-3.8636E-06,0.0208157896995544,0.197106175823137,
,,,-3.8634E-06,-0.0461298227310181,0.196604083757848,
,,,-3.8632E-06,-0.0461298227310181,0.196604083757848,
,,,-3.863E-06,-0.0461298227310181,0.196771447779611,
,,,-3.8628E-06,-0.113075435161591,0.196771447779611,
,,,-3.8626E-06,0.0208157896995544,0.196938811801374,
,,,-3.8624E-06,0.087761402130127,0.196771447779611,
,,,-3.8622E-06,-0.180021047592163,0.196436719736084,
,,,-3.862E-06,0.0208157896995544,0.196771447779611,
,,,-3.8618E-06,0.0208157896995544,0.196938811801374,
,,,-3.8616E-06,0.0208157896995544,0.196436719736084,
,,,-3.8614E-06,-0.0461298227310181,0.196771447779611,
,,,-3.8612E-06,0.087761402130127,0.197106175823137,
,,,-3.861E-06,0.0208157896995544,0.197106175823137,
,,,-3.8608E-06,-0.0461298227310181,0.196771447779611,
,,,-3.8606E-06,-0.113075435161591,0.196604083757848,
,,,-3.8604E-06,0.0208157896995544,0.196269355714321,
,,,-3.8602E-06,-0.0461298227310181,0.197106175823137,
,,,-3.86E-06,0.087761402130127,0.196269355714321,
,,,-3.8598E-06,0.087761402130127,0.197106175823137,
,,,-3.8596E-06,0.0208157896995544,0.196269355714321,
,,,-3.8594E-06,-0.0461298227310181,0.197106175823137,
,,,-3.8592E-06,0.0208157896995544,0.196436719736084,
,,,-3.859E-06,0.087761402130127,0.196771447779611,
,,,-3.8588E-06,-0.0461298227310181,0.196604083757848,
,,,-3.8586E-06,-0.0461298227310181,0.1972735398449,
,,,-3.8584E-06,0.0208157896995544,0.196101991692558,
,,,-3.8582E-06,-0.113075435161591,0.195767263649032,
,,,-3.858E-06,0.0208157896995544,0.196269355714321,
,,,-3.8578E-06,0.0208157896995544,0.195934627670795,
,,,-3.8576E-06,0.154707014560699,0.195265171583742,
,,,-3.8574E-06,-0.0461298227310181,0.197106175823137,
,,,-3.8572E-06,0.0208157896995544,0.197106175823137,
,,,-3.857E-06,-0.0461298227310181,0.196269355714321,
,,,-3.8568E-06,-0.0461298227310181,0.196436719736084,
,,,-3.8566E-06,0.0208157896995544,0.196436719736084,
,,,-3.8564E-06,-0.113075435161591,0.195934627670795,
,,,-3.8562E-06,0.0208157896995544,0.196101991692558,
,,,-3.856E-06,-0.0461298227310181,0.196771447779611,
,,,-3.8558E-06,-0.0461298227310181,0.196269355714321,
,,,-3.8556E-06,0.087761402130127,0.196436719736084,
,,,-3.8554E-06,-0.0461298227310181,0.196436719736084,
,,,-3.8552E-06,-0.0461298227310181,0.196436719736084,
,,,-3.855E-06,-0.0461298227310181,0.195599899627268,
,,,-3.8548E-06,0.0208157896995544,0.196604083757848,
,,,-3.8546E-06,-0.0461298227310181,0.196101991692558,
,,,-3.8544E-06,0.0208157896995544,0.195934627670795,
,,,-3.8542E-06,-0.113075435161591,0.195934627670795,
,,,-3.854E-06,-0.0461298227310181,0.195934627670795,
,,,-3.8538E-06,-0.0461298227310181,0.195767263649032,
,,,-3.8536E-06,0.087761402130127,0.196101991692558,
,,,-3.8534E-06,-0.0461298227310181,0.195599899627268,
,,,-3.8532E-06,0.154707014560699,0.195265171583742,
,,,-3.853E-06,-0.0461298227310181,0.195767263649032,
,,,-3.8528E-06,0.0208157896995544,0.196101991692558,
,,,-3.8526E-06,0.0208157896995544,0.196771447779611,
,,,-3.8524E-06,-0.0461298227310181,0.195432535605505,
,,,-3.8522E-06,0.0208157896995544,0.196269355714321,
,,,-3.852E-06,0.0208157896995544,0.196269355714321,
,,,-3.8518E-06,0.0208157896995544,0.196436719736084,
,,,-3.8516E-06,0.087761402130127,0.196436719736084,
,,,-3.8514E-06,-0.0461298227310181,0.195934627670795,
,,,-3.8512E-06,0.0208157896995544,0.195767263649032,
,,,-3.851E-06,0.0208157896995544,0.195767263649032,
,,,-3.8508E-06,0.0208157896995544,0.196604083757848,
,,,-3.8506E-06,-0.0461298227310181,0.196436719736084,
,,,-3.8504E-06,0.0208157896995544,0.196101991692558,
,,,-3.8502E-06,-0.0461298227310181,0.196604083757848,
,,,-3.85E-06,0.0208157896995544,0.196436719736084,
,,,-3.8498E-06,0.154707014560699,0.196604083757848,
,,,-3.8496E-06,0.087761402130127,0.197440903866664,
,,,-3.8494E-06,-0.180021047592163,0.196101991692558,
,,,-3.8492E-06,-0.0461298227310181,0.196604083757848,
,,,-3.849E-06,0.0208157896995544,0.196604083757848,
,,,-3.8488E-06,-0.0461298227310181,0.196604083757848,
,,,-3.8486E-06,-0.0461298227310181,0.196938811801374,
,,,-3.8484E-06,0.0208157896995544,0.197106175823137,
,,,-3.8482E-06,-0.180021047592163,0.197440903866664,
,,,-3.848E-06,0.0208157896995544,0.197106175823137,
,,,-3.8478E-06,0.0208157896995544,0.196771447779611,
,,,-3.8476E-06,0.0208157896995544,0.196938811801374,
,,,-3.8474E-06,0.0208157896995544,0.1972735398449,
,,,-3.8472E-06,0.087761402130127,0.197106175823137,
,,,-3.847E-06,0.0208157896995544,0.197440903866664,
,,,-3.8468E-06,0.087761402130127,0.197440903866664,
,,,-3.8466E-06,0.0208157896995544,0.197106175823137,
,,,-3.8464E-06,0.0208157896995544,0.196604083757848,
,,,-3.8462E-06,0.087761402130127,0.197106175823137,
,,,-3.846E-06,-0.113075435161591,0.197942995931953,
,,,-3.8458E-06,0.0208157896995544,0.196938811801374,
,,,-3.8456E-06,0.0208157896995544,0.197106175823137,
,,,-3.8454E-06,0.0208157896995544,0.197608267888427,
,,,-3.8452E-06,0.0208157896995544,0.196604083757848,
,,,-3.845E-06,0.0208157896995544,0.1972735398449,
,,,-3.8448E-06,0.087761402130127,0.197106175823137,
,,,-3.8446E-06,0.0208157896995544,0.197440903866664,
,,,-3.8444E-06,0.087761402130127,0.196938811801374,
,,,-3.8442E-06,0.0208157896995544,0.1972735398449,
,,,-3.844E-06,-0.113075435161591,0.196604083757848,
,,,-3.8438E-06,-0.0461298227310181,0.196436719736084,
,,,-3.8436E-06,-0.0461298227310181,0.197608267888427,
,,,-3.8434E-06,0.0208157896995544,0.197608267888427,
,,,-3.8432E-06,0.087761402130127,0.197106175823137,
,,,-3.843E-06,0.0208157896995544,0.196938811801374,
,,,-3.8428E-06,-0.0461298227310181,0.197608267888427,
,,,-3.8426E-06,0.0208157896995544,0.19777563191019,
,,,-3.8424E-06,0.0208157896995544,0.197608267888427,
,,,-3.8422E-06,-0.0461298227310181,0.197440903866664,
,,,-3.842E-06,0.0208157896995544,0.197440903866664,
,,,-3.8418E-06,-0.0461298227310181,0.197106175823137,
,,,-3.8416E-06,0.0208157896995544,0.196436719736084,
,,,-3.8414E-06,-0.0461298227310181,0.196604083757848,
,,,-3.8412E-06,0.0208157896995544,0.196938811801374,
,,,-3.841E-06,0.0208157896995544,0.196938811801374,
,,,-3.8408E-06,0.087761402130127,0.1972735398449,
,,,-3.8406E-06,0.0208157896995544,0.196938811801374,
,,,-3.8404E-06,0.087761402130127,0.196436719736084,
,,,-3.8402E-06,0.0208157896995544,0.197106175823137,
,,,-3.84E-06,-0.0461298227310181,0.197106175823137,
,,,-3.8398E-06,0.087761402130127,0.196269355714321,
,,,-3.8396E-06,0.0208157896995544,0.196604083757848,
,,,-3.8394E-06,-0.0461298227310181,0.196269355714321,
,,,-3.8392E-06,0.0208157896995544,0.196269355714321,
,,,-3.839E-06,0.0208157896995544,0.196771447779611,
,,,-3.8388E-06,0.0208157896995544,0.196436719736084,
,,,-3.8386E-06,-0.0461298227310181,0.196436719736084,
,,,-3.8384E-06,-0.0461298227310181,0.197106175823137,
,,,-3.8382E-06,0.0208157896995544,0.196938811801374,
,,,-3.838E-06,0.0208157896995544,0.196269355714321,
,,,-3.8378E-06,-0.0461298227310181,0.196771447779611,
,,,-3.8376E-06,0.0208157896995544,0.196771447779611,
,,,-3.8374E-06,0.0208157896995544,0.196938811801374,
,,,-3.8372E-06,-0.0461298227310181,0.196436719736084,
,,,-3.837E-06,0.087761402130127,0.196938811801374,
,,,-3.8368E-06,0.087761402130127,0.196938811801374,
,,,-3.8366E-06,-0.0461298227310181,0.195599899627268,
,,,-3.8364E-06,0.0208157896995544,0.196436719736084,
,,,-3.8362E-06,0.0208157896995544,0.196436719736084,
,,,-3.836E-06,0.0208157896995544,0.195432535605505,
,,,-3.8358E-06,-0.0461298227310181,0.196771447779611,
,,,-3.8356E-06,-0.0461298227310181,0.196604083757848,
,,,-3.8354E-06,-0.0461298227310181,0.196436719736084,
,,,-3.8352E-06,-0.0461298227310181,0.196436719736084,
,,,-3.835E-06,-0.0461298227310181,0.196101991692558,
,,,-3.8348E-06,0.0208157896995544,0.195767263649032,
,,,-3.8346E-06,-0.0461298227310181,0.196771447779611,
,,,-3.8344E-06,0.087761402130127,0.196269355714321,
,,,-3.8342E-06,-0.0461298227310181,0.196604083757848,
,,,-3.834E-06,0.0208157896995544,0.196604083757848,
,,,-3.8338E-06,0.0208157896995544,0.195934627670795,
,,,-3.8336E-06,0.0208157896995544,0.195767263649032,
,,,-3.8334E-06,0.0208157896995544,0.196269355714321,
,,,-3.8332E-06,0.0208157896995544,0.196101991692558,
,,,-3.833E-06,0.0208157896995544,0.196269355714321,
,,,-3.8328E-06,0.0208157896995544,0.195767263649032,
,,,-3.8326E-06,-0.0461298227310181,0.196436719736084,
,,,-3.8324E-06,0.0208157896995544,0.196269355714321,
,,,-3.8322E-06,0.0208157896995544,0.196269355714321,
,,,-3.832E-06,0.0208157896995544,0.1972735398449,
,,,-3.8318E-06,-0.0461298227310181,0.196771447779611,
,,,-3.8316E-06,0.0208157896995544,0.196269355714321,
,,,-3.8314E-06,0.087761402130127,0.196436719736084,
,,,-3.8312E-06,-0.113075435161591,0.196938811801374,
,,,-3.831E-06,0.0208157896995544,0.196436719736084,
,,,-3.8308E-06,-0.0461298227310181,0.196604083757848,
,,,-3.8306E-06,0.0208157896995544,0.196771447779611,
,,,-3.8304E-06,0.087761402130127,0.1972735398449,
,,,-3.8302E-06,-0.0461298227310181,0.196771447779611,
,,,-3.83E-06,-0.0461298227310181,0.196604083757848,
,,,-3.8298E-06,0.0208157896995544,0.196269355714321,
,,,-3.8296E-06,-0.0461298227310181,0.197106175823137,
,,,-3.8294E-06,-0.0461298227310181,0.19777563191019,
,,,-3.8292E-06,0.087761402130127,0.197106175823137,
,,,-3.829E-06,-0.0461298227310181,0.196604083757848,
,,,-3.8288E-06,0.0208157896995544,0.197440903866664,
,,,-3.8286E-06,-0.0461298227310181,0.198445087997243,
,,,-3.8284E-06,-0.0461298227310181,0.196938811801374,
,,,-3.8282E-06,-0.113075435161591,0.1972735398449,
,,,-3.828E-06,0.087761402130127,0.197440903866664,
,,,-3.8278E-06,0.087761402130127,0.198110359953716,
,,,-3.8276E-06,0.087761402130127,0.197608267888427,
,,,-3.8274E-06,0.0208157896995544,0.198110359953716,
,,,-3.8272E-06,-0.0461298227310181,0.198110359953716,
,,,-3.827E-06,0.087761402130127,0.1972735398449,
,,,-3.8268E-06,-0.0461298227310181,0.1972735398449,
,,,-3.8266E-06,0.0208157896995544,0.1972735398449,
,,,-3.8264E-06,0.087761402130127,0.1972735398449,
,,,-3.8262E-06,-0.113075435161591,0.197608267888427,
,,,-3.826E-06,0.0208157896995544,0.198110359953716,
,,,-3.8258E-06,0.0208157896995544,0.197608267888427,
,,,-3.8256E-06,0.0208157896995544,0.196938811801374,
,,,-3.8254E-06,0.0208157896995544,0.197106175823137,
,,,-3.8252E-06,0.0208157896995544,0.19777563191019,
,,,-3.825E-06,-0.0461298227310181,0.19777563191019,
,,,-3.8248E-06,0.0208157896995544,0.196938811801374,
,,,-3.8246E-06,0.087761402130127,0.197942995931953,
,,,-3.8244E-06,0.0208157896995544,0.197942995931953,
,,,-3.8242E-06,-0.0461298227310181,0.1972735398449,
,,,-3.824E-06,0.0208157896995544,0.19777563191019,
,,,-3.8238E-06,-0.0461298227310181,0.19777563191019,
,,,-3.8236E-06,-0.113075435161591,0.197440903866664,
,,,-3.8234E-06,0.087761402130127,0.197942995931953,
,,,-3.8232E-06,0.0208157896995544,0.197608267888427,
,,,-3.823E-06,0.0208157896995544,0.19777563191019,
,,,-3.8228E-06,0.0208157896995544,0.19777563191019,
,,,-3.8226E-06,-0.0461298227310181,0.197440903866664,
,,,-3.8224E-06,-0.0461298227310181,0.197608267888427,
,,,-3.8222E-06,0.0208157896995544,0.197608267888427,
,,,-3.822E-06,0.0208157896995544,0.19777563191019,
,,,-3.8218E-06,-0.0461298227310181,0.197608267888427,
,,,-3.8216E-06,0.087761402130127,0.197440903866664,
,,,-3.8214E-06,-0.0461298227310181,0.19777563191019,
,,,-3.8212E-06,0.087761402130127,0.197106175823137,
,,,-3.821E-06,0.0208157896995544,0.197942995931953,
,,,-3.8208E-06,0.0208157896995544,0.197608267888427,
,,,-3.8206E-06,0.0208157896995544,0.197942995931953,
,,,-3.8204E-06,0.0208157896995544,0.19777563191019,
,,,-3.8202E-06,0.0208157896995544,0.1972735398449,
,,,-3.82E-06,0.087761402130127,0.197440903866664,
,,,-3.8198E-06,0.0208157896995544,0.197608267888427,
,,,-3.8196E-06,0.0208157896995544,0.198110359953716,
,,,-3.8194E-06,0.0208157896995544,0.197942995931953,
,,,-3.8192E-06,0.087761402130127,0.19777563191019,
,,,-3.819E-06,-0.0461298227310181,0.197942995931953,
,,,-3.8188E-06,0.0208157896995544,0.196269355714321,
,,,-3.8186E-06,0.087761402130127,0.197440903866664,
,,,-3.8184E-06,-0.113075435161591,0.197608267888427,
,,,-3.8182E-06,-0.0461298227310181,0.197608267888427,
,,,-3.818E-06,-0.0461298227310181,0.197440903866664,
,,,-3.8178E-06,0.154707014560699,0.197608267888427,
,,,-3.8176E-06,0.0208157896995544,0.197440903866664,
,,,-3.8174E-06,-0.113075435161591,0.196436719736084,
,,,-3.8172E-06,0.0208157896995544,0.197608267888427,
,,,-3.817E-06,0.0208157896995544,0.197440903866664,
,,,-3.8168E-06,0.0208157896995544,0.196436719736084,
,,,-3.8166E-06,-0.0461298227310181,0.197440903866664,
,,,-3.8164E-06,-0.0461298227310181,0.197608267888427,
,,,-3.8162E-06,0.0208157896995544,0.198110359953716,
,,,-3.816E-06,-0.0461298227310181,0.19827772397548,
,,,-3.8158E-06,-0.0461298227310181,0.197440903866664,
,,,-3.8156E-06,0.087761402130127,0.19777563191019,
,,,-3.8154E-06,-0.0461298227310181,0.197106175823137,
,,,-3.8152E-06,0.087761402130127,0.197440903866664,
,,,-3.815E-06,-0.0461298227310181,0.197440903866664,
,,,-3.8148E-06,0.0208157896995544,0.196604083757848,
,,,-3.8146E-06,0.0208157896995544,0.197106175823137,
,,,-3.8144E-06,0.0208157896995544,0.196938811801374,
,,,-3.8142E-06,0.087761402130127,0.197106175823137,
,,,-3.814E-06,0.0208157896995544,0.196938811801374,
,,,-3.8138E-06,0.0208157896995544,0.197608267888427,
,,,-3.8136E-06,0.0208157896995544,0.1972735398449,
,,,-3.8134E-06,0.0208157896995544,0.196604083757848,
,,,-3.8132E-06,-0.0461298227310181,0.196771447779611,
,,,-3.813E-06,0.0208157896995544,0.196938811801374,
,,,-3.8128E-06,0.087761402130127,0.196604083757848,
,,,-3.8126E-06,-0.0461298227310181,0.196604083757848,
,,,-3.8124E-06,0.087761402130127,0.197106175823137,
,,,-3.8122E-06,-0.0461298227310181,0.197440903866664,
,,,-3.812E-06,0.0208157896995544,0.197106175823137,
,,,-3.8118E-06,0.0208157896995544,0.19777563191019,
,,,-3.8116E-06,-0.113075435161591,0.198110359953716,
,,,-3.8114E-06,0.087761402130127,0.19777563191019,
,,,-3.8112E-06,0.0208157896995544,0.196938811801374,
,,,-3.811E-06,-0.113075435161591,0.197106175823137,
,,,-3.8108E-06,-0.0461298227310181,0.1972735398449,
,,,-3.8106E-06,-0.0461298227310181,0.197440903866664,
,,,-3.8104E-06,0.0208157896995544,0.197106175823137,
,,,-3.8102E-06,0.0208157896995544,0.196604083757848,
,,,-3.81E-06,0.0208157896995544,0.196604083757848,
,,,-3.8098E-06,-0.0461298227310181,0.196771447779611,
,,,-3.8096E-06,0.0208157896995544,0.196771447779611,
,,,-3.8094E-06,-0.113075435161591,0.19777563191019,
,,,-3.8092E-06,-0.0461298227310181,0.197106175823137,
,,,-3.809E-06,-0.0461298227310181,0.196604083757848,
,,,-3.8088E-06,0.087761402130127,0.196604083757848,
,,,-3.8086E-06,0.0208157896995544,0.196771447779611,
,,,-3.8084E-06,0.087761402130127,0.1972735398449,
,,,-3.8082E-06,-0.0461298227310181,0.197608267888427,
,,,-3.808E-06,-0.0461298227310181,0.197608267888427,
,,,-3.8078E-06,0.087761402130127,0.1972735398449,
,,,-3.8076E-06,-0.0461298227310181,0.197440903866664,
,,,-3.8074E-06,-0.0461298227310181,0.1972735398449,
,,,-3.8072E-06,0.0208157896995544,0.196938811801374,
,,,-3.807E-06,0.0208157896995544,0.19777563191019,
,,,-3.8068E-06,-0.0461298227310181,0.19777563191019,
,,,-3.8066E-06,0.0208157896995544,0.197608267888427,
,,,-3.8064E-06,0.087761402130127,0.1972735398449,
,,,-3.8062E-06,0.0208157896995544,0.197608267888427,
,,,-3.806E-06,0.0208157896995544,0.198110359953716,
,,,-3.8058E-06,-0.0461298227310181,0.197608267888427,
,,,-3.8056E-06,0.0208157896995544,0.1972735398449,
,,,-3.8054E-06,0.0208157896995544,0.197942995931953,
,,,-3.8052E-06,-0.0461298227310181,0.196938811801374,
,,,-3.805E-06,-0.0461298227310181,0.197608267888427,
,,,-3.8048E-06,-0.0461298227310181,0.197440903866664,
,,,-3.8046E-06,0.0208157896995544,0.19777563191019,
,,,-3.8044E-06,0.0208157896995544,0.1972735398449,
,,,-3.8042E-06,-0.0461298227310181,0.197942995931953,
,,,-3.804E-06,0.0208157896995544,0.197440903866664,
,,,-3.8038E-06,-0.0461298227310181,0.19777563191019,
,,,-3.8036E-06,-0.0461298227310181,0.1972735398449,
,,,-3.8034E-06,0.0208157896995544,0.197942995931953,
,,,-3.8032E-06,0.0208157896995544,0.197608267888427,
,,,-3.803E-06,-0.113075435161591,0.19777563191019,
,,,-3.8028E-06,0.0208157896995544,0.198445087997243,
,,,-3.8026E-06,-0.0461298227310181,0.198110359953716,
,,,-3.8024E-06,0.0208157896995544,0.197106175823137,
,,,-3.8022E-06,0.0208157896995544,0.19777563191019,
,,,-3.802E-06,0.087761402130127,0.197440903866664,
,,,-3.8018E-06,-0.0461298227310181,0.197608267888427,
,,,-3.8016E-06,0.087761402130127,0.197440903866664,
,,,-3.8014E-06,0.087761402130127,0.19777563191019,
,,,-3.8012E-06,-0.0461298227310181,0.1972735398449,
,,,-3.801E-06,0.154707014560699,0.197440903866664,
,,,-3.8008E-06,0.0208157896995544,0.1972735398449,
,,,-3.8006E-06,-0.0461298227310181,0.197440903866664,
,,,-3.8004E-06,0.0208157896995544,0.197106175823137,
,,,-3.8002E-06,0.087761402130127,0.197106175823137,
,,,-3.8E-06,0.154707014560699,0.1972735398449,
,,,-3.7998E-06,0.0208157896995544,0.197942995931953,
,,,-3.7996E-06,0.0208157896995544,0.197106175823137,
,,,-3.7994E-06,0.0208157896995544,0.197106175823137,
,,,-3.7992E-06,0.0208157896995544,0.198110359953716,
,,,-3.799E-06,0.0208157896995544,0.19777563191019,
,,,-3.7988E-06,0.0208157896995544,0.1972735398449,
,,,-3.7986E-06,0.0208157896995544,0.197942995931953,
,,,-3.7984E-06,0.0208157896995544,0.197608267888427,
,,,-3.7982E-06,-0.113075435161591,0.196938811801374,
,,,-3.798E-06,0.0208157896995544,0.197942995931953,
,,,-3.7978E-06,0.087761402130127,0.197106175823137,
,,,-3.7976E-06,0.0208157896995544,0.197106175823137,
,,,-3.7974E-06,-0.0461298227310181,0.196771447779611,
,,,-3.7972E-06,0.087761402130127,0.1972735398449,
,,,-3.797E-06,0.0208157896995544,0.1972735398449,
,,,-3.7968E-06,0.0208157896995544,0.1972735398449,
,,,-3.7966E-06,0.0208157896995544,0.197106175823137,
,,,-3.7964E-06,0.0208157896995544,0.197440903866664,
,,,-3.7962E-06,0.0208157896995544,0.196938811801374,
,,,-3.796E-06,0.087761402130127,0.196938811801374,
,,,-3.7958E-06,0.0208157896995544,0.196436719736084,
,,,-3.7956E-06,0.087761402130127,0.197106175823137,
,,,-3.7954E-06,0.0208157896995544,0.196938811801374,
,,,-3.7952E-06,0.0208157896995544,0.196269355714321,
,,,-3.795E-06,0.087761402130127,0.196938811801374,
,,,-3.7948E-06,-0.0461298227310181,0.196938811801374,
,,,-3.7946E-06,0.0208157896995544,0.196938811801374,
,,,-3.7944E-06,0.0208157896995544,0.197942995931953,
,,,-3.7942E-06,-0.0461298227310181,0.1972735398449,
,,,-3.794E-06,0.087761402130127,0.196938811801374,
,,,-3.7938E-06,-0.0461298227310181,0.196436719736084,
,,,-3.7936E-06,0.0208157896995544,0.197440903866664,
,,,-3.7934E-06,0.0208157896995544,0.196604083757848,
,,,-3.7932E-06,0.0208157896995544,0.197106175823137,
,,,-3.793E-06,0.0208157896995544,0.196938811801374,
,,,-3.7928E-06,-0.0461298227310181,0.1972735398449,
,,,-3.7926E-06,0.0208157896995544,0.196604083757848,
,,,-3.7924E-06,-0.113075435161591,0.196938811801374,
,,,-3.7922E-06,-0.0461298227310181,0.1972735398449,
,,,-3.792E-06,0.154707014560699,0.196269355714321,
,,,-3.7918E-06,-0.0461298227310181,0.196771447779611,
,,,-3.7916E-06,-0.0461298227310181,0.197440903866664,
,,,-3.7914E-06,0.087761402130127,0.196436719736084,
,,,-3.7912E-06,0.0208157896995544,0.196101991692558,
,,,-3.791E-06,0.0208157896995544,0.197106175823137,
,,,-3.7908E-06,0.0208157896995544,0.197440903866664,
,,,-3.7906E-06,-0.0461298227310181,0.196269355714321,
,,,-3.7904E-06,0.0208157896995544,0.19777563191019,
,,,-3.7902E-06,0.0208157896995544,0.197106175823137,
,,,-3.79E-06,0.0208157896995544,0.196771447779611,
,,,-3.7898E-06,-0.0461298227310181,0.197106175823137,
,,,-3.7896E-06,0.087761402130127,0.196938811801374,
,,,-3.7894E-06,-0.0461298227310181,0.197608267888427,
,,,-3.7892E-06,0.0208157896995544,0.196604083757848,
,,,-3.789E-06,0.0208157896995544,0.197106175823137,
,,,-3.7888E-06,-0.0461298227310181,0.196938811801374,
,,,-3.7886E-06,0.0208157896995544,0.196771447779611,
,,,-3.7884E-06,0.0208157896995544,0.196604083757848,
,,,-3.7882E-06,0.087761402130127,0.197106175823137,
,,,-3.788E-06,0.087761402130127,0.197942995931953,
,,,-3.7878E-06,-0.113075435161591,0.197106175823137,
,,,-3.7876E-06,0.0208157896995544,0.196604083757848,
,,,-3.7874E-06,0.0208157896995544,0.196938811801374,
,,,-3.7872E-06,0.087761402130127,0.196101991692558,
,,,-3.787E-06,-0.0461298227310181,0.196771447779611,
,,,-3.7868E-06,0.0208157896995544,0.196269355714321,
,,,-3.7866E-06,-0.113075435161591,0.196269355714321,
,,,-3.7864E-06,-0.113075435161591,0.197106175823137,
,,,-3.7862E-06,-0.0461298227310181,0.196938811801374,
,,,-3.786E-06,-0.0461298227310181,0.196604083757848,
,,,-3.7858E-06,0.0208157896995544,0.196269355714321,
,,,-3.7856E-06,0.087761402130127,0.196771447779611,
,,,-3.7854E-06,-0.0461298227310181,0.196938811801374,
,,,-3.7852E-06,0.0208157896995544,0.196938811801374,
,,,-3.785E-06,-0.0461298227310181,0.197106175823137,
,,,-3.7848E-06,0.0208157896995544,0.196436719736084,
,,,-3.7846E-06,-0.0461298227310181,0.196938811801374,
,,,-3.7844E-06,-0.0461298227310181,0.19777563191019,
,,,-3.7842E-06,0.087761402130127,0.197942995931953,
,,,-3.784E-06,0.0208157896995544,0.196938811801374,
,,,-3.7838E-06,0.0208157896995544,0.197106175823137,
,,,-3.7836E-06,0.087761402130127,0.197106175823137,
,,,-3.7834E-06,-0.0461298227310181,0.197106175823137,
,,,-3.7832E-06,0.0208157896995544,0.196604083757848,
,,,-3.783E-06,-0.0461298227310181,0.1972735398449,
,,,-3.7828E-06,0.154707014560699,0.197608267888427,
,,,-3.7826E-06,0.0208157896995544,0.197942995931953,
,,,-3.7824E-06,-0.113075435161591,0.196938811801374,
,,,-3.7822E-06,0.154707014560699,0.197440903866664,
,,,-3.782E-06,-0.0461298227310181,0.197440903866664,
,,,-3.7818E-06,-0.0461298227310181,0.196604083757848,
,,,-3.7816E-06,0.0208157896995544,0.197440903866664,
,,,-3.7814E-06,-0.0461298227310181,0.19777563191019,
,,,-3.7812E-06,-0.0461298227310181,0.196771447779611,
,,,-3.781E-06,0.087761402130127,0.197608267888427,
,,,-3.7808E-06,0.0208157896995544,0.197942995931953,
,,,-3.7806E-06,-0.0461298227310181,0.1972735398449,
,,,-3.7804E-06,0.087761402130127,0.196101991692558,
,,,-3.7802E-06,0.087761402130127,0.197440903866664,
,,,-3.78E-06,-0.0461298227310181,0.197608267888427,
,,,-3.7798E-06,0.0208157896995544,0.197106175823137,
,,,-3.7796E-06,0.0208157896995544,0.197608267888427,
,,,-3.7794E-06,-0.0461298227310181,0.197942995931953,
,,,-3.7792E-06,0.087761402130127,0.196604083757848,
,,,-3.779E-06,-0.0461298227310181,0.196938811801374,
,,,-3.7788E-06,0.0208157896995544,0.1972735398449,
,,,-3.7786E-06,0.0208157896995544,0.197106175823137,
,,,-3.7784E-06,0.0208157896995544,0.197106175823137,
,,,-3.7782E-06,-0.0461298227310181,0.196938811801374,
,,,-3.778E-06,0.0208157896995544,0.1972735398449,
,,,-3.7778E-06,-0.0461298227310181,0.196938811801374,
,,,-3.7776E-06,0.0208157896995544,0.196938811801374,
,,,-3.7774E-06,-0.0461298227310181,0.197106175823137,
,,,-3.7772E-06,-0.0461298227310181,0.1972735398449,
,,,-3.777E-06,-0.113075435161591,0.196938811801374,
,,,-3.7768E-06,0.087761402130127,0.196771447779611,
,,,-3.7766E-06,-0.0461298227310181,0.1972735398449,
,,,-3.7764E-06,0.087761402130127,0.197106175823137,
,,,-3.7762E-06,-0.0461298227310181,0.197106175823137,
,,,-3.776E-06,-0.0461298227310181,0.196771447779611,
,,,-3.7758E-06,0.154707014560699,0.196771447779611,
,,,-3.7756E-06,-0.0461298227310181,0.196436719736084,
,,,-3.7754E-06,0.0208157896995544,0.195934627670795,
,,,-3.7752E-06,0.0208157896995544,0.197106175823137,
,,,-3.775E-06,-0.0461298227310181,0.1972735398449,
,,,-3.7748E-06,-0.0461298227310181,0.196101991692558,
,,,-3.7746E-06,0.0208157896995544,0.196604083757848,
,,,-3.7744E-06,0.0208157896995544,0.196771447779611,
,,,-3.7742E-06,-0.113075435161591,0.196938811801374,
,,,-3.774E-06,0.087761402130127,0.197608267888427,
,,,-3.7738E-06,0.0208157896995544,0.196604083757848,
,,,-3.7736E-06,-0.113075435161591,0.196604083757848,
,,,-3.7734E-06,-0.0461298227310181,0.196436719736084,
,,,-3.7732E-06,-0.0461298227310181,0.196771447779611,
,,,-3.773E-06,-0.0461298227310181,0.196101991692558,
,,,-3.7728E-06,0.087761402130127,0.196436719736084,
,,,-3.7726E-06,-0.0461298227310181,0.196269355714321,
,,,-3.7724E-06,-0.0461298227310181,0.196604083757848,
,,,-3.7722E-06,0.0208157896995544,0.197440903866664,
,,,-3.772E-06,0.0208157896995544,0.196101991692558,
,,,-3.7718E-06,-0.0461298227310181,0.196771447779611,
,,,-3.7716E-06,-0.0461298227310181,0.196604083757848,
,,,-3.7714E-06,-0.113075435161591,0.196604083757848,
,,,-3.7712E-06,0.0208157896995544,0.196771447779611,
,,,-3.771E-06,0.0208157896995544,0.1972735398449,
,,,-3.7708E-06,0.0208157896995544,0.196771447779611,
,,,-3.7706E-06,-0.0461298227310181,0.196101991692558,
,,,-3.7704E-06,0.087761402130127,0.196101991692558,
,,,-3.7702E-06,0.0208157896995544,0.197106175823137,
,,,-3.77E-06,-0.0461298227310181,0.196604083757848,
,,,-3.7698E-06,0.0208157896995544,0.196604083757848,
,,,-3.7696E-06,0.0208157896995544,0.196938811801374,
,,,-3.7694E-06,0.0208157896995544,0.196771447779611,
,,,-3.7692E-06,-0.113075435161591,0.196938811801374,
,,,-3.769E-06,0.0208157896995544,0.196771447779611,
,,,-3.7688E-06,0.0208157896995544,0.196771447779611,
,,,-3.7686E-06,-0.113075435161591,0.196101991692558,
,,,-3.7684E-06,0.0208157896995544,0.196436719736084,
,,,-3.7682E-06,0.0208157896995544,0.197106175823137,
,,,-3.768E-06,0.087761402130127,0.196269355714321,
,,,-3.7678E-06,-0.0461298227310181,0.1972735398449,
,,,-3.7676E-06,-0.0461298227310181,0.196771447779611,
,,,-3.7674E-06,-0.0461298227310181,0.196771447779611,
,,,-3.7672E-06,-0.0461298227310181,0.196938811801374,
,,,-3.767E-06,0.0208157896995544,0.197440903866664,
,,,-3.7668E-06,-0.0461298227310181,0.197440903866664,
,,,-3.7666E-06,0.087761402130127,0.19777563191019,
,,,-3.7664E-06,0.154707014560699,0.198110359953716,
,,,-3.7662E-06,-0.0461298227310181,0.196938811801374,
,,,-3.766E-06,0.0208157896995544,0.196938811801374,
,,,-3.7658E-06,0.0208157896995544,0.1972735398449,
,,,-3.7656E-06,0.0208157896995544,0.196101991692558,
,,,-3.7654E-06,-0.0461298227310181,0.1972735398449,
,,,-3.7652E-06,0.087761402130127,0.197608267888427,
,,,-3.765E-06,0.087761402130127,0.1972735398449,
,,,-3.7648E-06,-0.0461298227310181,0.197106175823137,
,,,-3.7646E-06,-0.113075435161591,0.197608267888427,
,,,-3.7644E-06,0.0208157896995544,0.197106175823137,
,,,-3.7642E-06,0.0208157896995544,0.196771447779611,
,,,-3.764E-06,-0.0461298227310181,0.198612452019006,
,,,-3.7638E-06,-0.113075435161591,0.197608267888427,
,,,-3.7636E-06,0.087761402130127,0.197440903866664,
,,,-3.7634E-06,0.0208157896995544,0.198445087997243,
,,,-3.7632E-06,-0.0461298227310181,0.197106175823137,
,,,-3.763E-06,0.087761402130127,0.196771447779611,
,,,-3.7628E-06,-0.0461298227310181,0.19777563191019,
,,,-3.7626E-06,-0.0461298227310181,0.197608267888427,
,,,-3.7624E-06,0.087761402130127,0.197106175823137,
,,,-3.7622E-06,-0.0461298227310181,0.197608267888427,
,,,-3.762E-06,0.0208157896995544,0.1972735398449,
,,,-3.7618E-06,-0.0461298227310181,0.1972735398449,
,,,-3.7616E-06,0.087761402130127,0.197942995931953,
,,,-3.7614E-06,0.0208157896995544,0.197608267888427,
,,,-3.7612E-06,0.087761402130127,0.197440903866664,
,,,-3.761E-06,0.0208157896995544,0.197440903866664,
,,,-3.7608E-06,-0.0461298227310181,0.196771447779611,
,,,-3.7606E-06,-0.0461298227310181,0.1972735398449,
,,,-3.7604E-06,0.0208157896995544,0.197942995931953,
,,,-3.7602E-06,-0.0461298227310181,0.196938811801374,
,,,-3.76E-06,0.087761402130127,0.196771447779611,
,,,-3.7598E-06,-0.0461298227310181,0.196771447779611,
,,,-3.7596E-06,0.0208157896995544,0.1972735398449,
,,,-3.7594E-06,0.087761402130127,0.196604083757848,
,,,-3.7592E-06,0.0208157896995544,0.196269355714321,
,,,-3.759E-06,0.0208157896995544,0.196269355714321,
,,,-3.7588E-06,0.0208157896995544,0.197608267888427,
,,,-3.7586E-06,-0.0461298227310181,0.19777563191019,
,,,-3.7584E-06,-0.0461298227310181,0.1972735398449,
,,,-3.7582E-06,-0.0461298227310181,0.196938811801374,
,,,-3.758E-06,0.087761402130127,0.1972735398449,
,,,-3.7578E-06,0.0208157896995544,0.196269355714321,
,,,-3.7576E-06,0.087761402130127,0.196771447779611,
,,,-3.7574E-06,0.0208157896995544,0.1972735398449,
,,,-3.7572E-06,0.0208157896995544,0.1972735398449,
,,,-3.757E-06,0.0208157896995544,0.196938811801374,
,,,-3.7568E-06,0.0208157896995544,0.196771447779611,
,,,-3.7566E-06,0.0208157896995544,0.197440903866664,
,,,-3.7564E-06,0.0208157896995544,0.196938811801374,
,,,-3.7562E-06,-0.0461298227310181,0.196771447779611,
,,,-3.756E-06,0.0208157896995544,0.1972735398449,
,,,-3.7558E-06,0.0208157896995544,0.196771447779611,
,,,-3.7556E-06,-0.0461298227310181,0.197106175823137,
,,,-3.7554E-06,0.087761402130127,0.197106175823137,
,,,-3.7552E-06,-0.0461298227310181,0.196101991692558,
,,,-3.755E-06,0.0208157896995544,0.196604083757848,
,,,-3.7548E-06,0.087761402130127,0.197608267888427,
,,,-3.7546E-06,-0.0461298227310181,0.197106175823137,
,,,-3.7544E-06,-0.0461298227310181,0.196604083757848,
,,,-3.7542E-06,0.087761402130127,0.196604083757848,
,,,-3.754E-06,0.0208157896995544,0.197608267888427,
,,,-3.7538E-06,-0.0461298227310181,0.196938811801374,
,,,-3.7536E-06,0.087761402130127,0.197608267888427,
,,,-3.7534E-06,-0.0461298227310181,0.1972735398449,
,,,-3.7532E-06,-0.0461298227310181,0.196771447779611,
,,,-3.753E-06,0.154707014560699,0.197106175823137,
,,,-3.7528E-06,0.087761402130127,0.197106175823137,
,,,-3.7526E-06,-0.113075435161591,0.197106175823137,
,,,-3.7524E-06,0.0208157896995544,0.197440903866664,
,,,-3.7522E-06,-0.0461298227310181,0.197106175823137,
,,,-3.752E-06,0.0208157896995544,0.196938811801374,
,,,-3.7518E-06,-0.113075435161591,0.197440903866664,
,,,-3.7516E-06,0.0208157896995544,0.196771447779611,
,,,-3.7514E-06,-0.0461298227310181,0.196604083757848,
,,,-3.7512E-06,0.087761402130127,0.196771447779611,
,,,-3.751E-06,-0.0461298227310181,0.197608267888427,
,,,-3.7508E-06,0.0208157896995544,0.196604083757848,
,,,-3.7506E-06,-0.0461298227310181,0.196771447779611,
,,,-3.7504E-06,0.087761402130127,0.196604083757848,
,,,-3.7502E-06,0.0208157896995544,0.196436719736084,
,,,-3.75E-06,-0.0461298227310181,0.196436719736084,
,,,-3.7498E-06,0.0208157896995544,0.196938811801374,
,,,-3.7496E-06,0.0208157896995544,0.196771447779611,
,,,-3.7494E-06,0.0208157896995544,0.196604083757848,
,,,-3.7492E-06,0.0208157896995544,0.197106175823137,
,,,-3.749E-06,0.154707014560699,0.197106175823137,
,,,-3.7488E-06,0.087761402130127,0.196938811801374,
,,,-3.7486E-06,0.0208157896995544,0.196938811801374,
,,,-3.7484E-06,0.0208157896995544,0.196938811801374,
,,,-3.7482E-06,0.0208157896995544,0.197440903866664,
,,,-3.748E-06,-0.0461298227310181,0.197608267888427,
,,,-3.7478E-06,0.0208157896995544,0.1972735398449,
,,,-3.7476E-06,0.0208157896995544,0.196938811801374,
,,,-3.7474E-06,0.0208157896995544,0.196771447779611,
,,,-3.7472E-06,0.0208157896995544,0.196938811801374,
,,,-3.747E-06,-0.0461298227310181,0.196938811801374,
,,,-3.7468E-06,0.0208157896995544,0.197608267888427,
,,,-3.7466E-06,0.0208157896995544,0.197608267888427,
,,,-3.7464E-06,0.0208157896995544,0.197106175823137,
,,,-3.7462E-06,-0.0461298227310181,0.196938811801374,
,,,-3.746E-06,-0.0461298227310181,0.197440903866664,
,,,-3.7458E-06,-0.0461298227310181,0.197608267888427,
,,,-3.7456E-06,0.0208157896995544,0.1972735398449,
,,,-3.7454E-06,-0.113075435161591,0.19777563191019,
,,,-3.7452E-06,-0.0461298227310181,0.198110359953716,
,,,-3.745E-06,0.0208157896995544,0.197608267888427,
,,,-3.7448E-06,0.0208157896995544,0.197440903866664,
,,,-3.7446E-06,0.0208157896995544,0.19827772397548,
,,,-3.7444E-06,0.154707014560699,0.1972735398449,
,,,-3.7442E-06,0.0208157896995544,0.197106175823137,
,,,-3.744E-06,0.0208157896995544,0.197942995931953,
,,,-3.7438E-06,0.087761402130127,0.197440903866664,
,,,-3.7436E-06,-0.0461298227310181,0.197440903866664,
,,,-3.7434E-06,-0.0461298227310181,0.19827772397548,
,,,-3.7432E-06,0.0208157896995544,0.197440903866664,
,,,-3.743E-06,0.0208157896995544,0.197942995931953,
,,,-3.7428E-06,0.0208157896995544,0.19827772397548,
,,,-3.7426E-06,0.0208157896995544,0.197440903866664,
,,,-3.7424E-06,0.0208157896995544,0.19827772397548,
,,,-3.7422E-06,0.0208157896995544,0.197440903866664,
,,,-3.742E-06,-0.0461298227310181,0.197106175823137,
,,,-3.7418E-06,-0.0461298227310181,0.198612452019006,
,,,-3.7416E-06,-0.0461298227310181,0.197608267888427,
,,,-3.7414E-06,-0.0461298227310181,0.196938811801374,
,,,-3.7412E-06,-0.113075435161591,0.196771447779611,
,,,-3.741E-06,0.0208157896995544,0.197440903866664,
,,,-3.7408E-06,0.087761402130127,0.1972735398449,
,,,-3.7406E-06,-0.0461298227310181,0.19777563191019,
,,,-3.7404E-06,0.0208157896995544,0.19827772397548,
,,,-3.7402E-06,0.0208157896995544,0.197106175823137,
,,,-3.74E-06,0.0208157896995544,0.196269355714321,
,,,-3.7398E-06,-0.0461298227310181,0.1972735398449,
,,,-3.7396E-06,0.087761402130127,0.197942995931953,
,,,-3.7394E-06,-0.0461298227310181,0.196938811801374,
,,,-3.7392E-06,-0.113075435161591,0.197608267888427,
,,,-3.739E-06,-0.113075435161591,0.197608267888427,
,,,-3.7388E-06,-0.0461298227310181,0.19777563191019,
,,,-3.7386E-06,-0.0461298227310181,0.197942995931953,
,,,-3.7384E-06,0.0208157896995544,0.197440903866664,
,,,-3.7382E-06,0.087761402130127,0.197440903866664,
,,,-3.738E-06,0.154707014560699,0.1972735398449,
,,,-3.7378E-06,-0.0461298227310181,0.197440903866664,
,,,-3.7376E-06,-0.0461298227310181,0.197440903866664,
,,,-3.7374E-06,0.0208157896995544,0.196938811801374,
,,,-3.7372E-06,-0.0461298227310181,0.197106175823137,
,,,-3.737E-06,0.0208157896995544,0.197942995931953,
,,,-3.7368E-06,0.087761402130127,0.1972735398449,
,,,-3.7366E-06,0.0208157896995544,0.197106175823137,
,,,-3.7364E-06,0.0208157896995544,0.1972735398449,
,,,-3.7362E-06,0.0208157896995544,0.19777563191019,
,,,-3.736E-06,0.154707014560699,0.196604083757848,
,,,-3.7358E-06,-0.0461298227310181,0.197608267888427,
,,,-3.7356E-06,0.087761402130127,0.197106175823137,
,,,-3.7354E-06,0.087761402130127,0.197440903866664,
,,,-3.7352E-06,-0.113075435161591,0.19777563191019,
,,,-3.735E-06,-0.0461298227310181,0.1972735398449,
,,,-3.7348E-06,0.154707014560699,0.197608267888427,
,,,-3.7346E-06,-0.0461298227310181,0.196938811801374,
,,,-3.7344E-06,-0.0461298227310181,0.197440903866664,
,,,-3.7342E-06,0.0208157896995544,0.196771447779611,
,,,-3.734E-06,0.0208157896995544,0.197106175823137,
,,,-3.7338E-06,-0.0461298227310181,0.196604083757848,
,,,-3.7336E-06,0.087761402130127,0.196771447779611,
,,,-3.7334E-06,-0.0461298227310181,0.196771447779611,
,,,-3.7332E-06,0.0208157896995544,0.196269355714321,
,,,-3.733E-06,-0.0461298227310181,0.196938811801374,
,,,-3.7328E-06,0.0208157896995544,0.196771447779611,
,,,-3.7326E-06,0.0208157896995544,0.1972735398449,
,,,-3.7324E-06,0.0208157896995544,0.196604083757848,
,,,-3.7322E-06,0.0208157896995544,0.196436719736084,
,,,-3.732E-06,0.087761402130127,0.197440903866664,
,,,-3.7318E-06,0.0208157896995544,0.1972735398449,
,,,-3.7316E-06,0.087761402130127,0.197440903866664,
,,,-3.7314E-06,0.0208157896995544,0.196938811801374,
,,,-3.7312E-06,0.0208157896995544,0.196938811801374,
,,,-3.731E-06,0.0208157896995544,0.196938811801374,
,,,-3.7308E-06,-0.0461298227310181,0.196604083757848,
,,,-3.7306E-06,0.0208157896995544,0.196771447779611,
,,,-3.7304E-06,0.087761402130127,0.19777563191019,
,,,-3.7302E-06,-0.113075435161591,0.196771447779611,
,,,-3.73E-06,0.0208157896995544,0.196938811801374,
,,,-3.7298E-06,0.087761402130127,0.1972735398449,
,,,-3.7296E-06,0.087761402130127,0.196604083757848,
,,,-3.7294E-06,-0.0461298227310181,0.196436719736084,
,,,-3.7292E-06,0.154707014560699,0.1972735398449,
,,,-3.729E-06,0.0208157896995544,0.19777563191019,
,,,-3.7288E-06,-0.0461298227310181,0.196436719736084,
,,,-3.7286E-06,0.0208157896995544,0.196604083757848,
,,,-3.7284E-06,0.0208157896995544,0.196771447779611,
,,,-3.7282E-06,-0.0461298227310181,0.196771447779611,
,,,-3.728E-06,0.087761402130127,0.196604083757848,
,,,-3.7278E-06,-0.0461298227310181,0.196604083757848,
,,,-3.7276E-06,-0.113075435161591,0.196938811801374,
,,,-3.7274E-06,-0.0461298227310181,0.196771447779611,
,,,-3.7272E-06,0.0208157896995544,0.196436719736084,
,,,-3.727E-06,-0.0461298227310181,0.196771447779611,
,,,-3.7268E-06,-0.0461298227310181,0.197608267888427,
,,,-3.7266E-06,-0.0461298227310181,0.197106175823137,
,,,-3.7264E-06,0.0208157896995544,0.196771447779611,
,,,-3.7262E-06,-0.0461298227310181,0.197106175823137,
,,,-3.726E-06,0.0208157896995544,0.19777563191019,
,,,-3.7258E-06,0.0208157896995544,0.197608267888427,
,,,-3.7256E-06,0.087761402130127,0.197440903866664,
,,,-3.7254E-06,-0.0461298227310181,0.19777563191019,
,,,-3.7252E-06,0.154707014560699,0.197106175823137,
,,,-3.725E-06,0.0208157896995544,0.197608267888427,
,,,-3.7248E-06,0.0208157896995544,0.196436719736084,
,,,-3.7246E-06,0.087761402130127,0.196771447779611,
,,,-3.7244E-06,0.0208157896995544,0.197106175823137,
,,,-3.7242E-06,-0.0461298227310181,0.196269355714321,
,,,-3.724E-06,0.0208157896995544,0.1972735398449,
,,,-3.7238E-06,-0.0461298227310181,0.197106175823137,
,,,-3.7236E-06,-0.0461298227310181,0.197440903866664,
,,,-3.7234E-06,0.087761402130127,0.196771447779611,
,,,-3.7232E-06,0.154707014560699,0.1972735398449,
,,,-3.723E-06,-0.0461298227310181,0.197440903866664,
,,,-3.7228E-06,0.087761402130127,0.196604083757848,
,,,-3.7226E-06,0.0208157896995544,0.197942995931953,
,,,-3.7224E-06,-0.0461298227310181,0.197440903866664,
,,,-3.7222E-06,0.0208157896995544,0.1972735398449,
,,,-3.722E-06,0.0208157896995544,0.196938811801374,
,,,-3.7218E-06,0.087761402130127,0.198110359953716,
,,,-3.7216E-06,0.154707014560699,0.197608267888427,
,,,-3.7214E-06,-0.113075435161591,0.196604083757848,
,,,-3.7212E-06,0.0208157896995544,0.197106175823137,
,,,-3.721E-06,0.087761402130127,0.197106175823137,
,,,-3.7208E-06,0.0208157896995544,0.196604083757848,
,,,-3.7206E-06,-0.0461298227310181,0.1972735398449,
,,,-3.7204E-06,0.0208157896995544,0.197106175823137,
,,,-3.7202E-06,-0.0461298227310181,0.197106175823137,
,,,-3.72E-06,-0.0461298227310181,0.197440903866664,
,,,-3.7198E-06,-0.0461298227310181,0.197440903866664,
,,,-3.7196E-06,0.0208157896995544,0.196436719736084,
,,,-3.7194E-06,0.0208157896995544,0.1972735398449,
,,,-3.7192E-06,0.087761402130127,0.197440903866664,
,,,-3.719E-06,-0.0461298227310181,0.1972735398449,
,,,-3.7188E-06,0.087761402130127,0.197106175823137,
,,,-3.7186E-06,0.0208157896995544,0.197106175823137,
,,,-3.7184E-06,0.0208157896995544,0.196938811801374,
,,,-3.7182E-06,0.087761402130127,0.196771447779611,
,,,-3.718E-06,-0.0461298227310181,0.196938811801374,
,,,-3.7178E-06,0.0208157896995544,0.19777563191019,
,,,-3.7176E-06,0.087761402130127,0.196938811801374,
,,,-3.7174E-06,-0.0461298227310181,0.196604083757848,
,,,-3.7172E-06,-0.0461298227310181,0.196604083757848,
,,,-3.717E-06,0.087761402130127,0.197106175823137,
,,,-3.7168E-06,0.087761402130127,0.197608267888427,
,,,-3.7166E-06,-0.0461298227310181,0.196938811801374,
,,,-3.7164E-06,0.087761402130127,0.1972735398449,
,,,-3.7162E-06,0.0208157896995544,0.196938811801374,
,,,-3.716E-06,0.0208157896995544,0.196101991692558,
,,,-3.7158E-06,-0.0461298227310181,0.1972735398449,
,,,-3.7156E-06,0.0208157896995544,0.196771447779611,
,,,-3.7154E-06,0.0208157896995544,0.196938811801374,
,,,-3.7152E-06,0.087761402130127,0.196604083757848,
,,,-3.715E-06,0.0208157896995544,0.1972735398449,
,,,-3.7148E-06,-0.0461298227310181,0.1972735398449,
,,,-3.7146E-06,0.0208157896995544,0.196771447779611,
,,,-3.7144E-06,-0.0461298227310181,0.196269355714321,
,,,-3.7142E-06,-0.0461298227310181,0.196938811801374,
,,,-3.714E-06,0.087761402130127,0.196604083757848,
,,,-3.7138E-06,-0.0461298227310181,0.197106175823137,
,,,-3.7136E-06,0.0208157896995544,0.196938811801374,
,,,-3.7134E-06,0.0208157896995544,0.197106175823137,
,,,-3.7132E-06,-0.0461298227310181,0.196771447779611,
,,,-3.713E-06,-0.0461298227310181,0.196101991692558,
,,,-3.7128E-06,0.087761402130127,0.196101991692558,
,,,-3.7126E-06,0.0208157896995544,0.196771447779611,
,,,-3.7124E-06,0.154707014560699,0.196938811801374,
,,,-3.7122E-06,0.0208157896995544,0.1972735398449,
,,,-3.712E-06,-0.0461298227310181,0.196771447779611,
,,,-3.7118E-06,0.087761402130127,0.1972735398449,
,,,-3.7116E-06,-0.0461298227310181,0.196938811801374,
,,,-3.7114E-06,0.087761402130127,0.1972735398449,
,,,-3.7112E-06,0.087761402130127,0.196938811801374,
,,,-3.711E-06,-0.0461298227310181,0.196269355714321,
,,,-3.7108E-06,-0.0461298227310181,0.197608267888427,
,,,-3.7106E-06,0.0208157896995544,0.1972735398449,
,,,-3.7104E-06,0.087761402130127,0.196604083757848,
,,,-3.7102E-06,0.0208157896995544,0.197440903866664,
,,,-3.71E-06,0.0208157896995544,0.196604083757848,
,,,-3.7098E-06,0.0208157896995544,0.196604083757848,
,,,-3.7096E-06,-0.0461298227310181,0.196436719736084,
,,,-3.7094E-06,-0.0461298227310181,0.197106175823137,
,,,-3.7092E-06,0.0208157896995544,0.196771447779611,
,,,-3.709E-06,0.087761402130127,0.197440903866664,
,,,-3.7088E-06,0.087761402130127,0.1972735398449,
,,,-3.7086E-06,-0.0461298227310181,0.1972735398449,
,,,-3.7084E-06,0.0208157896995544,0.197106175823137,
,,,-3.7082E-06,0.0208157896995544,0.196101991692558,
,,,-3.708E-06,0.0208157896995544,0.196604083757848,
,,,-3.7078E-06,-0.0461298227310181,0.196771447779611,
,,,-3.7076E-06,0.0208157896995544,0.1972735398449,
,,,-3.7074E-06,-0.0461298227310181,0.1972735398449,
,,,-3.7072E-06,0.087761402130127,0.197440903866664,
,,,-3.707E-06,-0.0461298227310181,0.196771447779611,
,,,-3.7068E-06,-0.0461298227310181,0.196771447779611,
,,,-3.7066E-06,-0.0461298227310181,0.196771447779611,
,,,-3.7064E-06,0.0208157896995544,0.197440903866664,
,,,-3.7062E-06,0.0208157896995544,0.196771447779611,
,,,-3.706E-06,0.087761402130127,0.1972735398449,
,,,-3.7058E-06,0.0208157896995544,0.197106175823137,
,,,-3.7056E-06,0.0208157896995544,0.196938811801374,
,,,-3.7054E-06,0.0208157896995544,0.196269355714321,
,,,-3.7052E-06,-0.113075435161591,0.197106175823137,
,,,-3.705E-06,0.0208157896995544,0.196604083757848,
,,,-3.7048E-06,0.087761402130127,0.196771447779611,
,,,-3.7046E-06,-0.0461298227310181,0.196938811801374,
,,,-3.7044E-06,0.0208157896995544,0.1972735398449,
,,,-3.7042E-06,0.0208157896995544,0.196771447779611,
,,,-3.704E-06,0.0208157896995544,0.196269355714321,
,,,-3.7038E-06,-0.0461298227310181,0.196436719736084,
,,,-3.7036E-06,-0.0461298227310181,0.196771447779611,
,,,-3.7034E-06,0.0208157896995544,0.197106175823137,
,,,-3.7032E-06,0.0208157896995544,0.197106175823137,
,,,-3.703E-06,0.0208157896995544,0.197440903866664,
,,,-3.7028E-06,0.0208157896995544,0.1972735398449,
,,,-3.7026E-06,0.087761402130127,0.196771447779611,
,,,-3.7024E-06,0.0208157896995544,0.1972735398449,
,,,-3.7022E-06,-0.0461298227310181,0.1972735398449,
,,,-3.702E-06,0.0208157896995544,0.1972735398449,
,,,-3.7018E-06,0.0208157896995544,0.197106175823137,
,,,-3.7016E-06,0.087761402130127,0.1972735398449,
,,,-3.7014E-06,-0.0461298227310181,0.197106175823137,
,,,-3.7012E-06,-0.0461298227310181,0.197608267888427,
,,,-3.701E-06,-0.0461298227310181,0.197106175823137,
,,,-3.7008E-06,-0.0461298227310181,0.196269355714321,
,,,-3.7006E-06,-0.0461298227310181,0.1972735398449,
,,,-3.7004E-06,-0.0461298227310181,0.197440903866664,
,,,-3.7002E-06,-0.0461298227310181,0.196938811801374,
,,,-3.7E-06,0.087761402130127,0.195934627670795,
,,,-3.6998E-06,-0.0461298227310181,0.196771447779611,
,,,-3.6996E-06,0.0208157896995544,0.196938811801374,
,,,-3.6994E-06,0.0208157896995544,0.197440903866664,
,,,-3.6992E-06,-0.0461298227310181,0.196938811801374,
,,,-3.699E-06,0.0208157896995544,0.197440903866664,
,,,-3.6988E-06,0.087761402130127,0.196436719736084,
,,,-3.6986E-06,-0.0461298227310181,0.196938811801374,
,,,-3.6984E-06,0.0208157896995544,0.197106175823137,
,,,-3.6982E-06,0.0208157896995544,0.196101991692558,
,,,-3.698E-06,0.087761402130127,0.197106175823137,
,,,-3.6978E-06,0.087761402130127,0.197440903866664,
,,,-3.6976E-06,0.0208157896995544,0.196269355714321,
,,,-3.6974E-06,-0.0461298227310181,0.197106175823137,
,,,-3.6972E-06,0.087761402130127,0.1972735398449,
,,,-3.697E-06,0.0208157896995544,0.197440903866664,
,,,-3.6968E-06,-0.0461298227310181,0.196771447779611,
,,,-3.6966E-06,0.0208157896995544,0.196604083757848,
,,,-3.6964E-06,0.0208157896995544,0.197106175823137,
,,,-3.6962E-06,0.087761402130127,0.196938811801374,
,,,-3.696E-06,-0.0461298227310181,0.196938811801374,
,,,-3.6958E-06,-0.0461298227310181,0.197440903866664,
,,,-3.6956E-06,0.0208157896995544,0.197106175823137,
,,,-3.6954E-06,0.087761402130127,0.196604083757848,
,,,-3.6952E-06,0.0208157896995544,0.196771447779611,
,,,-3.695E-06,-0.0461298227310181,0.197440903866664,
,,,-3.6948E-06,0.0208157896995544,0.197106175823137,
,,,-3.6946E-06,-0.0461298227310181,0.197440903866664,
,,,-3.6944E-06,-0.0461298227310181,0.196938811801374,
,,,-3.6942E-06,0.0208157896995544,0.1972735398449,
,,,-3.694E-06,0.0208157896995544,0.197608267888427,
,,,-3.6938E-06,-0.0461298227310181,0.196938811801374,
,,,-3.6936E-06,0.087761402130127,0.196771447779611,
,,,-3.6934E-06,-0.0461298227310181,0.198110359953716,
,,,-3.6932E-06,0.0208157896995544,0.19777563191019,
,,,-3.693E-06,0.0208157896995544,0.196436719736084,
,,,-3.6928E-06,-0.0461298227310181,0.197106175823137,
,,,-3.6926E-06,0.0208157896995544,0.1972735398449,
,,,-3.6924E-06,-0.0461298227310181,0.196604083757848,
,,,-3.6922E-06,-0.0461298227310181,0.196269355714321,
,,,-3.692E-06,0.0208157896995544,0.197106175823137,
,,,-3.6918E-06,-0.113075435161591,0.196771447779611,
,,,-3.6916E-06,0.0208157896995544,0.196604083757848,
,,,-3.6914E-06,-0.0461298227310181,0.196436719736084,
,,,-3.6912E-06,0.0208157896995544,0.196938811801374,
,,,-3.691E-06,-0.0461298227310181,0.196938811801374,
,,,-3.6908E-06,0.087761402130127,0.196771447779611,
,,,-3.6906E-06,0.0208157896995544,0.196436719736084,
,,,-3.6904E-06,-0.0461298227310181,0.196938811801374,
,,,-3.6902E-06,-0.0461298227310181,0.197440903866664,
,,,-3.69E-06,0.0208157896995544,0.197106175823137,
,,,-3.6898E-06,-0.0461298227310181,0.196938811801374,
,,,-3.6896E-06,0.0208157896995544,0.197440903866664,
,,,-3.6894E-06,-0.113075435161591,0.196436719736084,
,,,-3.6892E-06,-0.113075435161591,0.1972735398449,
,,,-3.689E-06,0.0208157896995544,0.196771447779611,
,,,-3.6888E-06,0.0208157896995544,0.196269355714321,
,,,-3.6886E-06,-0.0461298227310181,0.196604083757848,
,,,-3.6884E-06,0.087761402130127,0.197106175823137,
,,,-3.6882E-06,-0.180021047592163,0.196938811801374,
,,,-3.688E-06,-0.0461298227310181,0.196771447779611,
,,,-3.6878E-06,0.0208157896995544,0.197106175823137,
,,,-3.6876E-06,-0.0461298227310181,0.196771447779611,
,,,-3.6874E-06,0.0208157896995544,0.196604083757848,
,,,-3.6872E-06,0.0208157896995544,0.196938811801374,
,,,-3.687E-06,-0.113075435161591,0.196771447779611,
,,,-3.6868E-06,0.087761402130127,0.197106175823137,
,,,-3.6866E-06,0.0208157896995544,0.197608267888427,
,,,-3.6864E-06,0.0208157896995544,0.196269355714321,
,,,-3.6862E-06,0.0208157896995544,0.197106175823137,
,,,-3.686E-06,-0.0461298227310181,0.197106175823137,
,,,-3.6858E-06,-0.0461298227310181,0.196771447779611,
,,,-3.6856E-06,0.0208157896995544,0.196436719736084,
,,,-3.6854E-06,-0.113075435161591,0.196771447779611,
,,,-3.6852E-06,-0.0461298227310181,0.196771447779611,
,,,-3.685E-06,0.0208157896995544,0.196771447779611,
,,,-3.6848E-06,0.0208157896995544,0.196101991692558,
,,,-3.6846E-06,-0.0461298227310181,0.196436719736084,
,,,-3.6844E-06,0.0208157896995544,0.197106175823137,
,,,-3.6842E-06,0.0208157896995544,0.196436719736084,
,,,-3.684E-06,-0.0461298227310181,0.196938811801374,
,,,-3.6838E-06,-0.0461298227310181,0.196938811801374,
,,,-3.6836E-06,0.0208157896995544,0.196771447779611,
,,,-3.6834E-06,0.087761402130127,0.1972735398449,
,,,-3.6832E-06,0.087761402130127,0.196771447779611,
,,,-3.683E-06,-0.0461298227310181,0.196771447779611,
,,,-3.6828E-06,0.0208157896995544,0.196771447779611,
,,,-3.6826E-06,0.0208157896995544,0.197106175823137,
,,,-3.6824E-06,0.087761402130127,0.196771447779611,
,,,-3.6822E-06,-0.0461298227310181,0.196771447779611,
,,,-3.682E-06,-0.0461298227310181,0.196771447779611,
,,,-3.6818E-06,-0.113075435161591,0.196938811801374,
,,,-3.6816E-06,0.0208157896995544,0.197106175823137,
,,,-3.6814E-06,-0.113075435161591,0.19777563191019,
,,,-3.6812E-06,0.087761402130127,0.197608267888427,
,,,-3.681E-06,-0.0461298227310181,0.196604083757848,
,,,-3.6808E-06,-0.0461298227310181,0.196938811801374,
,,,-3.6806E-06,0.0208157896995544,0.197440903866664,
,,,-3.6804E-06,0.154707014560699,0.196436719736084,
,,,-3.6802E-06,0.0208157896995544,0.196771447779611,
,,,-3.68E-06,0.0208157896995544,0.197106175823137,
,,,-3.6798E-06,0.0208157896995544,0.196938811801374,
,,,-3.6796E-06,-0.0461298227310181,0.197106175823137,
,,,-3.6794E-06,-0.0461298227310181,0.197106175823137,
,,,-3.6792E-06,-0.0461298227310181,0.197608267888427,
,,,-3.679E-06,-0.0461298227310181,0.1972735398449,
,,,-3.6788E-06,0.0208157896995544,0.196938811801374,
,,,-3.6786E-06,0.0208157896995544,0.197608267888427,
,,,-3.6784E-06,0.0208157896995544,0.197106175823137,
,,,-3.6782E-06,-0.0461298227310181,0.1972735398449,
,,,-3.678E-06,0.0208157896995544,0.196604083757848,
,,,-3.6778E-06,-0.0461298227310181,0.19777563191019,
,,,-3.6776E-06,-0.0461298227310181,0.197106175823137,
,,,-3.6774E-06,-0.0461298227310181,0.197106175823137,
,,,-3.6772E-06,-0.0461298227310181,0.1972735398449,
,,,-3.677E-06,0.0208157896995544,0.197440903866664,
,,,-3.6768E-06,0.0208157896995544,0.196771447779611,
,,,-3.6766E-06,-0.0461298227310181,0.196436719736084,
,,,-3.6764E-06,-0.0461298227310181,0.197106175823137,
,,,-3.6762E-06,0.0208157896995544,0.1972735398449,
,,,-3.676E-06,-0.0461298227310181,0.196771447779611,
,,,-3.6758E-06,-0.0461298227310181,0.196771447779611,
,,,-3.6756E-06,-0.0461298227310181,0.197440903866664,
,,,-3.6754E-06,-0.0461298227310181,0.197106175823137,
,,,-3.6752E-06,0.0208157896995544,0.196938811801374,
,,,-3.675E-06,-0.113075435161591,0.1972735398449,
,,,-3.6748E-06,-0.0461298227310181,0.196604083757848,
,,,-3.6746E-06,0.0208157896995544,0.196938811801374,
,,,-3.6744E-06,-0.0461298227310181,0.196771447779611,
,,,-3.6742E-06,-0.0461298227310181,0.196604083757848,
,,,-3.674E-06,0.0208157896995544,0.196938811801374,
,,,-3.6738E-06,0.0208157896995544,0.197106175823137,
,,,-3.6736E-06,0.0208157896995544,0.196938811801374,
,,,-3.6734E-06,0.154707014560699,0.196771447779611,
,,,-3.6732E-06,-0.0461298227310181,0.1972735398449,
,,,-3.673E-06,-0.0461298227310181,0.196604083757848,
,,,-3.6728E-06,0.0208157896995544,0.1972735398449,
,,,-3.6726E-06,0.0208157896995544,0.196938811801374,
,,,-3.6724E-06,0.0208157896995544,0.196938811801374,
,,,-3.6722E-06,-0.0461298227310181,0.197106175823137,
,,,-3.672E-06,0.087761402130127,0.197106175823137,
,,,-3.6718E-06,0.0208157896995544,0.196771447779611,
,,,-3.6716E-06,0.087761402130127,0.196938811801374,
,,,-3.6714E-06,0.0208157896995544,0.196938811801374,
,,,-3.6712E-06,-0.0461298227310181,0.197440903866664,
,,,-3.671E-06,-0.0461298227310181,0.197440903866664,
,,,-3.6708E-06,-0.113075435161591,0.197608267888427,
,,,-3.6706E-06,-0.0461298227310181,0.196771447779611,
,,,-3.6704E-06,0.087761402130127,0.197608267888427,
,,,-3.6702E-06,-0.0461298227310181,0.197106175823137,
,,,-3.67E-06,-0.0461298227310181,0.1972735398449,
,,,-3.6698E-06,0.0208157896995544,0.197106175823137,
,,,-3.6696E-06,0.0208157896995544,0.197106175823137,
,,,-3.6694E-06,-0.180021047592163,0.197440903866664,
,,,-3.6692E-06,0.0208157896995544,0.197106175823137,
,,,-3.669E-06,-0.0461298227310181,0.197106175823137,
,,,-3.6688E-06,-0.0461298227310181,0.196604083757848,
,,,-3.6686E-06,-0.0461298227310181,0.196771447779611,
,,,-3.6684E-06,-0.0461298227310181,0.197440903866664,
,,,-3.6682E-06,0.0208157896995544,0.197608267888427,
,,,-3.668E-06,0.0208157896995544,0.1972735398449,
,,,-3.6678E-06,0.0208157896995544,0.197942995931953,
,,,-3.6676E-06,0.087761402130127,0.197608267888427,
,,,-3.6674E-06,-0.0461298227310181,0.1972735398449,
,,,-3.6672E-06,0.0208157896995544,0.196938811801374,
,,,-3.667E-06,0.087761402130127,0.197608267888427,
,,,-3.6668E-06,-0.0461298227310181,0.1972735398449,
,,,-3.6666E-06,0.0208157896995544,0.196101991692558,
,,,-3.6664E-06,0.087761402130127,0.196771447779611,
,,,-3.6662E-06,-0.0461298227310181,0.196938811801374,
,,,-3.666E-06,0.0208157896995544,0.196938811801374,
,,,-3.6658E-06,0.0208157896995544,0.196938811801374,
,,,-3.6656E-06,-0.0461298227310181,0.196938811801374,
,,,-3.6654E-06,-0.0461298227310181,0.195934627670795,
,,,-3.6652E-06,0.0208157896995544,0.196269355714321,
,,,-3.665E-06,0.0208157896995544,0.196436719736084,
,,,-3.6648E-06,0.0208157896995544,0.196436719736084,
,,,-3.6646E-06,0.0208157896995544,0.196604083757848,
,,,-3.6644E-06,0.0208157896995544,0.19777563191019,
,,,-3.6642E-06,0.087761402130127,0.196436719736084,
,,,-3.664E-06,-0.0461298227310181,0.197106175823137,
,,,-3.6638E-06,-0.113075435161591,0.1972735398449,
,,,-3.6636E-06,0.0208157896995544,0.197106175823137,
,,,-3.6634E-06,0.0208157896995544,0.196938811801374,
,,,-3.6632E-06,0.0208157896995544,0.196771447779611,
,,,-3.663E-06,0.0208157896995544,0.197106175823137,
,,,-3.6628E-06,0.0208157896995544,0.197440903866664,
,,,-3.6626E-06,-0.0461298227310181,0.196771447779611,
,,,-3.6624E-06,0.0208157896995544,0.196269355714321,
,,,-3.6622E-06,0.0208157896995544,0.196938811801374,
,,,-3.662E-06,0.0208157896995544,0.196436719736084,
,,,-3.6618E-06,0.0208157896995544,0.196938811801374,
,,,-3.6616E-06,0.0208157896995544,0.197106175823137,
,,,-3.6614E-06,-0.0461298227310181,0.197440903866664,
,,,-3.6612E-06,0.087761402130127,0.196604083757848,
,,,-3.661E-06,0.0208157896995544,0.1972735398449,
,,,-3.6608E-06,0.0208157896995544,0.196604083757848,
,,,-3.6606E-06,0.0208157896995544,0.196436719736084,
,,,-3.6604E-06,0.0208157896995544,0.196604083757848,
,,,-3.6602E-06,0.087761402130127,0.19777563191019,
,,,-3.66E-06,0.0208157896995544,0.196771447779611,
,,,-3.6598E-06,-0.113075435161591,0.196269355714321,
,,,-3.6596E-06,0.087761402130127,0.196436719736084,
,,,-3.6594E-06,0.0208157896995544,0.197608267888427,
,,,-3.6592E-06,0.0208157896995544,0.197608267888427,
,,,-3.659E-06,0.087761402130127,0.197440903866664,
,,,-3.6588E-06,0.0208157896995544,0.196938811801374,
,,,-3.6586E-06,0.0208157896995544,0.197440903866664,
,,,-3.6584E-06,0.0208157896995544,0.197440903866664,
,,,-3.6582E-06,-0.0461298227310181,0.197608267888427,
,,,-3.658E-06,-0.0461298227310181,0.1972735398449,
,,,-3.6578E-06,0.0208157896995544,0.197608267888427,
,,,-3.6576E-06,0.0208157896995544,0.1972735398449,
,,,-3.6574E-06,-0.0461298227310181,0.196938811801374,
,,,-3.6572E-06,0.0208157896995544,0.198110359953716,
,,,-3.657E-06,0.0208157896995544,0.197106175823137,
,,,-3.6568E-06,0.0208157896995544,0.19777563191019,
,,,-3.6566E-06,-0.0461298227310181,0.196938811801374,
,,,-3.6564E-06,0.0208157896995544,0.1972735398449,
,,,-3.6562E-06,0.0208157896995544,0.1972735398449,
,,,-3.656E-06,0.0208157896995544,0.197440903866664,
,,,-3.6558E-06,-0.0461298227310181,0.19777563191019,
,,,-3.6556E-06,-0.0461298227310181,0.198110359953716,
,,,-3.6554E-06,-0.0461298227310181,0.197608267888427,
,,,-3.6552E-06,0.0208157896995544,0.196938811801374,
,,,-3.655E-06,0.0208157896995544,0.197440903866664,
,,,-3.6548E-06,0.087761402130127,0.196771447779611,
,,,-3.6546E-06,-0.0461298227310181,0.197440903866664,
,,,-3.6544E-06,0.0208157896995544,0.1972735398449,
,,,-3.6542E-06,0.154707014560699,0.197942995931953,
,,,-3.654E-06,-0.0461298227310181,0.196604083757848,
,,,-3.6538E-06,-0.113075435161591,0.196938811801374,
,,,-3.6536E-06,0.0208157896995544,0.1972735398449,
,,,-3.6534E-06,0.0208157896995544,0.1972735398449,
,,,-3.6532E-06,0.0208157896995544,0.197440903866664,
,,,-3.653E-06,0.0208157896995544,0.196938811801374,
,,,-3.6528E-06,0.087761402130127,0.197106175823137,
,,,-3.6526E-06,-0.0461298227310181,0.1972735398449,
,,,-3.6524E-06,0.0208157896995544,0.197942995931953,
,,,-3.6522E-06,0.0208157896995544,0.196771447779611,
,,,-3.652E-06,0.0208157896995544,0.196938811801374,
,,,-3.6518E-06,0.087761402130127,0.197942995931953,
,,,-3.6516E-06,-0.113075435161591,0.197440903866664,
,,,-3.6514E-06,0.0208157896995544,0.197440903866664,
,,,-3.6512E-06,0.0208157896995544,0.1972735398449,
,,,-3.651E-06,-0.113075435161591,0.196771447779611,
,,,-3.6508E-06,0.0208157896995544,0.197106175823137,
,,,-3.6506E-06,0.0208157896995544,0.1972735398449,
,,,-3.6504E-06,0.0208157896995544,0.197106175823137,
,,,-3.6502E-06,-0.0461298227310181,0.197440903866664,
,,,-3.65E-06,0.0208157896995544,0.197440903866664,
,,,-3.6498E-06,-0.0461298227310181,0.196938811801374,
,,,-3.6496E-06,0.0208157896995544,0.196938811801374,
,,,-3.6494E-06,-0.0461298227310181,0.197608267888427,
,,,-3.6492E-06,-0.0461298227310181,0.197440903866664,
,,,-3.649E-06,-0.0461298227310181,0.196938811801374,
,,,-3.6488E-06,0.087761402130127,0.1972735398449,
,,,-3.6486E-06,0.0208157896995544,0.197106175823137,
,,,-3.6484E-06,0.087761402130127,0.196938811801374,
,,,-3.6482E-06,0.0208157896995544,0.1972735398449,
,,,-3.648E-06,0.087761402130127,0.196938811801374,
,,,-3.6478E-06,0.087761402130127,0.196938811801374,
,,,-3.6476E-06,-0.113075435161591,0.196938811801374,
,,,-3.6474E-06,-0.0461298227310181,0.197106175823137,
,,,-3.6472E-06,0.087761402130127,0.196938811801374,
,,,-3.647E-06,-0.113075435161591,0.196771447779611,
,,,-3.6468E-06,0.0208157896995544,0.196101991692558,
,,,-3.6466E-06,0.087761402130127,0.196771447779611,
,,,-3.6464E-06,0.154707014560699,0.196938811801374,
,,,-3.6462E-06,-0.0461298227310181,0.197440903866664,
,,,-3.646E-06,0.0208157896995544,0.196101991692558,
,,,-3.6458E-06,0.0208157896995544,0.196436719736084,
,,,-3.6456E-06,0.0208157896995544,0.196101991692558,
,,,-3.6454E-06,0.0208157896995544,0.196771447779611,
,,,-3.6452E-06,0.0208157896995544,0.197440903866664,
,,,-3.645E-06,0.0208157896995544,0.196938811801374,
,,,-3.6448E-06,0.087761402130127,0.197106175823137,
,,,-3.6446E-06,-0.113075435161591,0.196604083757848,
,,,-3.6444E-06,-0.0461298227310181,0.196436719736084,
,,,-3.6442E-06,0.154707014560699,0.196101991692558,
,,,-3.644E-06,0.0208157896995544,0.196604083757848,
,,,-3.6438E-06,-0.0461298227310181,0.196436719736084,
,,,-3.6436E-06,0.087761402130127,0.195934627670795,
,,,-3.6434E-06,0.0208157896995544,0.1972735398449,
,,,-3.6432E-06,-0.0461298227310181,0.196604083757848,
,,,-3.643E-06,0.0208157896995544,0.197106175823137,
,,,-3.6428E-06,0.087761402130127,0.196604083757848,
,,,-3.6426E-06,-0.113075435161591,0.196269355714321,
,,,-3.6424E-06,0.087761402130127,0.197106175823137,
,,,-3.6422E-06,0.087761402130127,0.196938811801374,
,,,-3.642E-06,0.087761402130127,0.1972735398449,
,,,-3.6418E-06,0.0208157896995544,0.196771447779611,
,,,-3.6416E-06,-0.0461298227310181,0.196604083757848,
,,,-3.6414E-06,0.0208157896995544,0.196771447779611,
,,,-3.6412E-06,0.0208157896995544,0.197106175823137,
,,,-3.641E-06,-0.0461298227310181,0.1972735398449,
,,,-3.6408E-06,0.087761402130127,0.197440903866664,
,,,-3.6406E-06,0.0208157896995544,0.196771447779611,
,,,-3.6404E-06,-0.0461298227310181,0.1972735398449,
,,,-3.6402E-06,-0.0461298227310181,0.197440903866664,
,,,-3.64E-06,0.0208157896995544,0.1972735398449,
,,,-3.6398E-06,-0.113075435161591,0.1972735398449,
,,,-3.6396E-06,0.087761402130127,0.19777563191019,
,,,-3.6394E-06,0.0208157896995544,0.1972735398449,
,,,-3.6392E-06,-0.0461298227310181,0.197106175823137,
,,,-3.639E-06,0.0208157896995544,0.197608267888427,
,,,-3.6388E-06,0.0208157896995544,0.197440903866664,
,,,-3.6386E-06,0.087761402130127,0.196938811801374,
,,,-3.6384E-06,0.0208157896995544,0.19777563191019,
,,,-3.6382E-06,-0.0461298227310181,0.197440903866664,
,,,-3.638E-06,-0.0461298227310181,0.197608267888427,
,,,-3.6378E-06,0.0208157896995544,0.197440903866664,
,,,-3.6376E-06,0.0208157896995544,0.196938811801374,
,,,-3.6374E-06,-0.113075435161591,0.19777563191019,
,,,-3.6372E-06,0.087761402130127,0.197106175823137,
,,,-3.637E-06,-0.0461298227310181,0.198445087997243,
,,,-3.6368E-06,-0.113075435161591,0.1972735398449,
,,,-3.6366E-06,-0.113075435161591,0.196771447779611,
,,,-3.6364E-06,0.0208157896995544,0.1972735398449,
,,,-3.6362E-06,-0.0461298227310181,0.197608267888427,
,,,-3.636E-06,0.087761402130127,0.196604083757848,
,,,-3.6358E-06,0.087761402130127,0.197106175823137,
,,,-3.6356E-06,0.087761402130127,0.197440903866664,
,,,-3.6354E-06,0.0208157896995544,0.197106175823137,
,,,-3.6352E-06,0.0208157896995544,0.196771447779611,
,,,-3.635E-06,0.0208157896995544,0.1972735398449,
,,,-3.6348E-06,-0.113075435161591,0.197440903866664,
,,,-3.6346E-06,0.087761402130127,0.196101991692558,
,,,-3.6344E-06,0.087761402130127,0.196771447779611,
,,,-3.6342E-06,0.0208157896995544,0.196604083757848,
,,,-3.634E-06,0.087761402130127,0.196436719736084,
,,,-3.6338E-06,0.0208157896995544,0.197440903866664,
,,,-3.6336E-06,0.087761402130127,0.196771447779611,
,,,-3.6334E-06,0.0208157896995544,0.196604083757848,
,,,-3.6332E-06,0.0208157896995544,0.19777563191019,
,,,-3.633E-06,-0.0461298227310181,0.197440903866664,
,,,-3.6328E-06,-0.0461298227310181,0.196436719736084,
,,,-3.6326E-06,-0.0461298227310181,0.197106175823137,
,,,-3.6324E-06,-0.0461298227310181,0.1972735398449,
,,,-3.6322E-06,0.0208157896995544,0.19777563191019,
,,,-3.632E-06,0.087761402130127,0.197440903866664,
,,,-3.6318E-06,-0.0461298227310181,0.196771447779611,
,,,-3.6316E-06,0.087761402130127,0.196938811801374,
,,,-3.6314E-06,0.0208157896995544,0.198110359953716,
,,,-3.6312E-06,-0.0461298227310181,0.196771447779611,
,,,-3.631E-06,-0.113075435161591,0.197106175823137,
,,,-3.6308E-06,0.0208157896995544,0.1972735398449,
,,,-3.6306E-06,-0.0461298227310181,0.197440903866664,
,,,-3.6304E-06,0.0208157896995544,0.196604083757848,
,,,-3.6302E-06,-0.113075435161591,0.197106175823137,
,,,-3.63E-06,0.0208157896995544,0.196938811801374,
,,,-3.6298E-06,-0.0461298227310181,0.196938811801374,
,,,-3.6296E-06,0.0208157896995544,0.196938811801374,
,,,-3.6294E-06,-0.0461298227310181,0.196771447779611,
,,,-3.6292E-06,0.154707014560699,0.196771447779611,
,,,-3.629E-06,-0.113075435161591,0.19777563191019,
,,,-3.6288E-06,-0.0461298227310181,0.196436719736084,
,,,-3.6286E-06,0.154707014560699,0.196938811801374,
,,,-3.6284E-06,-0.0461298227310181,0.19777563191019,
,,,-3.6282E-06,-0.113075435161591,0.197608267888427,
,,,-3.628E-06,0.0208157896995544,0.197106175823137,
,,,-3.6278E-06,-0.0461298227310181,0.197608267888427,
,,,-3.6276E-06,0.0208157896995544,0.197608267888427,
,,,-3.6274E-06,0.0208157896995544,0.196604083757848,
,,,-3.6272E-06,0.087761402130127,0.196604083757848,
,,,-3.627E-06,-0.0461298227310181,0.1972735398449,
,,,-3.6268E-06,0.0208157896995544,0.197106175823137,
,,,-3.6266E-06,-0.0461298227310181,0.197608267888427,
,,,-3.6264E-06,0.0208157896995544,0.197942995931953,
,,,-3.6262E-06,0.0208157896995544,0.1972735398449,
,,,-3.626E-06,0.0208157896995544,0.197440903866664,
,,,-3.6258E-06,-0.0461298227310181,0.197106175823137,
,,,-3.6256E-06,0.087761402130127,0.197440903866664,
,,,-3.6254E-06,-0.113075435161591,0.196938811801374,
,,,-3.6252E-06,0.087761402130127,0.197440903866664,
,,,-3.625E-06,0.0208157896995544,0.197440903866664,
,,,-3.6248E-06,-0.0461298227310181,0.197608267888427,
,,,-3.6246E-06,-0.0461298227310181,0.197942995931953,
,,,-3.6244E-06,0.0208157896995544,0.197942995931953,
,,,-3.6242E-06,-0.113075435161591,0.197440903866664,
,,,-3.624E-06,-0.0461298227310181,0.196604083757848,
,,,-3.6238E-06,0.0208157896995544,0.1972735398449,
,,,-3.6236E-06,0.0208157896995544,0.196604083757848,
,,,-3.6234E-06,-0.0461298227310181,0.197106175823137,
,,,-3.6232E-06,0.0208157896995544,0.197608267888427,
,,,-3.623E-06,0.0208157896995544,0.196771447779611,
,,,-3.6228E-06,0.087761402130127,0.196771447779611,
,,,-3.6226E-06,0.0208157896995544,0.19777563191019,
,,,-3.6224E-06,0.0208157896995544,0.196604083757848,
,,,-3.6222E-06,0.0208157896995544,0.1972735398449,
,,,-3.622E-06,-0.113075435161591,0.19777563191019,
,,,-3.6218E-06,-0.0461298227310181,0.197608267888427,
,,,-3.6216E-06,0.087761402130127,0.197440903866664,
,,,-3.6214E-06,0.0208157896995544,0.196938811801374,
,,,-3.6212E-06,0.0208157896995544,0.1972735398449,
,,,-3.621E-06,0.0208157896995544,0.196938811801374,
,,,-3.6208E-06,0.087761402130127,0.196938811801374,
,,,-3.6206E-06,-0.0461298227310181,0.198110359953716,
,,,-3.6204E-06,-0.0461298227310181,0.19777563191019,
,,,-3.6202E-06,0.0208157896995544,0.197106175823137,
,,,-3.62E-06,0.0208157896995544,0.1972735398449,
,,,-3.6198E-06,0.0208157896995544,0.19827772397548,
,,,-3.6196E-06,-0.113075435161591,0.197942995931953,
,,,-3.6194E-06,0.087761402130127,0.197106175823137,
,,,-3.6192E-06,0.0208157896995544,0.198110359953716,
,,,-3.619E-06,-0.113075435161591,0.197608267888427,
,,,-3.6188E-06,-0.0461298227310181,0.1972735398449,
,,,-3.6186E-06,-0.0461298227310181,0.197440903866664,
,,,-3.6184E-06,0.0208157896995544,0.196938811801374,
,,,-3.6182E-06,-0.0461298227310181,0.197106175823137,
,,,-3.618E-06,-0.0461298227310181,0.197440903866664,
,,,-3.6178E-06,0.0208157896995544,0.197440903866664,
,,,-3.6176E-06,0.087761402130127,0.19777563191019,
,,,-3.6174E-06,-0.0461298227310181,0.197608267888427,
,,,-3.6172E-06,-0.0461298227310181,0.19777563191019,
,,,-3.617E-06,0.0208157896995544,0.197106175823137,
,,,-3.6168E-06,0.087761402130127,0.196938811801374,
,,,-3.6166E-06,0.0208157896995544,0.1972735398449,
,,,-3.6164E-06,0.087761402130127,0.196938811801374,
,,,-3.6162E-06,-0.0461298227310181,0.197106175823137,
,,,-3.616E-06,0.0208157896995544,0.19777563191019,
,,,-3.6158E-06,0.087761402130127,0.196938811801374,
,,,-3.6156E-06,0.0208157896995544,0.196938811801374,
,,,-3.6154E-06,0.0208157896995544,0.197106175823137,
,,,-3.6152E-06,-0.0461298227310181,0.196604083757848,
,,,-3.615E-06,-0.0461298227310181,0.196938811801374,
,,,-3.6148E-06,0.0208157896995544,0.19777563191019,
,,,-3.6146E-06,0.0208157896995544,0.197106175823137,
,,,-3.6144E-06,0.087761402130127,0.197608267888427,
,,,-3.6142E-06,0.0208157896995544,0.197608267888427,
,,,-3.614E-06,0.0208157896995544,0.196771447779611,
,,,-3.6138E-06,-0.0461298227310181,0.196938811801374,
,,,-3.6136E-06,-0.0461298227310181,0.198110359953716,
,,,-3.6134E-06,0.0208157896995544,0.197608267888427,
,,,-3.6132E-06,0.0208157896995544,0.197608267888427,
,,,-3.613E-06,0.0208157896995544,0.197608267888427,
,,,-3.6128E-06,0.087761402130127,0.196771447779611,
,,,-3.6126E-06,-0.0461298227310181,0.196771447779611,
,,,-3.6124E-06,-0.0461298227310181,0.198110359953716,
,,,-3.6122E-06,0.0208157896995544,0.19777563191019,
,,,-3.612E-06,0.0208157896995544,0.197440903866664,
,,,-3.6118E-06,-0.113075435161591,0.196771447779611,
,,,-3.6116E-06,0.087761402130127,0.197440903866664,
,,,-3.6114E-06,-0.0461298227310181,0.197440903866664,
,,,-3.6112E-06,0.0208157896995544,0.1972735398449,
,,,-3.611E-06,0.087761402130127,0.197608267888427,
,,,-3.6108E-06,0.0208157896995544,0.197440903866664,
,,,-3.6106E-06,-0.113075435161591,0.196771447779611,
,,,-3.6104E-06,0.087761402130127,0.197106175823137,
,,,-3.6102E-06,0.087761402130127,0.19777563191019,
,,,-3.61E-06,0.087761402130127,0.197440903866664,
,,,-3.6098E-06,0.0208157896995544,0.19777563191019,
,,,-3.6096E-06,0.0208157896995544,0.19777563191019,
,,,-3.6094E-06,0.087761402130127,0.197608267888427,
,,,-3.6092E-06,0.0208157896995544,0.1972735398449,
,,,-3.609E-06,-0.0461298227310181,0.196938811801374,
,,,-3.6088E-06,0.0208157896995544,0.197942995931953,
,,,-3.6086E-06,0.0208157896995544,0.1972735398449,
,,,-3.6084E-06,-0.0461298227310181,0.19777563191019,
,,,-3.6082E-06,0.0208157896995544,0.197608267888427,
,,,-3.608E-06,0.087761402130127,0.197106175823137,
,,,-3.6078E-06,-0.0461298227310181,0.197440903866664,
,,,-3.6076E-06,0.0208157896995544,0.198110359953716,
,,,-3.6074E-06,-0.0461298227310181,0.19777563191019,
,,,-3.6072E-06,-0.0461298227310181,0.1972735398449,
,,,-3.607E-06,0.0208157896995544,0.197608267888427,
,,,-3.6068E-06,0.0208157896995544,0.197942995931953,
,,,-3.6066E-06,0.0208157896995544,0.198445087997243,
,,,-3.6064E-06,0.087761402130127,0.197440903866664,
,,,-3.6062E-06,-0.0461298227310181,0.1972735398449,
,,,-3.606E-06,0.0208157896995544,0.19827772397548,
,,,-3.6058E-06,-0.0461298227310181,0.197608267888427,
,,,-3.6056E-06,0.087761402130127,0.196604083757848,
,,,-3.6054E-06,-0.0461298227310181,0.197440903866664,
,,,-3.6052E-06,0.0208157896995544,0.197106175823137,
,,,-3.605E-06,-0.0461298227310181,0.196771447779611,
,,,-3.6048E-06,0.0208157896995544,0.197608267888427,
,,,-3.6046E-06,-0.0461298227310181,0.197440903866664,
,,,-3.6044E-06,0.0208157896995544,0.196604083757848,
,,,-3.6042E-06,0.0208157896995544,0.196938811801374,
,,,-3.604E-06,0.087761402130127,0.1972735398449,
,,,-3.6038E-06,-0.0461298227310181,0.196436719736084,
,,,-3.6036E-06,0.087761402130127,0.196604083757848,
,,,-3.6034E-06,0.087761402130127,0.1972735398449,
,,,-3.6032E-06,-0.0461298227310181,0.196436719736084,
,,,-3.603E-06,0.154707014560699,0.196436719736084,
,,,-3.6028E-06,-0.113075435161591,0.196604083757848,
,,,-3.6026E-06,-0.113075435161591,0.196938811801374,
,,,-3.6024E-06,0.0208157896995544,0.196604083757848,
,,,-3.6022E-06,-0.113075435161591,0.196938811801374,
,,,-3.602E-06,0.0208157896995544,0.196604083757848,
,,,-3.6018E-06,0.087761402130127,0.197106175823137,
,,,-3.6016E-06,0.154707014560699,0.197608267888427,
,,,-3.6014E-06,-0.0461298227310181,0.196938811801374,
,,,-3.6012E-06,0.0208157896995544,0.196604083757848,
,,,-3.601E-06,-0.0461298227310181,0.197106175823137,
,,,-3.6008E-06,-0.0461298227310181,0.197608267888427,
,,,-3.6006E-06,-0.0461298227310181,0.197608267888427,
,,,-3.6004E-06,0.0208157896995544,0.196771447779611,
,,,-3.6002E-06,0.0208157896995544,0.1972735398449,
,,,-3.6E-06,0.087761402130127,0.197106175823137,
,,,-3.5998E-06,-0.0461298227310181,0.195767263649032,
,,,-3.5996E-06,0.0208157896995544,0.197106175823137,
,,,-3.5994E-06,0.0208157896995544,0.197106175823137,
,,,-3.5992E-06,0.0208157896995544,0.197440903866664,
,,,-3.599E-06,0.0208157896995544,0.196938811801374,
,,,-3.5988E-06,0.0208157896995544,0.196938811801374,
,,,-3.5986E-06,-0.0461298227310181,0.196938811801374,
,,,-3.5984E-06,-0.113075435161591,0.1972735398449,
,,,-3.5982E-06,-0.0461298227310181,0.197106175823137,
,,,-3.598E-06,0.0208157896995544,0.197440903866664,
,,,-3.5978E-06,0.0208157896995544,0.196938811801374,
,,,-3.5976E-06,0.087761402130127,0.196771447779611,
,,,-3.5974E-06,0.0208157896995544,0.196938811801374,
,,,-3.5972E-06,0.087761402130127,0.197106175823137,
,,,-3.597E-06,-0.0461298227310181,0.19777563191019,
,,,-3.5968E-06,0.0208157896995544,0.196436719736084,
,,,-3.5966E-06,0.087761402130127,0.197440903866664,
,,,-3.5964E-06,-0.0461298227310181,0.196938811801374,
,,,-3.5962E-06,-0.0461298227310181,0.197106175823137,
,,,-3.596E-06,0.0208157896995544,0.1972735398449,
,,,-3.5958E-06,0.0208157896995544,0.196938811801374,
,,,-3.5956E-06,0.0208157896995544,0.196604083757848,
,,,-3.5954E-06,-0.113075435161591,0.196771447779611,
,,,-3.5952E-06,0.154707014560699,0.195934627670795,
,,,-3.595E-06,-0.113075435161591,0.197608267888427,
,,,-3.5948E-06,-0.0461298227310181,0.196604083757848,
,,,-3.5946E-06,-0.0461298227310181,0.196436719736084,
,,,-3.5944E-06,-0.113075435161591,0.196101991692558,
,,,-3.5942E-06,-0.0461298227310181,0.196771447779611,
,,,-3.594E-06,-0.0461298227310181,0.197440903866664,
,,,-3.5938E-06,0.0208157896995544,0.196101991692558,
,,,-3.5936E-06,0.087761402130127,0.196771447779611,
,,,-3.5934E-06,-0.113075435161591,0.196269355714321,
,,,-3.5932E-06,-0.0461298227310181,0.196604083757848,
,,,-3.593E-06,0.0208157896995544,0.1972735398449,
,,,-3.5928E-06,-0.0461298227310181,0.196604083757848,
,,,-3.5926E-06,-0.0461298227310181,0.196604083757848,
,,,-3.5924E-06,0.087761402130127,0.196436719736084,
,,,-3.5922E-06,-0.0461298227310181,0.196938811801374,
,,,-3.592E-06,0.0208157896995544,0.196771447779611,
,,,-3.5918E-06,0.0208157896995544,0.196938811801374,
,,,-3.5916E-06,-0.0461298227310181,0.196269355714321,
,,,-3.5914E-06,-0.113075435161591,0.196269355714321,
,,,-3.5912E-06,0.087761402130127,0.196436719736084,
,,,-3.591E-06,-0.0461298227310181,0.196269355714321,
,,,-3.5908E-06,0.154707014560699,0.196938811801374,
,,,-3.5906E-06,0.0208157896995544,0.196604083757848,
,,,-3.5904E-06,0.0208157896995544,0.196436719736084,
,,,-3.5902E-06,0.087761402130127,0.1972735398449,
,,,-3.59E-06,-0.0461298227310181,0.196604083757848,
,,,-3.5898E-06,0.0208157896995544,0.196101991692558,
,,,-3.5896E-06,0.0208157896995544,0.196771447779611,
,,,-3.5894E-06,0.087761402130127,0.196771447779611,
,,,-3.5892E-06,0.0208157896995544,0.196269355714321,
,,,-3.589E-06,0.087761402130127,0.196604083757848,
,,,-3.5888E-06,0.0208157896995544,0.1972735398449,
,,,-3.5886E-06,0.0208157896995544,0.1972735398449,
,,,-3.5884E-06,0.0208157896995544,0.196604083757848,
,,,-3.5882E-06,-0.0461298227310181,0.197106175823137,
,,,-3.588E-06,0.0208157896995544,0.196938811801374,
,,,-3.5878E-06,0.0208157896995544,0.1972735398449,
,,,-3.5876E-06,-0.0461298227310181,0.196604083757848,
,,,-3.5874E-06,0.087761402130127,0.196938811801374,
,,,-3.5872E-06,0.087761402130127,0.196771447779611,
,,,-3.587E-06,-0.180021047592163,0.196771447779611,
,,,-3.5868E-06,0.0208157896995544,0.196938811801374,
,,,-3.5866E-06,0.087761402130127,0.196604083757848,
,,,-3.5864E-06,0.0208157896995544,0.196269355714321,
,,,-3.5862E-06,-0.180021047592163,0.195767263649032,
,,,-3.586E-06,0.0208157896995544,0.197106175823137,
,,,-3.5858E-06,0.0208157896995544,0.195934627670795,
,,,-3.5856E-06,0.154707014560699,0.196436719736084,
,,,-3.5854E-06,-0.0461298227310181,0.1972735398449,
,,,-3.5852E-06,-0.0461298227310181,0.196938811801374,
,,,-3.585E-06,-0.113075435161591,0.196604083757848,
,,,-3.5848E-06,0.0208157896995544,0.196269355714321,
,,,-3.5846E-06,0.087761402130127,0.196938811801374,
,,,-3.5844E-06,0.087761402130127,0.196436719736084,
,,,-3.5842E-06,0.154707014560699,0.196771447779611,
,,,-3.584E-06,-0.0461298227310181,0.196436719736084,
,,,-3.5838E-06,0.087761402130127,0.196436719736084,
,,,-3.5836E-06,-0.0461298227310181,0.196436719736084,
,,,-3.5834E-06,0.087761402130127,0.195934627670795,
,,,-3.5832E-06,-0.0461298227310181,0.196771447779611,
,,,-3.583E-06,-0.113075435161591,0.196269355714321,
,,,-3.5828E-06,0.087761402130127,0.195934627670795,
,,,-3.5826E-06,-0.0461298227310181,0.196604083757848,
,,,-3.5824E-06,0.087761402130127,0.195934627670795,
,,,-3.5822E-06,0.0208157896995544,0.196101991692558,
,,,-3.582E-06,-0.0461298227310181,0.196604083757848,
,,,-3.5818E-06,0.0208157896995544,0.196938811801374,
,,,-3.5816E-06,0.0208157896995544,0.196604083757848,
,,,-3.5814E-06,-0.0461298227310181,0.1972735398449,
,,,-3.5812E-06,0.0208157896995544,0.19777563191019,
,,,-3.581E-06,0.0208157896995544,0.196938811801374,
,,,-3.5808E-06,0.087761402130127,0.196938811801374,
,,,-3.5806E-06,-0.0461298227310181,0.196938811801374,
,,,-3.5804E-06,0.0208157896995544,0.197440903866664,
,,,-3.5802E-06,0.0208157896995544,0.196771447779611,
,,,-3.58E-06,0.0208157896995544,0.196938811801374,
,,,-3.5798E-06,0.0208157896995544,0.196771447779611,
,,,-3.5796E-06,-0.0461298227310181,0.1972735398449,
,,,-3.5794E-06,0.0208157896995544,0.197106175823137,
,,,-3.5792E-06,0.0208157896995544,0.196938811801374,
,,,-3.579E-06,-0.0461298227310181,0.197608267888427,
,,,-3.5788E-06,0.0208157896995544,0.196771447779611,
,,,-3.5786E-06,0.0208157896995544,0.1972735398449,
,,,-3.5784E-06,0.087761402130127,0.1972735398449,
,,,-3.5782E-06,-0.0461298227310181,0.197440903866664,
,,,-3.578E-06,0.087761402130127,0.196436719736084,
,,,-3.5778E-06,0.0208157896995544,0.197106175823137,
,,,-3.5776E-06,-0.0461298227310181,0.1972735398449,
,,,-3.5774E-06,0.154707014560699,0.1972735398449,
,,,-3.5772E-06,-0.0461298227310181,0.197608267888427,
,,,-3.577E-06,-0.0461298227310181,0.19777563191019,
,,,-3.5768E-06,0.087761402130127,0.1972735398449,
,,,-3.5766E-06,-0.113075435161591,0.1972735398449,
,,,-3.5764E-06,0.0208157896995544,0.197106175823137,
,,,-3.5762E-06,0.087761402130127,0.19777563191019,
,,,-3.576E-06,0.0208157896995544,0.197942995931953,
,,,-3.5758E-06,-0.0461298227310181,0.196938811801374,
,,,-3.5756E-06,0.0208157896995544,0.196938811801374,
,,,-3.5754E-06,0.0208157896995544,0.1972735398449,
,,,-3.5752E-06,0.0208157896995544,0.196938811801374,
,,,-3.575E-06,-0.113075435161591,0.1972735398449,
,,,-3.5748E-06,-0.113075435161591,0.19777563191019,
,,,-3.5746E-06,-0.0461298227310181,0.197608267888427,
,,,-3.5744E-06,0.087761402130127,0.197106175823137,
,,,-3.5742E-06,-0.113075435161591,0.196604083757848,
,,,-3.574E-06,-0.0461298227310181,0.197440903866664,
,,,-3.5738E-06,0.087761402130127,0.197440903866664,
,,,-3.5736E-06,-0.0461298227310181,0.197608267888427,
,,,-3.5734E-06,-0.0461298227310181,0.1972735398449,
,,,-3.5732E-06,-0.0461298227310181,0.197106175823137,
,,,-3.573E-06,-0.0461298227310181,0.197440903866664,
,,,-3.5728E-06,0.0208157896995544,0.197440903866664,
,,,-3.5726E-06,0.0208157896995544,0.1972735398449,
,,,-3.5724E-06,-0.0461298227310181,0.197608267888427,
,,,-3.5722E-06,-0.113075435161591,0.197608267888427,
,,,-3.572E-06,0.087761402130127,0.196938811801374,
,,,-3.5718E-06,0.0208157896995544,0.197608267888427,
,,,-3.5716E-06,0.0208157896995544,0.197440903866664,
,,,-3.5714E-06,0.087761402130127,0.196938811801374,
,,,-3.5712E-06,-0.0461298227310181,0.197942995931953,
,,,-3.571E-06,0.0208157896995544,0.197942995931953,
,,,-3.5708E-06,-0.0461298227310181,0.197106175823137,
,,,-3.5706E-06,0.0208157896995544,0.196269355714321,
,,,-3.5704E-06,0.0208157896995544,0.197608267888427,
,,,-3.5702E-06,-0.113075435161591,0.196938811801374,
,,,-3.57E-06,0.0208157896995544,0.197106175823137,
,,,-3.5698E-06,0.0208157896995544,0.197106175823137,
,,,-3.5696E-06,0.087761402130127,0.1972735398449,
,,,-3.5694E-06,0.0208157896995544,0.197440903866664,
,,,-3.5692E-06,0.087761402130127,0.197942995931953,
,,,-3.569E-06,0.0208157896995544,0.197608267888427,
,,,-3.5688E-06,0.0208157896995544,0.196771447779611,
,,,-3.5686E-06,0.0208157896995544,0.197106175823137,
,,,-3.5684E-06,0.0208157896995544,0.196771447779611,
,,,-3.5682E-06,-0.113075435161591,0.1972735398449,
,,,-3.568E-06,0.087761402130127,0.197106175823137,
,,,-3.5678E-06,-0.0461298227310181,0.197106175823137,
,,,-3.5676E-06,0.0208157896995544,0.197440903866664,
,,,-3.5674E-06,0.0208157896995544,0.196771447779611,
,,,-3.5672E-06,0.0208157896995544,0.196938811801374,
,,,-3.567E-06,-0.0461298227310181,0.196771447779611,
,,,-3.5668E-06,0.087761402130127,0.196436719736084,
,,,-3.5666E-06,-0.0461298227310181,0.197440903866664,
,,,-3.5664E-06,-0.0461298227310181,0.196771447779611,
,,,-3.5662E-06,0.0208157896995544,0.196436719736084,
,,,-3.566E-06,0.0208157896995544,0.196436719736084,
,,,-3.5658E-06,-0.0461298227310181,0.196604083757848,
,,,-3.5656E-06,0.087761402130127,0.196436719736084,
,,,-3.5654E-06,0.0208157896995544,0.196101991692558,
,,,-3.5652E-06,0.087761402130127,0.196269355714321,
,,,-3.565E-06,0.0208157896995544,0.197106175823137,
,,,-3.5648E-06,-0.0461298227310181,0.196269355714321,
,,,-3.5646E-06,0.0208157896995544,0.196101991692558,
,,,-3.5644E-06,0.0208157896995544,0.196938811801374,
,,,-3.5642E-06,0.0208157896995544,0.196269355714321,
,,,-3.564E-06,0.0208157896995544,0.196938811801374,
,,,-3.5638E-06,-0.113075435161591,0.196436719736084,
,,,-3.5636E-06,-0.113075435161591,0.196604083757848,
,,,-3.5634E-06,0.0208157896995544,0.196938811801374,
,,,-3.5632E-06,0.0208157896995544,0.197106175823137,
,,,-3.563E-06,-0.0461298227310181,0.196604083757848,
,,,-3.5628E-06,0.087761402130127,0.196101991692558,
,,,-3.5626E-06,0.0208157896995544,0.196436719736084,
,,,-3.5624E-06,0.0208157896995544,0.197106175823137,
,,,-3.5622E-06,0.0208157896995544,0.196938811801374,
,,,-3.562E-06,0.0208157896995544,0.196771447779611,
,,,-3.5618E-06,-0.0461298227310181,0.1972735398449,
,,,-3.5616E-06,0.087761402130127,0.197608267888427,
,,,-3.5614E-06,-0.0461298227310181,0.196771447779611,
,,,-3.5612E-06,-0.113075435161591,0.1972735398449,
,,,-3.561E-06,0.0208157896995544,0.1972735398449,
,,,-3.5608E-06,0.0208157896995544,0.196771447779611,
,,,-3.5606E-06,-0.0461298227310181,0.197440903866664,
,,,-3.5604E-06,-0.0461298227310181,0.198110359953716,
,,,-3.5602E-06,-0.0461298227310181,0.1972735398449,
,,,-3.56E-06,-0.0461298227310181,0.197106175823137,
,,,-3.5598E-06,-0.113075435161591,0.198110359953716,
,,,-3.5596E-06,-0.0461298227310181,0.19777563191019,
,,,-3.5594E-06,0.0208157896995544,0.197608267888427,
,,,-3.5592E-06,0.0208157896995544,0.197942995931953,
,,,-3.559E-06,0.0208157896995544,0.19777563191019,
,,,-3.5588E-06,0.154707014560699,0.197106175823137,
,,,-3.5586E-06,0.0208157896995544,0.197440903866664,
,,,-3.5584E-06,-0.0461298227310181,0.197608267888427,
,,,-3.5582E-06,0.154707014560699,0.19777563191019,
,,,-3.558E-06,0.087761402130127,0.196938811801374,
,,,-3.5578E-06,-0.0461298227310181,0.197440903866664,
,,,-3.5576E-06,0.0208157896995544,0.197440903866664,
,,,-3.5574E-06,-0.0461298227310181,0.1972735398449,
,,,-3.5572E-06,-0.0461298227310181,0.19777563191019,
,,,-3.557E-06,0.087761402130127,0.197608267888427,
,,,-3.5568E-06,0.087761402130127,0.197106175823137,
,,,-3.5566E-06,-0.113075435161591,0.197942995931953,
,,,-3.5564E-06,0.087761402130127,0.198110359953716,
,,,-3.5562E-06,0.0208157896995544,0.19777563191019,
,,,-3.556E-06,-0.0461298227310181,0.1972735398449,
,,,-3.5558E-06,0.0208157896995544,0.197106175823137,
,,,-3.5556E-06,0.0208157896995544,0.198110359953716,
,,,-3.5554E-06,-0.0461298227310181,0.196938811801374,
,,,-3.5552E-06,0.087761402130127,0.197440903866664,
,,,-3.555E-06,-0.0461298227310181,0.1972735398449,
,,,-3.5548E-06,-0.0461298227310181,0.198110359953716,
,,,-3.5546E-06,-0.0461298227310181,0.197440903866664,
,,,-3.5544E-06,0.087761402130127,0.197440903866664,
,,,-3.5542E-06,-0.0461298227310181,0.198110359953716,
,,,-3.554E-06,0.087761402130127,0.197608267888427,
,,,-3.5538E-06,-0.0461298227310181,0.196938811801374,
,,,-3.5536E-06,0.087761402130127,0.197106175823137,
,,,-3.5534E-06,-0.113075435161591,0.19777563191019,
,,,-3.5532E-06,0.0208157896995544,0.198612452019006,
,,,-3.553E-06,-0.0461298227310181,0.197106175823137,
,,,-3.5528E-06,0.087761402130127,0.196938811801374,
,,,-3.5526E-06,-0.0461298227310181,0.197440903866664,
,,,-3.5524E-06,0.087761402130127,0.197440903866664,
,,,-3.5522E-06,0.087761402130127,0.197608267888427,
,,,-3.552E-06,-0.180021047592163,0.197608267888427,
,,,-3.5518E-06,0.0208157896995544,0.197942995931953,
,,,-3.5516E-06,-0.0461298227310181,0.197106175823137,
,,,-3.5514E-06,0.087761402130127,0.1972735398449,
,,,-3.5512E-06,0.087761402130127,0.1972735398449,
,,,-3.551E-06,-0.0461298227310181,0.197608267888427,
,,,-3.5508E-06,0.0208157896995544,0.1972735398449,
,,,-3.5506E-06,0.0208157896995544,0.1972735398449,
,,,-3.5504E-06,0.087761402130127,0.197106175823137,
,,,-3.5502E-06,-0.0461298227310181,0.1972735398449,
,,,-3.55E-06,-0.0461298227310181,0.19777563191019,
,,,-3.5498E-06,0.0208157896995544,0.196604083757848,
,,,-3.5496E-06,0.0208157896995544,0.197608267888427,
,,,-3.5494E-06,0.0208157896995544,0.197608267888427,
,,,-3.5492E-06,0.0208157896995544,0.19777563191019,
,,,-3.549E-06,0.0208157896995544,0.197440903866664,
,,,-3.5488E-06,0.087761402130127,0.198110359953716,
,,,-3.5486E-06,-0.113075435161591,0.1972735398449,
,,,-3.5484E-06,0.0208157896995544,0.197942995931953,
,,,-3.5482E-06,0.0208157896995544,0.197608267888427,
,,,-3.548E-06,0.0208157896995544,0.197106175823137,
,,,-3.5478E-06,-0.113075435161591,0.196938811801374,
,,,-3.5476E-06,0.0208157896995544,0.1972735398449,
,,,-3.5474E-06,-0.0461298227310181,0.197106175823137,
,,,-3.5472E-06,0.0208157896995544,0.196771447779611,
,,,-3.547E-06,0.0208157896995544,0.197106175823137,
,,,-3.5468E-06,0.0208157896995544,0.197106175823137,
,,,-3.5466E-06,0.0208157896995544,0.197440903866664,
,,,-3.5464E-06,0.087761402130127,0.197440903866664,
,,,-3.5462E-06,-0.0461298227310181,0.197106175823137,
,,,-3.546E-06,0.087761402130127,0.197106175823137,
,,,-3.5458E-06,0.0208157896995544,0.196938811801374,
,,,-3.5456E-06,-0.0461298227310181,0.196604083757848,
,,,-3.5454E-06,0.087761402130127,0.196771447779611,
,,,-3.5452E-06,-0.0461298227310181,0.196604083757848,
,,,-3.545E-06,-0.0461298227310181,0.196938811801374,
,,,-3.5448E-06,0.087761402130127,0.19777563191019,
,,,-3.5446E-06,0.0208157896995544,0.1972735398449,
,,,-3.5444E-06,-0.113075435161591,0.196436719736084,
,,,-3.5442E-06,-0.0461298227310181,0.1972735398449,
,,,-3.544E-06,0.087761402130127,0.197106175823137,
,,,-3.5438E-06,0.0208157896995544,0.196938811801374,
,,,-3.5436E-06,0.087761402130127,0.196604083757848,
,,,-3.5434E-06,-0.0461298227310181,0.197106175823137,
,,,-3.5432E-06,-0.113075435161591,0.196771447779611,
,,,-3.543E-06,0.0208157896995544,0.196771447779611,
,,,-3.5428E-06,0.0208157896995544,0.196604083757848,
,,,-3.5426E-06,0.0208157896995544,0.197106175823137,
,,,-3.5424E-06,0.087761402130127,0.196101991692558,
,,,-3.5422E-06,-0.113075435161591,0.196604083757848,
,,,-3.542E-06,0.0208157896995544,0.196938811801374,
,,,-3.5418E-06,0.087761402130127,0.196436719736084,
,,,-3.5416E-06,-0.0461298227310181,0.195599899627268,
,,,-3.5414E-06,-0.0461298227310181,0.197106175823137,
,,,-3.5412E-06,0.087761402130127,0.196436719736084,
,,,-3.541E-06,-0.113075435161591,0.196101991692558,
,,,-3.5408E-06,0.0208157896995544,0.197608267888427,
,,,-3.5406E-06,0.0208157896995544,0.197106175823137,
,,,-3.5404E-06,0.0208157896995544,0.196269355714321,
,,,-3.5402E-06,0.0208157896995544,0.196771447779611,
,,,-3.54E-06,0.0208157896995544,0.196938811801374,
,,,-3.5398E-06,0.087761402130127,0.197440903866664,
,,,-3.5396E-06,0.154707014560699,0.197440903866664,
,,,-3.5394E-06,0.0208157896995544,0.1972735398449,
,,,-3.5392E-06,-0.0461298227310181,0.196938811801374,
,,,-3.539E-06,-0.0461298227310181,0.197608267888427,
,,,-3.5388E-06,-0.113075435161591,0.197106175823137,
,,,-3.5386E-06,-0.0461298227310181,0.197608267888427,
,,,-3.5384E-06,0.0208157896995544,0.197106175823137,
,,,-3.5382E-06,-0.0461298227310181,0.1972735398449,
,,,-3.538E-06,0.0208157896995544,0.196938811801374,
,,,-3.5378E-06,0.0208157896995544,0.1972735398449,
,,,-3.5376E-06,0.087761402130127,0.196604083757848,
,,,-3.5374E-06,-0.0461298227310181,0.197106175823137,
,,,-3.5372E-06,0.0208157896995544,0.19777563191019,
,,,-3.537E-06,-0.0461298227310181,0.197608267888427,
,,,-3.5368E-06,-0.113075435161591,0.197106175823137,
,,,-3.5366E-06,-0.0461298227310181,0.197106175823137,
,,,-3.5364E-06,-0.113075435161591,0.196771447779611,
,,,-3.5362E-06,-0.0461298227310181,0.196604083757848,
,,,-3.536E-06,0.0208157896995544,0.197106175823137,
,,,-3.5358E-06,-0.113075435161591,0.1972735398449,
,,,-3.5356E-06,0.0208157896995544,0.196771447779611,
,,,-3.5354E-06,0.087761402130127,0.197440903866664,
,,,-3.5352E-06,0.0208157896995544,0.197106175823137,
,,,-3.535E-06,-0.113075435161591,0.1972735398449,
,,,-3.5348E-06,0.087761402130127,0.196771447779611,
,,,-3.5346E-06,-0.0461298227310181,0.196269355714321,
,,,-3.5344E-06,0.0208157896995544,0.196938811801374,
,,,-3.5342E-06,-0.180021047592163,0.197608267888427,
,,,-3.534E-06,-0.0461298227310181,0.197106175823137,
,,,-3.5338E-06,0.0208157896995544,0.197106175823137,
,,,-3.5336E-06,0.0208157896995544,0.196604083757848,
,,,-3.5334E-06,0.0208157896995544,0.196436719736084,
,,,-3.5332E-06,0.087761402130127,0.1972735398449,
,,,-3.533E-06,-0.0461298227310181,0.197608267888427,
,,,-3.5328E-06,-0.113075435161591,0.196938811801374,
,,,-3.5326E-06,0.087761402130127,0.197106175823137,
,,,-3.5324E-06,-0.0461298227310181,0.197106175823137,
,,,-3.5322E-06,0.0208157896995544,0.197440903866664,
,,,-3.532E-06,0.087761402130127,0.197440903866664,
,,,-3.5318E-06,-0.113075435161591,0.198110359953716,
,,,-3.5316E-06,0.0208157896995544,0.197608267888427,
,,,-3.5314E-06,0.087761402130127,0.196604083757848,
,,,-3.5312E-06,0.0208157896995544,0.19777563191019,
,,,-3.531E-06,-0.0461298227310181,0.1972735398449,
,,,-3.5308E-06,0.0208157896995544,0.197440903866664,
,,,-3.5306E-06,-0.0461298227310181,0.19777563191019,
,,,-3.5304E-06,-0.0461298227310181,0.1972735398449,
,,,-3.5302E-06,-0.0461298227310181,0.197942995931953,
,,,-3.53E-06,0.0208157896995544,0.197608267888427,
,,,-3.5298E-06,-0.0461298227310181,0.19777563191019,
,,,-3.5296E-06,0.087761402130127,0.196938811801374,
,,,-3.5294E-06,-0.113075435161591,0.197440903866664,
,,,-3.5292E-06,0.0208157896995544,0.197440903866664,
,,,-3.529E-06,0.0208157896995544,0.196771447779611,
,,,-3.5288E-06,-0.0461298227310181,0.197106175823137,
,,,-3.5286E-06,-0.0461298227310181,0.197440903866664,
,,,-3.5284E-06,0.0208157896995544,0.196771447779611,
,,,-3.5282E-06,-0.0461298227310181,0.197106175823137,
,,,-3.528E-06,-0.0461298227310181,0.196436719736084,
,,,-3.5278E-06,-0.0461298227310181,0.197106175823137,
,,,-3.5276E-06,0.087761402130127,0.197106175823137,
,,,-3.5274E-06,-0.113075435161591,0.197608267888427,
,,,-3.5272E-06,0.0208157896995544,0.197106175823137,
,,,-3.527E-06,-0.0461298227310181,0.196771447779611,
,,,-3.5268E-06,0.087761402130127,0.196604083757848,
,,,-3.5266E-06,-0.0461298227310181,0.196771447779611,
,,,-3.5264E-06,-0.0461298227310181,0.196938811801374,
,,,-3.5262E-06,0.0208157896995544,0.196604083757848,
,,,-3.526E-06,-0.0461298227310181,0.196436719736084,
,,,-3.5258E-06,0.0208157896995544,0.196269355714321,
,,,-3.5256E-06,0.087761402130127,0.196938811801374,
,,,-3.5254E-06,-0.0461298227310181,0.197440903866664,
,,,-3.5252E-06,-0.0461298227310181,0.196771447779611,
,,,-3.525E-06,-0.0461298227310181,0.197106175823137,
,,,-3.5248E-06,0.087761402130127,0.197106175823137,
,,,-3.5246E-06,0.0208157896995544,0.196938811801374,
,,,-3.5244E-06,0.087761402130127,0.196771447779611,
,,,-3.5242E-06,0.0208157896995544,0.196436719736084,
,,,-3.524E-06,-0.0461298227310181,0.196604083757848,
,,,-3.5238E-06,0.087761402130127,0.1972735398449,
,,,-3.5236E-06,-0.113075435161591,0.196771447779611,
,,,-3.5234E-06,-0.113075435161591,0.197106175823137,
,,,-3.5232E-06,0.0208157896995544,0.197106175823137,
,,,-3.523E-06,-0.0461298227310181,0.197106175823137,
,,,-3.5228E-06,0.0208157896995544,0.197106175823137,
,,,-3.5226E-06,0.0208157896995544,0.196771447779611,
,,,-3.5224E-06,0.0208157896995544,0.197106175823137,
,,,-3.5222E-06,-0.0461298227310181,0.196938811801374,
,,,-3.522E-06,0.0208157896995544,0.197106175823137,
,,,-3.5218E-06,-0.113075435161591,0.196938811801374,
,,,-3.5216E-06,0.0208157896995544,0.197106175823137,
,,,-3.5214E-06,-0.113075435161591,0.1972735398449,
,,,-3.5212E-06,-0.0461298227310181,0.196938811801374,
,,,-3.521E-06,0.0208157896995544,0.196604083757848,
,,,-3.5208E-06,-0.0461298227310181,0.196436719736084,
,,,-3.5206E-06,-0.0461298227310181,0.1972735398449,
,,,-3.5204E-06,0.0208157896995544,0.196604083757848,
,,,-3.5202E-06,0.087761402130127,0.196771447779611,
,,,-3.52E-06,0.0208157896995544,0.1972735398449,
,,,-3.5198E-06,0.0208157896995544,0.197440903866664,
,,,-3.5196E-06,0.0208157896995544,0.197440903866664,
,,,-3.5194E-06,0.0208157896995544,0.196771447779611,
,,,-3.5192E-06,0.0208157896995544,0.196771447779611,
,,,-3.519E-06,-0.113075435161591,0.197440903866664,
,,,-3.5188E-06,0.0208157896995544,0.197106175823137,
,,,-3.5186E-06,-0.0461298227310181,0.196771447779611,
,,,-3.5184E-06,0.0208157896995544,0.1972735398449,
,,,-3.5182E-06,-0.0461298227310181,0.196938811801374,
,,,-3.518E-06,0.0208157896995544,0.196938811801374,
,,,-3.5178E-06,-0.0461298227310181,0.197106175823137,
,,,-3.5176E-06,-0.0461298227310181,0.196101991692558,
,,,-3.5174E-06,0.0208157896995544,0.197106175823137,
,,,-3.5172E-06,-0.113075435161591,0.196938811801374,
,,,-3.517E-06,-0.0461298227310181,0.196938811801374,
,,,-3.5168E-06,0.087761402130127,0.196771447779611,
,,,-3.5166E-06,-0.180021047592163,0.196604083757848,
,,,-3.5164E-06,0.087761402130127,0.197608267888427,
,,,-3.5162E-06,0.0208157896995544,0.196938811801374,
,,,-3.516E-06,-0.0461298227310181,0.196771447779611,
,,,-3.5158E-06,-0.0461298227310181,0.196938811801374,
,,,-3.5156E-06,0.0208157896995544,0.196938811801374,
,,,-3.5154E-06,-0.0461298227310181,0.197608267888427,
,,,-3.5152E-06,0.0208157896995544,0.197106175823137,
,,,-3.515E-06,0.0208157896995544,0.19777563191019,
,,,-3.5148E-06,0.087761402130127,0.197608267888427,
,,,-3.5146E-06,-0.0461298227310181,0.1972735398449,
,,,-3.5144E-06,0.087761402130127,0.197440903866664,
,,,-3.5142E-06,-0.0461298227310181,0.196604083757848,
,,,-3.514E-06,0.0208157896995544,0.197608267888427,
,,,-3.5138E-06,0.0208157896995544,0.1972735398449,
,,,-3.5136E-06,0.0208157896995544,0.1972735398449,
,,,-3.5134E-06,0.0208157896995544,0.197608267888427,
,,,-3.5132E-06,0.0208157896995544,0.197440903866664,
,,,-3.513E-06,-0.0461298227310181,0.196938811801374,
,,,-3.5128E-06,0.0208157896995544,0.19777563191019,
,,,-3.5126E-06,-0.0461298227310181,0.197106175823137,
,,,-3.5124E-06,0.0208157896995544,0.196604083757848,
,,,-3.5122E-06,0.0208157896995544,0.198110359953716,
,,,-3.512E-06,0.0208157896995544,0.197106175823137,
,,,-3.5118E-06,-0.0461298227310181,0.196436719736084,
,,,-3.5116E-06,-0.0461298227310181,0.196771447779611,
,,,-3.5114E-06,0.087761402130127,0.197608267888427,
,,,-3.5112E-06,-0.0461298227310181,0.1972735398449,
,,,-3.511E-06,0.0208157896995544,0.196938811801374,
,,,-3.5108E-06,-0.113075435161591,0.196938811801374,
,,,-3.5106E-06,-0.0461298227310181,0.197608267888427,
,,,-3.5104E-06,0.087761402130127,0.197440903866664,
,,,-3.5102E-06,-0.113075435161591,0.197106175823137,
,,,-3.51E-06,-0.0461298227310181,0.196771447779611,
,,,-3.5098E-06,0.0208157896995544,0.196436719736084,
,,,-3.5096E-06,0.0208157896995544,0.196771447779611,
,,,-3.5094E-06,0.0208157896995544,0.197440903866664,
,,,-3.5092E-06,0.0208157896995544,0.196771447779611,
,,,-3.509E-06,-0.0461298227310181,0.198110359953716,
,,,-3.5088E-06,0.0208157896995544,0.197440903866664,
,,,-3.5086E-06,-0.113075435161591,0.197942995931953,
,,,-3.5084E-06,0.0208157896995544,0.197440903866664,
,,,-3.5082E-06,-0.113075435161591,0.197608267888427,
,,,-3.508E-06,0.087761402130127,0.196938811801374,
,,,-3.5078E-06,-0.0461298227310181,0.197608267888427,
,,,-3.5076E-06,0.087761402130127,0.198110359953716,
,,,-3.5074E-06,-0.0461298227310181,0.197608267888427,
,,,-3.5072E-06,-0.0461298227310181,0.1972735398449,
,,,-3.507E-06,0.087761402130127,0.19777563191019,
,,,-3.5068E-06,-0.0461298227310181,0.198612452019006,
,,,-3.5066E-06,-0.0461298227310181,0.197942995931953,
,,,-3.5064E-06,0.0208157896995544,0.19827772397548,
,,,-3.5062E-06,-0.113075435161591,0.197608267888427,
,,,-3.506E-06,-0.180021047592163,0.197106175823137,
,,,-3.5058E-06,-0.0461298227310181,0.19777563191019,
,,,-3.5056E-06,0.0208157896995544,0.197942995931953,
,,,-3.5054E-06,-0.0461298227310181,0.197942995931953,
,,,-3.5052E-06,0.087761402130127,0.197106175823137,
,,,-3.505E-06,0.0208157896995544,0.19777563191019,
,,,-3.5048E-06,-0.0461298227310181,0.1972735398449,
,,,-3.5046E-06,0.0208157896995544,0.197106175823137,
,,,-3.5044E-06,0.0208157896995544,0.1972735398449,
,,,-3.5042E-06,0.0208157896995544,0.197440903866664,
,,,-3.504E-06,-0.0461298227310181,0.197440903866664,
,,,-3.5038E-06,-0.113075435161591,0.196771447779611,
,,,-3.5036E-06,0.0208157896995544,0.196604083757848,
,,,-3.5034E-06,0.087761402130127,0.196604083757848,
,,,-3.5032E-06,0.0208157896995544,0.196604083757848,
,,,-3.503E-06,-0.0461298227310181,0.196938811801374,
,,,-3.5028E-06,-0.0461298227310181,0.1972735398449,
,,,-3.5026E-06,-0.113075435161591,0.19777563191019,
,,,-3.5024E-06,0.0208157896995544,0.1972735398449,
,,,-3.5022E-06,0.0208157896995544,0.197106175823137,
,,,-3.502E-06,0.087761402130127,0.196771447779611,
,,,-3.5018E-06,0.0208157896995544,0.197106175823137,
,,,-3.5016E-06,0.087761402130127,0.196938811801374,
,,,-3.5014E-06,-0.0461298227310181,0.196604083757848,
,,,-3.5012E-06,0.087761402130127,0.196938811801374,
,,,-3.501E-06,-0.0461298227310181,0.196771447779611,
,,,-3.5008E-06,0.0208157896995544,0.197106175823137,
,,,-3.5006E-06,0.087761402130127,0.197106175823137,
,,,-3.5004E-06,-0.0461298227310181,0.196604083757848,
,,,-3.5002E-06,0.087761402130127,0.196938811801374,
,,,-3.5E-06,0.087761402130127,0.196771447779611,
,,,-3.4998E-06,0.0208157896995544,0.196269355714321,
,,,-3.4996E-06,0.0208157896995544,0.197106175823137,
,,,-3.4994E-06,0.0208157896995544,0.19777563191019,
,,,-3.4992E-06,0.087761402130127,0.196938811801374,
,,,-3.499E-06,-0.113075435161591,0.196269355714321,
,,,-3.4988E-06,0.0208157896995544,0.197106175823137,
,,,-3.4986E-06,0.0208157896995544,0.197608267888427,
,,,-3.4984E-06,-0.0461298227310181,0.196269355714321,
,,,-3.4982E-06,0.0208157896995544,0.197106175823137,
,,,-3.498E-06,0.0208157896995544,0.197942995931953,
,,,-3.4978E-06,-0.0461298227310181,0.197440903866664,
,,,-3.4976E-06,0.087761402130127,0.197440903866664,
,,,-3.4974E-06,0.0208157896995544,0.197440903866664,
,,,-3.4972E-06,-0.0461298227310181,0.19777563191019,
,,,-3.497E-06,0.0208157896995544,0.1972735398449,
,,,-3.4968E-06,0.0208157896995544,0.19777563191019,
,,,-3.4966E-06,-0.0461298227310181,0.196604083757848,
,,,-3.4964E-06,-0.0461298227310181,0.197106175823137,
,,,-3.4962E-06,0.087761402130127,0.197942995931953,
,,,-3.496E-06,0.087761402130127,0.1972735398449,
,,,-3.4958E-06,0.0208157896995544,0.197106175823137,
,,,-3.4956E-06,0.0208157896995544,0.197106175823137,
,,,-3.4954E-06,-0.0461298227310181,0.197608267888427,
,,,-3.4952E-06,0.0208157896995544,0.197608267888427,
,,,-3.495E-06,0.0208157896995544,0.196771447779611,
,,,-3.4948E-06,0.154707014560699,0.1972735398449,
,,,-3.4946E-06,-0.0461298227310181,0.197608267888427,
,,,-3.4944E-06,0.0208157896995544,0.197440903866664,
,,,-3.4942E-06,0.0208157896995544,0.197440903866664,
,,,-3.494E-06,-0.0461298227310181,0.197440903866664,
,,,-3.4938E-06,-0.0461298227310181,0.1972735398449,
,,,-3.4936E-06,0.0208157896995544,0.1972735398449,
,,,-3.4934E-06,-0.113075435161591,0.197106175823137,
,,,-3.4932E-06,0.0208157896995544,0.1972735398449,
,,,-3.493E-06,0.087761402130127,0.1972735398449,
,,,-3.4928E-06,0.0208157896995544,0.196938811801374,
,,,-3.4926E-06,0.0208157896995544,0.19777563191019,
,,,-3.4924E-06,-0.0461298227310181,0.1972735398449,
,,,-3.4922E-06,-0.0461298227310181,0.197106175823137,
,,,-3.492E-06,-0.0461298227310181,0.196771447779611,
,,,-3.4918E-06,-0.0461298227310181,0.196938811801374,
,,,-3.4916E-06,-0.113075435161591,0.1972735398449,
,,,-3.4914E-06,0.0208157896995544,0.196771447779611,
,,,-3.4912E-06,0.0208157896995544,0.197106175823137,
,,,-3.491E-06,-0.0461298227310181,0.197440903866664,
,,,-3.4908E-06,0.0208157896995544,0.197440903866664,
,,,-3.4906E-06,0.0208157896995544,0.197608267888427,
,,,-3.4904E-06,0.0208157896995544,0.196771447779611,
,,,-3.4902E-06,-0.0461298227310181,0.1972735398449,
,,,-3.49E-06,0.0208157896995544,0.1972735398449,
,,,-3.4898E-06,0.0208157896995544,0.197942995931953,
,,,-3.4896E-06,0.087761402130127,0.198445087997243,
,,,-3.4894E-06,-0.0461298227310181,0.19777563191019,
,,,-3.4892E-06,-0.0461298227310181,0.197608267888427,
,,,-3.489E-06,0.0208157896995544,0.197608267888427,
,,,-3.4888E-06,0.087761402130127,0.197440903866664,
,,,-3.4886E-06,0.0208157896995544,0.19827772397548,
,,,-3.4884E-06,0.087761402130127,0.197440903866664,
,,,-3.4882E-06,0.0208157896995544,0.19777563191019,
,,,-3.488E-06,-0.0461298227310181,0.19827772397548,
,,,-3.4878E-06,0.087761402130127,0.197608267888427,
,,,-3.4876E-06,0.0208157896995544,0.198110359953716,
,,,-3.4874E-06,-0.0461298227310181,0.198110359953716,
,,,-3.4872E-06,0.087761402130127,0.198612452019006,
,,,-3.487E-06,0.0208157896995544,0.1972735398449,
,,,-3.4868E-06,0.0208157896995544,0.197608267888427,
,,,-3.4866E-06,0.0208157896995544,0.19777563191019,
,,,-3.4864E-06,0.0208157896995544,0.197608267888427,
,,,-3.4862E-06,0.0208157896995544,0.197942995931953,
,,,-3.486E-06,-0.0461298227310181,0.197942995931953,
,,,-3.4858E-06,0.0208157896995544,0.19777563191019,
,,,-3.4856E-06,0.0208157896995544,0.197106175823137,
,,,-3.4854E-06,-0.0461298227310181,0.197440903866664,
,,,-3.4852E-06,0.0208157896995544,0.198110359953716,
,,,-3.485E-06,0.0208157896995544,0.1972735398449,
,,,-3.4848E-06,0.0208157896995544,0.197106175823137,
,,,-3.4846E-06,-0.0461298227310181,0.197106175823137,
,,,-3.4844E-06,0.0208157896995544,0.19827772397548,
,,,-3.4842E-06,-0.0461298227310181,0.19777563191019,
,,,-3.484E-06,0.087761402130127,0.197440903866664,
,,,-3.4838E-06,-0.113075435161591,0.197106175823137,
,,,-3.4836E-06,0.0208157896995544,0.19777563191019,
,,,-3.4834E-06,-0.0461298227310181,0.196771447779611,
,,,-3.4832E-06,0.087761402130127,0.197106175823137,
,,,-3.483E-06,-0.0461298227310181,0.19777563191019,
,,,-3.4828E-06,-0.0461298227310181,0.197440903866664,
,,,-3.4826E-06,-0.0461298227310181,0.196938811801374,
,,,-3.4824E-06,-0.0461298227310181,0.197106175823137,
,,,-3.4822E-06,0.087761402130127,0.1972735398449,
,,,-3.482E-06,0.087761402130127,0.196604083757848,
,,,-3.4818E-06,-0.0461298227310181,0.196938811801374,
,,,-3.4816E-06,0.0208157896995544,0.196938811801374,
,,,-3.4814E-06,0.0208157896995544,0.196938811801374,
,,,-3.4812E-06,-0.0461298227310181,0.196771447779611,
,,,-3.481E-06,0.0208157896995544,0.196604083757848,
,,,-3.4808E-06,0.0208157896995544,0.196771447779611,
,,,-3.4806E-06,-0.113075435161591,0.197608267888427,
,,,-3.4804E-06,-0.0461298227310181,0.197440903866664,
,,,-3.4802E-06,0.087761402130127,0.197608267888427,
,,,-3.48E-06,-0.0461298227310181,0.197440903866664,
,,,-3.4798E-06,-0.0461298227310181,0.196938811801374,
,,,-3.4796E-06,0.087761402130127,0.196771447779611,
,,,-3.4794E-06,-0.0461298227310181,0.197106175823137,
,,,-3.4792E-06,-0.0461298227310181,0.197440903866664,
,,,-3.479E-06,0.087761402130127,0.197608267888427,
,,,-3.4788E-06,-0.113075435161591,0.197106175823137,
,,,-3.4786E-06,0.087761402130127,0.196938811801374,
,,,-3.4784E-06,0.087761402130127,0.1972735398449,
,,,-3.4782E-06,-0.0461298227310181,0.196938811801374,
,,,-3.478E-06,0.0208157896995544,0.196269355714321,
,,,-3.4778E-06,0.087761402130127,0.1972735398449,
,,,-3.4776E-06,-0.0461298227310181,0.196604083757848,
,,,-3.4774E-06,0.087761402130127,0.1972735398449,
,,,-3.4772E-06,0.0208157896995544,0.197942995931953,
,,,-3.477E-06,-0.0461298227310181,0.196771447779611,
,,,-3.4768E-06,0.0208157896995544,0.196771447779611,
,,,-3.4766E-06,-0.0461298227310181,0.197942995931953,
,,,-3.4764E-06,0.087761402130127,0.197608267888427,
,,,-3.4762E-06,0.0208157896995544,0.196604083757848,
,,,-3.476E-06,0.087761402130127,0.197106175823137,
,,,-3.4758E-06,-0.0461298227310181,0.197106175823137,
,,,-3.4756E-06,0.0208157896995544,0.196938811801374,
,,,-3.4754E-06,0.0208157896995544,0.197440903866664,
,,,-3.4752E-06,-0.0461298227310181,0.196771447779611,
,,,-3.475E-06,0.087761402130127,0.196938811801374,
,,,-3.4748E-06,-0.0461298227310181,0.197106175823137,
,,,-3.4746E-06,0.087761402130127,0.196604083757848,
,,,-3.4744E-06,0.087761402130127,0.196436719736084,
,,,-3.4742E-06,0.0208157896995544,0.196771447779611,
,,,-3.474E-06,-0.0461298227310181,0.196269355714321,
,,,-3.4738E-06,-0.0461298227310181,0.196436719736084,
,,,-3.4736E-06,0.0208157896995544,0.196771447779611,
,,,-3.4734E-06,-0.0461298227310181,0.196269355714321,
,,,-3.4732E-06,0.087761402130127,0.196771447779611,
,,,-3.473E-06,-0.0461298227310181,0.196604083757848,
,,,-3.4728E-06,-0.0461298227310181,0.196938811801374,
,,,-3.4726E-06,-0.0461298227310181,0.196771447779611,
,,,-3.4724E-06,0.0208157896995544,0.196604083757848,
,,,-3.4722E-06,0.0208157896995544,0.196771447779611,
,,,-3.472E-06,0.0208157896995544,0.197106175823137,
,,,-3.4718E-06,-0.113075435161591,0.196771447779611,
,,,-3.4716E-06,-0.0461298227310181,0.197106175823137,
,,,-3.4714E-06,0.0208157896995544,0.19777563191019,
,,,-3.4712E-06,0.0208157896995544,0.197440903866664,
,,,-3.471E-06,-0.0461298227310181,0.196604083757848,
,,,-3.4708E-06,0.0208157896995544,0.197608267888427,
,,,-3.4706E-06,0.0208157896995544,0.197440903866664,
,,,-3.4704E-06,0.0208157896995544,0.195934627670795,
,,,-3.4702E-06,-0.113075435161591,0.197440903866664,
,,,-3.47E-06,0.0208157896995544,0.197440903866664,
,,,-3.4698E-06,-0.0461298227310181,0.196604083757848,
,,,-3.4696E-06,0.0208157896995544,0.1972735398449,
,,,-3.4694E-06,0.087761402130127,0.197942995931953,
,,,-3.4692E-06,0.087761402130127,0.197106175823137,
,,,-3.469E-06,0.087761402130127,0.1972735398449,
,,,-3.4688E-06,0.0208157896995544,0.196938811801374,
,,,-3.4686E-06,0.087761402130127,0.1972735398449,
,,,-3.4684E-06,-0.0461298227310181,0.197106175823137,
,,,-3.4682E-06,0.087761402130127,0.197106175823137,
,,,-3.468E-06,0.0208157896995544,0.197106175823137,
,,,-3.4678E-06,0.0208157896995544,0.197942995931953,
,,,-3.4676E-06,-0.0461298227310181,0.197440903866664,
,,,-3.4674E-06,-0.0461298227310181,0.19777563191019,
,,,-3.4672E-06,0.154707014560699,0.197440903866664,
,,,-3.467E-06,-0.0461298227310181,0.197942995931953,
,,,-3.4668E-06,0.0208157896995544,0.197440903866664,
,,,-3.4666E-06,-0.0461298227310181,0.198110359953716,
,,,-3.4664E-06,-0.113075435161591,0.197608267888427,
,,,-3.4662E-06,0.087761402130127,0.197106175823137,
,,,-3.466E-06,-0.0461298227310181,0.197440903866664,
,,,-3.4658E-06,-0.0461298227310181,0.19777563191019,
,,,-3.4656E-06,0.0208157896995544,0.19827772397548,
,,,-3.4654E-06,-0.0461298227310181,0.196938811801374,
,,,-3.4652E-06,-0.0461298227310181,0.197440903866664,
,,,-3.465E-06,0.087761402130127,0.197608267888427,
,,,-3.4648E-06,0.0208157896995544,0.197440903866664,
,,,-3.4646E-06,-0.0461298227310181,0.19777563191019,
,,,-3.4644E-06,0.0208157896995544,0.19777563191019,
,,,-3.4642E-06,0.0208157896995544,0.197106175823137,
,,,-3.464E-06,-0.0461298227310181,0.196771447779611,
,,,-3.4638E-06,-0.0461298227310181,0.196938811801374,
,,,-3.4636E-06,-0.0461298227310181,0.198110359953716,
,,,-3.4634E-06,-0.0461298227310181,0.1972735398449,
,,,-3.4632E-06,0.087761402130127,0.196101991692558,
,,,-3.463E-06,-0.0461298227310181,0.197942995931953,
,,,-3.4628E-06,0.0208157896995544,0.1972735398449,
,,,-3.4626E-06,0.0208157896995544,0.196938811801374,
,,,-3.4624E-06,0.087761402130127,0.197608267888427,
,,,-3.4622E-06,0.0208157896995544,0.197942995931953,
,,,-3.462E-06,-0.0461298227310181,0.197106175823137,
,,,-3.4618E-06,0.0208157896995544,0.197106175823137,
,,,-3.4616E-06,0.087761402130127,0.1972735398449,
,,,-3.4614E-06,-0.0461298227310181,0.1972735398449,
,,,-3.4612E-06,0.0208157896995544,0.1972735398449,
,,,-3.461E-06,0.087761402130127,0.197608267888427,
,,,-3.4608E-06,0.0208157896995544,0.197106175823137,
,,,-3.4606E-06,0.0208157896995544,0.197440903866664,
,,,-3.4604E-06,0.154707014560699,0.1972735398449,
,,,-3.4602E-06,0.0208157896995544,0.1972735398449,
,,,-3.46E-06,0.0208157896995544,0.1972735398449,
,,,-3.4598E-06,0.0208157896995544,0.196938811801374,
,,,-3.4596E-06,0.0208157896995544,0.197608267888427,
,,,-3.4594E-06,0.0208157896995544,0.197608267888427,
,,,-3.4592E-06,0.087761402130127,0.197440903866664,
,,,-3.459E-06,-0.0461298227310181,0.196938811801374,
,,,-3.4588E-06,0.0208157896995544,0.197106175823137,
,,,-3.4586E-06,-0.0461298227310181,0.196604083757848,
,,,-3.4584E-06,0.0208157896995544,0.196436719736084,
,,,-3.4582E-06,-0.113075435161591,0.1972735398449,
,,,-3.458E-06,-0.0461298227310181,0.196938811801374,
,,,-3.4578E-06,0.0208157896995544,0.197106175823137,
,,,-3.4576E-06,0.087761402130127,0.197440903866664,
,,,-3.4574E-06,0.0208157896995544,0.197440903866664,
,,,-3.4572E-06,-0.0461298227310181,0.198612452019006,
,,,-3.457E-06,-0.0461298227310181,0.197608267888427,
,,,-3.4568E-06,0.154707014560699,0.197942995931953,
,,,-3.4566E-06,-0.113075435161591,0.19777563191019,
,,,-3.4564E-06,0.0208157896995544,0.197106175823137,
,,,-3.4562E-06,0.0208157896995544,0.1972735398449,
,,,-3.456E-06,-0.180021047592163,0.197106175823137,
,,,-3.4558E-06,0.087761402130127,0.1972735398449,
,,,-3.4556E-06,0.087761402130127,0.196938811801374,
,,,-3.4554E-06,0.0208157896995544,0.196436719736084,
,,,-3.4552E-06,0.0208157896995544,0.196771447779611,
,,,-3.455E-06,-0.113075435161591,0.1972735398449,
,,,-3.4548E-06,0.0208157896995544,0.196436719736084,
,,,-3.4546E-06,0.087761402130127,0.197106175823137,
,,,-3.4544E-06,0.087761402130127,0.1972735398449,
,,,-3.4542E-06,0.0208157896995544,0.196436719736084,
,,,-3.454E-06,0.087761402130127,0.196436719736084,
,,,-3.4538E-06,0.0208157896995544,0.196436719736084,
,,,-3.4536E-06,-0.113075435161591,0.196771447779611,
,,,-3.4534E-06,-0.0461298227310181,0.196938811801374,
,,,-3.4532E-06,-0.113075435161591,0.197608267888427,
,,,-3.453E-06,-0.0461298227310181,0.197440903866664,
,,,-3.4528E-06,0.087761402130127,0.197440903866664,
,,,-3.4526E-06,-0.0461298227310181,0.197440903866664,
,,,-3.4524E-06,-0.0461298227310181,0.197440903866664,
,,,-3.4522E-06,0.0208157896995544,0.1972735398449,
,,,-3.452E-06,0.0208157896995544,0.196771447779611,
,,,-3.4518E-06,-0.0461298227310181,0.196938811801374,
,,,-3.4516E-06,-0.113075435161591,0.197106175823137,
,,,-3.4514E-06,-0.0461298227310181,0.197106175823137,
,,,-3.4512E-06,-0.0461298227310181,0.197106175823137,
,,,-3.451E-06,-0.0461298227310181,0.196771447779611,
,,,-3.4508E-06,0.0208157896995544,0.196938811801374,
,,,-3.4506E-06,-0.0461298227310181,0.1972735398449,
,,,-3.4504E-06,0.0208157896995544,0.1972735398449,
,,,-3.4502E-06,0.0208157896995544,0.197608267888427,
,,,-3.45E-06,0.221652626991272,0.19777563191019,
,,,-3.4498E-06,0.0208157896995544,0.197440903866664,
,,,-3.4496E-06,-0.0461298227310181,0.196938811801374,
,,,-3.4494E-06,0.087761402130127,0.198110359953716,
,,,-3.4492E-06,-0.180021047592163,0.198445087997243,
,,,-3.449E-06,-0.0461298227310181,0.19827772397548,
,,,-3.4488E-06,0.087761402130127,0.197608267888427,
,,,-3.4486E-06,-0.0461298227310181,0.19827772397548,
,,,-3.4484E-06,0.0208157896995544,0.19827772397548,
,,,-3.4482E-06,-0.0461298227310181,0.19827772397548,
,,,-3.448E-06,0.154707014560699,0.197942995931953,
,,,-3.4478E-06,0.0208157896995544,0.198110359953716,
,,,-3.4476E-06,0.0208157896995544,0.197942995931953,
,,,-3.4474E-06,0.0208157896995544,0.197440903866664,
,,,-3.4472E-06,0.087761402130127,0.1972735398449,
,,,-3.447E-06,0.0208157896995544,0.19777563191019,
,,,-3.4468E-06,0.0208157896995544,0.197942995931953,
,,,-3.4466E-06,0.0208157896995544,0.197440903866664,
,,,-3.4464E-06,0.0208157896995544,0.197608267888427,
,,,-3.4462E-06,-0.113075435161591,0.197440903866664,
,,,-3.446E-06,0.0208157896995544,0.196771447779611,
,,,-3.4458E-06,0.0208157896995544,0.197440903866664,
,,,-3.4456E-06,0.0208157896995544,0.196771447779611,
,,,-3.4454E-06,-0.0461298227310181,0.196938811801374,
,,,-3.4452E-06,0.087761402130127,0.197106175823137,
,,,-3.445E-06,-0.0461298227310181,0.196771447779611,
,,,-3.4448E-06,0.0208157896995544,0.197106175823137,
,,,-3.4446E-06,-0.113075435161591,0.196938811801374,
,,,-3.4444E-06,0.0208157896995544,0.197440903866664,
,,,-3.4442E-06,-0.0461298227310181,0.196269355714321,
,,,-3.444E-06,0.087761402130127,0.197106175823137,
,,,-3.4438E-06,0.0208157896995544,0.1972735398449,
,,,-3.4436E-06,0.087761402130127,0.196604083757848,
,,,-3.4434E-06,-0.0461298227310181,0.197440903866664,
,,,-3.4432E-06,0.087761402130127,0.197608267888427,
,,,-3.443E-06,0.0208157896995544,0.196604083757848,
,,,-3.4428E-06,-0.0461298227310181,0.197106175823137,
,,,-3.4426E-06,0.0208157896995544,0.197440903866664,
,,,-3.4424E-06,0.087761402130127,0.197608267888427,
,,,-3.4422E-06,0.0208157896995544,0.197608267888427,
,,,-3.442E-06,0.0208157896995544,0.197942995931953,
,,,-3.4418E-06,0.087761402130127,0.19777563191019,
,,,-3.4416E-06,0.154707014560699,0.197106175823137,
,,,-3.4414E-06,-0.0461298227310181,0.197440903866664,
,,,-3.4412E-06,0.087761402130127,0.19777563191019,
,,,-3.441E-06,0.0208157896995544,0.19777563191019,
,,,-3.4408E-06,-0.0461298227310181,0.197608267888427,
,,,-3.4406E-06,-0.0461298227310181,0.198110359953716,
,,,-3.4404E-06,0.0208157896995544,0.19777563191019,
,,,-3.4402E-06,0.0208157896995544,0.19827772397548,
,,,-3.44E-06,0.087761402130127,0.198110359953716,
,,,-3.4398E-06,-0.0461298227310181,0.198779816040769,
,,,-3.4396E-06,0.0208157896995544,0.197608267888427,
,,,-3.4394E-06,0.087761402130127,0.19827772397548,
,,,-3.4392E-06,0.0208157896995544,0.197942995931953,
,,,-3.439E-06,-0.0461298227310181,0.197440903866664,
,,,-3.4388E-06,0.0208157896995544,0.197106175823137,
,,,-3.4386E-06,-0.0461298227310181,0.19827772397548,
,,,-3.4384E-06,-0.0461298227310181,0.1972735398449,
,,,-3.4382E-06,-0.0461298227310181,0.197440903866664,
,,,-3.438E-06,0.087761402130127,0.197942995931953,
,,,-3.4378E-06,0.0208157896995544,0.197440903866664,
,,,-3.4376E-06,0.087761402130127,0.197440903866664,
,,,-3.4374E-06,0.0208157896995544,0.1972735398449,
,,,-3.4372E-06,0.087761402130127,0.1972735398449,
,,,-3.437E-06,0.0208157896995544,0.197106175823137,
,,,-3.4368E-06,0.0208157896995544,0.197608267888427,
,,,-3.4366E-06,0.0208157896995544,0.197440903866664,
,,,-3.4364E-06,0.0208157896995544,0.197608267888427,
,,,-3.4362E-06,0.087761402130127,0.196771447779611,
,,,-3.436E-06,0.0208157896995544,0.197440903866664,
,,,-3.4358E-06,0.0208157896995544,0.196938811801374,
,,,-3.4356E-06,0.0208157896995544,0.197440903866664,
,,,-3.4354E-06,0.087761402130127,0.197440903866664,
,,,-3.4352E-06,0.087761402130127,0.196938811801374,
,,,-3.435E-06,-0.0461298227310181,0.196938811801374,
,,,-3.4348E-06,0.0208157896995544,0.197608267888427,
,,,-3.4346E-06,0.0208157896995544,0.197440903866664,
,,,-3.4344E-06,-0.113075435161591,0.1972735398449,
,,,-3.4342E-06,0.0208157896995544,0.197608267888427,
,,,-3.434E-06,-0.0461298227310181,0.197608267888427,
,,,-3.4338E-06,-0.0461298227310181,0.197106175823137,
,,,-3.4336E-06,0.087761402130127,0.198110359953716,
,,,-3.4334E-06,-0.0461298227310181,0.197440903866664,
,,,-3.4332E-06,-0.0461298227310181,0.19777563191019,
,,,-3.433E-06,0.087761402130127,0.1972735398449,
,,,-3.4328E-06,0.087761402130127,0.197106175823137,
,,,-3.4326E-06,0.0208157896995544,0.197440903866664,
,,,-3.4324E-06,0.0208157896995544,0.197440903866664,
,,,-3.4322E-06,-0.0461298227310181,0.1972735398449,
,,,-3.432E-06,0.0208157896995544,0.197608267888427,
,,,-3.4318E-06,-0.0461298227310181,0.196938811801374,
,,,-3.4316E-06,0.0208157896995544,0.197608267888427,
,,,-3.4314E-06,-0.0461298227310181,0.196938811801374,
,,,-3.4312E-06,0.087761402130127,0.196938811801374,
,,,-3.431E-06,0.0208157896995544,0.197608267888427,
,,,-3.4308E-06,0.0208157896995544,0.1972735398449,
,,,-3.4306E-06,0.0208157896995544,0.197106175823137,
,,,-3.4304E-06,0.087761402130127,0.197608267888427,
,,,-3.4302E-06,0.0208157896995544,0.196938811801374,
,,,-3.43E-06,-0.113075435161591,0.197106175823137,
,,,-3.4298E-06,-0.0461298227310181,0.196938811801374,
,,,-3.4296E-06,0.087761402130127,0.19777563191019,
,,,-3.4294E-06,-0.113075435161591,0.195934627670795,
,,,-3.4292E-06,0.0208157896995544,0.196604083757848,
,,,-3.429E-06,0.0208157896995544,0.1972735398449,
,,,-3.4288E-06,0.154707014560699,0.196604083757848,
,,,-3.4286E-06,0.0208157896995544,0.196604083757848,
,,,-3.4284E-06,0.0208157896995544,0.196436719736084,
,,,-3.4282E-06,-0.0461298227310181,0.197440903866664,
,,,-3.428E-06,-0.0461298227310181,0.195432535605505,
,,,-3.4278E-06,0.0208157896995544,0.196604083757848,
,,,-3.4276E-06,0.0208157896995544,0.1972735398449,
,,,-3.4274E-06,0.0208157896995544,0.196771447779611,
,,,-3.4272E-06,0.087761402130127,0.196604083757848,
,,,-3.427E-06,-0.0461298227310181,0.1972735398449,
,,,-3.4268E-06,0.0208157896995544,0.197440903866664,
,,,-3.4266E-06,0.0208157896995544,0.197440903866664,
,,,-3.4264E-06,0.0208157896995544,0.197106175823137,
,,,-3.4262E-06,-0.113075435161591,0.1972735398449,
,,,-3.426E-06,0.0208157896995544,0.196771447779611,
,,,-3.4258E-06,0.0208157896995544,0.197440903866664,
,,,-3.4256E-06,0.0208157896995544,0.196771447779611,
,,,-3.4254E-06,-0.113075435161591,0.197608267888427,
,,,-3.4252E-06,0.0208157896995544,0.197608267888427,
,,,-3.425E-06,-0.113075435161591,0.1972735398449,
,,,-3.4248E-06,0.0208157896995544,0.197440903866664,
,,,-3.4246E-06,0.0208157896995544,0.198110359953716,
,,,-3.4244E-06,0.0208157896995544,0.197608267888427,
,,,-3.4242E-06,-0.0461298227310181,0.197106175823137,
,,,-3.424E-06,0.0208157896995544,0.196938811801374,
,,,-3.4238E-06,0.087761402130127,0.196938811801374,
,,,-3.4236E-06,-0.0461298227310181,0.197440903866664,
,,,-3.4234E-06,-0.0461298227310181,0.1972735398449,
,,,-3.4232E-06,-0.0461298227310181,0.197608267888427,
,,,-3.423E-06,-0.0461298227310181,0.196938811801374,
,,,-3.4228E-06,0.0208157896995544,0.1972735398449,
,,,-3.4226E-06,0.087761402130127,0.197440903866664,
,,,-3.4224E-06,0.087761402130127,0.1972735398449,
,,,-3.4222E-06,-0.0461298227310181,0.197106175823137,
,,,-3.422E-06,0.087761402130127,0.197106175823137,
,,,-3.4218E-06,0.0208157896995544,0.197608267888427,
,,,-3.4216E-06,0.0208157896995544,0.196771447779611,
,,,-3.4214E-06,0.0208157896995544,0.197440903866664,
,,,-3.4212E-06,-0.0461298227310181,0.19827772397548,
,,,-3.421E-06,-0.0461298227310181,0.197440903866664,
,,,-3.4208E-06,-0.0461298227310181,0.197440903866664,
,,,-3.4206E-06,-0.0461298227310181,0.197608267888427,
,,,-3.4204E-06,-0.0461298227310181,0.197106175823137,
,,,-3.4202E-06,0.0208157896995544,0.196604083757848,
,,,-3.42E-06,0.087761402130127,0.197608267888427,
,,,-3.4198E-06,-0.0461298227310181,0.19777563191019,
,,,-3.4196E-06,0.087761402130127,0.19777563191019,
,,,-3.4194E-06,-0.0461298227310181,0.196938811801374,
,,,-3.4192E-06,-0.0461298227310181,0.197106175823137,
,,,-3.419E-06,-0.0461298227310181,0.1972735398449,
,,,-3.4188E-06,-0.0461298227310181,0.197440903866664,
,,,-3.4186E-06,-0.0461298227310181,0.196771447779611,
,,,-3.4184E-06,0.0208157896995544,0.197106175823137,
,,,-3.4182E-06,0.0208157896995544,0.197942995931953,
,,,-3.418E-06,0.087761402130127,0.196938811801374,
,,,-3.4178E-06,0.0208157896995544,0.196101991692558,
,,,-3.4176E-06,0.0208157896995544,0.197106175823137,
,,,-3.4174E-06,0.087761402130127,0.197942995931953,
,,,-3.4172E-06,0.0208157896995544,0.197608267888427,
,,,-3.417E-06,0.087761402130127,0.1972735398449,
,,,-3.4168E-06,0.087761402130127,0.197942995931953,
,,,-3.4166E-06,-0.0461298227310181,0.1972735398449,
,,,-3.4164E-06,0.0208157896995544,0.197608267888427,
,,,-3.4162E-06,0.0208157896995544,0.196938811801374,
,,,-3.416E-06,0.087761402130127,0.197106175823137,
,,,-3.4158E-06,0.0208157896995544,0.197106175823137,
,,,-3.4156E-06,0.0208157896995544,0.196604083757848,
,,,-3.4154E-06,-0.0461298227310181,0.197440903866664,
,,,-3.4152E-06,-0.0461298227310181,0.196938811801374,
,,,-3.415E-06,0.0208157896995544,0.196101991692558,
,,,-3.4148E-06,0.0208157896995544,0.197106175823137,
,,,-3.4146E-06,-0.0461298227310181,0.1972735398449,
,,,-3.4144E-06,0.0208157896995544,0.196771447779611,
,,,-3.4142E-06,-0.113075435161591,0.1972735398449,
,,,-3.414E-06,0.0208157896995544,0.196604083757848,
,,,-3.4138E-06,0.087761402130127,0.197106175823137,
,,,-3.4136E-06,0.087761402130127,0.196436719736084,
,,,-3.4134E-06,-0.0461298227310181,0.1972735398449,
,,,-3.4132E-06,-0.0461298227310181,0.196938811801374,
,,,-3.413E-06,0.0208157896995544,0.196604083757848,
,,,-3.4128E-06,0.0208157896995544,0.196938811801374,
,,,-3.4126E-06,-0.0461298227310181,0.196938811801374,
,,,-3.4124E-06,0.0208157896995544,0.196771447779611,
,,,-3.4122E-06,0.0208157896995544,0.197608267888427,
,,,-3.412E-06,0.087761402130127,0.197608267888427,
,,,-3.4118E-06,0.0208157896995544,0.197608267888427,
,,,-3.4116E-06,0.087761402130127,0.196771447779611,
,,,-3.4114E-06,0.0208157896995544,0.1972735398449,
,,,-3.4112E-06,-0.0461298227310181,0.196436719736084,
,,,-3.411E-06,0.087761402130127,0.196771447779611,
,,,-3.4108E-06,-0.0461298227310181,0.196604083757848,
,,,-3.4106E-06,-0.0461298227310181,0.197106175823137,
,,,-3.4104E-06,0.0208157896995544,0.196771447779611,
,,,-3.4102E-06,-0.0461298227310181,0.1972735398449,
,,,-3.41E-06,0.0208157896995544,0.196771447779611,
,,,-3.4098E-06,0.0208157896995544,0.196771447779611,
,,,-3.4096E-06,0.087761402130127,0.197106175823137,
,,,-3.4094E-06,-0.0461298227310181,0.197440903866664,
,,,-3.4092E-06,0.0208157896995544,0.196771447779611,
,,,-3.409E-06,0.0208157896995544,0.196771447779611,
,,,-3.4088E-06,-0.0461298227310181,0.196938811801374,
,,,-3.4086E-06,0.087761402130127,0.196938811801374,
,,,-3.4084E-06,0.0208157896995544,0.196771447779611,
,,,-3.4082E-06,0.087761402130127,0.197440903866664,
,,,-3.408E-06,0.087761402130127,0.197106175823137,
,,,-3.4078E-06,-0.113075435161591,0.196771447779611,
,,,-3.4076E-06,0.0208157896995544,0.196938811801374,
,,,-3.4074E-06,0.0208157896995544,0.197106175823137,
,,,-3.4072E-06,-0.0461298227310181,0.197608267888427,
,,,-3.407E-06,-0.0461298227310181,0.197106175823137,
,,,-3.4068E-06,0.0208157896995544,0.1972735398449,
,,,-3.4066E-06,-0.0461298227310181,0.197106175823137,
,,,-3.4064E-06,0.087761402130127,0.196938811801374,
,,,-3.4062E-06,0.0208157896995544,0.197440903866664,
,,,-3.406E-06,0.087761402130127,0.196938811801374,
,,,-3.4058E-06,-0.0461298227310181,0.196771447779611,
,,,-3.4056E-06,0.087761402130127,0.197440903866664,
,,,-3.4054E-06,0.0208157896995544,0.196938811801374,
,,,-3.4052E-06,0.087761402130127,0.196604083757848,
,,,-3.405E-06,0.087761402130127,0.196938811801374,
,,,-3.4048E-06,0.0208157896995544,0.196771447779611,
,,,-3.4046E-06,0.087761402130127,0.1972735398449,
,,,-3.4044E-06,0.0208157896995544,0.196938811801374,
,,,-3.4042E-06,-0.0461298227310181,0.197106175823137,
,,,-3.404E-06,0.0208157896995544,0.196604083757848,
,,,-3.4038E-06,0.087761402130127,0.196771447779611,
,,,-3.4036E-06,0.0208157896995544,0.197440903866664,
,,,-3.4034E-06,-0.0461298227310181,0.197440903866664,
,,,-3.4032E-06,0.087761402130127,0.1972735398449,
,,,-3.403E-06,0.0208157896995544,0.196771447779611,
,,,-3.4028E-06,0.0208157896995544,0.1972735398449,
,,,-3.4026E-06,0.0208157896995544,0.197106175823137,
,,,-3.4024E-06,-0.0461298227310181,0.197106175823137,
,,,-3.4022E-06,0.0208157896995544,0.197608267888427,
,,,-3.402E-06,0.0208157896995544,0.197608267888427,
,,,-3.4018E-06,0.0208157896995544,0.197440903866664,
,,,-3.4016E-06,0.0208157896995544,0.197608267888427,
,,,-3.4014E-06,-0.0461298227310181,0.196436719736084,
,,,-3.4012E-06,0.087761402130127,0.196771447779611,
,,,-3.401E-06,0.0208157896995544,0.197106175823137,
,,,-3.4008E-06,0.087761402130127,0.197106175823137,
,,,-3.4006E-06,-0.0461298227310181,0.197440903866664,
,,,-3.4004E-06,0.0208157896995544,0.19777563191019,
,,,-3.4002E-06,0.0208157896995544,0.197440903866664,
,,,-3.4E-06,-0.0461298227310181,0.196771447779611,
,,,-3.3998E-06,-0.113075435161591,0.196938811801374,
,,,-3.3996E-06,0.087761402130127,0.197440903866664,
,,,-3.3994E-06,-0.0461298227310181,0.197440903866664,
,,,-3.3992E-06,0.0208157896995544,0.197106175823137,
,,,-3.399E-06,0.087761402130127,0.197106175823137,
,,,-3.3988E-06,0.154707014560699,0.196938811801374,
,,,-3.3986E-06,-0.0461298227310181,0.1972735398449,
,,,-3.3984E-06,-0.0461298227310181,0.197106175823137,
,,,-3.3982E-06,0.087761402130127,0.197608267888427,
,,,-3.398E-06,0.0208157896995544,0.197440903866664,
,,,-3.3978E-06,-0.0461298227310181,0.197106175823137,
,,,-3.3976E-06,0.0208157896995544,0.196938811801374,
,,,-3.3974E-06,-0.0461298227310181,0.196938811801374,
,,,-3.3972E-06,0.0208157896995544,0.196436719736084,
,,,-3.397E-06,0.0208157896995544,0.197608267888427,
,,,-3.3968E-06,0.154707014560699,0.197106175823137,
,,,-3.3966E-06,-0.0461298227310181,0.196604083757848,
,,,-3.3964E-06,0.0208157896995544,0.196604083757848,
,,,-3.3962E-06,0.0208157896995544,0.196604083757848,
,,,-3.396E-06,-0.113075435161591,0.196771447779611,
,,,-3.3958E-06,-0.0461298227310181,0.197608267888427,
,,,-3.3956E-06,-0.113075435161591,0.197440903866664,
,,,-3.3954E-06,0.087761402130127,0.19777563191019,
,,,-3.3952E-06,0.087761402130127,0.197440903866664,
,,,-3.395E-06,-0.0461298227310181,0.196771447779611,
,,,-3.3948E-06,0.0208157896995544,0.198110359953716,
,,,-3.3946E-06,-0.0461298227310181,0.197440903866664,
,,,-3.3944E-06,0.0208157896995544,0.1972735398449,
,,,-3.3942E-06,0.0208157896995544,0.197942995931953,
,,,-3.394E-06,0.087761402130127,0.197440903866664,
,,,-3.3938E-06,0.0208157896995544,0.196938811801374,
,,,-3.3936E-06,0.0208157896995544,0.197106175823137,
,,,-3.3934E-06,0.0208157896995544,0.1972735398449,
,,,-3.3932E-06,-0.0461298227310181,0.196771447779611,
,,,-3.393E-06,-0.0461298227310181,0.1972735398449,
,,,-3.3928E-06,0.087761402130127,0.197106175823137,
,,,-3.3926E-06,-0.0461298227310181,0.1972735398449,
,,,-3.3924E-06,0.154707014560699,0.1972735398449,
,,,-3.3922E-06,0.0208157896995544,0.197608267888427,
,,,-3.392E-06,0.0208157896995544,0.19777563191019,
,,,-3.3918E-06,0.087761402130127,0.197106175823137,
,,,-3.3916E-06,0.0208157896995544,0.197106175823137,
,,,-3.3914E-06,-0.0461298227310181,0.1972735398449,
,,,-3.3912E-06,0.087761402130127,0.197440903866664,
,,,-3.391E-06,-0.0461298227310181,0.197608267888427,
,,,-3.3908E-06,-0.0461298227310181,0.197608267888427,
,,,-3.3906E-06,0.087761402130127,0.197440903866664,
,,,-3.3904E-06,0.087761402130127,0.19777563191019,
,,,-3.3902E-06,-0.0461298227310181,0.196938811801374,
,,,-3.39E-06,0.087761402130127,0.196604083757848,
,,,-3.3898E-06,-0.0461298227310181,0.197106175823137,
,,,-3.3896E-06,-0.113075435161591,0.196604083757848,
,,,-3.3894E-06,-0.0461298227310181,0.1972735398449,
,,,-3.3892E-06,0.0208157896995544,0.197106175823137,
,,,-3.389E-06,-0.113075435161591,0.196938811801374,
,,,-3.3888E-06,0.0208157896995544,0.197608267888427,
,,,-3.3886E-06,-0.0461298227310181,0.196938811801374,
,,,-3.3884E-06,-0.0461298227310181,0.197106175823137,
,,,-3.3882E-06,-0.0461298227310181,0.1972735398449,
,,,-3.388E-06,0.0208157896995544,0.197106175823137,
,,,-3.3878E-06,-0.113075435161591,0.197106175823137,
,,,-3.3876E-06,0.0208157896995544,0.197106175823137,
,,,-3.3874E-06,0.0208157896995544,0.197106175823137,
,,,-3.3872E-06,-0.0461298227310181,0.196771447779611,
,,,-3.387E-06,-0.113075435161591,0.196771447779611,
,,,-3.3868E-06,0.087761402130127,0.197106175823137,
,,,-3.3866E-06,-0.0461298227310181,0.197106175823137,
,,,-3.3864E-06,0.087761402130127,0.1972735398449,
,,,-3.3862E-06,0.0208157896995544,0.197440903866664,
,,,-3.386E-06,0.0208157896995544,0.196938811801374,
,,,-3.3858E-06,0.087761402130127,0.197106175823137,
,,,-3.3856E-06,0.0208157896995544,0.197106175823137,
,,,-3.3854E-06,0.087761402130127,0.196604083757848,
,,,-3.3852E-06,-0.0461298227310181,0.197106175823137,
,,,-3.385E-06,0.0208157896995544,0.196938811801374,
,,,-3.3848E-06,0.0208157896995544,0.197106175823137,
,,,-3.3846E-06,-0.0461298227310181,0.197440903866664,
,,,-3.3844E-06,-0.0461298227310181,0.1972735398449,
,,,-3.3842E-06,-0.0461298227310181,0.197106175823137,
,,,-3.384E-06,0.0208157896995544,0.1972735398449,
,,,-3.3838E-06,0.0208157896995544,0.1972735398449,
,,,-3.3836E-06,0.0208157896995544,0.197440903866664,
,,,-3.3834E-06,0.0208157896995544,0.197440903866664,
,,,-3.3832E-06,-0.0461298227310181,0.1972735398449,
,,,-3.383E-06,0.0208157896995544,0.196436719736084,
,,,-3.3828E-06,0.0208157896995544,0.1972735398449,
,,,-3.3826E-06,-0.0461298227310181,0.196604083757848,
,,,-3.3824E-06,0.087761402130127,0.196938811801374,
,,,-3.3822E-06,-0.0461298227310181,0.19777563191019,
,,,-3.382E-06,0.0208157896995544,0.197440903866664,
,,,-3.3818E-06,0.087761402130127,0.19777563191019,
,,,-3.3816E-06,-0.0461298227310181,0.197106175823137,
,,,-3.3814E-06,-0.113075435161591,0.197440903866664,
,,,-3.3812E-06,0.0208157896995544,0.197608267888427,
,,,-3.381E-06,0.0208157896995544,0.197106175823137,
,,,-3.3808E-06,-0.0461298227310181,0.196771447779611,
,,,-3.3806E-06,0.0208157896995544,0.19777563191019,
,,,-3.3804E-06,-0.0461298227310181,0.196938811801374,
,,,-3.3802E-06,0.0208157896995544,0.196938811801374,
,,,-3.38E-06,0.0208157896995544,0.197440903866664,
,,,-3.3798E-06,-0.113075435161591,0.196938811801374,
,,,-3.3796E-06,0.087761402130127,0.196938811801374,
,,,-3.3794E-06,0.0208157896995544,0.196771447779611,
,,,-3.3792E-06,-0.113075435161591,0.197608267888427,
,,,-3.379E-06,0.0208157896995544,0.197440903866664,
,,,-3.3788E-06,-0.0461298227310181,0.196938811801374,
,,,-3.3786E-06,0.0208157896995544,0.1972735398449,
,,,-3.3784E-06,-0.0461298227310181,0.197440903866664,
,,,-3.3782E-06,0.0208157896995544,0.197440903866664,
,,,-3.378E-06,0.0208157896995544,0.196938811801374,
,,,-3.3778E-06,-0.0461298227310181,0.197106175823137,
,,,-3.3776E-06,-0.0461298227310181,0.197608267888427,
,,,-3.3774E-06,0.0208157896995544,0.196938811801374,
,,,-3.3772E-06,0.0208157896995544,0.197440903866664,
,,,-3.377E-06,-0.0461298227310181,0.197440903866664,
,,,-3.3768E-06,-0.113075435161591,0.1972735398449,
,,,-3.3766E-06,-0.0461298227310181,0.197106175823137,
,,,-3.3764E-06,0.0208157896995544,0.1972735398449,
,,,-3.3762E-06,-0.0461298227310181,0.197608267888427,
,,,-3.376E-06,0.0208157896995544,0.19777563191019,
,,,-3.3758E-06,-0.0461298227310181,0.197440903866664,
,,,-3.3756E-06,0.0208157896995544,0.197440903866664,
,,,-3.3754E-06,0.0208157896995544,0.197440903866664,
,,,-3.3752E-06,0.0208157896995544,0.197608267888427,
,,,-3.375E-06,-0.0461298227310181,0.197106175823137,
,,,-3.3748E-06,0.0208157896995544,0.197440903866664,
,,,-3.3746E-06,-0.0461298227310181,0.197440903866664,
,,,-3.3744E-06,-0.0461298227310181,0.197608267888427,
,,,-3.3742E-06,-0.0461298227310181,0.198110359953716,
,,,-3.374E-06,-0.0461298227310181,0.19827772397548,
,,,-3.3738E-06,0.0208157896995544,0.196938811801374,
,,,-3.3736E-06,0.087761402130127,0.197608267888427,
,,,-3.3734E-06,-0.0461298227310181,0.197440903866664,
,,,-3.3732E-06,0.087761402130127,0.196938811801374,
,,,-3.373E-06,0.0208157896995544,0.198110359953716,
,,,-3.3728E-06,0.0208157896995544,0.1972735398449,
,,,-3.3726E-06,0.087761402130127,0.197608267888427,
,,,-3.3724E-06,-0.0461298227310181,0.19777563191019,
,,,-3.3722E-06,-0.0461298227310181,0.1972735398449,
,,,-3.372E-06,0.0208157896995544,0.19827772397548,
,,,-3.3718E-06,-0.113075435161591,0.196938811801374,
,,,-3.3716E-06,0.0208157896995544,0.196938811801374,
,,,-3.3714E-06,0.087761402130127,0.196771447779611,
,,,-3.3712E-06,0.087761402130127,0.19777563191019,
,,,-3.371E-06,0.0208157896995544,0.196771447779611,
,,,-3.3708E-06,0.0208157896995544,0.197608267888427,
,,,-3.3706E-06,-0.0461298227310181,0.197608267888427,
,,,-3.3704E-06,0.0208157896995544,0.197106175823137,
,,,-3.3702E-06,0.0208157896995544,0.197942995931953,
,,,-3.37E-06,0.0208157896995544,0.197608267888427,
,,,-3.3698E-06,0.0208157896995544,0.197608267888427,
,,,-3.3696E-06,0.0208157896995544,0.197440903866664,
,,,-3.3694E-06,0.0208157896995544,0.1972735398449,
,,,-3.3692E-06,0.0208157896995544,0.197942995931953,
,,,-3.369E-06,0.0208157896995544,0.197106175823137,
,,,-3.3688E-06,0.0208157896995544,0.1972735398449,
,,,-3.3686E-06,0.0208157896995544,0.197942995931953,
,,,-3.3684E-06,0.0208157896995544,0.197440903866664,
,,,-3.3682E-06,-0.0461298227310181,0.197106175823137,
,,,-3.368E-06,0.0208157896995544,0.1972735398449,
,,,-3.3678E-06,0.0208157896995544,0.1972735398449,
,,,-3.3676E-06,0.087761402130127,0.197608267888427,
,,,-3.3674E-06,-0.0461298227310181,0.19777563191019,
,,,-3.3672E-06,0.087761402130127,0.197608267888427,
,,,-3.367E-06,-0.0461298227310181,0.197440903866664,
,,,-3.3668E-06,0.087761402130127,0.197608267888427,
,,,-3.3666E-06,0.0208157896995544,0.197440903866664,
,,,-3.3664E-06,-0.0461298227310181,0.1972735398449,
,,,-3.3662E-06,0.087761402130127,0.197440903866664,
,,,-3.366E-06,-0.0461298227310181,0.1972735398449,
,,,-3.3658E-06,-0.0461298227310181,0.196771447779611,
,,,-3.3656E-06,0.087761402130127,0.197440903866664,
,,,-3.3654E-06,-0.0461298227310181,0.196938811801374,
,,,-3.3652E-06,-0.0461298227310181,0.196771447779611,
,,,-3.365E-06,-0.0461298227310181,0.197608267888427,
,,,-3.3648E-06,0.0208157896995544,0.196938811801374,
,,,-3.3646E-06,-0.0461298227310181,0.196771447779611,
,,,-3.3644E-06,-0.0461298227310181,0.196604083757848,
,,,-3.3642E-06,0.0208157896995544,0.197106175823137,
,,,-3.364E-06,-0.0461298227310181,0.196938811801374,
,,,-3.3638E-06,0.0208157896995544,0.197608267888427,
,,,-3.3636E-06,0.0208157896995544,0.1972735398449,
,,,-3.3634E-06,-0.0461298227310181,0.196938811801374,
,,,-3.3632E-06,0.087761402130127,0.197608267888427,
,,,-3.363E-06,-0.113075435161591,0.196436719736084,
,,,-3.3628E-06,-0.0461298227310181,0.197440903866664,
,,,-3.3626E-06,0.087761402130127,0.196436719736084,
,,,-3.3624E-06,0.087761402130127,0.196938811801374,
,,,-3.3622E-06,-0.0461298227310181,0.1972735398449,
,,,-3.362E-06,0.087761402130127,0.196771447779611,
,,,-3.3618E-06,-0.0461298227310181,0.197106175823137,
,,,-3.3616E-06,-0.0461298227310181,0.196771447779611,
,,,-3.3614E-06,-0.0461298227310181,0.1972735398449,
,,,-3.3612E-06,0.087761402130127,0.196101991692558,
,,,-3.361E-06,-0.113075435161591,0.196771447779611,
,,,-3.3608E-06,0.087761402130127,0.197440903866664,
,,,-3.3606E-06,0.087761402130127,0.1972735398449,
,,,-3.3604E-06,0.0208157896995544,0.196436719736084,
,,,-3.3602E-06,0.087761402130127,0.196938811801374,
,,,-3.36E-06,-0.0461298227310181,0.197608267888427,
,,,-3.3598E-06,0.087761402130127,0.196436719736084,
,,,-3.3596E-06,0.0208157896995544,0.197106175823137,
,,,-3.3594E-06,-0.0461298227310181,0.197942995931953,
,,,-3.3592E-06,0.0208157896995544,0.1972735398449,
,,,-3.359E-06,-0.0461298227310181,0.196436719736084,
,,,-3.3588E-06,-0.0461298227310181,0.197440903866664,
,,,-3.3586E-06,0.0208157896995544,0.196938811801374,
,,,-3.3584E-06,0.0208157896995544,0.196938811801374,
,,,-3.3582E-06,0.0208157896995544,0.197608267888427,
,,,-3.358E-06,-0.0461298227310181,0.197608267888427,
,,,-3.3578E-06,0.0208157896995544,0.197106175823137,
,,,-3.3576E-06,-0.113075435161591,0.196938811801374,
,,,-3.3574E-06,0.0208157896995544,0.196604083757848,
,,,-3.3572E-06,-0.0461298227310181,0.19777563191019,
,,,-3.357E-06,-0.0461298227310181,0.197440903866664,
,,,-3.3568E-06,0.087761402130127,0.197608267888427,
,,,-3.3566E-06,0.0208157896995544,0.1972735398449,
,,,-3.3564E-06,0.0208157896995544,0.196938811801374,
,,,-3.3562E-06,0.0208157896995544,0.1972735398449,
,,,-3.356E-06,0.0208157896995544,0.197608267888427,
,,,-3.3558E-06,-0.0461298227310181,0.1972735398449,
,,,-3.3556E-06,-0.0461298227310181,0.1972735398449,
,,,-3.3554E-06,0.087761402130127,0.197106175823137,
,,,-3.3552E-06,-0.0461298227310181,0.197106175823137,
,,,-3.355E-06,-0.113075435161591,0.197106175823137,
,,,-3.3548E-06,-0.0461298227310181,0.197440903866664,
,,,-3.3546E-06,0.0208157896995544,0.196604083757848,
,,,-3.3544E-06,0.087761402130127,0.197608267888427,
,,,-3.3542E-06,-0.0461298227310181,0.197942995931953,
,,,-3.354E-06,0.0208157896995544,0.196938811801374,
,,,-3.3538E-06,0.0208157896995544,0.197106175823137,
,,,-3.3536E-06,0.0208157896995544,0.1972735398449,
,,,-3.3534E-06,0.087761402130127,0.1972735398449,
,,,-3.3532E-06,0.0208157896995544,0.197608267888427,
,,,-3.353E-06,0.0208157896995544,0.197608267888427,
,,,-3.3528E-06,0.0208157896995544,0.197942995931953,
,,,-3.3526E-06,-0.0461298227310181,0.1972735398449,
,,,-3.3524E-06,-0.0461298227310181,0.197942995931953,
,,,-3.3522E-06,0.0208157896995544,0.19827772397548,
,,,-3.352E-06,0.0208157896995544,0.197608267888427,
,,,-3.3518E-06,-0.0461298227310181,0.197440903866664,
,,,-3.3516E-06,0.0208157896995544,0.197942995931953,
,,,-3.3514E-06,0.087761402130127,0.197106175823137,
,,,-3.3512E-06,0.0208157896995544,0.19777563191019,
,,,-3.351E-06,-0.0461298227310181,0.197942995931953,
,,,-3.3508E-06,-0.113075435161591,0.1972735398449,
,,,-3.3506E-06,0.0208157896995544,0.197608267888427,
,,,-3.3504E-06,-0.0461298227310181,0.197440903866664,
,,,-3.3502E-06,-0.113075435161591,0.198110359953716,
,,,-3.35E-06,-0.0461298227310181,0.196938811801374,
,,,-3.3498E-06,0.0208157896995544,0.198779816040769,
,,,-3.3496E-06,0.0208157896995544,0.197106175823137,
,,,-3.3494E-06,-0.113075435161591,0.196938811801374,
,,,-3.3492E-06,-0.0461298227310181,0.197106175823137,
,,,-3.349E-06,-0.0461298227310181,0.197608267888427,
,,,-3.3488E-06,0.0208157896995544,0.197106175823137,
,,,-3.3486E-06,0.0208157896995544,0.197608267888427,
,,,-3.3484E-06,-0.0461298227310181,0.1972735398449,
,,,-3.3482E-06,-0.0461298227310181,0.197608267888427,
,,,-3.348E-06,0.0208157896995544,0.1972735398449,
,,,-3.3478E-06,-0.0461298227310181,0.197440903866664,
,,,-3.3476E-06,0.087761402130127,0.197440903866664,
,,,-3.3474E-06,0.0208157896995544,0.197942995931953,
,,,-3.3472E-06,0.0208157896995544,0.1972735398449,
,,,-3.347E-06,0.087761402130127,0.19777563191019,
,,,-3.3468E-06,-0.0461298227310181,0.197440903866664,
,,,-3.3466E-06,0.0208157896995544,0.197106175823137,
,,,-3.3464E-06,0.0208157896995544,0.1972735398449,
,,,-3.3462E-06,-0.0461298227310181,0.1972735398449,
,,,-3.346E-06,-0.0461298227310181,0.197608267888427,
,,,-3.3458E-06,0.087761402130127,0.197106175823137,
,,,-3.3456E-06,0.154707014560699,0.1972735398449,
,,,-3.3454E-06,-0.0461298227310181,0.1972735398449,
,,,-3.3452E-06,0.0208157896995544,0.196604083757848,
,,,-3.345E-06,0.0208157896995544,0.197608267888427,
,,,-3.3448E-06,-0.0461298227310181,0.196938811801374,
,,,-3.3446E-06,-0.0461298227310181,0.197608267888427,
,,,-3.3444E-06,0.0208157896995544,0.1972735398449,
,,,-3.3442E-06,-0.0461298227310181,0.197608267888427,
,,,-3.344E-06,0.087761402130127,0.1972735398449,
,,,-3.3438E-06,-0.0461298227310181,0.196604083757848,
,,,-3.3436E-06,-0.0461298227310181,0.197106175823137,
,,,-3.3434E-06,-0.0461298227310181,0.197608267888427,
,,,-3.3432E-06,0.0208157896995544,0.197106175823137,
,,,-3.343E-06,-0.113075435161591,0.197608267888427,
,,,-3.3428E-06,-0.0461298227310181,0.197440903866664,
,,,-3.3426E-06,0.0208157896995544,0.197106175823137,
,,,-3.3424E-06,-0.0461298227310181,0.196436719736084,
,,,-3.3422E-06,-0.113075435161591,0.19777563191019,
,,,-3.342E-06,0.0208157896995544,0.1972735398449,
,,,-3.3418E-06,-0.0461298227310181,0.197440903866664,
,,,-3.3416E-06,0.087761402130127,0.197440903866664,
,,,-3.3414E-06,0.0208157896995544,0.196771447779611,
,,,-3.3412E-06,0.087761402130127,0.196604083757848,
,,,-3.341E-06,0.0208157896995544,0.197106175823137,
,,,-3.3408E-06,0.0208157896995544,0.196771447779611,
,,,-3.3406E-06,0.087761402130127,0.196771447779611,
,,,-3.3404E-06,-0.0461298227310181,0.196938811801374,
,,,-3.3402E-06,-0.0461298227310181,0.1972735398449,
,,,-3.34E-06,0.087761402130127,0.196938811801374,
,,,-3.3398E-06,0.0208157896995544,0.196604083757848,
,,,-3.3396E-06,0.0208157896995544,0.198110359953716,
,,,-3.3394E-06,0.0208157896995544,0.1972735398449,
,,,-3.3392E-06,0.087761402130127,0.1972735398449,
,,,-3.339E-06,0.0208157896995544,0.197440903866664,
,,,-3.3388E-06,0.0208157896995544,0.196604083757848,
,,,-3.3386E-06,-0.0461298227310181,0.1972735398449,
,,,-3.3384E-06,-0.0461298227310181,0.197440903866664,
,,,-3.3382E-06,0.0208157896995544,0.197608267888427,
,,,-3.338E-06,0.0208157896995544,0.196771447779611,
,,,-3.3378E-06,-0.0461298227310181,0.19777563191019,
,,,-3.3376E-06,0.087761402130127,0.1972735398449,
,,,-3.3374E-06,0.0208157896995544,0.196436719736084,
,,,-3.3372E-06,0.0208157896995544,0.196604083757848,
,,,-3.337E-06,0.0208157896995544,0.197440903866664,
,,,-3.3368E-06,0.0208157896995544,0.197106175823137,
,,,-3.3366E-06,-0.0461298227310181,0.19777563191019,
,,,-3.3364E-06,0.0208157896995544,0.196771447779611,
,,,-3.3362E-06,-0.0461298227310181,0.197106175823137,
,,,-3.336E-06,0.0208157896995544,0.197440903866664,
,,,-3.3358E-06,-0.0461298227310181,0.196938811801374,
,,,-3.3356E-06,-0.0461298227310181,0.196771447779611,
,,,-3.3354E-06,0.0208157896995544,0.196771447779611,
,,,-3.3352E-06,0.087761402130127,0.196771447779611,
,,,-3.335E-06,-0.0461298227310181,0.196604083757848,
,,,-3.3348E-06,0.087761402130127,0.1972735398449,
,,,-3.3346E-06,0.0208157896995544,0.196938811801374,
,,,-3.3344E-06,0.087761402130127,0.196938811801374,
,,,-3.3342E-06,0.0208157896995544,0.197440903866664,
,,,-3.334E-06,-0.0461298227310181,0.197106175823137,
,,,-3.3338E-06,0.0208157896995544,0.196604083757848,
,,,-3.3336E-06,0.0208157896995544,0.1972735398449,
,,,-3.3334E-06,-0.0461298227310181,0.197608267888427,
,,,-3.3332E-06,-0.0461298227310181,0.197106175823137,
,,,-3.333E-06,0.0208157896995544,0.1972735398449,
,,,-3.3328E-06,0.087761402130127,0.19777563191019,
,,,-3.3326E-06,0.0208157896995544,0.1972735398449,
,,,-3.3324E-06,0.0208157896995544,0.196604083757848,
,,,-3.3322E-06,0.0208157896995544,0.198110359953716,
,,,-3.332E-06,0.0208157896995544,0.196938811801374,
,,,-3.3318E-06,-0.0461298227310181,0.197106175823137,
,,,-3.3316E-06,0.0208157896995544,0.19777563191019,
,,,-3.3314E-06,0.0208157896995544,0.197440903866664,
,,,-3.3312E-06,0.087761402130127,0.197106175823137,
,,,-3.331E-06,0.0208157896995544,0.196604083757848,
,,,-3.3308E-06,0.0208157896995544,0.197440903866664,
,,,-3.3306E-06,0.0208157896995544,0.196436719736084,
,,,-3.3304E-06,-0.0461298227310181,0.196604083757848,
,,,-3.3302E-06,0.0208157896995544,0.196771447779611,
,,,-3.33E-06,-0.113075435161591,0.1972735398449,
,,,-3.3298E-06,-0.0461298227310181,0.197106175823137,
,,,-3.3296E-06,0.0208157896995544,0.196771447779611,
,,,-3.3294E-06,-0.0461298227310181,0.196938811801374,
,,,-3.3292E-06,-0.0461298227310181,0.196604083757848,
,,,-3.329E-06,-0.0461298227310181,0.196436719736084,
,,,-3.3288E-06,0.087761402130127,0.197440903866664,
,,,-3.3286E-06,0.0208157896995544,0.196938811801374,
,,,-3.3284E-06,0.087761402130127,0.196938811801374,
,,,-3.3282E-06,0.0208157896995544,0.1972735398449,
,,,-3.328E-06,0.0208157896995544,0.197106175823137,
,,,-3.3278E-06,0.087761402130127,0.196771447779611,
,,,-3.3276E-06,-0.113075435161591,0.197608267888427,
,,,-3.3274E-06,0.0208157896995544,0.197106175823137,
,,,-3.3272E-06,0.087761402130127,0.1972735398449,
,,,-3.327E-06,-0.0461298227310181,0.196604083757848,
,,,-3.3268E-06,0.0208157896995544,0.197106175823137,
,,,-3.3266E-06,0.087761402130127,0.1972735398449,
,,,-3.3264E-06,0.154707014560699,0.19777563191019,
,,,-3.3262E-06,-0.0461298227310181,0.197440903866664,
,,,-3.326E-06,0.087761402130127,0.197106175823137,
,,,-3.3258E-06,-0.0461298227310181,0.196771447779611,
,,,-3.3256E-06,-0.0461298227310181,0.1972735398449,
,,,-3.3254E-06,0.0208157896995544,0.196938811801374,
,,,-3.3252E-06,-0.0461298227310181,0.196604083757848,
,,,-3.325E-06,0.0208157896995544,0.196938811801374,
,,,-3.3248E-06,0.087761402130127,0.196938811801374,
,,,-3.3246E-06,-0.0461298227310181,0.196101991692558,
,,,-3.3244E-06,0.0208157896995544,0.196771447779611,
,,,-3.3242E-06,0.154707014560699,0.1972735398449,
,,,-3.324E-06,0.087761402130127,0.195767263649032,
,,,-3.3238E-06,0.0208157896995544,0.196771447779611,
,,,-3.3236E-06,0.087761402130127,0.196436719736084,
,,,-3.3234E-06,0.0208157896995544,0.197106175823137,
,,,-3.3232E-06,0.0208157896995544,0.196604083757848,
,,,-3.323E-06,-0.0461298227310181,0.1972735398449,
,,,-3.3228E-06,-0.0461298227310181,0.19777563191019,
,,,-3.3226E-06,0.0208157896995544,0.197440903866664,
,,,-3.3224E-06,0.087761402130127,0.197106175823137,
,,,-3.3222E-06,0.0208157896995544,0.1972735398449,
,,,-3.322E-06,0.154707014560699,0.196101991692558,
,,,-3.3218E-06,0.0208157896995544,0.196938811801374,
,,,-3.3216E-06,-0.0461298227310181,0.196938811801374,
,,,-3.3214E-06,0.0208157896995544,0.197608267888427,
,,,-3.3212E-06,-0.0461298227310181,0.197106175823137,
,,,-3.321E-06,0.087761402130127,0.1972735398449,
,,,-3.3208E-06,0.087761402130127,0.1972735398449,
,,,-3.3206E-06,-0.0461298227310181,0.197106175823137,
,,,-3.3204E-06,0.0208157896995544,0.196938811801374,
,,,-3.3202E-06,0.087761402130127,0.196938811801374,
,,,-3.32E-06,0.154707014560699,0.196938811801374,
,,,-3.3198E-06,-0.0461298227310181,0.196938811801374,
,,,-3.3196E-06,0.0208157896995544,0.197106175823137,
,,,-3.3194E-06,0.0208157896995544,0.196771447779611,
,,,-3.3192E-06,0.0208157896995544,0.197106175823137,
,,,-3.319E-06,0.0208157896995544,0.196771447779611,
,,,-3.3188E-06,-0.0461298227310181,0.197440903866664,
,,,-3.3186E-06,0.0208157896995544,0.197106175823137,
,,,-3.3184E-06,0.0208157896995544,0.196771447779611,
,,,-3.3182E-06,-0.0461298227310181,0.196604083757848,
,,,-3.318E-06,0.0208157896995544,0.197608267888427,
,,,-3.3178E-06,0.087761402130127,0.197106175823137,
,,,-3.3176E-06,0.0208157896995544,0.197608267888427,
,,,-3.3174E-06,-0.0461298227310181,0.196938811801374,
,,,-3.3172E-06,0.0208157896995544,0.19827772397548,
,,,-3.317E-06,-0.0461298227310181,0.1972735398449,
,,,-3.3168E-06,0.087761402130127,0.197608267888427,
,,,-3.3166E-06,-0.0461298227310181,0.196771447779611,
,,,-3.3164E-06,0.0208157896995544,0.196938811801374,
,,,-3.3162E-06,-0.0461298227310181,0.197440903866664,
,,,-3.316E-06,0.087761402130127,0.197440903866664,
,,,-3.3158E-06,0.154707014560699,0.196604083757848,
,,,-3.3156E-06,0.087761402130127,0.196436719736084,
,,,-3.3154E-06,0.0208157896995544,0.1972735398449,
,,,-3.3152E-06,-0.0461298227310181,0.196604083757848,
,,,-3.315E-06,0.0208157896995544,0.197106175823137,
,,,-3.3148E-06,-0.0461298227310181,0.1972735398449,
,,,-3.3146E-06,0.087761402130127,0.1972735398449,
,,,-3.3144E-06,0.0208157896995544,0.1972735398449,
,,,-3.3142E-06,-0.0461298227310181,0.1972735398449,
,,,-3.314E-06,0.0208157896995544,0.197106175823137,
,,,-3.3138E-06,0.087761402130127,0.197440903866664,
,,,-3.3136E-06,0.0208157896995544,0.197608267888427,
,,,-3.3134E-06,-0.0461298227310181,0.197440903866664,
,,,-3.3132E-06,0.087761402130127,0.1972735398449,
,,,-3.313E-06,-0.0461298227310181,0.197440903866664,
,,,-3.3128E-06,-0.113075435161591,0.197440903866664,
,,,-3.3126E-06,0.0208157896995544,0.198110359953716,
,,,-3.3124E-06,0.0208157896995544,0.197440903866664,
,,,-3.3122E-06,0.0208157896995544,0.197440903866664,
,,,-3.312E-06,0.154707014560699,0.198110359953716,
,,,-3.3118E-06,-0.0461298227310181,0.196938811801374,
,,,-3.3116E-06,0.0208157896995544,0.197440903866664,
,,,-3.3114E-06,0.0208157896995544,0.197440903866664,
,,,-3.3112E-06,0.0208157896995544,0.1972735398449,
,,,-3.311E-06,-0.0461298227310181,0.197106175823137,
,,,-3.3108E-06,0.087761402130127,0.196771447779611,
,,,-3.3106E-06,0.0208157896995544,0.197106175823137,
,,,-3.3104E-06,0.0208157896995544,0.196938811801374,
,,,-3.3102E-06,-0.113075435161591,0.196604083757848,
,,,-3.31E-06,0.0208157896995544,0.197608267888427,
,,,-3.3098E-06,0.0208157896995544,0.197608267888427,
,,,-3.3096E-06,0.087761402130127,0.196938811801374,
,,,-3.3094E-06,-0.0461298227310181,0.197608267888427,
,,,-3.3092E-06,0.087761402130127,0.196938811801374,
,,,-3.309E-06,0.087761402130127,0.196771447779611,
,,,-3.3088E-06,-0.0461298227310181,0.197440903866664,
,,,-3.3086E-06,0.087761402130127,0.196938811801374,
,,,-3.3084E-06,0.0208157896995544,0.197106175823137,
,,,-3.3082E-06,0.0208157896995544,0.196771447779611,
,,,-3.308E-06,0.0208157896995544,0.196771447779611,
,,,-3.3078E-06,0.0208157896995544,0.196269355714321,
,,,-3.3076E-06,0.0208157896995544,0.196938811801374,
,,,-3.3074E-06,0.0208157896995544,0.196101991692558,
,,,-3.3072E-06,0.154707014560699,0.196101991692558,
,,,-3.307E-06,-0.0461298227310181,0.196771447779611,
,,,-3.3068E-06,0.0208157896995544,0.195934627670795,
,,,-3.3066E-06,0.087761402130127,0.196269355714321,
,,,-3.3064E-06,-0.0461298227310181,0.197106175823137,
,,,-3.3062E-06,-0.0461298227310181,0.196938811801374,
,,,-3.306E-06,0.0208157896995544,0.196771447779611,
,,,-3.3058E-06,0.087761402130127,0.197106175823137,
,,,-3.3056E-06,0.154707014560699,0.196771447779611,
,,,-3.3054E-06,-0.113075435161591,0.196938811801374,
,,,-3.3052E-06,0.0208157896995544,0.196771447779611,
,,,-3.305E-06,-0.0461298227310181,0.197106175823137,
,,,-3.3048E-06,-0.0461298227310181,0.197106175823137,
,,,-3.3046E-06,-0.0461298227310181,0.1972735398449,
,,,-3.3044E-06,0.087761402130127,0.1972735398449,
,,,-3.3042E-06,-0.0461298227310181,0.1972735398449,
,,,-3.304E-06,0.087761402130127,0.196771447779611,
,,,-3.3038E-06,-0.0461298227310181,0.196771447779611,
,,,-3.3036E-06,0.087761402130127,0.197106175823137,
,,,-3.3034E-06,-0.0461298227310181,0.196938811801374,
,,,-3.3032E-06,0.0208157896995544,0.196604083757848,
,,,-3.303E-06,0.0208157896995544,0.196771447779611,
,,,-3.3028E-06,0.087761402130127,0.196771447779611,
,,,-3.3026E-06,0.0208157896995544,0.1972735398449,
,,,-3.3024E-06,-0.0461298227310181,0.196436719736084,
,,,-3.3022E-06,0.154707014560699,0.196938811801374,
,,,-3.302E-06,0.0208157896995544,0.197106175823137,
,,,-3.3018E-06,-0.0461298227310181,0.196604083757848,
,,,-3.3016E-06,0.0208157896995544,0.196771447779611,
,,,-3.3014E-06,0.0208157896995544,0.196938811801374,
,,,-3.3012E-06,0.087761402130127,0.196771447779611,
,,,-3.301E-06,0.087761402130127,0.196771447779611,
,,,-3.3008E-06,0.154707014560699,0.196771447779611,
,,,-3.3006E-06,0.087761402130127,0.1972735398449,
,,,-3.3004E-06,0.0208157896995544,0.197608267888427,
,,,-3.3002E-06,-0.0461298227310181,0.1972735398449,
,,,-3.3E-06,-0.0461298227310181,0.197942995931953,
,,,-3.2998E-06,-0.0461298227310181,0.196938811801374,
,,,-3.2996E-06,0.0208157896995544,0.196938811801374,
,,,-3.2994E-06,0.087761402130127,0.19777563191019,
,,,-3.2992E-06,0.0208157896995544,0.197106175823137,
,,,-3.299E-06,0.0208157896995544,0.196604083757848,
,,,-3.2988E-06,0.0208157896995544,0.196938811801374,
,,,-3.2986E-06,0.0208157896995544,0.197440903866664,
,,,-3.2984E-06,0.0208157896995544,0.198110359953716,
,,,-3.2982E-06,-0.0461298227310181,0.197440903866664,
,,,-3.298E-06,0.087761402130127,0.197440903866664,
,,,-3.2978E-06,-0.0461298227310181,0.19777563191019,
,,,-3.2976E-06,-0.0461298227310181,0.197608267888427,
,,,-3.2974E-06,0.0208157896995544,0.1972735398449,
,,,-3.2972E-06,0.087761402130127,0.197440903866664,
,,,-3.297E-06,-0.0461298227310181,0.198110359953716,
,,,-3.2968E-06,-0.0461298227310181,0.197608267888427,
,,,-3.2966E-06,0.0208157896995544,0.197608267888427,
,,,-3.2964E-06,0.087761402130127,0.197106175823137,
,,,-3.2962E-06,0.0208157896995544,0.197440903866664,
,,,-3.296E-06,-0.0461298227310181,0.197608267888427,
,,,-3.2958E-06,0.087761402130127,0.196771447779611,
,,,-3.2956E-06,0.0208157896995544,0.197106175823137,
,,,-3.2954E-06,0.087761402130127,0.197440903866664,
,,,-3.2952E-06,0.154707014560699,0.197106175823137,
,,,-3.295E-06,-0.113075435161591,0.197440903866664,
,,,-3.2948E-06,0.0208157896995544,0.196938811801374,
,,,-3.2946E-06,0.087761402130127,0.197440903866664,
,,,-3.2944E-06,0.0208157896995544,0.1972735398449,
,,,-3.2942E-06,-0.113075435161591,0.196938811801374,
,,,-3.294E-06,0.0208157896995544,0.196771447779611,
,,,-3.2938E-06,0.0208157896995544,0.197608267888427,
,,,-3.2936E-06,0.0208157896995544,0.1972735398449,
,,,-3.2934E-06,0.0208157896995544,0.197608267888427,
,,,-3.2932E-06,0.0208157896995544,0.196101991692558,
,,,-3.293E-06,0.0208157896995544,0.197942995931953,
,,,-3.2928E-06,0.087761402130127,0.197106175823137,
,,,-3.2926E-06,-0.0461298227310181,0.196436719736084,
,,,-3.2924E-06,0.0208157896995544,0.1972735398449,
,,,-3.2922E-06,0.154707014560699,0.19777563191019,
,,,-3.292E-06,0.0208157896995544,0.196771447779611,
,,,-3.2918E-06,-0.0461298227310181,0.196771447779611,
,,,-3.2916E-06,0.0208157896995544,0.19777563191019,
,,,-3.2914E-06,0.0208157896995544,0.197106175823137,
,,,-3.2912E-06,0.0208157896995544,0.197440903866664,
,,,-3.291E-06,0.0208157896995544,0.1972735398449,
,,,-3.2908E-06,0.087761402130127,0.196771447779611,
,,,-3.2906E-06,-0.0461298227310181,0.196938811801374,
,,,-3.2904E-06,0.087761402130127,0.196938811801374,
,,,-3.2902E-06,0.0208157896995544,0.1972735398449,
,,,-3.29E-06,0.087761402130127,0.196938811801374,
,,,-3.2898E-06,0.0208157896995544,0.1972735398449,
,,,-3.2896E-06,0.0208157896995544,0.197106175823137,
,,,-3.2894E-06,0.087761402130127,0.196771447779611,
,,,-3.2892E-06,0.0208157896995544,0.196269355714321,
,,,-3.289E-06,0.0208157896995544,0.197608267888427,
,,,-3.2888E-06,0.087761402130127,0.197608267888427,
,,,-3.2886E-06,-0.0461298227310181,0.197942995931953,
,,,-3.2884E-06,0.087761402130127,0.1972735398449,
,,,-3.2882E-06,0.0208157896995544,0.197942995931953,
,,,-3.288E-06,0.154707014560699,0.1972735398449,
,,,-3.2878E-06,0.0208157896995544,0.197440903866664,
,,,-3.2876E-06,0.0208157896995544,0.19777563191019,
,,,-3.2874E-06,0.0208157896995544,0.19777563191019,
,,,-3.2872E-06,0.087761402130127,0.197608267888427,
,,,-3.287E-06,-0.0461298227310181,0.197440903866664,
,,,-3.2868E-06,-0.113075435161591,0.19777563191019,
,,,-3.2866E-06,0.0208157896995544,0.19777563191019,
,,,-3.2864E-06,0.087761402130127,0.197440903866664,
,,,-3.2862E-06,-0.113075435161591,0.1972735398449,
,,,-3.286E-06,0.0208157896995544,0.197608267888427,
,,,-3.2858E-06,0.154707014560699,0.1972735398449,
,,,-3.2856E-06,-0.0461298227310181,0.197106175823137,
,,,-3.2854E-06,-0.0461298227310181,0.197106175823137,
,,,-3.2852E-06,0.087761402130127,0.197608267888427,
,,,-3.285E-06,-0.0461298227310181,0.197608267888427,
,,,-3.2848E-06,-0.113075435161591,0.197106175823137,
,,,-3.2846E-06,0.154707014560699,0.1972735398449,
,,,-3.2844E-06,0.0208157896995544,0.19827772397548,
,,,-3.2842E-06,-0.0461298227310181,0.19777563191019,
,,,-3.284E-06,0.087761402130127,0.1972735398449,
,,,-3.2838E-06,0.0208157896995544,0.19777563191019,
,,,-3.2836E-06,0.087761402130127,0.19827772397548,
,,,-3.2834E-06,0.0208157896995544,0.19777563191019,
,,,-3.2832E-06,0.0208157896995544,0.198445087997243,
,,,-3.283E-06,0.087761402130127,0.19827772397548,
,,,-3.2828E-06,-0.113075435161591,0.198110359953716,
,,,-3.2826E-06,0.0208157896995544,0.197942995931953,
,,,-3.2824E-06,0.154707014560699,0.198779816040769,
,,,-3.2822E-06,-0.113075435161591,0.198110359953716,
,,,-3.282E-06,0.0208157896995544,0.198110359953716,
,,,-3.2818E-06,0.154707014560699,0.19777563191019,
,,,-3.2816E-06,0.087761402130127,0.19827772397548,
,,,-3.2814E-06,-0.0461298227310181,0.198110359953716,
,,,-3.2812E-06,0.087761402130127,0.19827772397548,
,,,-3.281E-06,0.0208157896995544,0.19827772397548,
,,,-3.2808E-06,0.0208157896995544,0.197608267888427,
,,,-3.2806E-06,0.0208157896995544,0.198445087997243,
,,,-3.2804E-06,-0.113075435161591,0.197440903866664,
,,,-3.2802E-06,-0.0461298227310181,0.198445087997243,
,,,-3.28E-06,0.0208157896995544,0.198612452019006,
,,,-3.2798E-06,-0.0461298227310181,0.198110359953716,
,,,-3.2796E-06,-0.0461298227310181,0.198110359953716,
,,,-3.2794E-06,0.0208157896995544,0.198445087997243,
,,,-3.2792E-06,0.0208157896995544,0.198612452019006,
,,,-3.279E-06,-0.113075435161591,0.198612452019006,
,,,-3.2788E-06,0.0208157896995544,0.198110359953716,
,,,-3.2786E-06,-0.0461298227310181,0.19827772397548,
,,,-3.2784E-06,0.0208157896995544,0.197942995931953,
,,,-3.2782E-06,0.087761402130127,0.198779816040769,
,,,-3.278E-06,0.0208157896995544,0.19827772397548,
,,,-3.2778E-06,-0.0461298227310181,0.198110359953716,
,,,-3.2776E-06,0.087761402130127,0.198110359953716,
,,,-3.2774E-06,0.087761402130127,0.19827772397548,
,,,-3.2772E-06,0.087761402130127,0.197942995931953,
,,,-3.277E-06,0.0208157896995544,0.198612452019006,
,,,-3.2768E-06,0.0208157896995544,0.19827772397548,
,,,-3.2766E-06,0.154707014560699,0.198612452019006,
,,,-3.2764E-06,0.0208157896995544,0.199114544084296,
,,,-3.2762E-06,0.0208157896995544,0.198445087997243,
,,,-3.276E-06,0.0208157896995544,0.198612452019006,
,,,-3.2758E-06,0.0208157896995544,0.19827772397548,
,,,-3.2756E-06,0.087761402130127,0.199114544084296,
,,,-3.2754E-06,-0.0461298227310181,0.198612452019006,
,,,-3.2752E-06,0.0208157896995544,0.197942995931953,
,,,-3.275E-06,-0.0461298227310181,0.198947180062532,
,,,-3.2748E-06,0.0208157896995544,0.198947180062532,
,,,-3.2746E-06,0.0208157896995544,0.198110359953716,
,,,-3.2744E-06,-0.0461298227310181,0.198612452019006,
,,,-3.2742E-06,0.0208157896995544,0.198947180062532,
,,,-3.274E-06,0.0208157896995544,0.198110359953716,
,,,-3.2738E-06,0.0208157896995544,0.198779816040769,
,,,-3.2736E-06,0.087761402130127,0.198779816040769,
,,,-3.2734E-06,-0.0461298227310181,0.19827772397548,
,,,-3.2732E-06,-0.0461298227310181,0.198445087997243,
,,,-3.273E-06,0.087761402130127,0.198779816040769,
,,,-3.2728E-06,0.0208157896995544,0.197608267888427,
,,,-3.2726E-06,-0.0461298227310181,0.19777563191019,
,,,-3.2724E-06,-0.0461298227310181,0.19827772397548,
,,,-3.2722E-06,-0.0461298227310181,0.197942995931953,
,,,-3.272E-06,0.0208157896995544,0.198445087997243,
,,,-3.2718E-06,-0.0461298227310181,0.198612452019006,
,,,-3.2716E-06,0.0208157896995544,0.198110359953716,
,,,-3.2714E-06,0.0208157896995544,0.198612452019006,
,,,-3.2712E-06,0.087761402130127,0.197942995931953,
,,,-3.271E-06,-0.0461298227310181,0.19777563191019,
,,,-3.2708E-06,0.087761402130127,0.198445087997243,
,,,-3.2706E-06,0.0208157896995544,0.198612452019006,
,,,-3.2704E-06,-0.0461298227310181,0.198110359953716,
,,,-3.2702E-06,0.087761402130127,0.198779816040769,
,,,-3.27E-06,0.0208157896995544,0.19827772397548,
,,,-3.2698E-06,-0.0461298227310181,0.198445087997243,
,,,-3.2696E-06,-0.0461298227310181,0.19827772397548,
,,,-3.2694E-06,-0.0461298227310181,0.199114544084296,
,,,-3.2692E-06,0.087761402130127,0.198445087997243,
,,,-3.269E-06,0.0208157896995544,0.197942995931953,
,,,-3.2688E-06,-0.0461298227310181,0.198445087997243,
,,,-3.2686E-06,0.0208157896995544,0.197942995931953,
,,,-3.2684E-06,0.087761402130127,0.198110359953716,
,,,-3.2682E-06,0.0208157896995544,0.198779816040769,
,,,-3.268E-06,-0.113075435161591,0.197942995931953,
,,,-3.2678E-06,0.0208157896995544,0.197942995931953,
,,,-3.2676E-06,0.0208157896995544,0.198110359953716,
,,,-3.2674E-06,-0.113075435161591,0.197942995931953,
,,,-3.2672E-06,0.087761402130127,0.197942995931953,
,,,-3.267E-06,-0.0461298227310181,0.197942995931953,
,,,-3.2668E-06,0.0208157896995544,0.19777563191019,
,,,-3.2666E-06,0.0208157896995544,0.197440903866664,
,,,-3.2664E-06,0.0208157896995544,0.197440903866664,
,,,-3.2662E-06,-0.0461298227310181,0.197608267888427,
,,,-3.266E-06,-0.0461298227310181,0.198110359953716,
,,,-3.2658E-06,-0.0461298227310181,0.197440903866664,
,,,-3.2656E-06,0.0208157896995544,0.197440903866664,
,,,-3.2654E-06,-0.0461298227310181,0.1972735398449,
,,,-3.2652E-06,0.087761402130127,0.19777563191019,
,,,-3.265E-06,-0.0461298227310181,0.19777563191019,
,,,-3.2648E-06,0.0208157896995544,0.19827772397548,
,,,-3.2646E-06,0.154707014560699,0.197942995931953,
,,,-3.2644E-06,0.087761402130127,0.197440903866664,
,,,-3.2642E-06,0.0208157896995544,0.197608267888427,
,,,-3.264E-06,-0.0461298227310181,0.1972735398449,
,,,-3.2638E-06,0.0208157896995544,0.1972735398449,
,,,-3.2636E-06,0.0208157896995544,0.197942995931953,
,,,-3.2634E-06,-0.0461298227310181,0.197440903866664,
,,,-3.2632E-06,0.0208157896995544,0.1972735398449,
,,,-3.263E-06,0.0208157896995544,0.196938811801374,
,,,-3.2628E-06,-0.0461298227310181,0.19777563191019,
,,,-3.2626E-06,-0.0461298227310181,0.196604083757848,
,,,-3.2624E-06,0.087761402130127,0.197440903866664,
,,,-3.2622E-06,-0.0461298227310181,0.197440903866664,
,,,-3.262E-06,0.0208157896995544,0.196938811801374,
,,,-3.2618E-06,-0.0461298227310181,0.19777563191019,
,,,-3.2616E-06,0.0208157896995544,0.197440903866664,
,,,-3.2614E-06,-0.0461298227310181,0.197608267888427,
,,,-3.2612E-06,-0.113075435161591,0.1972735398449,
,,,-3.261E-06,-0.0461298227310181,0.197608267888427,
,,,-3.2608E-06,0.0208157896995544,0.1972735398449,
,,,-3.2606E-06,-0.0461298227310181,0.196938811801374,
,,,-3.2604E-06,-0.0461298227310181,0.1972735398449,
,,,-3.2602E-06,0.0208157896995544,0.196771447779611,
,,,-3.26E-06,0.154707014560699,0.197106175823137,
,,,-3.2598E-06,-0.113075435161591,0.196604083757848,
,,,-3.2596E-06,0.0208157896995544,0.196436719736084,
,,,-3.2594E-06,-0.0461298227310181,0.197440903866664,
,,,-3.2592E-06,-0.113075435161591,0.196938811801374,
,,,-3.259E-06,-0.113075435161591,0.197106175823137,
,,,-3.2588E-06,0.0208157896995544,0.197106175823137,
,,,-3.2586E-06,-0.0461298227310181,0.196604083757848,
,,,-3.2584E-06,0.0208157896995544,0.195934627670795,
,,,-3.2582E-06,-0.0461298227310181,0.196269355714321,
,,,-3.258E-06,0.087761402130127,0.1972735398449,
,,,-3.2578E-06,0.087761402130127,0.196938811801374,
,,,-3.2576E-06,-0.0461298227310181,0.195599899627268,
,,,-3.2574E-06,0.0208157896995544,0.196436719736084,
,,,-3.2572E-06,-0.0461298227310181,0.196938811801374,
,,,-3.257E-06,0.0208157896995544,0.196436719736084,
,,,-3.2568E-06,0.0208157896995544,0.196771447779611,
,,,-3.2566E-06,-0.0461298227310181,0.196938811801374,
,,,-3.2564E-06,0.0208157896995544,0.196938811801374,
,,,-3.2562E-06,-0.0461298227310181,0.196436719736084,
,,,-3.256E-06,0.154707014560699,0.196269355714321,
,,,-3.2558E-06,0.0208157896995544,0.196269355714321,
,,,-3.2556E-06,-0.0461298227310181,0.196771447779611,
,,,-3.2554E-06,-0.0461298227310181,0.196101991692558,
,,,-3.2552E-06,-0.113075435161591,0.195599899627268,
,,,-3.255E-06,0.0208157896995544,0.196101991692558,
,,,-3.2548E-06,-0.0461298227310181,0.196269355714321,
,,,-3.2546E-06,0.0208157896995544,0.196604083757848,
,,,-3.2544E-06,0.087761402130127,0.195767263649032,
,,,-3.2542E-06,-0.113075435161591,0.196101991692558,
,,,-3.254E-06,-0.0461298227310181,0.195934627670795,
,,,-3.2538E-06,0.0208157896995544,0.195767263649032,
,,,-3.2536E-06,0.0208157896995544,0.195767263649032,
,,,-3.2534E-06,-0.113075435161591,0.196269355714321,
,,,-3.2532E-06,-0.0461298227310181,0.196101991692558,
,,,-3.253E-06,0.0208157896995544,0.195934627670795,
,,,-3.2528E-06,0.0208157896995544,0.195934627670795,
,,,-3.2526E-06,-0.113075435161591,0.195599899627268,
,,,-3.2524E-06,0.0208157896995544,0.195934627670795,
,,,-3.2522E-06,-0.0461298227310181,0.195934627670795,
,,,-3.252E-06,0.087761402130127,0.195432535605505,
,,,-3.2518E-06,-0.0461298227310181,0.195934627670795,
,,,-3.2516E-06,0.087761402130127,0.196436719736084,
,,,-3.2514E-06,0.087761402130127,0.196101991692558,
,,,-3.2512E-06,0.087761402130127,0.196101991692558,
,,,-3.251E-06,0.087761402130127,0.195767263649032,
,,,-3.2508E-06,0.087761402130127,0.196101991692558,
,,,-3.2506E-06,-0.0461298227310181,0.195599899627268,
,,,-3.2504E-06,0.087761402130127,0.196436719736084,
,,,-3.2502E-06,-0.0461298227310181,0.195599899627268,
,,,-3.25E-06,-0.113075435161591,0.195767263649032,
,,,-3.2498E-06,-0.0461298227310181,0.195599899627268,
,,,-3.2496E-06,0.087761402130127,0.195767263649032,
,,,-3.2494E-06,-0.0461298227310181,0.196269355714321,
,,,-3.2492E-06,-0.0461298227310181,0.196101991692558,
,,,-3.249E-06,-0.0461298227310181,0.195599899627268,
,,,-3.2488E-06,-0.0461298227310181,0.196269355714321,
,,,-3.2486E-06,0.0208157896995544,0.195934627670795,
,,,-3.2484E-06,-0.113075435161591,0.196771447779611,
,,,-3.2482E-06,0.087761402130127,0.195265171583742,
,,,-3.248E-06,0.087761402130127,0.195432535605505,
,,,-3.2478E-06,-0.0461298227310181,0.195767263649032,
,,,-3.2476E-06,-0.0461298227310181,0.196771447779611,
,,,-3.2474E-06,0.0208157896995544,0.196269355714321,
,,,-3.2472E-06,0.0208157896995544,0.196269355714321,
,,,-3.247E-06,-0.0461298227310181,0.195934627670795,
,,,-3.2468E-06,0.0208157896995544,0.194930443540215,
,,,-3.2466E-06,0.0208157896995544,0.195599899627268,
,,,-3.2464E-06,-0.0461298227310181,0.195767263649032,
,,,-3.2462E-06,-0.113075435161591,0.195767263649032,
,,,-3.246E-06,0.0208157896995544,0.195767263649032,
,,,-3.2458E-06,-0.0461298227310181,0.195599899627268,
,,,-3.2456E-06,0.087761402130127,0.195934627670795,
,,,-3.2454E-06,-0.113075435161591,0.195097807561979,
,,,-3.2452E-06,0.087761402130127,0.195432535605505,
,,,-3.245E-06,0.0208157896995544,0.195767263649032,
,,,-3.2448E-06,0.0208157896995544,0.195097807561979,
,,,-3.2446E-06,0.087761402130127,0.195934627670795,
,,,-3.2444E-06,-0.0461298227310181,0.195934627670795,
,,,-3.2442E-06,-0.0461298227310181,0.196269355714321,
,,,-3.244E-06,0.087761402130127,0.196101991692558,
,,,-3.2438E-06,-0.0461298227310181,0.196604083757848,
,,,-3.2436E-06,-0.113075435161591,0.196604083757848,
,,,-3.2434E-06,-0.0461298227310181,0.195432535605505,
,,,-3.2432E-06,0.087761402130127,0.195097807561979,
,,,-3.243E-06,-0.0461298227310181,0.196269355714321,
,,,-3.2428E-06,0.0208157896995544,0.195934627670795,
,,,-3.2426E-06,-0.0461298227310181,0.195934627670795,
,,,-3.2424E-06,-0.0461298227310181,0.195767263649032,
,,,-3.2422E-06,0.0208157896995544,0.195934627670795,
,,,-3.242E-06,0.0208157896995544,0.195432535605505,
,,,-3.2418E-06,0.0208157896995544,0.196269355714321,
,,,-3.2416E-06,0.0208157896995544,0.196269355714321,
,,,-3.2414E-06,-0.0461298227310181,0.195767263649032,
,,,-3.2412E-06,-0.0461298227310181,0.195599899627268,
,,,-3.241E-06,0.087761402130127,0.195767263649032,
,,,-3.2408E-06,0.0208157896995544,0.195599899627268,
,,,-3.2406E-06,-0.113075435161591,0.196436719736084,
,,,-3.2404E-06,0.0208157896995544,0.196436719736084,
,,,-3.2402E-06,-0.0461298227310181,0.195934627670795,
,,,-3.24E-06,0.0208157896995544,0.195767263649032,
,,,-3.2398E-06,0.087761402130127,0.196101991692558,
,,,-3.2396E-06,-0.0461298227310181,0.195934627670795,
,,,-3.2394E-06,-0.0461298227310181,0.196269355714321,
,,,-3.2392E-06,0.087761402130127,0.196604083757848,
,,,-3.239E-06,0.0208157896995544,0.196938811801374,
,,,-3.2388E-06,0.0208157896995544,0.196101991692558,
,,,-3.2386E-06,0.0208157896995544,0.196101991692558,
,,,-3.2384E-06,-0.0461298227310181,0.195767263649032,
,,,-3.2382E-06,0.087761402130127,0.195767263649032,
,,,-3.238E-06,-0.0461298227310181,0.196101991692558,
,,,-3.2378E-06,0.087761402130127,0.196269355714321,
,,,-3.2376E-06,0.0208157896995544,0.195432535605505,
,,,-3.2374E-06,-0.0461298227310181,0.195934627670795,
,,,-3.2372E-06,0.0208157896995544,0.196269355714321,
,,,-3.237E-06,-0.0461298227310181,0.195934627670795,
,,,-3.2368E-06,0.0208157896995544,0.196771447779611,
,,,-3.2366E-06,0.0208157896995544,0.196604083757848,
,,,-3.2364E-06,0.0208157896995544,0.196604083757848,
,,,-3.2362E-06,0.0208157896995544,0.197106175823137,
,,,-3.236E-06,-0.0461298227310181,0.196604083757848,
,,,-3.2358E-06,0.0208157896995544,0.196771447779611,
,,,-3.2356E-06,-0.0461298227310181,0.196604083757848,
,,,-3.2354E-06,0.0208157896995544,0.196771447779611,
,,,-3.2352E-06,0.0208157896995544,0.196771447779611,
,,,-3.235E-06,0.0208157896995544,0.196604083757848,
,,,-3.2348E-06,0.0208157896995544,0.196771447779611,
,,,-3.2346E-06,-0.0461298227310181,0.197440903866664,
,,,-3.2344E-06,0.0208157896995544,0.1972735398449,
,,,-3.2342E-06,-0.0461298227310181,0.197106175823137,
,,,-3.234E-06,0.0208157896995544,0.197440903866664,
,,,-3.2338E-06,-0.0461298227310181,0.197440903866664,
,,,-3.2336E-06,0.154707014560699,0.1972735398449,
,,,-3.2334E-06,0.0208157896995544,0.1972735398449,
,,,-3.2332E-06,0.0208157896995544,0.19777563191019,
,,,-3.233E-06,0.0208157896995544,0.1972735398449,
,,,-3.2328E-06,-0.0461298227310181,0.197608267888427,
,,,-3.2326E-06,0.0208157896995544,0.197942995931953,
,,,-3.2324E-06,0.154707014560699,0.19777563191019,
,,,-3.2322E-06,0.0208157896995544,0.197608267888427,
,,,-3.232E-06,-0.0461298227310181,0.197942995931953,
,,,-3.2318E-06,0.154707014560699,0.19777563191019,
,,,-3.2316E-06,0.0208157896995544,0.197608267888427,
,,,-3.2314E-06,0.087761402130127,0.197608267888427,
,,,-3.2312E-06,0.087761402130127,0.197942995931953,
,,,-3.231E-06,-0.113075435161591,0.197608267888427,
,,,-3.2308E-06,0.0208157896995544,0.1972735398449,
,,,-3.2306E-06,0.0208157896995544,0.19777563191019,
,,,-3.2304E-06,0.154707014560699,0.19777563191019,
,,,-3.2302E-06,0.0208157896995544,0.198110359953716,
,,,-3.23E-06,0.0208157896995544,0.198110359953716,
,,,-3.2298E-06,-0.113075435161591,0.197942995931953,
,,,-3.2296E-06,-0.0461298227310181,0.19777563191019,
,,,-3.2294E-06,0.0208157896995544,0.197942995931953,
,,,-3.2292E-06,-0.113075435161591,0.198110359953716,
,,,-3.229E-06,0.0208157896995544,0.197942995931953,
,,,-3.2288E-06,0.087761402130127,0.198612452019006,
,,,-3.2286E-06,-0.113075435161591,0.197440903866664,
,,,-3.2284E-06,0.0208157896995544,0.197440903866664,
,,,-3.2282E-06,0.0208157896995544,0.198110359953716,
,,,-3.228E-06,-0.0461298227310181,0.198110359953716,
,,,-3.2278E-06,-0.0461298227310181,0.197942995931953,
,,,-3.2276E-06,-0.0461298227310181,0.197608267888427,
,,,-3.2274E-06,-0.0461298227310181,0.198612452019006,
,,,-3.2272E-06,0.087761402130127,0.19777563191019,
,,,-3.227E-06,-0.113075435161591,0.198445087997243,
,,,-3.2268E-06,-0.0461298227310181,0.198445087997243,
,,,-3.2266E-06,0.0208157896995544,0.198110359953716,
,,,-3.2264E-06,-0.0461298227310181,0.197942995931953,
,,,-3.2262E-06,0.0208157896995544,0.198445087997243,
,,,-3.226E-06,0.087761402130127,0.198612452019006,
,,,-3.2258E-06,0.0208157896995544,0.197942995931953,
,,,-3.2256E-06,-0.0461298227310181,0.198947180062532,
,,,-3.2254E-06,0.221652626991272,0.198612452019006,
,,,-3.2252E-06,-0.113075435161591,0.198779816040769,
,,,-3.225E-06,-0.0461298227310181,0.19827772397548,
,,,-3.2248E-06,0.087761402130127,0.198110359953716,
,,,-3.2246E-06,0.0208157896995544,0.198445087997243,
,,,-3.2244E-06,-0.0461298227310181,0.198612452019006,
,,,-3.2242E-06,0.087761402130127,0.19827772397548,
,,,-3.224E-06,0.154707014560699,0.199449272127822,
,,,-3.2238E-06,-0.0461298227310181,0.198947180062532,
,,,-3.2236E-06,0.0208157896995544,0.19827772397548,
,,,-3.2234E-06,0.0208157896995544,0.199616636149585,
,,,-3.2232E-06,-0.0461298227310181,0.198947180062532,
,,,-3.223E-06,-0.0461298227310181,0.198947180062532,
,,,-3.2228E-06,0.0208157896995544,0.198947180062532,
,,,-3.2226E-06,0.0208157896995544,0.198947180062532,
,,,-3.2224E-06,0.0208157896995544,0.198445087997243,
,,,-3.2222E-06,-0.0461298227310181,0.198947180062532,
,,,-3.222E-06,0.0208157896995544,0.198445087997243,
,,,-3.2218E-06,-0.0461298227310181,0.198445087997243,
,,,-3.2216E-06,0.0208157896995544,0.199114544084296,
,,,-3.2214E-06,0.087761402130127,0.198779816040769,
,,,-3.2212E-06,-0.0461298227310181,0.198612452019006,
,,,-3.221E-06,-0.0461298227310181,0.198445087997243,
,,,-3.2208E-06,0.087761402130127,0.198445087997243,
,,,-3.2206E-06,-0.0461298227310181,0.199114544084296,
,,,-3.2204E-06,-0.0461298227310181,0.198612452019006,
,,,-3.2202E-06,-0.0461298227310181,0.199114544084296,
,,,-3.22E-06,0.087761402130127,0.199281908106059,
,,,-3.2198E-06,0.0208157896995544,0.198779816040769,
,,,-3.2196E-06,0.087761402130127,0.198612452019006,
,,,-3.2194E-06,0.0208157896995544,0.198612452019006,
,,,-3.2192E-06,0.0208157896995544,0.199114544084296,
,,,-3.219E-06,0.087761402130127,0.199114544084296,
,,,-3.2188E-06,-0.0461298227310181,0.199784000171348,
,,,-3.2186E-06,-0.0461298227310181,0.199281908106059,
,,,-3.2184E-06,0.087761402130127,0.198612452019006,
,,,-3.2182E-06,-0.113075435161591,0.198947180062532,
,,,-3.218E-06,-0.113075435161591,0.199616636149585,
,,,-3.2178E-06,0.0208157896995544,0.198612452019006,
,,,-3.2176E-06,0.087761402130127,0.198947180062532,
,,,-3.2174E-06,-0.0461298227310181,0.199951364193112,
,,,-3.2172E-06,0.0208157896995544,0.198947180062532,
,,,-3.217E-06,0.0208157896995544,0.198779816040769,
,,,-3.2168E-06,-0.0461298227310181,0.198779816040769,
,,,-3.2166E-06,-0.0461298227310181,0.199784000171348,
,,,-3.2164E-06,-0.0461298227310181,0.199616636149585,
,,,-3.2162E-06,0.0208157896995544,0.199281908106059,
,,,-3.216E-06,0.087761402130127,0.199784000171348,
,,,-3.2158E-06,-0.0461298227310181,0.198779816040769,
,,,-3.2156E-06,0.0208157896995544,0.199281908106059,
,,,-3.2154E-06,0.0208157896995544,0.199449272127822,
,,,-3.2152E-06,0.0208157896995544,0.199281908106059,
,,,-3.215E-06,-0.0461298227310181,0.198779816040769,
,,,-3.2148E-06,-0.113075435161591,0.19827772397548,
,,,-3.2146E-06,-0.0461298227310181,0.199114544084296,
,,,-3.2144E-06,0.087761402130127,0.198947180062532,
,,,-3.2142E-06,-0.0461298227310181,0.198612452019006,
,,,-3.214E-06,-0.0461298227310181,0.198947180062532,
,,,-3.2138E-06,-0.0461298227310181,0.198612452019006,
,,,-3.2136E-06,0.087761402130127,0.198947180062532,
,,,-3.2134E-06,0.0208157896995544,0.199784000171348,
,,,-3.2132E-06,0.087761402130127,0.199114544084296,
,,,-3.213E-06,-0.0461298227310181,0.198445087997243,
,,,-3.2128E-06,-0.0461298227310181,0.19827772397548,
,,,-3.2126E-06,0.087761402130127,0.198947180062532,
,,,-3.2124E-06,-0.0461298227310181,0.19827772397548,
,,,-3.2122E-06,0.0208157896995544,0.19827772397548,
,,,-3.212E-06,0.0208157896995544,0.199449272127822,
,,,-3.2118E-06,-0.113075435161591,0.198445087997243,
,,,-3.2116E-06,0.0208157896995544,0.199114544084296,
,,,-3.2114E-06,0.087761402130127,0.198947180062532,
,,,-3.2112E-06,0.087761402130127,0.198445087997243,
,,,-3.211E-06,-0.0461298227310181,0.198779816040769,
,,,-3.2108E-06,0.087761402130127,0.199449272127822,
,,,-3.2106E-06,-0.113075435161591,0.198779816040769,
,,,-3.2104E-06,-0.0461298227310181,0.198947180062532,
,,,-3.2102E-06,0.0208157896995544,0.198947180062532,
,,,-3.21E-06,0.0208157896995544,0.199281908106059,
,,,-3.2098E-06,0.0208157896995544,0.198947180062532,
,,,-3.2096E-06,-0.0461298227310181,0.198612452019006,
,,,-3.2094E-06,0.0208157896995544,0.198612452019006,
,,,-3.2092E-06,0.0208157896995544,0.198110359953716,
,,,-3.209E-06,-0.0461298227310181,0.19827772397548,
,,,-3.2088E-06,0.0208157896995544,0.198779816040769,
,,,-3.2086E-06,0.0208157896995544,0.198947180062532,
,,,-3.2084E-06,-0.0461298227310181,0.19777563191019,
,,,-3.2082E-06,-0.0461298227310181,0.198612452019006,
,,,-3.208E-06,0.0208157896995544,0.198445087997243,
,,,-3.2078E-06,-0.0461298227310181,0.198612452019006,
,,,-3.2076E-06,-0.0461298227310181,0.198779816040769,
,,,-3.2074E-06,-0.113075435161591,0.198947180062532,
,,,-3.2072E-06,0.087761402130127,0.19827772397548,
,,,-3.207E-06,0.0208157896995544,0.198612452019006,
,,,-3.2068E-06,0.154707014560699,0.19827772397548,
,,,-3.2066E-06,0.087761402130127,0.197942995931953,
,,,-3.2064E-06,-0.0461298227310181,0.198445087997243,
,,,-3.2062E-06,0.0208157896995544,0.198445087997243,
,,,-3.206E-06,0.0208157896995544,0.19777563191019,
,,,-3.2058E-06,0.0208157896995544,0.197440903866664,
,,,-3.2056E-06,0.0208157896995544,0.198110359953716,
,,,-3.2054E-06,-0.0461298227310181,0.197942995931953,
,,,-3.2052E-06,0.0208157896995544,0.197942995931953,
,,,-3.205E-06,0.0208157896995544,0.197942995931953,
,,,-3.2048E-06,0.0208157896995544,0.1972735398449,
,,,-3.2046E-06,0.0208157896995544,0.197608267888427,
,,,-3.2044E-06,0.087761402130127,0.198110359953716,
,,,-3.2042E-06,-0.0461298227310181,0.19777563191019,
,,,-3.204E-06,0.0208157896995544,0.1972735398449,
,,,-3.2038E-06,-0.0461298227310181,0.197440903866664,
,,,-3.2036E-06,0.0208157896995544,0.198110359953716,
,,,-3.2034E-06,0.0208157896995544,0.197942995931953,
,,,-3.2032E-06,-0.0461298227310181,0.197106175823137,
,,,-3.203E-06,-0.0461298227310181,0.197942995931953,
,,,-3.2028E-06,-0.0461298227310181,0.197608267888427,
,,,-3.2026E-06,0.0208157896995544,0.1972735398449,
,,,-3.2024E-06,0.0208157896995544,0.197440903866664,
,,,-3.2022E-06,-0.0461298227310181,0.197440903866664,
,,,-3.202E-06,0.0208157896995544,0.197608267888427,
,,,-3.2018E-06,-0.0461298227310181,0.197106175823137,
,,,-3.2016E-06,-0.0461298227310181,0.1972735398449,
,,,-3.2014E-06,-0.113075435161591,0.197608267888427,
,,,-3.2012E-06,0.0208157896995544,0.197608267888427,
,,,-3.201E-06,-0.0461298227310181,0.197106175823137,
,,,-3.2008E-06,0.0208157896995544,0.196771447779611,
,,,-3.2006E-06,0.0208157896995544,0.197106175823137,
,,,-3.2004E-06,0.087761402130127,0.1972735398449,
,,,-3.2002E-06,0.0208157896995544,0.196938811801374,
,,,-3.2E-06,-0.0461298227310181,0.196269355714321,
,,,-3.1998E-06,0.154707014560699,0.196771447779611,
,,,-3.1996E-06,-0.0461298227310181,0.196771447779611,
,,,-3.1994E-06,0.0208157896995544,0.197106175823137,
,,,-3.1992E-06,0.0208157896995544,0.196436719736084,
,,,-3.199E-06,-0.0461298227310181,0.196771447779611,
,,,-3.1988E-06,-0.0461298227310181,0.196938811801374,
,,,-3.1986E-06,0.0208157896995544,0.196771447779611,
,,,-3.1984E-06,0.087761402130127,0.197106175823137,
,,,-3.1982E-06,-0.0461298227310181,0.197106175823137,
,,,-3.198E-06,-0.0461298227310181,0.196771447779611,
,,,-3.1978E-06,-0.113075435161591,0.196269355714321,
,,,-3.1976E-06,-0.113075435161591,0.195934627670795,
,,,-3.1974E-06,0.0208157896995544,0.196101991692558,
,,,-3.1972E-06,-0.0461298227310181,0.196269355714321,
,,,-3.197E-06,0.087761402130127,0.196938811801374,
,,,-3.1968E-06,0.087761402130127,0.196604083757848,
,,,-3.1966E-06,-0.113075435161591,0.196101991692558,
,,,-3.1964E-06,0.0208157896995544,0.196604083757848,
,,,-3.1962E-06,-0.0461298227310181,0.196604083757848,
,,,-3.196E-06,-0.0461298227310181,0.196101991692558,
,,,-3.1958E-06,0.0208157896995544,0.196436719736084,
,,,-3.1956E-06,0.0208157896995544,0.196771447779611,
,,,-3.1954E-06,-0.0461298227310181,0.197106175823137,
,,,-3.1952E-06,0.0208157896995544,0.196604083757848,
,,,-3.195E-06,0.0208157896995544,0.196604083757848,
,,,-3.1948E-06,0.0208157896995544,0.196436719736084,
,,,-3.1946E-06,-0.0461298227310181,0.196771447779611,
,,,-3.1944E-06,0.087761402130127,0.196938811801374,
,,,-3.1942E-06,0.0208157896995544,0.196938811801374,
,,,-3.194E-06,0.087761402130127,0.196938811801374,
,,,-3.1938E-06,0.0208157896995544,0.196604083757848,
,,,-3.1936E-06,0.0208157896995544,0.196269355714321,
,,,-3.1934E-06,0.0208157896995544,0.196938811801374,
,,,-3.1932E-06,-0.0461298227310181,0.196938811801374,
,,,-3.193E-06,0.0208157896995544,0.197106175823137,
,,,-3.1928E-06,0.087761402130127,0.196771447779611,
,,,-3.1926E-06,-0.0461298227310181,0.197106175823137,
,,,-3.1924E-06,0.0208157896995544,0.197440903866664,
,,,-3.1922E-06,-0.0461298227310181,0.196938811801374,
,,,-3.192E-06,0.0208157896995544,0.196938811801374,
,,,-3.1918E-06,-0.113075435161591,0.196269355714321,
,,,-3.1916E-06,-0.0461298227310181,0.196938811801374,
,,,-3.1914E-06,-0.0461298227310181,0.196604083757848,
,,,-3.1912E-06,0.0208157896995544,0.196436719736084,
,,,-3.191E-06,0.0208157896995544,0.196436719736084,
,,,-3.1908E-06,-0.113075435161591,0.196269355714321,
,,,-3.1906E-06,0.0208157896995544,0.196771447779611,
,,,-3.1904E-06,0.0208157896995544,0.196604083757848,
,,,-3.1902E-06,-0.113075435161591,0.196938811801374,
,,,-3.19E-06,-0.0461298227310181,0.196771447779611,
,,,-3.1898E-06,0.0208157896995544,0.196771447779611,
,,,-3.1896E-06,0.0208157896995544,0.196771447779611,
,,,-3.1894E-06,-0.0461298227310181,0.196771447779611,
,,,-3.1892E-06,0.0208157896995544,0.196101991692558,
,,,-3.189E-06,0.0208157896995544,0.197106175823137,
,,,-3.1888E-06,-0.0461298227310181,0.196604083757848,
,,,-3.1886E-06,-0.113075435161591,0.196938811801374,
,,,-3.1884E-06,0.0208157896995544,0.196938811801374,
,,,-3.1882E-06,-0.0461298227310181,0.197608267888427,
,,,-3.188E-06,0.087761402130127,0.196771447779611,
,,,-3.1878E-06,-0.0461298227310181,0.196771447779611,
,,,-3.1876E-06,0.0208157896995544,0.196101991692558,
,,,-3.1874E-06,0.087761402130127,0.196604083757848,
,,,-3.1872E-06,-0.0461298227310181,0.1972735398449,
,,,-3.187E-06,0.0208157896995544,0.196771447779611,
,,,-3.1868E-06,-0.0461298227310181,0.197440903866664,
,,,-3.1866E-06,-0.0461298227310181,0.196269355714321,
,,,-3.1864E-06,0.0208157896995544,0.196771447779611,
,,,-3.1862E-06,0.0208157896995544,0.196604083757848,
,,,-3.186E-06,-0.0461298227310181,0.196938811801374,
,,,-3.1858E-06,0.0208157896995544,0.196771447779611,
,,,-3.1856E-06,0.154707014560699,0.197106175823137,
,,,-3.1854E-06,-0.0461298227310181,0.196269355714321,
,,,-3.1852E-06,0.0208157896995544,0.196269355714321,
,,,-3.185E-06,0.0208157896995544,0.196436719736084,
,,,-3.1848E-06,-0.0461298227310181,0.196771447779611,
,,,-3.1846E-06,-0.0461298227310181,0.196604083757848,
,,,-3.1844E-06,0.0208157896995544,0.196436719736084,
,,,-3.1842E-06,0.087761402130127,0.196938811801374,
,,,-3.184E-06,0.087761402130127,0.196771447779611,
,,,-3.1838E-06,-0.0461298227310181,0.196436719736084,
,,,-3.1836E-06,0.0208157896995544,0.196269355714321,
,,,-3.1834E-06,0.0208157896995544,0.1972735398449,
,,,-3.1832E-06,0.0208157896995544,0.197106175823137,
,,,-3.183E-06,-0.0461298227310181,0.1972735398449,
,,,-3.1828E-06,0.0208157896995544,0.196938811801374,
,,,-3.1826E-06,-0.0461298227310181,0.196269355714321,
,,,-3.1824E-06,0.0208157896995544,0.196938811801374,
,,,-3.1822E-06,-0.113075435161591,0.197440903866664,
,,,-3.182E-06,0.0208157896995544,0.196436719736084,
,,,-3.1818E-06,-0.0461298227310181,0.196604083757848,
,,,-3.1816E-06,0.087761402130127,0.196771447779611,
,,,-3.1814E-06,0.0208157896995544,0.196269355714321,
,,,-3.1812E-06,0.087761402130127,0.196938811801374,
,,,-3.181E-06,0.0208157896995544,0.196938811801374,
,,,-3.1808E-06,0.0208157896995544,0.197106175823137,
,,,-3.1806E-06,0.0208157896995544,0.196771447779611,
,,,-3.1804E-06,-0.0461298227310181,0.19777563191019,
,,,-3.1802E-06,-0.0461298227310181,0.197106175823137,
,,,-3.18E-06,-0.0461298227310181,0.196604083757848,
,,,-3.1798E-06,0.0208157896995544,0.197608267888427,
,,,-3.1796E-06,-0.0461298227310181,0.197440903866664,
,,,-3.1794E-06,-0.0461298227310181,0.197440903866664,
,,,-3.1792E-06,0.154707014560699,0.1972735398449,
,,,-3.179E-06,0.0208157896995544,0.197608267888427,
,,,-3.1788E-06,-0.0461298227310181,0.1972735398449,
,,,-3.1786E-06,0.0208157896995544,0.197106175823137,
,,,-3.1784E-06,0.087761402130127,0.19777563191019,
,,,-3.1782E-06,-0.0461298227310181,0.197106175823137,
,,,-3.178E-06,0.0208157896995544,0.19777563191019,
,,,-3.1778E-06,0.154707014560699,0.19827772397548,
,,,-3.1776E-06,0.087761402130127,0.197608267888427,
,,,-3.1774E-06,-0.180021047592163,0.197942995931953,
,,,-3.1772E-06,-0.0461298227310181,0.19827772397548,
,,,-3.177E-06,0.0208157896995544,0.19777563191019,
,,,-3.1768E-06,0.0208157896995544,0.197942995931953,
,,,-3.1766E-06,-0.0461298227310181,0.198445087997243,
,,,-3.1764E-06,0.0208157896995544,0.197608267888427,
,,,-3.1762E-06,-0.180021047592163,0.197942995931953,
,,,-3.176E-06,-0.0461298227310181,0.1972735398449,
,,,-3.1758E-06,-0.0461298227310181,0.19827772397548,
,,,-3.1756E-06,0.0208157896995544,0.198445087997243,
,,,-3.1754E-06,-0.0461298227310181,0.197942995931953,
,,,-3.1752E-06,0.087761402130127,0.197942995931953,
,,,-3.175E-06,0.0208157896995544,0.198612452019006,
,,,-3.1748E-06,0.087761402130127,0.198110359953716,
,,,-3.1746E-06,0.0208157896995544,0.198445087997243,
,,,-3.1744E-06,0.0208157896995544,0.19777563191019,
,,,-3.1742E-06,0.0208157896995544,0.198110359953716,
,,,-3.174E-06,0.0208157896995544,0.19827772397548,
,,,-3.1738E-06,0.0208157896995544,0.19827772397548,
,,,-3.1736E-06,0.0208157896995544,0.198612452019006,
,,,-3.1734E-06,-0.113075435161591,0.197608267888427,
,,,-3.1732E-06,0.0208157896995544,0.197942995931953,
,,,-3.173E-06,-0.0461298227310181,0.19827772397548,
,,,-3.1728E-06,0.087761402130127,0.19827772397548,
,,,-3.1726E-06,-0.0461298227310181,0.198779816040769,
,,,-3.1724E-06,0.0208157896995544,0.198779816040769,
,,,-3.1722E-06,-0.0461298227310181,0.19827772397548,
,,,-3.172E-06,-0.0461298227310181,0.198110359953716,
,,,-3.1718E-06,-0.113075435161591,0.198779816040769,
,,,-3.1716E-06,-0.113075435161591,0.199114544084296,
,,,-3.1714E-06,0.087761402130127,0.199281908106059,
,,,-3.1712E-06,0.087761402130127,0.198445087997243,
,,,-3.171E-06,-0.180021047592163,0.197942995931953,
,,,-3.1708E-06,-0.0461298227310181,0.197942995931953,
,,,-3.1706E-06,0.0208157896995544,0.198612452019006,
,,,-3.1704E-06,0.0208157896995544,0.198612452019006,
,,,-3.1702E-06,-0.0461298227310181,0.198110359953716,
,,,-3.17E-06,0.0208157896995544,0.198110359953716,
,,,-3.1698E-06,-0.0461298227310181,0.198779816040769,
,,,-3.1696E-06,0.0208157896995544,0.198779816040769,
,,,-3.1694E-06,-0.113075435161591,0.198445087997243,
,,,-3.1692E-06,0.0208157896995544,0.198947180062532,
,,,-3.169E-06,-0.113075435161591,0.198445087997243,
,,,-3.1688E-06,0.087761402130127,0.19827772397548,
,,,-3.1686E-06,0.0208157896995544,0.197942995931953,
,,,-3.1684E-06,0.087761402130127,0.198779816040769,
,,,-3.1682E-06,0.0208157896995544,0.198612452019006,
,,,-3.168E-06,0.0208157896995544,0.19827772397548,
,,,-3.1678E-06,0.0208157896995544,0.19827772397548,
,,,-3.1676E-06,-0.113075435161591,0.19827772397548,
,,,-3.1674E-06,0.0208157896995544,0.19827772397548,
,,,-3.1672E-06,0.087761402130127,0.199281908106059,
,,,-3.167E-06,-0.113075435161591,0.198612452019006,
,,,-3.1668E-06,0.0208157896995544,0.198445087997243,
,,,-3.1666E-06,0.087761402130127,0.198445087997243,
,,,-3.1664E-06,-0.0461298227310181,0.198612452019006,
,,,-3.1662E-06,-0.0461298227310181,0.198947180062532,
,,,-3.166E-06,0.087761402130127,0.197942995931953,
,,,-3.1658E-06,0.087761402130127,0.19777563191019,
,,,-3.1656E-06,-0.0461298227310181,0.197106175823137,
,,,-3.1654E-06,0.0208157896995544,0.198612452019006,
,,,-3.1652E-06,0.0208157896995544,0.197942995931953,
,,,-3.165E-06,0.087761402130127,0.19827772397548,
,,,-3.1648E-06,-0.0461298227310181,0.197942995931953,
,,,-3.1646E-06,-0.0461298227310181,0.197942995931953,
,,,-3.1644E-06,-0.0461298227310181,0.197440903866664,
,,,-3.1642E-06,0.0208157896995544,0.198445087997243,
,,,-3.164E-06,0.0208157896995544,0.198612452019006,
,,,-3.1638E-06,-0.0461298227310181,0.197440903866664,
,,,-3.1636E-06,-0.0461298227310181,0.198947180062532,
,,,-3.1634E-06,-0.0461298227310181,0.19827772397548,
,,,-3.1632E-06,0.0208157896995544,0.19777563191019,
,,,-3.163E-06,-0.113075435161591,0.197608267888427,
,,,-3.1628E-06,-0.0461298227310181,0.199114544084296,
,,,-3.1626E-06,0.0208157896995544,0.19827772397548,
,,,-3.1624E-06,-0.0461298227310181,0.198110359953716,
,,,-3.1622E-06,-0.0461298227310181,0.198612452019006,
,,,-3.162E-06,-0.0461298227310181,0.198110359953716,
,,,-3.1618E-06,0.0208157896995544,0.198445087997243,
,,,-3.1616E-06,-0.0461298227310181,0.198445087997243,
,,,-3.1614E-06,0.087761402130127,0.19827772397548,
,,,-3.1612E-06,0.0208157896995544,0.198110359953716,
,,,-3.161E-06,-0.0461298227310181,0.198445087997243,
,,,-3.1608E-06,0.0208157896995544,0.198612452019006,
,,,-3.1606E-06,-0.0461298227310181,0.196938811801374,
,,,-3.1604E-06,-0.0461298227310181,0.19827772397548,
,,,-3.1602E-06,0.087761402130127,0.19827772397548,
,,,-3.16E-06,0.0208157896995544,0.19827772397548,
,,,-3.1598E-06,-0.180021047592163,0.197440903866664,
,,,-3.1596E-06,0.0208157896995544,0.197608267888427,
,,,-3.1594E-06,-0.0461298227310181,0.198445087997243,
,,,-3.1592E-06,-0.0461298227310181,0.197106175823137,
,,,-3.159E-06,-0.0461298227310181,0.197942995931953,
,,,-3.1588E-06,-0.0461298227310181,0.197942995931953,
,,,-3.1586E-06,0.0208157896995544,0.19777563191019,
,,,-3.1584E-06,0.0208157896995544,0.19777563191019,
,,,-3.1582E-06,-0.0461298227310181,0.197942995931953,
,,,-3.158E-06,0.0208157896995544,0.1972735398449,
,,,-3.1578E-06,0.0208157896995544,0.197440903866664,
,,,-3.1576E-06,0.0208157896995544,0.196938811801374,
,,,-3.1574E-06,-0.0461298227310181,0.1972735398449,
,,,-3.1572E-06,0.0208157896995544,0.197608267888427,
,,,-3.157E-06,-0.0461298227310181,0.197106175823137,
,,,-3.1568E-06,0.0208157896995544,0.19777563191019,
,,,-3.1566E-06,0.0208157896995544,0.19777563191019,
,,,-3.1564E-06,-0.0461298227310181,0.197942995931953,
,,,-3.1562E-06,-0.0461298227310181,0.196938811801374,
,,,-3.156E-06,0.0208157896995544,0.196604083757848,
,,,-3.1558E-06,-0.0461298227310181,0.19777563191019,
,,,-3.1556E-06,0.0208157896995544,0.197440903866664,
,,,-3.1554E-06,0.0208157896995544,0.196938811801374,
,,,-3.1552E-06,0.087761402130127,0.197106175823137,
,,,-3.155E-06,0.087761402130127,0.197608267888427,
,,,-3.1548E-06,-0.0461298227310181,0.196436719736084,
,,,-3.1546E-06,0.0208157896995544,0.196938811801374,
,,,-3.1544E-06,0.087761402130127,0.197106175823137,
,,,-3.1542E-06,-0.0461298227310181,0.197440903866664,
,,,-3.154E-06,-0.0461298227310181,0.197106175823137,
,,,-3.1538E-06,0.087761402130127,0.197440903866664,
,,,-3.1536E-06,0.087761402130127,0.196938811801374,
,,,-3.1534E-06,-0.113075435161591,0.196771447779611,
,,,-3.1532E-06,0.0208157896995544,0.196771447779611,
,,,-3.153E-06,0.0208157896995544,0.1972735398449,
,,,-3.1528E-06,0.0208157896995544,0.196771447779611,
,,,-3.1526E-06,-0.0461298227310181,0.196604083757848,
,,,-3.1524E-06,0.0208157896995544,0.1972735398449,
,,,-3.1522E-06,0.0208157896995544,0.197608267888427,
,,,-3.152E-06,0.0208157896995544,0.196604083757848,
,,,-3.1518E-06,-0.0461298227310181,0.195767263649032,
,,,-3.1516E-06,0.087761402130127,0.197106175823137,
,,,-3.1514E-06,-0.0461298227310181,0.1972735398449,
,,,-3.1512E-06,-0.0461298227310181,0.196771447779611,
,,,-3.151E-06,-0.0461298227310181,0.197106175823137,
,,,-3.1508E-06,0.0208157896995544,0.197106175823137,
,,,-3.1506E-06,-0.0461298227310181,0.197440903866664,
,,,-3.1504E-06,-0.0461298227310181,0.196604083757848,
,,,-3.1502E-06,0.0208157896995544,0.197608267888427,
,,,-3.15E-06,-0.0461298227310181,0.196101991692558,
,,,-3.1498E-06,-0.0461298227310181,0.196771447779611,
,,,-3.1496E-06,0.154707014560699,0.197106175823137,
,,,-3.1494E-06,0.087761402130127,0.196938811801374,
,,,-3.1492E-06,0.087761402130127,0.196269355714321,
,,,-3.149E-06,0.0208157896995544,0.197106175823137,
,,,-3.1488E-06,0.0208157896995544,0.196604083757848,
,,,-3.1486E-06,0.154707014560699,0.196604083757848,
,,,-3.1484E-06,-0.0461298227310181,0.1972735398449,
,,,-3.1482E-06,-0.0461298227310181,0.196938811801374,
,,,-3.148E-06,0.0208157896995544,0.195934627670795,
,,,-3.1478E-06,-0.0461298227310181,0.195934627670795,
,,,-3.1476E-06,0.0208157896995544,0.196436719736084,
,,,-3.1474E-06,0.0208157896995544,0.197106175823137,
,,,-3.1472E-06,0.087761402130127,0.196101991692558,
,,,-3.147E-06,-0.0461298227310181,0.196436719736084,
,,,-3.1468E-06,-0.0461298227310181,0.196604083757848,
,,,-3.1466E-06,-0.0461298227310181,0.196436719736084,
,,,-3.1464E-06,-0.0461298227310181,0.196604083757848,
,,,-3.1462E-06,0.0208157896995544,0.196436719736084,
,,,-3.146E-06,-0.113075435161591,0.196269355714321,
,,,-3.1458E-06,0.087761402130127,0.196436719736084,
,,,-3.1456E-06,0.087761402130127,0.195934627670795,
,,,-3.1454E-06,-0.0461298227310181,0.195767263649032,
,,,-3.1452E-06,0.0208157896995544,0.196269355714321,
,,,-3.145E-06,0.0208157896995544,0.196101991692558,
,,,-3.1448E-06,0.0208157896995544,0.195599899627268,
,,,-3.1446E-06,0.087761402130127,0.196436719736084,
,,,-3.1444E-06,0.0208157896995544,0.196269355714321,
,,,-3.1442E-06,-0.0461298227310181,0.196101991692558,
,,,-3.144E-06,0.0208157896995544,0.195265171583742,
,,,-3.1438E-06,-0.0461298227310181,0.196436719736084,
,,,-3.1436E-06,0.0208157896995544,0.195934627670795,
,,,-3.1434E-06,-0.0461298227310181,0.195432535605505,
,,,-3.1432E-06,0.0208157896995544,0.195934627670795,
,,,-3.143E-06,0.0208157896995544,0.196269355714321,
,,,-3.1428E-06,0.087761402130127,0.195934627670795,
,,,-3.1426E-06,0.0208157896995544,0.195767263649032,
,,,-3.1424E-06,-0.0461298227310181,0.195934627670795,
,,,-3.1422E-06,0.0208157896995544,0.195934627670795,
,,,-3.142E-06,-0.0461298227310181,0.195599899627268,
,,,-3.1418E-06,0.0208157896995544,0.195432535605505,
,,,-3.1416E-06,0.0208157896995544,0.195599899627268,
,,,-3.1414E-06,0.0208157896995544,0.195265171583742,
,,,-3.1412E-06,-0.0461298227310181,0.194763079518452,
,,,-3.141E-06,0.0208157896995544,0.196101991692558,
,,,-3.1408E-06,0.087761402130127,0.195767263649032,
,,,-3.1406E-06,-0.0461298227310181,0.195432535605505,
,,,-3.1404E-06,0.087761402130127,0.194930443540215,
,,,-3.1402E-06,-0.0461298227310181,0.195767263649032,
,,,-3.14E-06,-0.0461298227310181,0.195599899627268,
,,,-3.1398E-06,0.0208157896995544,0.195432535605505,
,,,-3.1396E-06,0.0208157896995544,0.195934627670795,
,,,-3.1394E-06,-0.0461298227310181,0.195767263649032,
,,,-3.1392E-06,0.0208157896995544,0.196101991692558,
,,,-3.139E-06,-0.0461298227310181,0.195767263649032,
,,,-3.1388E-06,-0.113075435161591,0.195599899627268,
,,,-3.1386E-06,0.0208157896995544,0.196101991692558,
,,,-3.1384E-06,0.0208157896995544,0.195934627670795,
,,,-3.1382E-06,-0.0461298227310181,0.195599899627268,
,,,-3.138E-06,0.0208157896995544,0.196269355714321,
,,,-3.1378E-06,-0.0461298227310181,0.196101991692558,
,,,-3.1376E-06,0.0208157896995544,0.196101991692558,
,,,-3.1374E-06,-0.113075435161591,0.196101991692558,
,,,-3.1372E-06,-0.113075435161591,0.196269355714321,
,,,-3.137E-06,-0.0461298227310181,0.196269355714321,
,,,-3.1368E-06,0.0208157896995544,0.196269355714321,
,,,-3.1366E-06,0.087761402130127,0.195767263649032,
,,,-3.1364E-06,0.0208157896995544,0.194930443540215,
,,,-3.1362E-06,0.087761402130127,0.195934627670795,
,,,-3.136E-06,-0.0461298227310181,0.196436719736084,
,,,-3.1358E-06,-0.0461298227310181,0.195265171583742,
,,,-3.1356E-06,-0.0461298227310181,0.196604083757848,
,,,-3.1354E-06,0.0208157896995544,0.196436719736084,
,,,-3.1352E-06,0.0208157896995544,0.195432535605505,
,,,-3.135E-06,-0.113075435161591,0.196269355714321,
,,,-3.1348E-06,0.0208157896995544,0.196938811801374,
,,,-3.1346E-06,-0.0461298227310181,0.197106175823137,
,,,-3.1344E-06,0.154707014560699,0.196604083757848,
,,,-3.1342E-06,0.0208157896995544,0.196771447779611,
,,,-3.134E-06,0.0208157896995544,0.196269355714321,
,,,-3.1338E-06,-0.0461298227310181,0.196436719736084,
,,,-3.1336E-06,-0.0461298227310181,0.196771447779611,
,,,-3.1334E-06,0.0208157896995544,0.1972735398449,
,,,-3.1332E-06,-0.113075435161591,0.196436719736084,
,,,-3.133E-06,-0.0461298227310181,0.196436719736084,
,,,-3.1328E-06,0.0208157896995544,0.196604083757848,
,,,-3.1326E-06,0.0208157896995544,0.196269355714321,
,,,-3.1324E-06,-0.0461298227310181,0.196269355714321,
,,,-3.1322E-06,0.087761402130127,0.196938811801374,
,,,-3.132E-06,-0.0461298227310181,0.197106175823137,
,,,-3.1318E-06,0.0208157896995544,0.196604083757848,
,,,-3.1316E-06,0.0208157896995544,0.196938811801374,
,,,-3.1314E-06,0.0208157896995544,0.1972735398449,
,,,-3.1312E-06,0.0208157896995544,0.196938811801374,
,,,-3.131E-06,-0.0461298227310181,0.197440903866664,
,,,-3.1308E-06,0.087761402130127,0.196604083757848,
,,,-3.1306E-06,0.0208157896995544,0.196938811801374,
,,,-3.1304E-06,0.0208157896995544,0.196771447779611,
,,,-3.1302E-06,0.0208157896995544,0.196938811801374,
,,,-3.13E-06,0.087761402130127,0.196604083757848,
,,,-3.1298E-06,-0.0461298227310181,0.196604083757848,
,,,-3.1296E-06,0.0208157896995544,0.196938811801374,
,,,-3.1294E-06,0.087761402130127,0.197440903866664,
,,,-3.1292E-06,0.0208157896995544,0.196938811801374,
,,,-3.129E-06,-0.0461298227310181,0.197440903866664,
,,,-3.1288E-06,-0.0461298227310181,0.1972735398449,
,,,-3.1286E-06,0.0208157896995544,0.1972735398449,
,,,-3.1284E-06,0.087761402130127,0.196938811801374,
,,,-3.1282E-06,-0.0461298227310181,0.196771447779611,
,,,-3.128E-06,0.0208157896995544,0.1972735398449,
,,,-3.1278E-06,-0.0461298227310181,0.1972735398449,
,,,-3.1276E-06,0.0208157896995544,0.196101991692558,
,,,-3.1274E-06,-0.0461298227310181,0.19777563191019,
,,,-3.1272E-06,-0.113075435161591,0.197106175823137,
,,,-3.127E-06,-0.0461298227310181,0.197608267888427,
,,,-3.1268E-06,0.0208157896995544,0.197440903866664,
,,,-3.1266E-06,-0.0461298227310181,0.197608267888427,
,,,-3.1264E-06,0.0208157896995544,0.1972735398449,
,,,-3.1262E-06,-0.113075435161591,0.1972735398449,
,,,-3.126E-06,-0.0461298227310181,0.198110359953716,
,,,-3.1258E-06,-0.0461298227310181,0.1972735398449,
,,,-3.1256E-06,0.0208157896995544,0.197440903866664,
,,,-3.1254E-06,0.0208157896995544,0.197106175823137,
,,,-3.1252E-06,0.0208157896995544,0.196771447779611,
,,,-3.125E-06,-0.0461298227310181,0.197106175823137,
,,,-3.1248E-06,-0.0461298227310181,0.197106175823137,
,,,-3.1246E-06,-0.0461298227310181,0.197440903866664,
,,,-3.1244E-06,-0.0461298227310181,0.197440903866664,
,,,-3.1242E-06,-0.0461298227310181,0.197106175823137,
,,,-3.124E-06,0.087761402130127,0.197608267888427,
,,,-3.1238E-06,0.0208157896995544,0.19777563191019,
,,,-3.1236E-06,0.087761402130127,0.19777563191019,
,,,-3.1234E-06,-0.0461298227310181,0.197440903866664,
,,,-3.1232E-06,-0.0461298227310181,0.1972735398449,
,,,-3.123E-06,0.087761402130127,0.197608267888427,
,,,-3.1228E-06,0.0208157896995544,0.197440903866664,
,,,-3.1226E-06,0.087761402130127,0.197106175823137,
,,,-3.1224E-06,0.0208157896995544,0.1972735398449,
,,,-3.1222E-06,-0.0461298227310181,0.197106175823137,
,,,-3.122E-06,0.0208157896995544,0.196938811801374,
,,,-3.1218E-06,0.0208157896995544,0.197106175823137,
,,,-3.1216E-06,0.087761402130127,0.19827772397548,
,,,-3.1214E-06,0.0208157896995544,0.1972735398449,
,,,-3.1212E-06,-0.0461298227310181,0.19777563191019,
,,,-3.121E-06,0.0208157896995544,0.198110359953716,
,,,-3.1208E-06,0.0208157896995544,0.1972735398449,
,,,-3.1206E-06,-0.0461298227310181,0.197106175823137,
,,,-3.1204E-06,0.0208157896995544,0.1972735398449,
,,,-3.1202E-06,0.0208157896995544,0.19777563191019,
,,,-3.12E-06,0.154707014560699,0.19827772397548,
,,,-3.1198E-06,-0.0461298227310181,0.197608267888427,
,,,-3.1196E-06,0.0208157896995544,0.197942995931953,
,,,-3.1194E-06,0.087761402130127,0.197942995931953,
,,,-3.1192E-06,0.0208157896995544,0.197440903866664,
,,,-3.119E-06,-0.0461298227310181,0.19777563191019,
,,,-3.1188E-06,0.0208157896995544,0.197608267888427,
,,,-3.1186E-06,-0.0461298227310181,0.197608267888427,
,,,-3.1184E-06,0.0208157896995544,0.19827772397548,
,,,-3.1182E-06,0.0208157896995544,0.197942995931953,
,,,-3.118E-06,0.087761402130127,0.198110359953716,
,,,-3.1178E-06,-0.0461298227310181,0.198110359953716,
,,,-3.1176E-06,0.087761402130127,0.19777563191019,
,,,-3.1174E-06,0.087761402130127,0.197106175823137,
,,,-3.1172E-06,0.087761402130127,0.197942995931953,
,,,-3.117E-06,0.087761402130127,0.197440903866664,
,,,-3.1168E-06,0.0208157896995544,0.197942995931953,
,,,-3.1166E-06,0.087761402130127,0.19777563191019,
,,,-3.1164E-06,-0.0461298227310181,0.19777563191019,
,,,-3.1162E-06,0.0208157896995544,0.197440903866664,
,,,-3.116E-06,0.087761402130127,0.198612452019006,
,,,-3.1158E-06,-0.0461298227310181,0.1972735398449,
,,,-3.1156E-06,0.0208157896995544,0.197440903866664,
,,,-3.1154E-06,0.0208157896995544,0.198947180062532,
,,,-3.1152E-06,0.0208157896995544,0.197942995931953,
,,,-3.115E-06,-0.0461298227310181,0.196938811801374,
,,,-3.1148E-06,0.0208157896995544,0.1972735398449,
,,,-3.1146E-06,0.087761402130127,0.19777563191019,
,,,-3.1144E-06,-0.113075435161591,0.197106175823137,
,,,-3.1142E-06,-0.0461298227310181,0.19777563191019,
,,,-3.114E-06,0.0208157896995544,0.19777563191019,
,,,-3.1138E-06,0.087761402130127,0.197942995931953,
,,,-3.1136E-06,0.087761402130127,0.197440903866664,
,,,-3.1134E-06,-0.0461298227310181,0.197106175823137,
,,,-3.1132E-06,0.0208157896995544,0.19777563191019,
,,,-3.113E-06,0.0208157896995544,0.198110359953716,
,,,-3.1128E-06,0.087761402130127,0.197440903866664,
,,,-3.1126E-06,-0.0461298227310181,0.197942995931953,
,,,-3.1124E-06,0.087761402130127,0.198110359953716,
,,,-3.1122E-06,-0.0461298227310181,0.198445087997243,
,,,-3.112E-06,0.0208157896995544,0.197440903866664,
,,,-3.1118E-06,0.0208157896995544,0.197608267888427,
,,,-3.1116E-06,0.0208157896995544,0.197608267888427,
,,,-3.1114E-06,-0.0461298227310181,0.197942995931953,
,,,-3.1112E-06,0.0208157896995544,0.197106175823137,
,,,-3.111E-06,0.087761402130127,0.19827772397548,
,,,-3.1108E-06,0.0208157896995544,0.197440903866664,
,,,-3.1106E-06,-0.0461298227310181,0.197440903866664,
,,,-3.1104E-06,-0.0461298227310181,0.196938811801374,
,,,-3.1102E-06,0.087761402130127,0.197608267888427,
,,,-3.11E-06,-0.0461298227310181,0.198110359953716,
,,,-3.1098E-06,-0.0461298227310181,0.197440903866664,
,,,-3.1096E-06,0.0208157896995544,0.197942995931953,
,,,-3.1094E-06,-0.0461298227310181,0.19827772397548,
,,,-3.1092E-06,0.0208157896995544,0.198445087997243,
,,,-3.109E-06,0.0208157896995544,0.198110359953716,
,,,-3.1088E-06,0.087761402130127,0.19827772397548,
,,,-3.1086E-06,0.0208157896995544,0.197942995931953,
,,,-3.1084E-06,0.0208157896995544,0.198445087997243,
,,,-3.1082E-06,-0.0461298227310181,0.19827772397548,
,,,-3.108E-06,0.0208157896995544,0.197608267888427,
,,,-3.1078E-06,0.0208157896995544,0.19777563191019,
,,,-3.1076E-06,0.0208157896995544,0.198779816040769,
,,,-3.1074E-06,0.0208157896995544,0.198779816040769,
,,,-3.1072E-06,0.087761402130127,0.198110359953716,
,,,-3.107E-06,-0.0461298227310181,0.19777563191019,
,,,-3.1068E-06,-0.0461298227310181,0.198612452019006,
,,,-3.1066E-06,0.0208157896995544,0.198779816040769,
,,,-3.1064E-06,0.0208157896995544,0.197608267888427,
,,,-3.1062E-06,-0.0461298227310181,0.198110359953716,
,,,-3.106E-06,-0.0461298227310181,0.198110359953716,
,,,-3.1058E-06,0.0208157896995544,0.197942995931953,
,,,-3.1056E-06,0.0208157896995544,0.198110359953716,
,,,-3.1054E-06,-0.113075435161591,0.19777563191019,
,,,-3.1052E-06,0.087761402130127,0.19827772397548,
,,,-3.105E-06,-0.0461298227310181,0.197440903866664,
,,,-3.1048E-06,0.0208157896995544,0.197942995931953,
,,,-3.1046E-06,0.0208157896995544,0.197440903866664,
,,,-3.1044E-06,0.0208157896995544,0.19777563191019,
,,,-3.1042E-06,0.0208157896995544,0.19827772397548,
,,,-3.104E-06,0.0208157896995544,0.197942995931953,
,,,-3.1038E-06,0.087761402130127,0.197608267888427,
,,,-3.1036E-06,0.0208157896995544,0.197942995931953,
,,,-3.1034E-06,0.087761402130127,0.197608267888427,
,,,-3.1032E-06,0.0208157896995544,0.197106175823137,
,,,-3.103E-06,-0.113075435161591,0.197106175823137,
,,,-3.1028E-06,-0.0461298227310181,0.1972735398449,
,,,-3.1026E-06,-0.0461298227310181,0.1972735398449,
,,,-3.1024E-06,0.087761402130127,0.197106175823137,
,,,-3.1022E-06,0.0208157896995544,0.19777563191019,
,,,-3.102E-06,0.0208157896995544,0.197106175823137,
,,,-3.1018E-06,0.0208157896995544,0.197608267888427,
,,,-3.1016E-06,0.0208157896995544,0.196436719736084,
,,,-3.1014E-06,0.0208157896995544,0.197440903866664,
,,,-3.1012E-06,0.0208157896995544,0.197608267888427,
,,,-3.101E-06,0.0208157896995544,0.197608267888427,
,,,-3.1008E-06,0.0208157896995544,0.197608267888427,
,,,-3.1006E-06,-0.113075435161591,0.197440903866664,
,,,-3.1004E-06,-0.0461298227310181,0.196771447779611,
,,,-3.1002E-06,0.0208157896995544,0.196938811801374,
,,,-3.1E-06,0.0208157896995544,0.197608267888427,
,,,-3.0998E-06,-0.0461298227310181,0.1972735398449,
,,,-3.0996E-06,0.087761402130127,0.197106175823137,
,,,-3.0994E-06,-0.0461298227310181,0.196771447779611,
,,,-3.0992E-06,0.0208157896995544,0.197440903866664,
,,,-3.099E-06,-0.113075435161591,0.1972735398449,
,,,-3.0988E-06,-0.0461298227310181,0.1972735398449,
,,,-3.0986E-06,-0.0461298227310181,0.197106175823137,
,,,-3.0984E-06,0.087761402130127,0.197942995931953,
,,,-3.0982E-06,0.0208157896995544,0.197440903866664,
,,,-3.098E-06,0.087761402130127,0.196771447779611,
,,,-3.0978E-06,0.0208157896995544,0.1972735398449,
,,,-3.0976E-06,-0.0461298227310181,0.197106175823137,
,,,-3.0974E-06,0.0208157896995544,0.1972735398449,
,,,-3.0972E-06,-0.113075435161591,0.1972735398449,
,,,-3.097E-06,-0.113075435161591,0.196604083757848,
,,,-3.0968E-06,0.0208157896995544,0.196771447779611,
,,,-3.0966E-06,-0.113075435161591,0.196938811801374,
,,,-3.0964E-06,-0.0461298227310181,0.197106175823137,
,,,-3.0962E-06,0.087761402130127,0.197440903866664,
,,,-3.096E-06,0.087761402130127,0.196771447779611,
,,,-3.0958E-06,-0.0461298227310181,0.196938811801374,
,,,-3.0956E-06,0.0208157896995544,0.196269355714321,
,,,-3.0954E-06,0.0208157896995544,0.197440903866664,
,,,-3.0952E-06,-0.0461298227310181,0.197106175823137,
,,,-3.095E-06,0.0208157896995544,0.197106175823137,
,,,-3.0948E-06,0.0208157896995544,0.196771447779611,
,,,-3.0946E-06,0.0208157896995544,0.197440903866664,
,,,-3.0944E-06,-0.0461298227310181,0.197608267888427,
,,,-3.0942E-06,-0.0461298227310181,0.196604083757848,
,,,-3.094E-06,0.0208157896995544,0.198110359953716,
,,,-3.0938E-06,0.0208157896995544,0.196938811801374,
,,,-3.0936E-06,0.0208157896995544,0.1972735398449,
,,,-3.0934E-06,-0.0461298227310181,0.197440903866664,
,,,-3.0932E-06,0.0208157896995544,0.197440903866664,
,,,-3.093E-06,-0.0461298227310181,0.196771447779611,
,,,-3.0928E-06,-0.0461298227310181,0.197106175823137,
,,,-3.0926E-06,-0.113075435161591,0.19777563191019,
,,,-3.0924E-06,0.0208157896995544,0.197106175823137,
,,,-3.0922E-06,0.0208157896995544,0.1972735398449,
,,,-3.092E-06,0.0208157896995544,0.1972735398449,
,,,-3.0918E-06,0.0208157896995544,0.1972735398449,
,,,-3.0916E-06,0.087761402130127,0.197106175823137,
,,,-3.0914E-06,0.087761402130127,0.1972735398449,
,,,-3.0912E-06,0.0208157896995544,0.196938811801374,
,,,-3.091E-06,0.087761402130127,0.196771447779611,
,,,-3.0908E-06,-0.0461298227310181,0.195934627670795,
,,,-3.0906E-06,-0.0461298227310181,0.196269355714321,
,,,-3.0904E-06,0.0208157896995544,0.1972735398449,
,,,-3.0902E-06,0.0208157896995544,0.197440903866664,
,,,-3.09E-06,-0.0461298227310181,0.197440903866664,
,,,-3.0898E-06,0.0208157896995544,0.197440903866664,
,,,-3.0896E-06,0.154707014560699,0.197942995931953,
,,,-3.0894E-06,-0.0461298227310181,0.1972735398449,
,,,-3.0892E-06,0.087761402130127,0.197440903866664,
,,,-3.089E-06,-0.0461298227310181,0.19777563191019,
,,,-3.0888E-06,0.0208157896995544,0.19777563191019,
,,,-3.0886E-06,0.087761402130127,0.197106175823137,
,,,-3.0884E-06,-0.0461298227310181,0.197106175823137,
,,,-3.0882E-06,0.087761402130127,0.197942995931953,
,,,-3.088E-06,0.087761402130127,0.1972735398449,
,,,-3.0878E-06,-0.180021047592163,0.197440903866664,
,,,-3.0876E-06,-0.0461298227310181,0.196938811801374,
,,,-3.0874E-06,0.087761402130127,0.1972735398449,
,,,-3.0872E-06,0.0208157896995544,0.197106175823137,
,,,-3.087E-06,-0.0461298227310181,0.196938811801374,
,,,-3.0868E-06,0.087761402130127,0.197106175823137,
,,,-3.0866E-06,0.0208157896995544,0.197608267888427,
,,,-3.0864E-06,-0.0461298227310181,0.196771447779611,
,,,-3.0862E-06,0.0208157896995544,0.196604083757848,
,,,-3.086E-06,0.0208157896995544,0.196938811801374,
,,,-3.0858E-06,-0.0461298227310181,0.196436719736084,
,,,-3.0856E-06,0.087761402130127,0.196436719736084,
,,,-3.0854E-06,0.0208157896995544,0.1972735398449,
,,,-3.0852E-06,0.087761402130127,0.196436719736084,
,,,-3.085E-06,0.087761402130127,0.195767263649032,
,,,-3.0848E-06,-0.0461298227310181,0.196101991692558,
,,,-3.0846E-06,0.0208157896995544,0.196604083757848,
,,,-3.0844E-06,0.0208157896995544,0.196436719736084,
,,,-3.0842E-06,0.0208157896995544,0.196436719736084,
,,,-3.084E-06,-0.0461298227310181,0.196436719736084,
,,,-3.0838E-06,-0.0461298227310181,0.196604083757848,
,,,-3.0836E-06,0.087761402130127,0.196604083757848,
,,,-3.0834E-06,0.0208157896995544,0.196604083757848,
,,,-3.0832E-06,0.154707014560699,0.196269355714321,
,,,-3.083E-06,0.0208157896995544,0.195934627670795,
,,,-3.0828E-06,0.0208157896995544,0.196604083757848,
,,,-3.0826E-06,0.0208157896995544,0.196604083757848,
,,,-3.0824E-06,-0.0461298227310181,0.196101991692558,
,,,-3.0822E-06,0.0208157896995544,0.196436719736084,
,,,-3.082E-06,0.0208157896995544,0.197106175823137,
,,,-3.0818E-06,0.087761402130127,0.196436719736084,
,,,-3.0816E-06,0.087761402130127,0.196604083757848,
,,,-3.0814E-06,-0.0461298227310181,0.196436719736084,
,,,-3.0812E-06,-0.0461298227310181,0.197106175823137,
,,,-3.081E-06,0.0208157896995544,0.196938811801374,
,,,-3.0808E-06,-0.0461298227310181,0.196269355714321,
,,,-3.0806E-06,0.0208157896995544,0.195934627670795,
,,,-3.0804E-06,0.0208157896995544,0.197440903866664,
,,,-3.0802E-06,-0.0461298227310181,0.196938811801374,
,,,-3.08E-06,-0.113075435161591,0.196771447779611,
,,,-3.0798E-06,-0.0461298227310181,0.197106175823137,
,,,-3.0796E-06,0.087761402130127,0.196436719736084,
,,,-3.0794E-06,-0.0461298227310181,0.196938811801374,
,,,-3.0792E-06,0.087761402130127,0.197106175823137,
,,,-3.079E-06,0.0208157896995544,0.1972735398449,
,,,-3.0788E-06,0.087761402130127,0.196269355714321,
,,,-3.0786E-06,0.087761402130127,0.195767263649032,
,,,-3.0784E-06,0.0208157896995544,0.196938811801374,
,,,-3.0782E-06,0.0208157896995544,0.1972735398449,
,,,-3.078E-06,0.0208157896995544,0.196604083757848,
,,,-3.0778E-06,0.0208157896995544,0.196604083757848,
,,,-3.0776E-06,-0.0461298227310181,0.196436719736084,
,,,-3.0774E-06,-0.0461298227310181,0.196269355714321,
,,,-3.0772E-06,0.0208157896995544,0.196101991692558,
,,,-3.077E-06,0.0208157896995544,0.196938811801374,
,,,-3.0768E-06,0.0208157896995544,0.197106175823137,
,,,-3.0766E-06,-0.0461298227310181,0.196101991692558,
,,,-3.0764E-06,-0.0461298227310181,0.196938811801374,
,,,-3.0762E-06,0.0208157896995544,0.196771447779611,
,,,-3.076E-06,-0.0461298227310181,0.195599899627268,
,,,-3.0758E-06,0.0208157896995544,0.196604083757848,
,,,-3.0756E-06,-0.113075435161591,0.1972735398449,
,,,-3.0754E-06,-0.0461298227310181,0.196436719736084,
,,,-3.0752E-06,0.087761402130127,0.196604083757848,
,,,-3.075E-06,-0.0461298227310181,0.196436719736084,
,,,-3.0748E-06,-0.0461298227310181,0.197106175823137,
,,,-3.0746E-06,0.0208157896995544,0.196269355714321,
,,,-3.0744E-06,0.087761402130127,0.196938811801374,
,,,-3.0742E-06,-0.113075435161591,0.196771447779611,
,,,-3.074E-06,0.0208157896995544,0.197106175823137,
,,,-3.0738E-06,-0.0461298227310181,0.196269355714321,
,,,-3.0736E-06,0.0208157896995544,0.196938811801374,
,,,-3.0734E-06,0.0208157896995544,0.196436719736084,
,,,-3.0732E-06,0.0208157896995544,0.196436719736084,
,,,-3.073E-06,0.0208157896995544,0.196604083757848,
,,,-3.0728E-06,-0.0461298227310181,0.197106175823137,
,,,-3.0726E-06,-0.0461298227310181,0.196604083757848,
,,,-3.0724E-06,0.087761402130127,0.196436719736084,
,,,-3.0722E-06,0.087761402130127,0.196269355714321,
,,,-3.072E-06,0.087761402130127,0.196436719736084,
,,,-3.0718E-06,0.087761402130127,0.196436719736084,
,,,-3.0716E-06,-0.0461298227310181,0.196604083757848,
,,,-3.0714E-06,0.0208157896995544,0.196269355714321,
,,,-3.0712E-06,0.0208157896995544,0.196604083757848,
,,,-3.071E-06,-0.0461298227310181,0.196436719736084,
,,,-3.0708E-06,0.0208157896995544,0.196604083757848,
,,,-3.0706E-06,0.0208157896995544,0.196269355714321,
,,,-3.0704E-06,0.0208157896995544,0.1972735398449,
,,,-3.0702E-06,0.087761402130127,0.197106175823137,
,,,-3.07E-06,0.0208157896995544,0.195934627670795,
,,,-3.0698E-06,-0.0461298227310181,0.196938811801374,
,,,-3.0696E-06,0.0208157896995544,0.196604083757848,
,,,-3.0694E-06,0.0208157896995544,0.197106175823137,
,,,-3.0692E-06,-0.113075435161591,0.196604083757848,
,,,-3.069E-06,0.0208157896995544,0.196604083757848,
,,,-3.0688E-06,0.0208157896995544,0.196771447779611,
,,,-3.0686E-06,-0.113075435161591,0.196604083757848,
,,,-3.0684E-06,0.0208157896995544,0.196269355714321,
,,,-3.0682E-06,0.0208157896995544,0.196771447779611,
,,,-3.068E-06,-0.0461298227310181,0.196101991692558,
,,,-3.0678E-06,-0.0461298227310181,0.196771447779611,
,,,-3.0676E-06,0.0208157896995544,0.197106175823137,
,,,-3.0674E-06,0.0208157896995544,0.196938811801374,
,,,-3.0672E-06,0.0208157896995544,0.1972735398449,
,,,-3.067E-06,0.0208157896995544,0.196604083757848,
,,,-3.0668E-06,0.0208157896995544,0.196604083757848,
,,,-3.0666E-06,0.0208157896995544,0.196436719736084,
,,,-3.0664E-06,0.087761402130127,0.197608267888427,
,,,-3.0662E-06,-0.0461298227310181,0.196436719736084,
,,,-3.066E-06,0.087761402130127,0.196604083757848,
,,,-3.0658E-06,0.0208157896995544,0.197106175823137,
,,,-3.0656E-06,0.087761402130127,0.196771447779611,
,,,-3.0654E-06,0.087761402130127,0.196938811801374,
,,,-3.0652E-06,0.0208157896995544,0.196604083757848,
,,,-3.065E-06,0.0208157896995544,0.196436719736084,
,,,-3.0648E-06,-0.0461298227310181,0.196604083757848,
,,,-3.0646E-06,0.087761402130127,0.196604083757848,
,,,-3.0644E-06,0.0208157896995544,0.197106175823137,
,,,-3.0642E-06,0.087761402130127,0.197106175823137,
,,,-3.064E-06,0.221652626991272,0.197106175823137,
,,,-3.0638E-06,-0.113075435161591,0.196771447779611,
,,,-3.0636E-06,0.087761402130127,0.196436719736084,
,,,-3.0634E-06,0.087761402130127,0.197106175823137,
,,,-3.0632E-06,-0.113075435161591,0.196604083757848,
,,,-3.063E-06,0.0208157896995544,0.196771447779611,
,,,-3.0628E-06,0.0208157896995544,0.197440903866664,
,,,-3.0626E-06,-0.0461298227310181,0.1972735398449,
,,,-3.0624E-06,0.0208157896995544,0.197106175823137,
,,,-3.0622E-06,-0.0461298227310181,0.196938811801374,
,,,-3.062E-06,-0.0461298227310181,0.196771447779611,
,,,-3.0618E-06,0.0208157896995544,0.196771447779611,
,,,-3.0616E-06,0.0208157896995544,0.196771447779611,
,,,-3.0614E-06,0.0208157896995544,0.196938811801374,
,,,-3.0612E-06,-0.0461298227310181,0.196771447779611,
,,,-3.061E-06,-0.0461298227310181,0.196604083757848,
,,,-3.0608E-06,0.087761402130127,0.196938811801374,
,,,-3.0606E-06,-0.0461298227310181,0.197106175823137,
,,,-3.0604E-06,0.0208157896995544,0.196771447779611,
,,,-3.0602E-06,-0.0461298227310181,0.196269355714321,
,,,-3.06E-06,0.087761402130127,0.196604083757848,
,,,-3.0598E-06,0.0208157896995544,0.196604083757848,
,,,-3.0596E-06,0.087761402130127,0.196771447779611,
,,,-3.0594E-06,0.087761402130127,0.196604083757848,
,,,-3.0592E-06,0.087761402130127,0.196771447779611,
,,,-3.059E-06,0.087761402130127,0.197440903866664,
,,,-3.0588E-06,-0.113075435161591,0.196604083757848,
,,,-3.0586E-06,0.087761402130127,0.196604083757848,
,,,-3.0584E-06,0.154707014560699,0.196101991692558,
,,,-3.0582E-06,0.0208157896995544,0.196436719736084,
,,,-3.058E-06,0.0208157896995544,0.196269355714321,
,,,-3.0578E-06,0.0208157896995544,0.196604083757848,
,,,-3.0576E-06,0.0208157896995544,0.196101991692558,
,,,-3.0574E-06,-0.0461298227310181,0.196604083757848,
,,,-3.0572E-06,0.087761402130127,0.196269355714321,
,,,-3.057E-06,0.0208157896995544,0.196269355714321,
,,,-3.0568E-06,-0.0461298227310181,0.196771447779611,
,,,-3.0566E-06,0.0208157896995544,0.196436719736084,
,,,-3.0564E-06,-0.0461298227310181,0.196436719736084,
,,,-3.0562E-06,0.0208157896995544,0.196604083757848,
,,,-3.056E-06,0.087761402130127,0.195767263649032,
,,,-3.0558E-06,-0.113075435161591,0.195934627670795,
,,,-3.0556E-06,-0.0461298227310181,0.195934627670795,
,,,-3.0554E-06,0.0208157896995544,0.195599899627268,
,,,-3.0552E-06,0.0208157896995544,0.196101991692558,
,,,-3.055E-06,0.0208157896995544,0.196269355714321,
,,,-3.0548E-06,0.0208157896995544,0.195934627670795,
,,,-3.0546E-06,0.0208157896995544,0.196269355714321,
,,,-3.0544E-06,0.0208157896995544,0.196269355714321,
,,,-3.0542E-06,-0.0461298227310181,0.196101991692558,
,,,-3.054E-06,0.0208157896995544,0.196436719736084,
,,,-3.0538E-06,0.0208157896995544,0.195432535605505,
,,,-3.0536E-06,0.087761402130127,0.196101991692558,
,,,-3.0534E-06,0.0208157896995544,0.195934627670795,
,,,-3.0532E-06,0.0208157896995544,0.196436719736084,
,,,-3.053E-06,-0.0461298227310181,0.195767263649032,
,,,-3.0528E-06,0.087761402130127,0.195097807561979,
,,,-3.0526E-06,0.154707014560699,0.196269355714321,
,,,-3.0524E-06,0.0208157896995544,0.196604083757848,
,,,-3.0522E-06,-0.0461298227310181,0.195934627670795,
,,,-3.052E-06,0.087761402130127,0.196436719736084,
,,,-3.0518E-06,-0.0461298227310181,0.196269355714321,
,,,-3.0516E-06,0.0208157896995544,0.195432535605505,
,,,-3.0514E-06,0.154707014560699,0.196436719736084,
,,,-3.0512E-06,0.154707014560699,0.196101991692558,
,,,-3.051E-06,-0.0461298227310181,0.195934627670795,
,,,-3.0508E-06,0.087761402130127,0.196101991692558,
,,,-3.0506E-06,0.0208157896995544,0.195934627670795,
,,,-3.0504E-06,-0.0461298227310181,0.196436719736084,
,,,-3.0502E-06,-0.0461298227310181,0.196604083757848,
,,,-3.05E-06,0.0208157896995544,0.196604083757848,
,,,-3.0498E-06,0.0208157896995544,0.196938811801374,
,,,-3.0496E-06,0.087761402130127,0.196436719736084,
,,,-3.0494E-06,-0.113075435161591,0.196771447779611,
,,,-3.0492E-06,0.0208157896995544,0.196269355714321,
,,,-3.049E-06,0.0208157896995544,0.197106175823137,
,,,-3.0488E-06,0.0208157896995544,0.197106175823137,
,,,-3.0486E-06,0.087761402130127,0.1972735398449,
,,,-3.0484E-06,0.154707014560699,0.1972735398449,
,,,-3.0482E-06,-0.0461298227310181,0.197608267888427,
,,,-3.048E-06,0.087761402130127,0.197106175823137,
,,,-3.0478E-06,-0.0461298227310181,0.196771447779611,
,,,-3.0476E-06,-0.0461298227310181,0.197106175823137,
,,,-3.0474E-06,-0.0461298227310181,0.196771447779611,
,,,-3.0472E-06,0.087761402130127,0.196938811801374,
,,,-3.047E-06,0.087761402130127,0.197608267888427,
,,,-3.0468E-06,0.087761402130127,0.196771447779611,
,,,-3.0466E-06,0.087761402130127,0.1972735398449,
,,,-3.0464E-06,0.0208157896995544,0.196938811801374,
,,,-3.0462E-06,0.087761402130127,0.196938811801374,
,,,-3.046E-06,-0.0461298227310181,0.197106175823137,
,,,-3.0458E-06,-0.0461298227310181,0.196938811801374,
,,,-3.0456E-06,0.0208157896995544,0.1972735398449,
,,,-3.0454E-06,-0.0461298227310181,0.197440903866664,
,,,-3.0452E-06,0.0208157896995544,0.197608267888427,
,,,-3.045E-06,0.0208157896995544,0.197608267888427,
,,,-3.0448E-06,0.087761402130127,0.1972735398449,
,,,-3.0446E-06,0.0208157896995544,0.19777563191019,
,,,-3.0444E-06,0.087761402130127,0.1972735398449,
,,,-3.0442E-06,0.0208157896995544,0.197440903866664,
,,,-3.044E-06,0.0208157896995544,0.197608267888427,
,,,-3.0438E-06,0.0208157896995544,0.1972735398449,
,,,-3.0436E-06,-0.0461298227310181,0.196771447779611,
,,,-3.0434E-06,-0.0461298227310181,0.19777563191019,
,,,-3.0432E-06,0.0208157896995544,0.197440903866664,
,,,-3.043E-06,0.0208157896995544,0.197608267888427,
,,,-3.0428E-06,-0.0461298227310181,0.1972735398449,
,,,-3.0426E-06,-0.0461298227310181,0.198445087997243,
,,,-3.0424E-06,0.0208157896995544,0.196436719736084,
,,,-3.0422E-06,-0.0461298227310181,0.197440903866664,
,,,-3.042E-06,0.0208157896995544,0.19777563191019,
,,,-3.0418E-06,-0.0461298227310181,0.196771447779611,
,,,-3.0416E-06,-0.0461298227310181,0.196604083757848,
,,,-3.0414E-06,0.0208157896995544,0.19777563191019,
,,,-3.0412E-06,0.0208157896995544,0.196771447779611,
,,,-3.041E-06,-0.0461298227310181,0.196269355714321,
,,,-3.0408E-06,0.087761402130127,0.196771447779611,
,,,-3.0406E-06,0.087761402130127,0.196771447779611,
,,,-3.0404E-06,0.0208157896995544,0.196436719736084,
,,,-3.0402E-06,0.0208157896995544,0.197106175823137,
,,,-3.04E-06,0.0208157896995544,0.196771447779611,
,,,-3.0398E-06,0.0208157896995544,0.196604083757848,
,,,-3.0396E-06,0.0208157896995544,0.1972735398449,
,,,-3.0394E-06,0.0208157896995544,0.1972735398449,
,,,-3.0392E-06,0.0208157896995544,0.196938811801374,
,,,-3.039E-06,0.0208157896995544,0.196771447779611,
,,,-3.0388E-06,0.0208157896995544,0.196771447779611,
,,,-3.0386E-06,0.0208157896995544,0.1972735398449,
,,,-3.0384E-06,0.087761402130127,0.197440903866664,
,,,-3.0382E-06,-0.0461298227310181,0.196938811801374,
,,,-3.038E-06,-0.0461298227310181,0.196604083757848,
,,,-3.0378E-06,0.0208157896995544,0.197440903866664,
,,,-3.0376E-06,0.087761402130127,0.196771447779611,
,,,-3.0374E-06,-0.0461298227310181,0.196771447779611,
,,,-3.0372E-06,-0.113075435161591,0.1972735398449,
,,,-3.037E-06,0.0208157896995544,0.1972735398449,
,,,-3.0368E-06,0.087761402130127,0.197440903866664,
,,,-3.0366E-06,-0.113075435161591,0.1972735398449,
,,,-3.0364E-06,0.0208157896995544,0.197106175823137,
,,,-3.0362E-06,0.0208157896995544,0.197106175823137,
,,,-3.036E-06,0.0208157896995544,0.197106175823137,
,,,-3.0358E-06,-0.0461298227310181,0.196938811801374,
,,,-3.0356E-06,-0.0461298227310181,0.197440903866664,
,,,-3.0354E-06,0.0208157896995544,0.197440903866664,
,,,-3.0352E-06,-0.0461298227310181,0.196604083757848,
,,,-3.035E-06,-0.0461298227310181,0.196938811801374,
,,,-3.0348E-06,0.0208157896995544,0.197106175823137,
,,,-3.0346E-06,0.0208157896995544,0.1972735398449,
,,,-3.0344E-06,0.0208157896995544,0.196938811801374,
,,,-3.0342E-06,0.087761402130127,0.197440903866664,
,,,-3.034E-06,0.154707014560699,0.197106175823137,
,,,-3.0338E-06,0.0208157896995544,0.197608267888427,
,,,-3.0336E-06,0.0208157896995544,0.197106175823137,
,,,-3.0334E-06,0.087761402130127,0.196938811801374,
,,,-3.0332E-06,0.087761402130127,0.196436719736084,
,,,-3.033E-06,0.087761402130127,0.196436719736084,
,,,-3.0328E-06,0.0208157896995544,0.1972735398449,
,,,-3.0326E-06,-0.0461298227310181,0.1972735398449,
,,,-3.0324E-06,0.087761402130127,0.197608267888427,
,,,-3.0322E-06,0.0208157896995544,0.1972735398449,
,,,-3.032E-06,0.154707014560699,0.1972735398449,
,,,-3.0318E-06,-0.0461298227310181,0.197608267888427,
,,,-3.0316E-06,0.0208157896995544,0.1972735398449,
,,,-3.0314E-06,0.0208157896995544,0.19777563191019,
,,,-3.0312E-06,0.0208157896995544,0.197440903866664,
,,,-3.031E-06,0.0208157896995544,0.197608267888427,
,,,-3.0308E-06,0.0208157896995544,0.198110359953716,
,,,-3.0306E-06,0.087761402130127,0.19777563191019,
,,,-3.0304E-06,-0.0461298227310181,0.197942995931953,
,,,-3.0302E-06,-0.0461298227310181,0.197440903866664,
,,,-3.03E-06,0.0208157896995544,0.197942995931953,
,,,-3.0298E-06,0.0208157896995544,0.197942995931953,
,,,-3.0296E-06,0.087761402130127,0.1972735398449,
,,,-3.0294E-06,-0.113075435161591,0.197440903866664,
,,,-3.0292E-06,0.087761402130127,0.19777563191019,
,,,-3.029E-06,0.0208157896995544,0.197942995931953,
,,,-3.0288E-06,0.0208157896995544,0.19827772397548,
,,,-3.0286E-06,-0.113075435161591,0.198110359953716,
,,,-3.0284E-06,0.0208157896995544,0.197608267888427,
,,,-3.0282E-06,-0.0461298227310181,0.1972735398449,
,,,-3.028E-06,0.087761402130127,0.197942995931953,
,,,-3.0278E-06,0.0208157896995544,0.197942995931953,
,,,-3.0276E-06,0.087761402130127,0.1972735398449,
,,,-3.0274E-06,0.0208157896995544,0.19827772397548,
,,,-3.0272E-06,0.0208157896995544,0.197440903866664,
,,,-3.027E-06,0.154707014560699,0.19777563191019,
,,,-3.0268E-06,0.0208157896995544,0.197942995931953,
,,,-3.0266E-06,-0.0461298227310181,0.197440903866664,
,,,-3.0264E-06,0.0208157896995544,0.1972735398449,
,,,-3.0262E-06,-0.0461298227310181,0.197608267888427,
,,,-3.026E-06,0.0208157896995544,0.198110359953716,
,,,-3.0258E-06,-0.0461298227310181,0.19777563191019,
,,,-3.0256E-06,0.154707014560699,0.198110359953716,
,,,-3.0254E-06,0.0208157896995544,0.19777563191019,
,,,-3.0252E-06,0.087761402130127,0.197608267888427,
,,,-3.025E-06,0.0208157896995544,0.197608267888427,
,,,-3.0248E-06,-0.0461298227310181,0.197106175823137,
,,,-3.0246E-06,0.0208157896995544,0.197942995931953,
,,,-3.0244E-06,0.0208157896995544,0.197608267888427,
,,,-3.0242E-06,0.087761402130127,0.197440903866664,
,,,-3.024E-06,0.0208157896995544,0.19777563191019,
,,,-3.0238E-06,-0.113075435161591,0.197608267888427,
,,,-3.0236E-06,0.0208157896995544,0.198612452019006,
,,,-3.0234E-06,0.087761402130127,0.197440903866664,
,,,-3.0232E-06,0.0208157896995544,0.197608267888427,
,,,-3.023E-06,0.0208157896995544,0.197440903866664,
,,,-3.0228E-06,0.087761402130127,0.1972735398449,
,,,-3.0226E-06,0.087761402130127,0.197106175823137,
,,,-3.0224E-06,0.0208157896995544,0.19777563191019,
,,,-3.0222E-06,-0.0461298227310181,0.198110359953716,
,,,-3.022E-06,0.0208157896995544,0.19777563191019,
,,,-3.0218E-06,-0.113075435161591,0.196938811801374,
,,,-3.0216E-06,0.087761402130127,0.197440903866664,
,,,-3.0214E-06,0.0208157896995544,0.19777563191019,
,,,-3.0212E-06,0.154707014560699,0.196938811801374,
,,,-3.021E-06,0.087761402130127,0.197608267888427,
,,,-3.0208E-06,-0.0461298227310181,0.197440903866664,
,,,-3.0206E-06,0.087761402130127,0.197942995931953,
,,,-3.0204E-06,-0.0461298227310181,0.19777563191019,
,,,-3.0202E-06,0.087761402130127,0.19777563191019,
,,,-3.02E-06,0.087761402130127,0.19777563191019,
,,,-3.0198E-06,-0.113075435161591,0.1972735398449,
,,,-3.0196E-06,0.0208157896995544,0.197608267888427,
,,,-3.0194E-06,0.087761402130127,0.197942995931953,
,,,-3.0192E-06,0.0208157896995544,0.197942995931953,
,,,-3.019E-06,-0.0461298227310181,0.197440903866664,
,,,-3.0188E-06,0.0208157896995544,0.197106175823137,
,,,-3.0186E-06,0.087761402130127,0.197106175823137,
,,,-3.0184E-06,-0.0461298227310181,0.197106175823137,
,,,-3.0182E-06,-0.0461298227310181,0.197608267888427,
,,,-3.018E-06,0.0208157896995544,0.198110359953716,
,,,-3.0178E-06,0.087761402130127,0.197440903866664,
,,,-3.0176E-06,0.0208157896995544,0.1972735398449,
,,,-3.0174E-06,-0.113075435161591,0.197106175823137,
,,,-3.0172E-06,0.0208157896995544,0.19827772397548,
,,,-3.017E-06,0.0208157896995544,0.19777563191019,
,,,-3.0168E-06,0.0208157896995544,0.197942995931953,
,,,-3.0166E-06,-0.0461298227310181,0.196938811801374,
,,,-3.0164E-06,0.0208157896995544,0.197440903866664,
,,,-3.0162E-06,0.0208157896995544,0.1972735398449,
,,,-3.016E-06,0.087761402130127,0.197106175823137,
,,,-3.0158E-06,-0.180021047592163,0.1972735398449,
,,,-3.0156E-06,-0.0461298227310181,0.197942995931953,
,,,-3.0154E-06,-0.0461298227310181,0.196771447779611,
,,,-3.0152E-06,0.0208157896995544,0.197440903866664,
,,,-3.015E-06,-0.0461298227310181,0.1972735398449,
,,,-3.0148E-06,0.154707014560699,0.197440903866664,
,,,-3.0146E-06,0.0208157896995544,0.19777563191019,
,,,-3.0144E-06,-0.0461298227310181,0.196436719736084,
,,,-3.0142E-06,0.154707014560699,0.1972735398449,
,,,-3.014E-06,0.0208157896995544,0.198110359953716,
,,,-3.0138E-06,-0.0461298227310181,0.1972735398449,
,,,-3.0136E-06,0.0208157896995544,0.197942995931953,
,,,-3.0134E-06,0.0208157896995544,0.19777563191019,
,,,-3.0132E-06,-0.0461298227310181,0.1972735398449,
,,,-3.013E-06,-0.0461298227310181,0.196938811801374,
,,,-3.0128E-06,0.154707014560699,0.197608267888427,
,,,-3.0126E-06,0.0208157896995544,0.197106175823137,
,,,-3.0124E-06,0.087761402130127,0.196604083757848,
,,,-3.0122E-06,0.0208157896995544,0.19777563191019,
,,,-3.012E-06,-0.0461298227310181,0.1972735398449,
,,,-3.0118E-06,-0.0461298227310181,0.19777563191019,
,,,-3.0116E-06,0.0208157896995544,0.197440903866664,
,,,-3.0114E-06,0.087761402130127,0.197942995931953,
,,,-3.0112E-06,0.087761402130127,0.197608267888427,
,,,-3.011E-06,-0.0461298227310181,0.196771447779611,
,,,-3.0108E-06,0.0208157896995544,0.1972735398449,
,,,-3.0106E-06,0.087761402130127,0.19777563191019,
,,,-3.0104E-06,-0.0461298227310181,0.196269355714321,
,,,-3.0102E-06,-0.0461298227310181,0.197106175823137,
,,,-3.01E-06,0.0208157896995544,0.197440903866664,
,,,-3.0098E-06,0.0208157896995544,0.197440903866664,
,,,-3.0096E-06,0.0208157896995544,0.197440903866664,
,,,-3.0094E-06,-0.0461298227310181,0.19827772397548,
,,,-3.0092E-06,0.0208157896995544,0.196604083757848,
,,,-3.009E-06,0.0208157896995544,0.197608267888427,
,,,-3.0088E-06,0.087761402130127,0.197440903866664,
,,,-3.0086E-06,0.0208157896995544,0.197608267888427,
,,,-3.0084E-06,0.154707014560699,0.19777563191019,
,,,-3.0082E-06,0.0208157896995544,0.19777563191019,
,,,-3.008E-06,0.0208157896995544,0.1972735398449,
,,,-3.0078E-06,0.154707014560699,0.197440903866664,
,,,-3.0076E-06,-0.0461298227310181,0.197942995931953,
,,,-3.0074E-06,0.0208157896995544,0.198110359953716,
,,,-3.0072E-06,-0.0461298227310181,0.19777563191019,
,,,-3.007E-06,0.0208157896995544,0.1972735398449,
,,,-3.0068E-06,0.0208157896995544,0.197942995931953,
,,,-3.0066E-06,0.0208157896995544,0.1972735398449,
,,,-3.0064E-06,0.087761402130127,0.197106175823137,
,,,-3.0062E-06,0.0208157896995544,0.198110359953716,
,,,-3.006E-06,0.0208157896995544,0.1972735398449,
,,,-3.0058E-06,0.0208157896995544,0.197608267888427,
,,,-3.0056E-06,0.0208157896995544,0.1972735398449,
,,,-3.0054E-06,-0.0461298227310181,0.197608267888427,
,,,-3.0052E-06,0.0208157896995544,0.19827772397548,
,,,-3.005E-06,0.0208157896995544,0.197106175823137,
,,,-3.0048E-06,0.0208157896995544,0.196604083757848,
,,,-3.0046E-06,-0.0461298227310181,0.197440903866664,
,,,-3.0044E-06,-0.0461298227310181,0.197608267888427,
,,,-3.0042E-06,0.087761402130127,0.196436719736084,
,,,-3.004E-06,0.0208157896995544,0.196604083757848,
,,,-3.0038E-06,0.0208157896995544,0.196771447779611,
,,,-3.0036E-06,0.0208157896995544,0.197106175823137,
,,,-3.0034E-06,-0.113075435161591,0.19777563191019,
,,,-3.0032E-06,0.0208157896995544,0.197440903866664,
,,,-3.003E-06,-0.0461298227310181,0.19777563191019,
,,,-3.0028E-06,0.0208157896995544,0.196771447779611,
,,,-3.0026E-06,-0.0461298227310181,0.196604083757848,
,,,-3.0024E-06,0.0208157896995544,0.196771447779611,
,,,-3.0022E-06,0.0208157896995544,0.197440903866664,
,,,-3.002E-06,0.0208157896995544,0.197608267888427,
,,,-3.0018E-06,0.0208157896995544,0.197106175823137,
,,,-3.0016E-06,-0.0461298227310181,0.1972735398449,
,,,-3.0014E-06,0.0208157896995544,0.196604083757848,
,,,-3.0012E-06,0.0208157896995544,0.197440903866664,
,,,-3.001E-06,0.0208157896995544,0.197106175823137,
,,,-3.0008E-06,0.0208157896995544,0.197106175823137,
,,,-3.0006E-06,-0.113075435161591,0.1972735398449,
,,,-3.0004E-06,0.0208157896995544,0.1972735398449,
,,,-3.0002E-06,0.0208157896995544,0.197608267888427,
,,,-3E-06,0.0208157896995544,0.1972735398449,
,,,-2.9998E-06,-0.0461298227310181,0.197440903866664,
,,,-2.9996E-06,0.0208157896995544,0.1972735398449,
,,,-2.9994E-06,-0.0461298227310181,0.197106175823137,
,,,-2.9992E-06,0.0208157896995544,0.197440903866664,
,,,-2.999E-06,0.0208157896995544,0.1972735398449,
,,,-2.9988E-06,0.0208157896995544,0.19777563191019,
,,,-2.9986E-06,-0.0461298227310181,0.196938811801374,
,,,-2.9984E-06,-0.0461298227310181,0.197608267888427,
,,,-2.9982E-06,-0.0461298227310181,0.1972735398449,
,,,-2.998E-06,-0.0461298227310181,0.197440903866664,
,,,-2.9978E-06,0.0208157896995544,0.1972735398449,
,,,-2.9976E-06,0.0208157896995544,0.196436719736084,
,,,-2.9974E-06,-0.0461298227310181,0.197106175823137,
,,,-2.9972E-06,-0.0461298227310181,0.197106175823137,
,,,-2.997E-06,-0.0461298227310181,0.197608267888427,
,,,-2.9968E-06,0.0208157896995544,0.1972735398449,
,,,-2.9966E-06,-0.113075435161591,0.1972735398449,
,,,-2.9964E-06,0.087761402130127,0.197608267888427,
,,,-2.9962E-06,0.0208157896995544,0.196938811801374,
,,,-2.996E-06,0.0208157896995544,0.196938811801374,
,,,-2.9958E-06,-0.0461298227310181,0.196604083757848,
,,,-2.9956E-06,0.0208157896995544,0.197106175823137,
,,,-2.9954E-06,0.0208157896995544,0.197942995931953,
,,,-2.9952E-06,-0.0461298227310181,0.197608267888427,
,,,-2.995E-06,0.087761402130127,0.196771447779611,
,,,-2.9948E-06,0.0208157896995544,0.197440903866664,
,,,-2.9946E-06,-0.0461298227310181,0.1972735398449,
,,,-2.9944E-06,0.0208157896995544,0.1972735398449,
,,,-2.9942E-06,0.087761402130127,0.197440903866664,
,,,-2.994E-06,0.0208157896995544,0.197440903866664,
,,,-2.9938E-06,0.087761402130127,0.197608267888427,
,,,-2.9936E-06,0.154707014560699,0.197106175823137,
,,,-2.9934E-06,-0.0461298227310181,0.197440903866664,
,,,-2.9932E-06,0.0208157896995544,0.197106175823137,
,,,-2.993E-06,0.0208157896995544,0.197440903866664,
,,,-2.9928E-06,0.0208157896995544,0.197106175823137,
,,,-2.9926E-06,0.0208157896995544,0.198612452019006,
,,,-2.9924E-06,-0.113075435161591,0.197608267888427,
,,,-2.9922E-06,0.087761402130127,0.1972735398449,
,,,-2.992E-06,0.087761402130127,0.19777563191019,
,,,-2.9918E-06,-0.246966660022736,0.196771447779611,
,,,-2.9916E-06,0.0208157896995544,0.197608267888427,
,,,-2.9914E-06,0.0208157896995544,0.197440903866664,
,,,-2.9912E-06,-0.0461298227310181,0.197608267888427,
,,,-2.991E-06,0.0208157896995544,0.197106175823137,
,,,-2.9908E-06,-0.0461298227310181,0.197106175823137,
,,,-2.9906E-06,-0.0461298227310181,0.196771447779611,
,,,-2.9904E-06,0.0208157896995544,0.196604083757848,
,,,-2.9902E-06,-0.0461298227310181,0.197440903866664,
,,,-2.99E-06,-0.0461298227310181,0.197440903866664,
,,,-2.9898E-06,-0.113075435161591,0.197440903866664,
,,,-2.9896E-06,0.0208157896995544,0.1972735398449,
,,,-2.9894E-06,0.087761402130127,0.1972735398449,
,,,-2.9892E-06,0.087761402130127,0.196771447779611,
,,,-2.989E-06,0.0208157896995544,0.1972735398449,
,,,-2.9888E-06,-0.0461298227310181,0.1972735398449,
,,,-2.9886E-06,-0.0461298227310181,0.197608267888427,
,,,-2.9884E-06,0.0208157896995544,0.197608267888427,
,,,-2.9882E-06,0.087761402130127,0.197106175823137,
,,,-2.988E-06,0.0208157896995544,0.197106175823137,
,,,-2.9878E-06,-0.0461298227310181,0.1972735398449,
,,,-2.9876E-06,0.0208157896995544,0.197440903866664,
,,,-2.9874E-06,0.0208157896995544,0.196436719736084,
,,,-2.9872E-06,0.087761402130127,0.1972735398449,
,,,-2.987E-06,-0.0461298227310181,0.198110359953716,
,,,-2.9868E-06,0.0208157896995544,0.19777563191019,
,,,-2.9866E-06,-0.0461298227310181,0.197608267888427,
,,,-2.9864E-06,-0.0461298227310181,0.196938811801374,
,,,-2.9862E-06,0.0208157896995544,0.196771447779611,
,,,-2.986E-06,0.0208157896995544,0.197106175823137,
,,,-2.9858E-06,0.0208157896995544,0.197608267888427,
,,,-2.9856E-06,0.0208157896995544,0.196771447779611,
,,,-2.9854E-06,-0.180021047592163,0.196771447779611,
,,,-2.9852E-06,-0.0461298227310181,0.197440903866664,
,,,-2.985E-06,0.087761402130127,0.197440903866664,
,,,-2.9848E-06,0.0208157896995544,0.197106175823137,
,,,-2.9846E-06,-0.0461298227310181,0.197106175823137,
,,,-2.9844E-06,0.087761402130127,0.1972735398449,
,,,-2.9842E-06,-0.0461298227310181,0.197106175823137,
,,,-2.984E-06,0.087761402130127,0.197608267888427,
,,,-2.9838E-06,0.0208157896995544,0.197440903866664,
,,,-2.9836E-06,0.0208157896995544,0.19777563191019,
,,,-2.9834E-06,-0.113075435161591,0.19777563191019,
,,,-2.9832E-06,0.0208157896995544,0.1972735398449,
,,,-2.983E-06,0.087761402130127,0.1972735398449,
,,,-2.9828E-06,0.087761402130127,0.196771447779611,
,,,-2.9826E-06,0.0208157896995544,0.197440903866664,
,,,-2.9824E-06,0.0208157896995544,0.196771447779611,
,,,-2.9822E-06,0.087761402130127,0.196771447779611,
,,,-2.982E-06,0.0208157896995544,0.197440903866664,
,,,-2.9818E-06,-0.0461298227310181,0.197608267888427,
,,,-2.9816E-06,0.087761402130127,0.197440903866664,
,,,-2.9814E-06,-0.0461298227310181,0.196938811801374,
,,,-2.9812E-06,0.0208157896995544,0.197608267888427,
,,,-2.981E-06,-0.0461298227310181,0.1972735398449,
,,,-2.9808E-06,0.087761402130127,0.197106175823137,
,,,-2.9806E-06,-0.0461298227310181,0.197608267888427,
,,,-2.9804E-06,0.0208157896995544,0.197608267888427,
,,,-2.9802E-06,0.0208157896995544,0.197608267888427,
,,,-2.98E-06,0.0208157896995544,0.197440903866664,
,,,-2.9798E-06,-0.0461298227310181,0.197106175823137,
,,,-2.9796E-06,0.0208157896995544,0.1972735398449,
,,,-2.9794E-06,0.0208157896995544,0.197440903866664,
,,,-2.9792E-06,0.087761402130127,0.197106175823137,
,,,-2.979E-06,-0.0461298227310181,0.196771447779611,
,,,-2.9788E-06,0.0208157896995544,0.197440903866664,
,,,-2.9786E-06,0.0208157896995544,0.1972735398449,
,,,-2.9784E-06,-0.0461298227310181,0.196269355714321,
,,,-2.9782E-06,0.0208157896995544,0.197106175823137,
,,,-2.978E-06,0.0208157896995544,0.197106175823137,
,,,-2.9778E-06,-0.0461298227310181,0.197106175823137,
,,,-2.9776E-06,-0.0461298227310181,0.197608267888427,
,,,-2.9774E-06,0.0208157896995544,0.196938811801374,
,,,-2.9772E-06,-0.0461298227310181,0.1972735398449,
,,,-2.977E-06,0.0208157896995544,0.197440903866664,
,,,-2.9768E-06,0.0208157896995544,0.197440903866664,
,,,-2.9766E-06,0.0208157896995544,0.197440903866664,
,,,-2.9764E-06,0.087761402130127,0.197106175823137,
,,,-2.9762E-06,0.087761402130127,0.197106175823137,
,,,-2.976E-06,0.087761402130127,0.196938811801374,
,,,-2.9758E-06,0.087761402130127,0.1972735398449,
,,,-2.9756E-06,-0.0461298227310181,0.196771447779611,
,,,-2.9754E-06,0.087761402130127,0.197106175823137,
,,,-2.9752E-06,0.087761402130127,0.196938811801374,
,,,-2.975E-06,-0.113075435161591,0.196938811801374,
,,,-2.9748E-06,0.0208157896995544,0.196938811801374,
,,,-2.9746E-06,0.0208157896995544,0.1972735398449,
,,,-2.9744E-06,-0.0461298227310181,0.19777563191019,
,,,-2.9742E-06,-0.0461298227310181,0.196604083757848,
,,,-2.974E-06,0.0208157896995544,0.197608267888427,
,,,-2.9738E-06,0.0208157896995544,0.197440903866664,
,,,-2.9736E-06,0.0208157896995544,0.1972735398449,
,,,-2.9734E-06,-0.0461298227310181,0.196938811801374,
,,,-2.9732E-06,0.0208157896995544,0.197440903866664,
,,,-2.973E-06,0.0208157896995544,0.196938811801374,
,,,-2.9728E-06,0.087761402130127,0.1972735398449,
,,,-2.9726E-06,-0.0461298227310181,0.197106175823137,
,,,-2.9724E-06,-0.0461298227310181,0.196938811801374,
,,,-2.9722E-06,0.0208157896995544,0.1972735398449,
,,,-2.972E-06,0.0208157896995544,0.197106175823137,
,,,-2.9718E-06,-0.0461298227310181,0.197106175823137,
,,,-2.9716E-06,0.0208157896995544,0.197608267888427,
,,,-2.9714E-06,-0.0461298227310181,0.197106175823137,
,,,-2.9712E-06,-0.0461298227310181,0.19827772397548,
,,,-2.971E-06,0.0208157896995544,0.197608267888427,
,,,-2.9708E-06,0.0208157896995544,0.1972735398449,
,,,-2.9706E-06,0.0208157896995544,0.196604083757848,
,,,-2.9704E-06,0.087761402130127,0.19777563191019,
,,,-2.9702E-06,0.0208157896995544,0.19777563191019,
,,,-2.97E-06,0.087761402130127,0.197942995931953,
,,,-2.9698E-06,-0.0461298227310181,0.197106175823137,
,,,-2.9696E-06,-0.0461298227310181,0.197608267888427,
,,,-2.9694E-06,0.087761402130127,0.1972735398449,
,,,-2.9692E-06,0.0208157896995544,0.197440903866664,
,,,-2.969E-06,-0.0461298227310181,0.197608267888427,
,,,-2.9688E-06,0.087761402130127,0.197440903866664,
,,,-2.9686E-06,-0.113075435161591,0.197608267888427,
,,,-2.9684E-06,-0.0461298227310181,0.197608267888427,
,,,-2.9682E-06,0.0208157896995544,0.197942995931953,
,,,-2.968E-06,0.0208157896995544,0.197942995931953,
,,,-2.9678E-06,-0.0461298227310181,0.19777563191019,
,,,-2.9676E-06,0.0208157896995544,0.19777563191019,
,,,-2.9674E-06,0.0208157896995544,0.19777563191019,
,,,-2.9672E-06,-0.0461298227310181,0.197942995931953,
,,,-2.967E-06,0.0208157896995544,0.197942995931953,
,,,-2.9668E-06,0.0208157896995544,0.1972735398449,
,,,-2.9666E-06,0.0208157896995544,0.197608267888427,
,,,-2.9664E-06,0.087761402130127,0.197608267888427,
,,,-2.9662E-06,-0.0461298227310181,0.197440903866664,
,,,-2.966E-06,0.087761402130127,0.19777563191019,
,,,-2.9658E-06,-0.113075435161591,0.197440903866664,
,,,-2.9656E-06,0.0208157896995544,0.197106175823137,
,,,-2.9654E-06,-0.0461298227310181,0.197942995931953,
,,,-2.9652E-06,-0.0461298227310181,0.198110359953716,
,,,-2.965E-06,0.087761402130127,0.19777563191019,
,,,-2.9648E-06,-0.0461298227310181,0.197440903866664,
,,,-2.9646E-06,-0.113075435161591,0.197608267888427,
,,,-2.9644E-06,0.0208157896995544,0.197440903866664,
,,,-2.9642E-06,0.0208157896995544,0.1972735398449,
,,,-2.964E-06,0.0208157896995544,0.196771447779611,
,,,-2.9638E-06,0.0208157896995544,0.197440903866664,
,,,-2.9636E-06,0.0208157896995544,0.197440903866664,
,,,-2.9634E-06,0.0208157896995544,0.197440903866664,
,,,-2.9632E-06,0.0208157896995544,0.1972735398449,
,,,-2.963E-06,0.087761402130127,0.197608267888427,
,,,-2.9628E-06,0.0208157896995544,0.197440903866664,
,,,-2.9626E-06,-0.0461298227310181,0.197608267888427,
,,,-2.9624E-06,0.0208157896995544,0.197106175823137,
,,,-2.9622E-06,-0.0461298227310181,0.197608267888427,
,,,-2.962E-06,0.154707014560699,0.19777563191019,
,,,-2.9618E-06,-0.0461298227310181,0.19827772397548,
,,,-2.9616E-06,0.0208157896995544,0.198110359953716,
,,,-2.9614E-06,0.0208157896995544,0.197440903866664,
,,,-2.9612E-06,0.0208157896995544,0.196938811801374,
,,,-2.961E-06,-0.0461298227310181,0.197440903866664,
,,,-2.9608E-06,-0.113075435161591,0.196436719736084,
,,,-2.9606E-06,0.0208157896995544,0.197106175823137,
,,,-2.9604E-06,-0.0461298227310181,0.197106175823137,
,,,-2.9602E-06,0.0208157896995544,0.19777563191019,
,,,-2.96E-06,0.087761402130127,0.197106175823137,
,,,-2.9598E-06,-0.0461298227310181,0.1972735398449,
,,,-2.9596E-06,0.0208157896995544,0.197942995931953,
,,,-2.9594E-06,0.0208157896995544,0.198110359953716,
,,,-2.9592E-06,0.0208157896995544,0.197106175823137,
,,,-2.959E-06,-0.0461298227310181,0.1972735398449,
,,,-2.9588E-06,0.0208157896995544,0.197608267888427,
,,,-2.9586E-06,-0.113075435161591,0.197106175823137,
,,,-2.9584E-06,-0.0461298227310181,0.197106175823137,
,,,-2.9582E-06,-0.0461298227310181,0.197608267888427,
,,,-2.958E-06,-0.0461298227310181,0.197440903866664,
,,,-2.9578E-06,-0.113075435161591,0.196938811801374,
,,,-2.9576E-06,0.0208157896995544,0.197608267888427,
,,,-2.9574E-06,0.087761402130127,0.197942995931953,
,,,-2.9572E-06,0.087761402130127,0.1972735398449,
,,,-2.957E-06,0.087761402130127,0.197440903866664,
,,,-2.9568E-06,0.087761402130127,0.197608267888427,
,,,-2.9566E-06,0.0208157896995544,0.196938811801374,
,,,-2.9564E-06,-0.0461298227310181,0.197440903866664,
,,,-2.9562E-06,-0.0461298227310181,0.1972735398449,
,,,-2.956E-06,0.0208157896995544,0.197942995931953,
,,,-2.9558E-06,-0.0461298227310181,0.197440903866664,
,,,-2.9556E-06,0.0208157896995544,0.197608267888427,
,,,-2.9554E-06,0.0208157896995544,0.196938811801374,
,,,-2.9552E-06,0.087761402130127,0.197106175823137,
,,,-2.955E-06,-0.0461298227310181,0.197608267888427,
,,,-2.9548E-06,0.087761402130127,0.198445087997243,
,,,-2.9546E-06,0.0208157896995544,0.19777563191019,
,,,-2.9544E-06,-0.0461298227310181,0.197106175823137,
,,,-2.9542E-06,0.0208157896995544,0.197608267888427,
,,,-2.954E-06,0.0208157896995544,0.19777563191019,
,,,-2.9538E-06,0.087761402130127,0.19777563191019,
,,,-2.9536E-06,0.0208157896995544,0.196938811801374,
,,,-2.9534E-06,-0.0461298227310181,0.196938811801374,
,,,-2.9532E-06,-0.0461298227310181,0.1972735398449,
,,,-2.953E-06,0.0208157896995544,0.197440903866664,
,,,-2.9528E-06,0.0208157896995544,0.197106175823137,
,,,-2.9526E-06,-0.0461298227310181,0.197440903866664,
,,,-2.9524E-06,-0.0461298227310181,0.197106175823137,
,,,-2.9522E-06,-0.0461298227310181,0.197608267888427,
,,,-2.952E-06,0.0208157896995544,0.19777563191019,
,,,-2.9518E-06,0.0208157896995544,0.1972735398449,
,,,-2.9516E-06,0.087761402130127,0.196938811801374,
,,,-2.9514E-06,-0.113075435161591,0.196938811801374,
,,,-2.9512E-06,0.087761402130127,0.197440903866664,
,,,-2.951E-06,-0.0461298227310181,0.197440903866664,
,,,-2.9508E-06,0.0208157896995544,0.196604083757848,
,,,-2.9506E-06,0.0208157896995544,0.1972735398449,
,,,-2.9504E-06,0.0208157896995544,0.1972735398449,
,,,-2.9502E-06,0.0208157896995544,0.196604083757848,
,,,-2.95E-06,-0.113075435161591,0.1972735398449,
,,,-2.9498E-06,0.0208157896995544,0.197608267888427,
,,,-2.9496E-06,0.0208157896995544,0.196771447779611,
,,,-2.9494E-06,-0.0461298227310181,0.197106175823137,
,,,-2.9492E-06,-0.0461298227310181,0.197440903866664,
,,,-2.949E-06,-0.0461298227310181,0.19777563191019,
,,,-2.9488E-06,0.087761402130127,0.1972735398449,
,,,-2.9486E-06,-0.0461298227310181,0.197106175823137,
,,,-2.9484E-06,-0.0461298227310181,0.1972735398449,
,,,-2.9482E-06,-0.0461298227310181,0.19777563191019,
,,,-2.948E-06,-0.0461298227310181,0.19777563191019,
,,,-2.9478E-06,-0.113075435161591,0.197440903866664,
,,,-2.9476E-06,-0.113075435161591,0.197608267888427,
,,,-2.9474E-06,-0.113075435161591,0.196938811801374,
,,,-2.9472E-06,0.0208157896995544,0.197608267888427,
,,,-2.947E-06,-0.180021047592163,0.1972735398449,
,,,-2.9468E-06,-0.0461298227310181,0.197608267888427,
,,,-2.9466E-06,0.0208157896995544,0.197608267888427,
,,,-2.9464E-06,-0.0461298227310181,0.196604083757848,
,,,-2.9462E-06,-0.0461298227310181,0.196938811801374,
,,,-2.946E-06,0.087761402130127,0.197440903866664,
,,,-2.9458E-06,-0.0461298227310181,0.198110359953716,
,,,-2.9456E-06,-0.0461298227310181,0.197942995931953,
,,,-2.9454E-06,-0.113075435161591,0.197106175823137,
,,,-2.9452E-06,0.087761402130127,0.197608267888427,
,,,-2.945E-06,-0.0461298227310181,0.197440903866664,
,,,-2.9448E-06,0.0208157896995544,0.196771447779611,
,,,-2.9446E-06,-0.0461298227310181,0.197608267888427,
,,,-2.9444E-06,0.0208157896995544,0.1972735398449,
,,,-2.9442E-06,0.0208157896995544,0.19777563191019,
,,,-2.944E-06,-0.0461298227310181,0.197608267888427,
,,,-2.9438E-06,0.221652626991272,0.197106175823137,
,,,-2.9436E-06,0.0208157896995544,0.197106175823137,
,,,-2.9434E-06,-0.113075435161591,0.196938811801374,
,,,-2.9432E-06,0.087761402130127,0.1972735398449,
,,,-2.943E-06,-0.0461298227310181,0.19777563191019,
,,,-2.9428E-06,-0.113075435161591,0.197106175823137,
,,,-2.9426E-06,0.0208157896995544,0.197106175823137,
,,,-2.9424E-06,0.154707014560699,0.197106175823137,
,,,-2.9422E-06,-0.0461298227310181,0.196938811801374,
,,,-2.942E-06,0.0208157896995544,0.197942995931953,
,,,-2.9418E-06,-0.0461298227310181,0.198110359953716,
,,,-2.9416E-06,-0.0461298227310181,0.196938811801374,
,,,-2.9414E-06,-0.0461298227310181,0.1972735398449,
,,,-2.9412E-06,0.0208157896995544,0.197106175823137,
,,,-2.941E-06,0.0208157896995544,0.197440903866664,
,,,-2.9408E-06,0.0208157896995544,0.196938811801374,
,,,-2.9406E-06,-0.113075435161591,0.1972735398449,
,,,-2.9404E-06,-0.0461298227310181,0.196938811801374,
,,,-2.9402E-06,0.0208157896995544,0.1972735398449,
,,,-2.94E-06,0.087761402130127,0.197440903866664,
,,,-2.9398E-06,-0.0461298227310181,0.196938811801374,
,,,-2.9396E-06,0.087761402130127,0.197608267888427,
,,,-2.9394E-06,-0.0461298227310181,0.19777563191019,
,,,-2.9392E-06,-0.0461298227310181,0.197106175823137,
,,,-2.939E-06,-0.0461298227310181,0.197942995931953,
,,,-2.9388E-06,0.0208157896995544,0.197608267888427,
,,,-2.9386E-06,0.0208157896995544,0.1972735398449,
,,,-2.9384E-06,0.087761402130127,0.197608267888427,
,,,-2.9382E-06,-0.0461298227310181,0.197106175823137,
,,,-2.938E-06,0.0208157896995544,0.197106175823137,
,,,-2.9378E-06,-0.0461298227310181,0.19777563191019,
,,,-2.9376E-06,0.0208157896995544,0.19777563191019,
,,,-2.9374E-06,-0.0461298227310181,0.1972735398449,
,,,-2.9372E-06,0.0208157896995544,0.197106175823137,
,,,-2.937E-06,0.0208157896995544,0.197608267888427,
,,,-2.9368E-06,0.0208157896995544,0.197608267888427,
,,,-2.9366E-06,-0.113075435161591,0.1972735398449,
,,,-2.9364E-06,0.0208157896995544,0.198445087997243,
,,,-2.9362E-06,0.0208157896995544,0.197608267888427,
,,,-2.936E-06,0.087761402130127,0.197106175823137,
,,,-2.9358E-06,-0.0461298227310181,0.197440903866664,
,,,-2.9356E-06,0.0208157896995544,0.197608267888427,
,,,-2.9354E-06,0.0208157896995544,0.197440903866664,
,,,-2.9352E-06,-0.0461298227310181,0.197942995931953,
,,,-2.935E-06,-0.0461298227310181,0.197440903866664,
,,,-2.9348E-06,0.0208157896995544,0.197440903866664,
,,,-2.9346E-06,-0.0461298227310181,0.197608267888427,
,,,-2.9344E-06,0.087761402130127,0.19777563191019,
,,,-2.9342E-06,-0.0461298227310181,0.197608267888427,
,,,-2.934E-06,0.0208157896995544,0.197106175823137,
,,,-2.9338E-06,0.0208157896995544,0.197942995931953,
,,,-2.9336E-06,0.0208157896995544,0.197106175823137,
,,,-2.9334E-06,0.0208157896995544,0.19777563191019,
,,,-2.9332E-06,-0.0461298227310181,0.197608267888427,
,,,-2.933E-06,0.087761402130127,0.197440903866664,
,,,-2.9328E-06,0.0208157896995544,0.197608267888427,
,,,-2.9326E-06,-0.0461298227310181,0.197608267888427,
,,,-2.9324E-06,0.0208157896995544,0.197440903866664,
,,,-2.9322E-06,0.0208157896995544,0.197106175823137,
,,,-2.932E-06,0.087761402130127,0.197106175823137,
,,,-2.9318E-06,-0.0461298227310181,0.197942995931953,
,,,-2.9316E-06,0.221652626991272,0.197440903866664,
,,,-2.9314E-06,-0.113075435161591,0.1972735398449,
,,,-2.9312E-06,0.0208157896995544,0.196938811801374,
,,,-2.931E-06,0.0208157896995544,0.197440903866664,
,,,-2.9308E-06,-0.113075435161591,0.1972735398449,
,,,-2.9306E-06,0.0208157896995544,0.197106175823137,
,,,-2.9304E-06,0.0208157896995544,0.197106175823137,
,,,-2.9302E-06,-0.0461298227310181,0.196771447779611,
,,,-2.93E-06,0.087761402130127,0.196771447779611,
,,,-2.9298E-06,0.0208157896995544,0.197106175823137,
,,,-2.9296E-06,0.087761402130127,0.1972735398449,
,,,-2.9294E-06,-0.0461298227310181,0.196938811801374,
,,,-2.9292E-06,0.087761402130127,0.1972735398449,
,,,-2.929E-06,0.087761402130127,0.196436719736084,
,,,-2.9288E-06,0.0208157896995544,0.1972735398449,
,,,-2.9286E-06,0.0208157896995544,0.196604083757848,
,,,-2.9284E-06,-0.0461298227310181,0.196604083757848,
,,,-2.9282E-06,0.087761402130127,0.196604083757848,
,,,-2.928E-06,-0.0461298227310181,0.196604083757848,
,,,-2.9278E-06,-0.0461298227310181,0.196436719736084,
,,,-2.9276E-06,0.0208157896995544,0.196771447779611,
,,,-2.9274E-06,0.0208157896995544,0.197440903866664,
,,,-2.9272E-06,-0.0461298227310181,0.196771447779611,
,,,-2.927E-06,0.0208157896995544,0.197106175823137,
,,,-2.9268E-06,0.087761402130127,0.1972735398449,
,,,-2.9266E-06,-0.0461298227310181,0.197608267888427,
,,,-2.9264E-06,-0.0461298227310181,0.196269355714321,
,,,-2.9262E-06,-0.113075435161591,0.197106175823137,
,,,-2.926E-06,0.0208157896995544,0.197608267888427,
,,,-2.9258E-06,-0.0461298227310181,0.196436719736084,
,,,-2.9256E-06,0.087761402130127,0.197106175823137,
,,,-2.9254E-06,0.087761402130127,0.197608267888427,
,,,-2.9252E-06,0.087761402130127,0.1972735398449,
,,,-2.925E-06,0.0208157896995544,0.19777563191019,
,,,-2.9248E-06,-0.0461298227310181,0.197608267888427,
,,,-2.9246E-06,0.0208157896995544,0.198445087997243,
,,,-2.9244E-06,-0.0461298227310181,0.198110359953716,
,,,-2.9242E-06,-0.0461298227310181,0.196938811801374,
,,,-2.924E-06,0.0208157896995544,0.197608267888427,
,,,-2.9238E-06,-0.0461298227310181,0.1972735398449,
,,,-2.9236E-06,0.0208157896995544,0.197106175823137,
,,,-2.9234E-06,0.087761402130127,0.197608267888427,
,,,-2.9232E-06,0.0208157896995544,0.197608267888427,
,,,-2.923E-06,0.0208157896995544,0.197608267888427,
,,,-2.9228E-06,0.0208157896995544,0.197608267888427,
,,,-2.9226E-06,0.0208157896995544,0.198110359953716,
,,,-2.9224E-06,0.0208157896995544,0.197942995931953,
,,,-2.9222E-06,0.0208157896995544,0.197608267888427,
,,,-2.922E-06,0.0208157896995544,0.197942995931953,
,,,-2.9218E-06,0.087761402130127,0.197440903866664,
,,,-2.9216E-06,0.087761402130127,0.19777563191019,
,,,-2.9214E-06,-0.0461298227310181,0.198110359953716,
,,,-2.9212E-06,0.0208157896995544,0.19827772397548,
,,,-2.921E-06,0.087761402130127,0.197608267888427,
,,,-2.9208E-06,0.0208157896995544,0.197440903866664,
,,,-2.9206E-06,0.087761402130127,0.19827772397548,
,,,-2.9204E-06,-0.0461298227310181,0.19827772397548,
,,,-2.9202E-06,-0.0461298227310181,0.197942995931953,
,,,-2.92E-06,0.0208157896995544,0.198445087997243,
,,,-2.9198E-06,0.0208157896995544,0.198612452019006,
,,,-2.9196E-06,0.0208157896995544,0.197608267888427,
,,,-2.9194E-06,-0.0461298227310181,0.19777563191019,
,,,-2.9192E-06,0.087761402130127,0.197942995931953,
,,,-2.919E-06,0.0208157896995544,0.197942995931953,
,,,-2.9188E-06,0.087761402130127,0.19777563191019,
,,,-2.9186E-06,0.0208157896995544,0.19827772397548,
,,,-2.9184E-06,0.0208157896995544,0.197608267888427,
,,,-2.9182E-06,0.154707014560699,0.19827772397548,
,,,-2.918E-06,0.0208157896995544,0.19777563191019,
,,,-2.9178E-06,0.087761402130127,0.19777563191019,
,,,-2.9176E-06,0.087761402130127,0.198110359953716,
,,,-2.9174E-06,-0.0461298227310181,0.19827772397548,
,,,-2.9172E-06,0.087761402130127,0.198612452019006,
,,,-2.917E-06,-0.0461298227310181,0.197942995931953,
,,,-2.9168E-06,0.0208157896995544,0.198445087997243,
,,,-2.9166E-06,0.0208157896995544,0.198110359953716,
,,,-2.9164E-06,0.0208157896995544,0.19777563191019,
,,,-2.9162E-06,-0.113075435161591,0.197942995931953,
,,,-2.916E-06,-0.113075435161591,0.197942995931953,
,,,-2.9158E-06,0.087761402130127,0.19777563191019,
,,,-2.9156E-06,0.0208157896995544,0.198779816040769,
,,,-2.9154E-06,-0.0461298227310181,0.198445087997243,
,,,-2.9152E-06,0.087761402130127,0.198110359953716,
,,,-2.915E-06,-0.113075435161591,0.197608267888427,
,,,-2.9148E-06,0.087761402130127,0.198110359953716,
,,,-2.9146E-06,0.0208157896995544,0.19777563191019,
,,,-2.9144E-06,0.154707014560699,0.197440903866664,
,,,-2.9142E-06,-0.0461298227310181,0.19827772397548,
,,,-2.914E-06,0.0208157896995544,0.198110359953716,
,,,-2.9138E-06,0.0208157896995544,0.19777563191019,
,,,-2.9136E-06,-0.0461298227310181,0.197440903866664,
,,,-2.9134E-06,-0.0461298227310181,0.19827772397548,
,,,-2.9132E-06,0.0208157896995544,0.1972735398449,
,,,-2.913E-06,-0.0461298227310181,0.196938811801374,
,,,-2.9128E-06,0.0208157896995544,0.197942995931953,
,,,-2.9126E-06,0.0208157896995544,0.197942995931953,
,,,-2.9124E-06,0.087761402130127,0.196436719736084,
,,,-2.9122E-06,0.0208157896995544,0.1972735398449,
,,,-2.912E-06,0.0208157896995544,0.196604083757848,
,,,-2.9118E-06,0.087761402130127,0.197106175823137,
,,,-2.9116E-06,-0.0461298227310181,0.197440903866664,
,,,-2.9114E-06,0.0208157896995544,0.19777563191019,
,,,-2.9112E-06,0.087761402130127,0.197608267888427,
,,,-2.911E-06,-0.113075435161591,0.197608267888427,
,,,-2.9108E-06,0.0208157896995544,0.197440903866664,
,,,-2.9106E-06,0.0208157896995544,0.1972735398449,
,,,-2.9104E-06,0.087761402130127,0.197106175823137,
,,,-2.9102E-06,0.0208157896995544,0.197106175823137,
,,,-2.91E-06,0.0208157896995544,0.196938811801374,
,,,-2.9098E-06,-0.0461298227310181,0.197106175823137,
,,,-2.9096E-06,-0.0461298227310181,0.19777563191019,
,,,-2.9094E-06,-0.0461298227310181,0.1972735398449,
,,,-2.9092E-06,-0.113075435161591,0.19777563191019,
,,,-2.909E-06,-0.0461298227310181,0.1972735398449,
,,,-2.9088E-06,0.087761402130127,0.197440903866664,
,,,-2.9086E-06,-0.113075435161591,0.196938811801374,
,,,-2.9084E-06,0.0208157896995544,0.197608267888427,
,,,-2.9082E-06,0.087761402130127,0.19777563191019,
,,,-2.908E-06,0.0208157896995544,0.1972735398449,
,,,-2.9078E-06,-0.0461298227310181,0.19827772397548,
,,,-2.9076E-06,0.087761402130127,0.19777563191019,
,,,-2.9074E-06,-0.0461298227310181,0.1972735398449,
,,,-2.9072E-06,0.0208157896995544,0.197440903866664,
,,,-2.907E-06,0.0208157896995544,0.1972735398449,
,,,-2.9068E-06,-0.0461298227310181,0.197608267888427,
,,,-2.9066E-06,-0.113075435161591,0.1972735398449,
,,,-2.9064E-06,0.0208157896995544,0.1972735398449,
,,,-2.9062E-06,0.0208157896995544,0.197440903866664,
,,,-2.906E-06,0.087761402130127,0.198110359953716,
,,,-2.9058E-06,0.0208157896995544,0.198445087997243,
,,,-2.9056E-06,0.0208157896995544,0.196938811801374,
,,,-2.9054E-06,0.087761402130127,0.1972735398449,
,,,-2.9052E-06,-0.113075435161591,0.197106175823137,
,,,-2.905E-06,0.0208157896995544,0.196938811801374,
,,,-2.9048E-06,0.0208157896995544,0.197942995931953,
,,,-2.9046E-06,-0.0461298227310181,0.197106175823137,
,,,-2.9044E-06,-0.113075435161591,0.19777563191019,
,,,-2.9042E-06,0.0208157896995544,0.19827772397548,
,,,-2.904E-06,0.087761402130127,0.197440903866664,
,,,-2.9038E-06,-0.0461298227310181,0.1972735398449,
,,,-2.9036E-06,0.087761402130127,0.19777563191019,
,,,-2.9034E-06,-0.0461298227310181,0.19827772397548,
,,,-2.9032E-06,0.0208157896995544,0.19777563191019,
,,,-2.903E-06,0.0208157896995544,0.197942995931953,
,,,-2.9028E-06,0.0208157896995544,0.198110359953716,
,,,-2.9026E-06,0.0208157896995544,0.198110359953716,
,,,-2.9024E-06,0.0208157896995544,0.197608267888427,
,,,-2.9022E-06,-0.113075435161591,0.198445087997243,
,,,-2.902E-06,0.0208157896995544,0.196938811801374,
,,,-2.9018E-06,0.0208157896995544,0.197608267888427,
,,,-2.9016E-06,0.087761402130127,0.197942995931953,
,,,-2.9014E-06,0.0208157896995544,0.196938811801374,
,,,-2.9012E-06,0.0208157896995544,0.196771447779611,
,,,-2.901E-06,-0.0461298227310181,0.197440903866664,
,,,-2.9008E-06,0.0208157896995544,0.197106175823137,
,,,-2.9006E-06,-0.0461298227310181,0.196771447779611,
,,,-2.9004E-06,-0.113075435161591,0.197942995931953,
,,,-2.9002E-06,0.0208157896995544,0.197608267888427,
,,,-2.9E-06,0.0208157896995544,0.197106175823137,
,,,-2.8998E-06,0.0208157896995544,0.197608267888427,
,,,-2.8996E-06,0.154707014560699,0.1972735398449,
,,,-2.8994E-06,0.087761402130127,0.196938811801374,
,,,-2.8992E-06,-0.0461298227310181,0.196436719736084,
,,,-2.899E-06,0.0208157896995544,0.197440903866664,
,,,-2.8988E-06,-0.0461298227310181,0.196604083757848,
,,,-2.8986E-06,-0.0461298227310181,0.196771447779611,
,,,-2.8984E-06,0.0208157896995544,0.197106175823137,
,,,-2.8982E-06,0.0208157896995544,0.197440903866664,
,,,-2.898E-06,-0.0461298227310181,0.196771447779611,
,,,-2.8978E-06,0.0208157896995544,0.196436719736084,
,,,-2.8976E-06,0.154707014560699,0.196604083757848,
,,,-2.8974E-06,-0.0461298227310181,0.197440903866664,
,,,-2.8972E-06,0.0208157896995544,0.196771447779611,
,,,-2.897E-06,0.0208157896995544,0.196436719736084,
,,,-2.8968E-06,-0.0461298227310181,0.196604083757848,
,,,-2.8966E-06,0.0208157896995544,0.197106175823137,
,,,-2.8964E-06,0.0208157896995544,0.197106175823137,
,,,-2.8962E-06,0.0208157896995544,0.197106175823137,
,,,-2.896E-06,0.0208157896995544,0.1972735398449,
,,,-2.8958E-06,-0.113075435161591,0.195934627670795,
,,,-2.8956E-06,-0.0461298227310181,0.196269355714321,
,,,-2.8954E-06,-0.0461298227310181,0.196436719736084,
,,,-2.8952E-06,0.0208157896995544,0.196269355714321,
,,,-2.895E-06,-0.0461298227310181,0.197106175823137,
,,,-2.8948E-06,0.087761402130127,0.197106175823137,
,,,-2.8946E-06,-0.0461298227310181,0.197440903866664,
,,,-2.8944E-06,-0.0461298227310181,0.196938811801374,
,,,-2.8942E-06,0.0208157896995544,0.197106175823137,
,,,-2.894E-06,-0.0461298227310181,0.1972735398449,
,,,-2.8938E-06,-0.0461298227310181,0.1972735398449,
,,,-2.8936E-06,0.087761402130127,0.197608267888427,
,,,-2.8934E-06,-0.0461298227310181,0.197106175823137,
,,,-2.8932E-06,0.0208157896995544,0.196938811801374,
,,,-2.893E-06,-0.0461298227310181,0.1972735398449,
,,,-2.8928E-06,0.0208157896995544,0.197106175823137,
,,,-2.8926E-06,0.0208157896995544,0.196938811801374,
,,,-2.8924E-06,-0.0461298227310181,0.1972735398449,
,,,-2.8922E-06,0.087761402130127,0.196938811801374,
,,,-2.892E-06,0.087761402130127,0.1972735398449,
,,,-2.8918E-06,-0.0461298227310181,0.196771447779611,
,,,-2.8916E-06,-0.0461298227310181,0.196604083757848,
,,,-2.8914E-06,0.0208157896995544,0.196938811801374,
,,,-2.8912E-06,0.0208157896995544,0.196938811801374,
,,,-2.891E-06,0.0208157896995544,0.196436719736084,
,,,-2.8908E-06,0.154707014560699,0.1972735398449,
,,,-2.8906E-06,-0.0461298227310181,0.196436719736084,
,,,-2.8904E-06,0.0208157896995544,0.197106175823137,
,,,-2.8902E-06,-0.0461298227310181,0.197440903866664,
,,,-2.89E-06,0.0208157896995544,0.1972735398449,
,,,-2.8898E-06,0.0208157896995544,0.196938811801374,
,,,-2.8896E-06,0.0208157896995544,0.197608267888427,
,,,-2.8894E-06,-0.113075435161591,0.197106175823137,
,,,-2.8892E-06,0.0208157896995544,0.196771447779611,
,,,-2.889E-06,0.0208157896995544,0.1972735398449,
,,,-2.8888E-06,0.0208157896995544,0.196269355714321,
,,,-2.8886E-06,-0.0461298227310181,0.196771447779611,
,,,-2.8884E-06,-0.0461298227310181,0.197106175823137,
,,,-2.8882E-06,0.0208157896995544,0.197440903866664,
,,,-2.888E-06,-0.0461298227310181,0.196771447779611,
,,,-2.8878E-06,-0.113075435161591,0.1972735398449,
,,,-2.8876E-06,0.0208157896995544,0.196436719736084,
,,,-2.8874E-06,0.0208157896995544,0.197608267888427,
,,,-2.8872E-06,-0.0461298227310181,0.196604083757848,
,,,-2.887E-06,-0.0461298227310181,0.196771447779611,
,,,-2.8868E-06,0.087761402130127,0.196771447779611,
,,,-2.8866E-06,0.0208157896995544,0.196938811801374,
,,,-2.8864E-06,-0.0461298227310181,0.196604083757848,
,,,-2.8862E-06,0.087761402130127,0.196436719736084,
,,,-2.886E-06,-0.113075435161591,0.196436719736084,
,,,-2.8858E-06,-0.0461298227310181,0.195934627670795,
,,,-2.8856E-06,0.0208157896995544,0.196771447779611,
,,,-2.8854E-06,0.0208157896995544,0.196101991692558,
,,,-2.8852E-06,0.0208157896995544,0.196269355714321,
,,,-2.885E-06,0.0208157896995544,0.196604083757848,
,,,-2.8848E-06,0.154707014560699,0.196101991692558,
,,,-2.8846E-06,-0.0461298227310181,0.195767263649032,
,,,-2.8844E-06,0.087761402130127,0.196101991692558,
,,,-2.8842E-06,-0.0461298227310181,0.196938811801374,
,,,-2.884E-06,0.0208157896995544,0.195767263649032,
,,,-2.8838E-06,-0.0461298227310181,0.196269355714321,
,,,-2.8836E-06,-0.113075435161591,0.196771447779611,
,,,-2.8834E-06,0.0208157896995544,0.196604083757848,
,,,-2.8832E-06,0.0208157896995544,0.195432535605505,
,,,-2.883E-06,-0.0461298227310181,0.195934627670795,
,,,-2.8828E-06,0.0208157896995544,0.196269355714321,
,,,-2.8826E-06,0.0208157896995544,0.196269355714321,
,,,-2.8824E-06,0.087761402130127,0.196269355714321,
,,,-2.8822E-06,-0.113075435161591,0.1972735398449,
,,,-2.882E-06,0.0208157896995544,0.196604083757848,
,,,-2.8818E-06,0.0208157896995544,0.196604083757848,
,,,-2.8816E-06,0.0208157896995544,0.197440903866664,
,,,-2.8814E-06,-0.0461298227310181,0.1972735398449,
,,,-2.8812E-06,0.087761402130127,0.197106175823137,
,,,-2.881E-06,0.0208157896995544,0.1972735398449,
,,,-2.8808E-06,0.0208157896995544,0.196771447779611,
,,,-2.8806E-06,0.0208157896995544,0.196269355714321,
,,,-2.8804E-06,0.0208157896995544,0.196771447779611,
,,,-2.8802E-06,-0.0461298227310181,0.196938811801374,
,,,-2.88E-06,0.087761402130127,0.196938811801374,
,,,-2.8798E-06,0.0208157896995544,0.197440903866664,
,,,-2.8796E-06,-0.0461298227310181,0.197106175823137,
,,,-2.8794E-06,0.087761402130127,0.196771447779611,
,,,-2.8792E-06,0.0208157896995544,0.1972735398449,
,,,-2.879E-06,-0.113075435161591,0.19777563191019,
,,,-2.8788E-06,0.087761402130127,0.197106175823137,
,,,-2.8786E-06,0.0208157896995544,0.196938811801374,
,,,-2.8784E-06,0.087761402130127,0.1972735398449,
,,,-2.8782E-06,-0.0461298227310181,0.197942995931953,
,,,-2.878E-06,-0.0461298227310181,0.1972735398449,
,,,-2.8778E-06,0.0208157896995544,0.197608267888427,
,,,-2.8776E-06,-0.0461298227310181,0.197608267888427,
,,,-2.8774E-06,0.0208157896995544,0.1972735398449,
,,,-2.8772E-06,-0.0461298227310181,0.196938811801374,
,,,-2.877E-06,-0.0461298227310181,0.19777563191019,
,,,-2.8768E-06,0.087761402130127,0.197106175823137,
,,,-2.8766E-06,-0.0461298227310181,0.197440903866664,
,,,-2.8764E-06,-0.0461298227310181,0.197942995931953,
,,,-2.8762E-06,0.087761402130127,0.19777563191019,
,,,-2.876E-06,0.154707014560699,0.196771447779611,
,,,-2.8758E-06,-0.113075435161591,0.196938811801374,
,,,-2.8756E-06,0.0208157896995544,0.1972735398449,
,,,-2.8754E-06,0.0208157896995544,0.197440903866664,
,,,-2.8752E-06,-0.0461298227310181,0.196938811801374,
,,,-2.875E-06,0.0208157896995544,0.197106175823137,
,,,-2.8748E-06,0.0208157896995544,0.197440903866664,
,,,-2.8746E-06,-0.113075435161591,0.1972735398449,
,,,-2.8744E-06,0.0208157896995544,0.196771447779611,
,,,-2.8742E-06,-0.0461298227310181,0.197440903866664,
,,,-2.874E-06,0.0208157896995544,0.1972735398449,
,,,-2.8738E-06,0.0208157896995544,0.1972735398449,
,,,-2.8736E-06,0.0208157896995544,0.197440903866664,
,,,-2.8734E-06,0.087761402130127,0.197106175823137,
,,,-2.8732E-06,-0.0461298227310181,0.196938811801374,
,,,-2.873E-06,0.087761402130127,0.1972735398449,
,,,-2.8728E-06,0.087761402130127,0.1972735398449,
,,,-2.8726E-06,-0.113075435161591,0.196771447779611,
,,,-2.8724E-06,0.0208157896995544,0.196604083757848,
,,,-2.8722E-06,-0.0461298227310181,0.196771447779611,
,,,-2.872E-06,0.0208157896995544,0.196269355714321,
,,,-2.8718E-06,0.0208157896995544,0.196938811801374,
,,,-2.8716E-06,0.087761402130127,0.196604083757848,
,,,-2.8714E-06,-0.0461298227310181,0.196436719736084,
,,,-2.8712E-06,-0.113075435161591,0.196604083757848,
,,,-2.871E-06,0.0208157896995544,0.196938811801374,
,,,-2.8708E-06,0.0208157896995544,0.197106175823137,
,,,-2.8706E-06,0.0208157896995544,0.196771447779611,
,,,-2.8704E-06,0.087761402130127,0.197440903866664,
,,,-2.8702E-06,-0.113075435161591,0.196771447779611,
,,,-2.87E-06,-0.0461298227310181,0.196938811801374,
,,,-2.8698E-06,0.0208157896995544,0.197440903866664,
,,,-2.8696E-06,0.0208157896995544,0.197440903866664,
,,,-2.8694E-06,0.0208157896995544,0.196938811801374,
,,,-2.8692E-06,0.087761402130127,0.196938811801374,
,,,-2.869E-06,-0.0461298227310181,0.1972735398449,
,,,-2.8688E-06,0.0208157896995544,0.196436719736084,
,,,-2.8686E-06,0.0208157896995544,0.196938811801374,
,,,-2.8684E-06,-0.0461298227310181,0.197106175823137,
,,,-2.8682E-06,0.0208157896995544,0.196938811801374,
,,,-2.868E-06,0.087761402130127,0.196771447779611,
,,,-2.8678E-06,-0.0461298227310181,0.196771447779611,
,,,-2.8676E-06,0.087761402130127,0.197106175823137,
,,,-2.8674E-06,0.0208157896995544,0.197440903866664,
,,,-2.8672E-06,0.0208157896995544,0.196771447779611,
,,,-2.867E-06,0.087761402130127,0.1972735398449,
,,,-2.8668E-06,-0.0461298227310181,0.196938811801374,
,,,-2.8666E-06,0.0208157896995544,0.196771447779611,
,,,-2.8664E-06,0.087761402130127,0.196938811801374,
,,,-2.8662E-06,0.0208157896995544,0.196269355714321,
,,,-2.866E-06,0.0208157896995544,0.196269355714321,
,,,-2.8658E-06,0.0208157896995544,0.196771447779611,
,,,-2.8656E-06,0.0208157896995544,0.1972735398449,
,,,-2.8654E-06,-0.0461298227310181,0.19777563191019,
,,,-2.8652E-06,0.087761402130127,0.197440903866664,
,,,-2.865E-06,-0.0461298227310181,0.196604083757848,
,,,-2.8648E-06,0.0208157896995544,0.196771447779611,
,,,-2.8646E-06,-0.0461298227310181,0.196771447779611,
,,,-2.8644E-06,0.0208157896995544,0.197608267888427,
,,,-2.8642E-06,-0.0461298227310181,0.197106175823137,
,,,-2.864E-06,0.087761402130127,0.197942995931953,
,,,-2.8638E-06,-0.0461298227310181,0.198110359953716,
,,,-2.8636E-06,0.0208157896995544,0.19777563191019,
,,,-2.8634E-06,-0.0461298227310181,0.1972735398449,
,,,-2.8632E-06,0.0208157896995544,0.197942995931953,
,,,-2.863E-06,-0.113075435161591,0.197440903866664,
,,,-2.8628E-06,0.0208157896995544,0.197608267888427,
,,,-2.8626E-06,-0.0461298227310181,0.197440903866664,
,,,-2.8624E-06,0.087761402130127,0.1972735398449,
,,,-2.8622E-06,-0.113075435161591,0.197608267888427,
,,,-2.862E-06,0.0208157896995544,0.19777563191019,
,,,-2.8618E-06,-0.0461298227310181,0.1972735398449,
,,,-2.8616E-06,0.087761402130127,0.197608267888427,
,,,-2.8614E-06,0.087761402130127,0.197440903866664,
,,,-2.8612E-06,0.087761402130127,0.197942995931953,
,,,-2.861E-06,0.0208157896995544,0.1972735398449,
,,,-2.8608E-06,0.087761402130127,0.1972735398449,
,,,-2.8606E-06,0.0208157896995544,0.197608267888427,
,,,-2.8604E-06,-0.0461298227310181,0.197440903866664,
,,,-2.8602E-06,-0.0461298227310181,0.196938811801374,
,,,-2.86E-06,0.0208157896995544,0.19777563191019,
,,,-2.8598E-06,-0.0461298227310181,0.197440903866664,
,,,-2.8596E-06,0.0208157896995544,0.197440903866664,
,,,-2.8594E-06,-0.0461298227310181,0.1972735398449,
,,,-2.8592E-06,0.154707014560699,0.197106175823137,
,,,-2.859E-06,-0.0461298227310181,0.19777563191019,
,,,-2.8588E-06,0.087761402130127,0.197608267888427,
,,,-2.8586E-06,0.0208157896995544,0.19777563191019,
,,,-2.8584E-06,-0.113075435161591,0.1972735398449,
,,,-2.8582E-06,0.0208157896995544,0.19777563191019,
,,,-2.858E-06,0.0208157896995544,0.19777563191019,
,,,-2.8578E-06,0.0208157896995544,0.197942995931953,
,,,-2.8576E-06,0.087761402130127,0.197942995931953,
,,,-2.8574E-06,0.0208157896995544,0.19777563191019,
,,,-2.8572E-06,-0.0461298227310181,0.197440903866664,
,,,-2.857E-06,-0.0461298227310181,0.196771447779611,
,,,-2.8568E-06,0.0208157896995544,0.196771447779611,
,,,-2.8566E-06,0.0208157896995544,0.197106175823137,
,,,-2.8564E-06,0.0208157896995544,0.197440903866664,
,,,-2.8562E-06,-0.0461298227310181,0.197106175823137,
,,,-2.856E-06,0.0208157896995544,0.19777563191019,
,,,-2.8558E-06,-0.113075435161591,0.197440903866664,
,,,-2.8556E-06,0.0208157896995544,0.1972735398449,
,,,-2.8554E-06,0.0208157896995544,0.196604083757848,
,,,-2.8552E-06,0.087761402130127,0.196269355714321,
,,,-2.855E-06,0.0208157896995544,0.196771447779611,
,,,-2.8548E-06,0.0208157896995544,0.196938811801374,
,,,-2.8546E-06,0.0208157896995544,0.196604083757848,
,,,-2.8544E-06,-0.113075435161591,0.196269355714321,
,,,-2.8542E-06,0.087761402130127,0.196436719736084,
,,,-2.854E-06,0.0208157896995544,0.1972735398449,
,,,-2.8538E-06,0.0208157896995544,0.196436719736084,
,,,-2.8536E-06,0.087761402130127,0.196604083757848,
,,,-2.8534E-06,-0.0461298227310181,0.196938811801374,
,,,-2.8532E-06,0.0208157896995544,0.196604083757848,
,,,-2.853E-06,0.087761402130127,0.197440903866664,
,,,-2.8528E-06,0.087761402130127,0.196771447779611,
,,,-2.8526E-06,-0.0461298227310181,0.1972735398449,
,,,-2.8524E-06,-0.0461298227310181,0.196604083757848,
,,,-2.8522E-06,-0.0461298227310181,0.197440903866664,
,,,-2.852E-06,-0.113075435161591,0.196604083757848,
,,,-2.8518E-06,0.0208157896995544,0.197440903866664,
,,,-2.8516E-06,0.0208157896995544,0.197106175823137,
,,,-2.8514E-06,0.0208157896995544,0.19777563191019,
,,,-2.8512E-06,0.0208157896995544,0.197440903866664,
,,,-2.851E-06,-0.0461298227310181,0.196771447779611,
,,,-2.8508E-06,-0.0461298227310181,0.197608267888427,
,,,-2.8506E-06,-0.0461298227310181,0.197440903866664,
,,,-2.8504E-06,0.154707014560699,0.197106175823137,
,,,-2.8502E-06,0.087761402130127,0.196771447779611,
,,,-2.85E-06,0.0208157896995544,0.196771447779611,
,,,-2.8498E-06,-0.0461298227310181,0.19777563191019,
,,,-2.8496E-06,-0.113075435161591,0.19777563191019,
,,,-2.8494E-06,-0.0461298227310181,0.197106175823137,
,,,-2.8492E-06,0.0208157896995544,0.197106175823137,
,,,-2.849E-06,0.0208157896995544,0.1972735398449,
,,,-2.8488E-06,0.087761402130127,0.197942995931953,
,,,-2.8486E-06,0.0208157896995544,0.196771447779611,
,,,-2.8484E-06,0.087761402130127,0.1972735398449,
,,,-2.8482E-06,0.0208157896995544,0.1972735398449,
,,,-2.848E-06,0.0208157896995544,0.196269355714321,
,,,-2.8478E-06,0.0208157896995544,0.1972735398449,
,,,-2.8476E-06,0.0208157896995544,0.19777563191019,
,,,-2.8474E-06,-0.0461298227310181,0.197440903866664,
,,,-2.8472E-06,0.0208157896995544,0.1972735398449,
,,,-2.847E-06,-0.0461298227310181,0.197440903866664,
,,,-2.8468E-06,0.0208157896995544,0.19777563191019,
,,,-2.8466E-06,0.0208157896995544,0.19777563191019,
,,,-2.8464E-06,0.087761402130127,0.196938811801374,
,,,-2.8462E-06,-0.0461298227310181,0.1972735398449,
,,,-2.846E-06,0.087761402130127,0.197106175823137,
,,,-2.8458E-06,0.0208157896995544,0.1972735398449,
,,,-2.8456E-06,-0.0461298227310181,0.197106175823137,
,,,-2.8454E-06,0.0208157896995544,0.197440903866664,
,,,-2.8452E-06,0.0208157896995544,0.196938811801374,
,,,-2.845E-06,0.087761402130127,0.196771447779611,
,,,-2.8448E-06,0.0208157896995544,0.197942995931953,
,,,-2.8446E-06,-0.0461298227310181,0.197106175823137,
,,,-2.8444E-06,0.0208157896995544,0.196771447779611,
,,,-2.8442E-06,0.087761402130127,0.1972735398449,
,,,-2.844E-06,0.0208157896995544,0.197440903866664,
,,,-2.8438E-06,-0.0461298227310181,0.196771447779611,
,,,-2.8436E-06,0.0208157896995544,0.197608267888427,
,,,-2.8434E-06,0.0208157896995544,0.196938811801374,
,,,-2.8432E-06,-0.0461298227310181,0.19777563191019,
,,,-2.843E-06,0.0208157896995544,0.196771447779611,
,,,-2.8428E-06,0.087761402130127,0.196938811801374,
,,,-2.8426E-06,0.0208157896995544,0.197106175823137,
,,,-2.8424E-06,0.0208157896995544,0.197440903866664,
,,,-2.8422E-06,0.087761402130127,0.1972735398449,
,,,-2.842E-06,0.087761402130127,0.197608267888427,
,,,-2.8418E-06,0.0208157896995544,0.1972735398449,
,,,-2.8416E-06,-0.0461298227310181,0.196604083757848,
,,,-2.8414E-06,0.087761402130127,0.196938811801374,
,,,-2.8412E-06,-0.0461298227310181,0.196938811801374,
,,,-2.841E-06,-0.0461298227310181,0.196771447779611,
,,,-2.8408E-06,0.0208157896995544,0.197106175823137,
,,,-2.8406E-06,-0.0461298227310181,0.196269355714321,
,,,-2.8404E-06,0.0208157896995544,0.196604083757848,
,,,-2.8402E-06,0.0208157896995544,0.1972735398449,
,,,-2.84E-06,0.0208157896995544,0.197608267888427,
,,,-2.8398E-06,0.0208157896995544,0.196604083757848,
,,,-2.8396E-06,-0.0461298227310181,0.19777563191019,
,,,-2.8394E-06,0.0208157896995544,0.197440903866664,
,,,-2.8392E-06,0.0208157896995544,0.1972735398449,
,,,-2.839E-06,0.0208157896995544,0.1972735398449,
,,,-2.8388E-06,0.0208157896995544,0.197106175823137,
,,,-2.8386E-06,-0.0461298227310181,0.1972735398449,
,,,-2.8384E-06,0.0208157896995544,0.1972735398449,
,,,-2.8382E-06,-0.0461298227310181,0.196604083757848,
,,,-2.838E-06,0.0208157896995544,0.197106175823137,
,,,-2.8378E-06,0.0208157896995544,0.1972735398449,
,,,-2.8376E-06,0.0208157896995544,0.196604083757848,
,,,-2.8374E-06,-0.0461298227310181,0.197440903866664,
,,,-2.8372E-06,0.087761402130127,0.1972735398449,
,,,-2.837E-06,-0.0461298227310181,0.197942995931953,
,,,-2.8368E-06,0.0208157896995544,0.1972735398449,
,,,-2.8366E-06,-0.0461298227310181,0.197440903866664,
,,,-2.8364E-06,-0.0461298227310181,0.197608267888427,
,,,-2.8362E-06,-0.0461298227310181,0.197608267888427,
,,,-2.836E-06,0.0208157896995544,0.197106175823137,
,,,-2.8358E-06,0.087761402130127,0.19777563191019,
,,,-2.8356E-06,0.087761402130127,0.198110359953716,
,,,-2.8354E-06,0.0208157896995544,0.197608267888427,
,,,-2.8352E-06,-0.0461298227310181,0.197608267888427,
,,,-2.835E-06,0.154707014560699,0.197440903866664,
,,,-2.8348E-06,0.0208157896995544,0.198110359953716,
,,,-2.8346E-06,-0.0461298227310181,0.197608267888427,
,,,-2.8344E-06,0.154707014560699,0.198110359953716,
,,,-2.8342E-06,-0.0461298227310181,0.19827772397548,
,,,-2.834E-06,-0.0461298227310181,0.198110359953716,
,,,-2.8338E-06,0.087761402130127,0.19827772397548,
,,,-2.8336E-06,0.087761402130127,0.198612452019006,
,,,-2.8334E-06,0.0208157896995544,0.197608267888427,
,,,-2.8332E-06,0.087761402130127,0.197942995931953,
,,,-2.833E-06,0.0208157896995544,0.198110359953716,
,,,-2.8328E-06,0.0208157896995544,0.197942995931953,
,,,-2.8326E-06,0.0208157896995544,0.198110359953716,
,,,-2.8324E-06,0.0208157896995544,0.19827772397548,
,,,-2.8322E-06,-0.0461298227310181,0.19827772397548,
,,,-2.832E-06,-0.0461298227310181,0.198445087997243,
,,,-2.8318E-06,-0.0461298227310181,0.197440903866664,
,,,-2.8316E-06,0.0208157896995544,0.197440903866664,
,,,-2.8314E-06,0.0208157896995544,0.198612452019006,
,,,-2.8312E-06,0.0208157896995544,0.19827772397548,
,,,-2.831E-06,-0.0461298227310181,0.198445087997243,
,,,-2.8308E-06,0.087761402130127,0.198612452019006,
,,,-2.8306E-06,-0.0461298227310181,0.197942995931953,
,,,-2.8304E-06,-0.0461298227310181,0.197942995931953,
,,,-2.8302E-06,-0.0461298227310181,0.197608267888427,
,,,-2.83E-06,0.0208157896995544,0.197440903866664,
,,,-2.8298E-06,-0.0461298227310181,0.197608267888427,
,,,-2.8296E-06,0.087761402130127,0.1972735398449,
,,,-2.8294E-06,0.0208157896995544,0.197942995931953,
,,,-2.8292E-06,0.087761402130127,0.197942995931953,
,,,-2.829E-06,0.0208157896995544,0.197440903866664,
,,,-2.8288E-06,-0.0461298227310181,0.19777563191019,
,,,-2.8286E-06,0.0208157896995544,0.19777563191019,
,,,-2.8284E-06,-0.0461298227310181,0.197942995931953,
,,,-2.8282E-06,0.0208157896995544,0.197942995931953,
,,,-2.828E-06,0.0208157896995544,0.198110359953716,
,,,-2.8278E-06,-0.0461298227310181,0.197440903866664,
,,,-2.8276E-06,-0.0461298227310181,0.198110359953716,
,,,-2.8274E-06,0.0208157896995544,0.198612452019006,
,,,-2.8272E-06,0.154707014560699,0.1972735398449,
,,,-2.827E-06,-0.0461298227310181,0.19777563191019,
,,,-2.8268E-06,0.0208157896995544,0.19827772397548,
,,,-2.8266E-06,0.0208157896995544,0.198110359953716,
,,,-2.8264E-06,-0.0461298227310181,0.197440903866664,
,,,-2.8262E-06,0.0208157896995544,0.198612452019006,
,,,-2.826E-06,0.0208157896995544,0.198110359953716,
,,,-2.8258E-06,0.087761402130127,0.197440903866664,
,,,-2.8256E-06,0.0208157896995544,0.198612452019006,
,,,-2.8254E-06,-0.113075435161591,0.198110359953716,
,,,-2.8252E-06,-0.113075435161591,0.1972735398449,
,,,-2.825E-06,0.0208157896995544,0.198110359953716,
,,,-2.8248E-06,0.0208157896995544,0.19777563191019,
,,,-2.8246E-06,-0.0461298227310181,0.197942995931953,
,,,-2.8244E-06,-0.0461298227310181,0.198445087997243,
,,,-2.8242E-06,-0.0461298227310181,0.19827772397548,
,,,-2.824E-06,0.087761402130127,0.197942995931953,
,,,-2.8238E-06,0.0208157896995544,0.19777563191019,
,,,-2.8236E-06,0.0208157896995544,0.198110359953716,
,,,-2.8234E-06,0.0208157896995544,0.197942995931953,
,,,-2.8232E-06,0.087761402130127,0.197440903866664,
,,,-2.823E-06,-0.0461298227310181,0.197608267888427,
,,,-2.8228E-06,-0.0461298227310181,0.197942995931953,
,,,-2.8226E-06,-0.0461298227310181,0.197942995931953,
,,,-2.8224E-06,0.0208157896995544,0.197942995931953,
,,,-2.8222E-06,0.087761402130127,0.197942995931953,
,,,-2.822E-06,-0.0461298227310181,0.197608267888427,
,,,-2.8218E-06,0.0208157896995544,0.197440903866664,
,,,-2.8216E-06,-0.0461298227310181,0.198110359953716,
,,,-2.8214E-06,0.0208157896995544,0.19777563191019,
,,,-2.8212E-06,0.0208157896995544,0.198445087997243,
,,,-2.821E-06,0.0208157896995544,0.198612452019006,
,,,-2.8208E-06,0.087761402130127,0.19827772397548,
,,,-2.8206E-06,-0.0461298227310181,0.197942995931953,
,,,-2.8204E-06,0.154707014560699,0.198110359953716,
,,,-2.8202E-06,0.0208157896995544,0.198779816040769,
,,,-2.82E-06,-0.113075435161591,0.196604083757848,
,,,-2.8198E-06,-0.0461298227310181,0.197106175823137,
,,,-2.8196E-06,0.0208157896995544,0.198947180062532,
,,,-2.8194E-06,0.0208157896995544,0.198947180062532,
,,,-2.8192E-06,0.087761402130127,0.19777563191019,
,,,-2.819E-06,-0.0461298227310181,0.198445087997243,
,,,-2.8188E-06,-0.0461298227310181,0.198612452019006,
,,,-2.8186E-06,0.0208157896995544,0.198110359953716,
,,,-2.8184E-06,0.0208157896995544,0.198110359953716,
,,,-2.8182E-06,-0.0461298227310181,0.19827772397548,
,,,-2.818E-06,0.0208157896995544,0.197440903866664,
,,,-2.8178E-06,-0.0461298227310181,0.19827772397548,
,,,-2.8176E-06,0.0208157896995544,0.198445087997243,
,,,-2.8174E-06,-0.0461298227310181,0.198779816040769,
,,,-2.8172E-06,0.087761402130127,0.198612452019006,
,,,-2.817E-06,-0.113075435161591,0.1972735398449,
,,,-2.8168E-06,0.0208157896995544,0.19827772397548,
,,,-2.8166E-06,-0.0461298227310181,0.198445087997243,
,,,-2.8164E-06,0.087761402130127,0.19777563191019,
,,,-2.8162E-06,0.0208157896995544,0.197942995931953,
,,,-2.816E-06,0.087761402130127,0.197942995931953,
,,,-2.8158E-06,0.087761402130127,0.198445087997243,
,,,-2.8156E-06,-0.0461298227310181,0.197942995931953,
,,,-2.8154E-06,0.087761402130127,0.197608267888427,
,,,-2.8152E-06,0.087761402130127,0.198110359953716,
,,,-2.815E-06,-0.113075435161591,0.197942995931953,
,,,-2.8148E-06,-0.0461298227310181,0.197942995931953,
,,,-2.8146E-06,0.087761402130127,0.197942995931953,
,,,-2.8144E-06,0.0208157896995544,0.1972735398449,
,,,-2.8142E-06,-0.0461298227310181,0.198110359953716,
,,,-2.814E-06,0.087761402130127,0.197942995931953,
,,,-2.8138E-06,-0.0461298227310181,0.197942995931953,
,,,-2.8136E-06,-0.0461298227310181,0.19777563191019,
,,,-2.8134E-06,0.087761402130127,0.198110359953716,
,,,-2.8132E-06,0.0208157896995544,0.198779816040769,
,,,-2.813E-06,0.087761402130127,0.19777563191019,
,,,-2.8128E-06,0.087761402130127,0.19777563191019,
,,,-2.8126E-06,-0.113075435161591,0.197440903866664,
,,,-2.8124E-06,-0.0461298227310181,0.197942995931953,
,,,-2.8122E-06,0.0208157896995544,0.19777563191019,
,,,-2.812E-06,0.0208157896995544,0.197106175823137,
,,,-2.8118E-06,-0.113075435161591,0.197608267888427,
,,,-2.8116E-06,-0.0461298227310181,0.197440903866664,
,,,-2.8114E-06,-0.0461298227310181,0.197440903866664,
,,,-2.8112E-06,0.0208157896995544,0.197608267888427,
,,,-2.811E-06,-0.0461298227310181,0.197608267888427,
,,,-2.8108E-06,0.0208157896995544,0.198612452019006,
,,,-2.8106E-06,-0.0461298227310181,0.197942995931953,
,,,-2.8104E-06,0.087761402130127,0.197942995931953,
,,,-2.8102E-06,0.0208157896995544,0.196938811801374,
,,,-2.81E-06,0.0208157896995544,0.197106175823137,
,,,-2.8098E-06,-0.0461298227310181,0.19777563191019,
,,,-2.8096E-06,-0.0461298227310181,0.19827772397548,
,,,-2.8094E-06,0.0208157896995544,0.197440903866664,
,,,-2.8092E-06,-0.0461298227310181,0.197942995931953,
,,,-2.809E-06,0.087761402130127,0.196771447779611,
,,,-2.8088E-06,0.0208157896995544,0.1972735398449,
,,,-2.8086E-06,-0.0461298227310181,0.198110359953716,
,,,-2.8084E-06,0.087761402130127,0.197608267888427,
,,,-2.8082E-06,0.0208157896995544,0.1972735398449,
,,,-2.808E-06,0.0208157896995544,0.197608267888427,
,,,-2.8078E-06,-0.0461298227310181,0.197942995931953,
,,,-2.8076E-06,0.154707014560699,0.1972735398449,
,,,-2.8074E-06,0.0208157896995544,0.197106175823137,
,,,-2.8072E-06,-0.113075435161591,0.19827772397548,
,,,-2.807E-06,-0.0461298227310181,0.197440903866664,
,,,-2.8068E-06,0.0208157896995544,0.197440903866664,
,,,-2.8066E-06,-0.0461298227310181,0.197608267888427,
,,,-2.8064E-06,-0.0461298227310181,0.19827772397548,
,,,-2.8062E-06,-0.0461298227310181,0.1972735398449,
,,,-2.806E-06,0.0208157896995544,0.197440903866664,
,,,-2.8058E-06,-0.0461298227310181,0.198110359953716,
,,,-2.8056E-06,0.0208157896995544,0.197608267888427,
,,,-2.8054E-06,-0.0461298227310181,0.197440903866664,
,,,-2.8052E-06,-0.0461298227310181,0.197106175823137,
,,,-2.805E-06,-0.113075435161591,0.19827772397548,
,,,-2.8048E-06,0.087761402130127,0.1972735398449,
,,,-2.8046E-06,-0.0461298227310181,0.197608267888427,
,,,-2.8044E-06,-0.0461298227310181,0.197942995931953,
,,,-2.8042E-06,0.0208157896995544,0.196938811801374,
,,,-2.804E-06,0.087761402130127,0.197106175823137,
,,,-2.8038E-06,0.0208157896995544,0.197440903866664,
,,,-2.8036E-06,0.087761402130127,0.19777563191019,
,,,-2.8034E-06,0.087761402130127,0.197608267888427,
,,,-2.8032E-06,-0.0461298227310181,0.196771447779611,
,,,-2.803E-06,0.087761402130127,0.197608267888427,
,,,-2.8028E-06,0.0208157896995544,0.197440903866664,
,,,-2.8026E-06,0.0208157896995544,0.1972735398449,
,,,-2.8024E-06,0.0208157896995544,0.197440903866664,
,,,-2.8022E-06,0.0208157896995544,0.197440903866664,
,,,-2.802E-06,0.0208157896995544,0.19777563191019,
,,,-2.8018E-06,0.0208157896995544,0.196436719736084,
,,,-2.8016E-06,0.087761402130127,0.197106175823137,
,,,-2.8014E-06,-0.0461298227310181,0.197106175823137,
,,,-2.8012E-06,0.0208157896995544,0.197106175823137,
,,,-2.801E-06,0.0208157896995544,0.197608267888427,
,,,-2.8008E-06,0.0208157896995544,0.196771447779611,
,,,-2.8006E-06,0.0208157896995544,0.197608267888427,
,,,-2.8004E-06,-0.0461298227310181,0.1972735398449,
,,,-2.8002E-06,-0.0461298227310181,0.197440903866664,
,,,-2.8E-06,0.087761402130127,0.196938811801374,
,,,-2.7998E-06,-0.0461298227310181,0.19777563191019,
,,,-2.7996E-06,0.087761402130127,0.197440903866664,
,,,-2.7994E-06,0.0208157896995544,0.197608267888427,
,,,-2.7992E-06,0.0208157896995544,0.197106175823137,
,,,-2.799E-06,-0.0461298227310181,0.198110359953716,
,,,-2.7988E-06,0.087761402130127,0.197106175823137,
,,,-2.7986E-06,0.0208157896995544,0.19777563191019,
,,,-2.7984E-06,-0.0461298227310181,0.19777563191019,
,,,-2.7982E-06,-0.113075435161591,0.197440903866664,
,,,-2.798E-06,0.087761402130127,0.1972735398449,
,,,-2.7978E-06,0.0208157896995544,0.196938811801374,
,,,-2.7976E-06,0.0208157896995544,0.196938811801374,
,,,-2.7974E-06,0.0208157896995544,0.197608267888427,
,,,-2.7972E-06,0.087761402130127,0.1972735398449,
,,,-2.797E-06,-0.0461298227310181,0.196604083757848,
,,,-2.7968E-06,-0.0461298227310181,0.197106175823137,
,,,-2.7966E-06,0.087761402130127,0.197106175823137,
,,,-2.7964E-06,0.0208157896995544,0.197106175823137,
,,,-2.7962E-06,0.0208157896995544,0.1972735398449,
,,,-2.796E-06,-0.0461298227310181,0.19777563191019,
,,,-2.7958E-06,-0.0461298227310181,0.1972735398449,
,,,-2.7956E-06,0.0208157896995544,0.197440903866664,
,,,-2.7954E-06,0.0208157896995544,0.197106175823137,
,,,-2.7952E-06,0.154707014560699,0.196938811801374,
,,,-2.795E-06,0.0208157896995544,0.197608267888427,
,,,-2.7948E-06,0.087761402130127,0.19777563191019,
,,,-2.7946E-06,-0.0461298227310181,0.197608267888427,
,,,-2.7944E-06,-0.0461298227310181,0.19777563191019,
,,,-2.7942E-06,0.087761402130127,0.197608267888427,
,,,-2.794E-06,-0.113075435161591,0.197942995931953,
,,,-2.7938E-06,-0.0461298227310181,0.197440903866664,
,,,-2.7936E-06,0.0208157896995544,0.1972735398449,
,,,-2.7934E-06,-0.113075435161591,0.197106175823137,
,,,-2.7932E-06,0.0208157896995544,0.197608267888427,
,,,-2.793E-06,0.0208157896995544,0.1972735398449,
,,,-2.7928E-06,0.0208157896995544,0.197942995931953,
,,,-2.7926E-06,-0.113075435161591,0.197440903866664,
,,,-2.7924E-06,0.0208157896995544,0.197106175823137,
,,,-2.7922E-06,-0.0461298227310181,0.197942995931953,
,,,-2.792E-06,0.0208157896995544,0.197106175823137,
,,,-2.7918E-06,-0.0461298227310181,0.19777563191019,
,,,-2.7916E-06,-0.0461298227310181,0.19777563191019,
,,,-2.7914E-06,-0.0461298227310181,0.197440903866664,
,,,-2.7912E-06,0.087761402130127,0.197106175823137,
,,,-2.791E-06,0.0208157896995544,0.198445087997243,
,,,-2.7908E-06,0.087761402130127,0.19777563191019,
,,,-2.7906E-06,0.0208157896995544,0.196938811801374,
,,,-2.7904E-06,-0.0461298227310181,0.19777563191019,
,,,-2.7902E-06,0.087761402130127,0.197942995931953,
,,,-2.79E-06,0.0208157896995544,0.1972735398449,
,,,-2.7898E-06,0.0208157896995544,0.197608267888427,
,,,-2.7896E-06,0.0208157896995544,0.197440903866664,
,,,-2.7894E-06,-0.0461298227310181,0.19777563191019,
,,,-2.7892E-06,-0.0461298227310181,0.19827772397548,
,,,-2.789E-06,0.0208157896995544,0.19777563191019,
,,,-2.7888E-06,0.087761402130127,0.197106175823137,
,,,-2.7886E-06,-0.0461298227310181,0.1972735398449,
,,,-2.7884E-06,0.0208157896995544,0.196938811801374,
,,,-2.7882E-06,-0.0461298227310181,0.198110359953716,
,,,-2.788E-06,-0.0461298227310181,0.196938811801374,
,,,-2.7878E-06,-0.113075435161591,0.197608267888427,
,,,-2.7876E-06,0.0208157896995544,0.19777563191019,
,,,-2.7874E-06,0.087761402130127,0.197106175823137,
,,,-2.7872E-06,0.087761402130127,0.196938811801374,
,,,-2.787E-06,-0.113075435161591,0.196938811801374,
,,,-2.7868E-06,0.0208157896995544,0.1972735398449,
,,,-2.7866E-06,0.0208157896995544,0.1972735398449,
,,,-2.7864E-06,-0.0461298227310181,0.196938811801374,
,,,-2.7862E-06,-0.113075435161591,0.197106175823137,
,,,-2.786E-06,0.0208157896995544,0.196771447779611,
,,,-2.7858E-06,-0.0461298227310181,0.197608267888427,
,,,-2.7856E-06,0.0208157896995544,0.197608267888427,
,,,-2.7854E-06,-0.113075435161591,0.197608267888427,
,,,-2.7852E-06,0.0208157896995544,0.196771447779611,
,,,-2.785E-06,-0.113075435161591,0.196604083757848,
,,,-2.7848E-06,0.087761402130127,0.197106175823137,
,,,-2.7846E-06,-0.0461298227310181,0.197608267888427,
,,,-2.7844E-06,0.0208157896995544,0.1972735398449,
,,,-2.7842E-06,0.087761402130127,0.197942995931953,
,,,-2.784E-06,-0.0461298227310181,0.197440903866664,
,,,-2.7838E-06,0.087761402130127,0.197942995931953,
,,,-2.7836E-06,0.0208157896995544,0.197440903866664,
,,,-2.7834E-06,-0.0461298227310181,0.1972735398449,
,,,-2.7832E-06,0.087761402130127,0.197942995931953,
,,,-2.783E-06,-0.0461298227310181,0.197608267888427,
,,,-2.7828E-06,0.0208157896995544,0.197440903866664,
,,,-2.7826E-06,0.0208157896995544,0.198110359953716,
,,,-2.7824E-06,0.087761402130127,0.197106175823137,
,,,-2.7822E-06,-0.0461298227310181,0.197608267888427,
,,,-2.782E-06,0.0208157896995544,0.1972735398449,
,,,-2.7818E-06,0.0208157896995544,0.197106175823137,
,,,-2.7816E-06,0.0208157896995544,0.197106175823137,
,,,-2.7814E-06,-0.0461298227310181,0.197942995931953,
,,,-2.7812E-06,-0.113075435161591,0.19777563191019,
,,,-2.781E-06,-0.0461298227310181,0.19777563191019,
,,,-2.7808E-06,-0.0461298227310181,0.197942995931953,
,,,-2.7806E-06,-0.113075435161591,0.196938811801374,
,,,-2.7804E-06,-0.0461298227310181,0.19777563191019,
,,,-2.7802E-06,0.0208157896995544,0.19777563191019,
,,,-2.78E-06,0.087761402130127,0.197106175823137,
,,,-2.7798E-06,-0.0461298227310181,0.197608267888427,
,,,-2.7796E-06,0.0208157896995544,0.19827772397548,
,,,-2.7794E-06,0.0208157896995544,0.198445087997243,
,,,-2.7792E-06,-0.0461298227310181,0.19777563191019,
,,,-2.779E-06,-0.0461298227310181,0.198110359953716,
,,,-2.7788E-06,0.087761402130127,0.197942995931953,
,,,-2.7786E-06,0.0208157896995544,0.197942995931953,
,,,-2.7784E-06,0.0208157896995544,0.19777563191019,
,,,-2.7782E-06,0.0208157896995544,0.197942995931953,
,,,-2.778E-06,0.087761402130127,0.198612452019006,
,,,-2.7778E-06,0.0208157896995544,0.197440903866664,
,,,-2.7776E-06,0.0208157896995544,0.196771447779611,
,,,-2.7774E-06,0.087761402130127,0.198612452019006,
,,,-2.7772E-06,-0.113075435161591,0.198445087997243,
,,,-2.777E-06,-0.0461298227310181,0.197440903866664,
,,,-2.7768E-06,0.0208157896995544,0.198110359953716,
,,,-2.7766E-06,-0.0461298227310181,0.198110359953716,
,,,-2.7764E-06,-0.0461298227310181,0.198110359953716,
,,,-2.7762E-06,-0.0461298227310181,0.19827772397548,
,,,-2.776E-06,0.0208157896995544,0.197942995931953,
,,,-2.7758E-06,0.0208157896995544,0.198110359953716,
,,,-2.7756E-06,0.087761402130127,0.197942995931953,
,,,-2.7754E-06,-0.0461298227310181,0.19827772397548,
,,,-2.7752E-06,-0.113075435161591,0.19777563191019,
,,,-2.775E-06,0.0208157896995544,0.198110359953716,
,,,-2.7748E-06,0.0208157896995544,0.198612452019006,
,,,-2.7746E-06,-0.0461298227310181,0.197942995931953,
,,,-2.7744E-06,0.0208157896995544,0.198110359953716,
,,,-2.7742E-06,-0.113075435161591,0.19777563191019,
,,,-2.774E-06,0.0208157896995544,0.198445087997243,
,,,-2.7738E-06,0.0208157896995544,0.19777563191019,
,,,-2.7736E-06,-0.0461298227310181,0.197942995931953,
,,,-2.7734E-06,-0.0461298227310181,0.198110359953716,
,,,-2.7732E-06,0.0208157896995544,0.198110359953716,
,,,-2.773E-06,0.0208157896995544,0.19827772397548,
,,,-2.7728E-06,-0.0461298227310181,0.197942995931953,
,,,-2.7726E-06,-0.0461298227310181,0.19777563191019,
,,,-2.7724E-06,-0.0461298227310181,0.197440903866664,
,,,-2.7722E-06,-0.113075435161591,0.19777563191019,
,,,-2.772E-06,0.087761402130127,0.199281908106059,
,,,-2.7718E-06,0.087761402130127,0.19827772397548,
,,,-2.7716E-06,0.0208157896995544,0.198445087997243,
,,,-2.7714E-06,0.0208157896995544,0.19777563191019,
,,,-2.7712E-06,0.0208157896995544,0.197440903866664,
,,,-2.771E-06,0.0208157896995544,0.19827772397548,
,,,-2.7708E-06,-0.0461298227310181,0.198110359953716,
,,,-2.7706E-06,0.0208157896995544,0.197942995931953,
,,,-2.7704E-06,0.0208157896995544,0.198445087997243,
,,,-2.7702E-06,-0.113075435161591,0.197942995931953,
,,,-2.77E-06,-0.0461298227310181,0.19827772397548,
,,,-2.7698E-06,0.087761402130127,0.19827772397548,
,,,-2.7696E-06,0.087761402130127,0.197942995931953,
,,,-2.7694E-06,-0.0461298227310181,0.197942995931953,
,,,-2.7692E-06,0.0208157896995544,0.19827772397548,
,,,-2.769E-06,-0.0461298227310181,0.19827772397548,
,,,-2.7688E-06,-0.180021047592163,0.19777563191019,
,,,-2.7686E-06,0.087761402130127,0.198612452019006,
,,,-2.7684E-06,0.0208157896995544,0.198612452019006,
,,,-2.7682E-06,-0.0461298227310181,0.19827772397548,
,,,-2.768E-06,0.0208157896995544,0.198612452019006,
,,,-2.7678E-06,-0.113075435161591,0.197942995931953,
,,,-2.7676E-06,0.0208157896995544,0.19777563191019,
,,,-2.7674E-06,0.0208157896995544,0.19827772397548,
,,,-2.7672E-06,-0.0461298227310181,0.198110359953716,
,,,-2.767E-06,-0.113075435161591,0.197942995931953,
,,,-2.7668E-06,-0.0461298227310181,0.197942995931953,
,,,-2.7666E-06,-0.0461298227310181,0.19777563191019,
,,,-2.7664E-06,0.0208157896995544,0.198445087997243,
,,,-2.7662E-06,0.0208157896995544,0.198110359953716,
,,,-2.766E-06,-0.0461298227310181,0.198779816040769,
,,,-2.7658E-06,-0.113075435161591,0.198445087997243,
,,,-2.7656E-06,0.0208157896995544,0.197942995931953,
,,,-2.7654E-06,0.0208157896995544,0.19777563191019,
,,,-2.7652E-06,0.087761402130127,0.19777563191019,
,,,-2.765E-06,0.087761402130127,0.197608267888427,
,,,-2.7648E-06,-0.0461298227310181,0.19777563191019,
,,,-2.7646E-06,0.087761402130127,0.19777563191019,
,,,-2.7644E-06,-0.113075435161591,0.197942995931953,
,,,-2.7642E-06,-0.0461298227310181,0.197440903866664,
,,,-2.764E-06,0.0208157896995544,0.197942995931953,
,,,-2.7638E-06,-0.113075435161591,0.197608267888427,
,,,-2.7636E-06,0.0208157896995544,0.19777563191019,
,,,-2.7634E-06,0.087761402130127,0.197608267888427,
,,,-2.7632E-06,0.0208157896995544,0.197608267888427,
,,,-2.763E-06,-0.0461298227310181,0.19827772397548,
,,,-2.7628E-06,0.0208157896995544,0.197942995931953,
,,,-2.7626E-06,-0.0461298227310181,0.197608267888427,
,,,-2.7624E-06,0.0208157896995544,0.198110359953716,
,,,-2.7622E-06,-0.0461298227310181,0.19777563191019,
,,,-2.762E-06,-0.113075435161591,0.198110359953716,
,,,-2.7618E-06,-0.0461298227310181,0.19827772397548,
,,,-2.7616E-06,-0.0461298227310181,0.19777563191019,
,,,-2.7614E-06,-0.113075435161591,0.196938811801374,
,,,-2.7612E-06,0.0208157896995544,0.19777563191019,
,,,-2.761E-06,0.0208157896995544,0.19777563191019,
,,,-2.7608E-06,-0.0461298227310181,0.19777563191019,
,,,-2.7606E-06,-0.180021047592163,0.19777563191019,
,,,-2.7604E-06,-0.0461298227310181,0.1972735398449,
,,,-2.7602E-06,-0.0461298227310181,0.1972735398449,
,,,-2.76E-06,-0.0461298227310181,0.19777563191019,
,,,-2.7598E-06,-0.113075435161591,0.197608267888427,
,,,-2.7596E-06,0.0208157896995544,0.197106175823137,
,,,-2.7594E-06,-0.0461298227310181,0.198445087997243,
,,,-2.7592E-06,0.087761402130127,0.197608267888427,
,,,-2.759E-06,-0.0461298227310181,0.197106175823137,
,,,-2.7588E-06,0.0208157896995544,0.19777563191019,
,,,-2.7586E-06,0.0208157896995544,0.1972735398449,
,,,-2.7584E-06,0.0208157896995544,0.19777563191019,
,,,-2.7582E-06,0.087761402130127,0.197440903866664,
,,,-2.758E-06,-0.0461298227310181,0.197440903866664,
,,,-2.7578E-06,-0.0461298227310181,0.197440903866664,
,,,-2.7576E-06,-0.0461298227310181,0.198612452019006,
,,,-2.7574E-06,-0.0461298227310181,0.197440903866664,
,,,-2.7572E-06,-0.0461298227310181,0.197106175823137,
,,,-2.757E-06,0.0208157896995544,0.198612452019006,
,,,-2.7568E-06,0.0208157896995544,0.197942995931953,
,,,-2.7566E-06,0.0208157896995544,0.197440903866664,
,,,-2.7564E-06,0.0208157896995544,0.197942995931953,
,,,-2.7562E-06,0.0208157896995544,0.198445087997243,
,,,-2.756E-06,-0.113075435161591,0.197608267888427,
,,,-2.7558E-06,0.0208157896995544,0.197942995931953,
,,,-2.7556E-06,0.0208157896995544,0.198445087997243,
,,,-2.7554E-06,-0.0461298227310181,0.197608267888427,
,,,-2.7552E-06,0.0208157896995544,0.19777563191019,
,,,-2.755E-06,-0.0461298227310181,0.19777563191019,
,,,-2.7548E-06,-0.0461298227310181,0.198612452019006,
,,,-2.7546E-06,0.0208157896995544,0.19777563191019,
,,,-2.7544E-06,0.0208157896995544,0.197942995931953,
,,,-2.7542E-06,0.087761402130127,0.198445087997243,
,,,-2.754E-06,-0.0461298227310181,0.197106175823137,
,,,-2.7538E-06,-0.0461298227310181,0.197942995931953,
,,,-2.7536E-06,-0.0461298227310181,0.197942995931953,
,,,-2.7534E-06,-0.0461298227310181,0.198110359953716,
,,,-2.7532E-06,0.0208157896995544,0.197440903866664,
,,,-2.753E-06,-0.0461298227310181,0.1972735398449,
,,,-2.7528E-06,0.0208157896995544,0.198445087997243,
,,,-2.7526E-06,0.0208157896995544,0.197942995931953,
,,,-2.7524E-06,0.154707014560699,0.196938811801374,
,,,-2.7522E-06,-0.0461298227310181,0.197608267888427,
,,,-2.752E-06,0.0208157896995544,0.1972735398449,
,,,-2.7518E-06,0.087761402130127,0.197440903866664,
,,,-2.7516E-06,-0.0461298227310181,0.197440903866664,
,,,-2.7514E-06,-0.0461298227310181,0.197608267888427,
,,,-2.7512E-06,0.0208157896995544,0.198110359953716,
,,,-2.751E-06,-0.0461298227310181,0.19777563191019,
,,,-2.7508E-06,-0.0461298227310181,0.19827772397548,
,,,-2.7506E-06,-0.0461298227310181,0.19777563191019,
,,,-2.7504E-06,0.154707014560699,0.196938811801374,
,,,-2.7502E-06,-0.0461298227310181,0.19827772397548,
,,,-2.75E-06,0.087761402130127,0.197608267888427,
,,,-2.7498E-06,0.087761402130127,0.198110359953716,
,,,-2.7496E-06,-0.113075435161591,0.198110359953716,
,,,-2.7494E-06,0.0208157896995544,0.19827772397548,
,,,-2.7492E-06,0.0208157896995544,0.197942995931953,
,,,-2.749E-06,0.0208157896995544,0.198445087997243,
,,,-2.7488E-06,0.087761402130127,0.19827772397548,
,,,-2.7486E-06,-0.0461298227310181,0.19777563191019,
,,,-2.7484E-06,-0.0461298227310181,0.19827772397548,
,,,-2.7482E-06,0.0208157896995544,0.19827772397548,
,,,-2.748E-06,0.0208157896995544,0.1972735398449,
,,,-2.7478E-06,-0.0461298227310181,0.197608267888427,
,,,-2.7476E-06,0.0208157896995544,0.1972735398449,
,,,-2.7474E-06,-0.0461298227310181,0.197942995931953,
,,,-2.7472E-06,-0.0461298227310181,0.197106175823137,
,,,-2.747E-06,0.0208157896995544,0.197942995931953,
,,,-2.7468E-06,0.0208157896995544,0.197106175823137,
,,,-2.7466E-06,-0.0461298227310181,0.196604083757848,
,,,-2.7464E-06,-0.0461298227310181,0.19777563191019,
,,,-2.7462E-06,0.0208157896995544,0.197942995931953,
,,,-2.746E-06,0.087761402130127,0.197440903866664,
,,,-2.7458E-06,0.0208157896995544,0.197440903866664,
,,,-2.7456E-06,0.0208157896995544,0.1972735398449,
,,,-2.7454E-06,0.087761402130127,0.197942995931953,
,,,-2.7452E-06,-0.0461298227310181,0.19777563191019,
,,,-2.745E-06,0.0208157896995544,0.196938811801374,
,,,-2.7448E-06,0.087761402130127,0.19827772397548,
,,,-2.7446E-06,-0.113075435161591,0.197440903866664,
,,,-2.7444E-06,-0.0461298227310181,0.197440903866664,
,,,-2.7442E-06,0.0208157896995544,0.197106175823137,
,,,-2.744E-06,0.0208157896995544,0.197440903866664,
,,,-2.7438E-06,-0.0461298227310181,0.197106175823137,
,,,-2.7436E-06,0.0208157896995544,0.196771447779611,
,,,-2.7434E-06,-0.0461298227310181,0.196938811801374,
,,,-2.7432E-06,-0.0461298227310181,0.196938811801374,
,,,-2.743E-06,0.0208157896995544,0.196771447779611,
,,,-2.7428E-06,-0.113075435161591,0.19777563191019,
,,,-2.7426E-06,-0.0461298227310181,0.197106175823137,
,,,-2.7424E-06,0.0208157896995544,0.196938811801374,
,,,-2.7422E-06,-0.0461298227310181,0.196436719736084,
,,,-2.742E-06,0.0208157896995544,0.196771447779611,
,,,-2.7418E-06,0.0208157896995544,0.1972735398449,
,,,-2.7416E-06,-0.0461298227310181,0.197106175823137,
,,,-2.7414E-06,-0.0461298227310181,0.196938811801374,
,,,-2.7412E-06,-0.0461298227310181,0.197106175823137,
,,,-2.741E-06,-0.0461298227310181,0.197440903866664,
,,,-2.7408E-06,0.0208157896995544,0.196436719736084,
,,,-2.7406E-06,0.0208157896995544,0.196938811801374,
,,,-2.7404E-06,0.087761402130127,0.196771447779611,
,,,-2.7402E-06,-0.0461298227310181,0.196771447779611,
,,,-2.74E-06,-0.0461298227310181,0.196938811801374,
,,,-2.7398E-06,-0.0461298227310181,0.196938811801374,
,,,-2.7396E-06,0.087761402130127,0.1972735398449,
,,,-2.7394E-06,0.0208157896995544,0.197440903866664,
,,,-2.7392E-06,-0.0461298227310181,0.197440903866664,
,,,-2.739E-06,0.0208157896995544,0.196771447779611,
,,,-2.7388E-06,-0.0461298227310181,0.197106175823137,
,,,-2.7386E-06,0.0208157896995544,0.1972735398449,
,,,-2.7384E-06,0.0208157896995544,0.197440903866664,
,,,-2.7382E-06,-0.0461298227310181,0.1972735398449,
,,,-2.738E-06,0.0208157896995544,0.196604083757848,
,,,-2.7378E-06,0.0208157896995544,0.196938811801374,
,,,-2.7376E-06,0.221652626991272,0.197106175823137,
,,,-2.7374E-06,-0.0461298227310181,0.19777563191019,
,,,-2.7372E-06,-0.113075435161591,0.1972735398449,
,,,-2.737E-06,0.087761402130127,0.197440903866664,
,,,-2.7368E-06,-0.0461298227310181,0.196771447779611,
,,,-2.7366E-06,-0.113075435161591,0.197608267888427,
,,,-2.7364E-06,0.0208157896995544,0.196938811801374,
,,,-2.7362E-06,-0.0461298227310181,0.19777563191019,
,,,-2.736E-06,0.087761402130127,0.197942995931953,
,,,-2.7358E-06,-0.0461298227310181,0.1972735398449,
,,,-2.7356E-06,0.087761402130127,0.19777563191019,
,,,-2.7354E-06,0.087761402130127,0.19777563191019,
,,,-2.7352E-06,0.0208157896995544,0.197106175823137,
,,,-2.735E-06,0.0208157896995544,0.197440903866664,
,,,-2.7348E-06,-0.0461298227310181,0.197440903866664,
,,,-2.7346E-06,0.0208157896995544,0.19827772397548,
,,,-2.7344E-06,0.087761402130127,0.197608267888427,
,,,-2.7342E-06,-0.113075435161591,0.197608267888427,
,,,-2.734E-06,0.0208157896995544,0.197608267888427,
,,,-2.7338E-06,-0.113075435161591,0.197608267888427,
,,,-2.7336E-06,0.0208157896995544,0.197942995931953,
,,,-2.7334E-06,-0.0461298227310181,0.197608267888427,
,,,-2.7332E-06,0.0208157896995544,0.197440903866664,
,,,-2.733E-06,0.0208157896995544,0.197440903866664,
,,,-2.7328E-06,-0.0461298227310181,0.197440903866664,
,,,-2.7326E-06,0.087761402130127,0.1972735398449,
,,,-2.7324E-06,0.0208157896995544,0.1972735398449,
,,,-2.7322E-06,0.087761402130127,0.198110359953716,
,,,-2.732E-06,0.0208157896995544,0.19827772397548,
,,,-2.7318E-06,-0.0461298227310181,0.197608267888427,
,,,-2.7316E-06,0.0208157896995544,0.197608267888427,
,,,-2.7314E-06,0.087761402130127,0.197942995931953,
,,,-2.7312E-06,0.087761402130127,0.197440903866664,
,,,-2.731E-06,-0.0461298227310181,0.197942995931953,
,,,-2.7308E-06,0.0208157896995544,0.198445087997243,
,,,-2.7306E-06,-0.0461298227310181,0.19777563191019,
,,,-2.7304E-06,0.0208157896995544,0.197106175823137,
,,,-2.7302E-06,0.0208157896995544,0.1972735398449,
,,,-2.73E-06,0.087761402130127,0.197106175823137,
,,,-2.7298E-06,-0.0461298227310181,0.19777563191019,
,,,-2.7296E-06,0.087761402130127,0.197608267888427,
,,,-2.7294E-06,-0.113075435161591,0.196771447779611,
,,,-2.7292E-06,0.0208157896995544,0.1972735398449,
,,,-2.729E-06,0.0208157896995544,0.197440903866664,
,,,-2.7288E-06,0.0208157896995544,0.196938811801374,
,,,-2.7286E-06,-0.0461298227310181,0.197608267888427,
,,,-2.7284E-06,0.0208157896995544,0.198110359953716,
,,,-2.7282E-06,-0.0461298227310181,0.19777563191019,
,,,-2.728E-06,0.0208157896995544,0.197440903866664,
,,,-2.7278E-06,-0.113075435161591,0.197942995931953,
,,,-2.7276E-06,0.087761402130127,0.197440903866664,
,,,-2.7274E-06,0.0208157896995544,0.197608267888427,
,,,-2.7272E-06,0.0208157896995544,0.197440903866664,
,,,-2.727E-06,0.0208157896995544,0.197608267888427,
,,,-2.7268E-06,0.087761402130127,0.196938811801374,
,,,-2.7266E-06,-0.0461298227310181,0.1972735398449,
,,,-2.7264E-06,-0.0461298227310181,0.197608267888427,
,,,-2.7262E-06,0.0208157896995544,0.197440903866664,
,,,-2.726E-06,0.0208157896995544,0.197608267888427,
,,,-2.7258E-06,-0.0461298227310181,0.1972735398449,
,,,-2.7256E-06,0.0208157896995544,0.197440903866664,
,,,-2.7254E-06,-0.0461298227310181,0.19777563191019,
,,,-2.7252E-06,0.0208157896995544,0.197106175823137,
,,,-2.725E-06,-0.113075435161591,0.197608267888427,
,,,-2.7248E-06,0.087761402130127,0.197106175823137,
,,,-2.7246E-06,-0.0461298227310181,0.197608267888427,
,,,-2.7244E-06,0.0208157896995544,0.19777563191019,
,,,-2.7242E-06,-0.0461298227310181,0.19777563191019,
,,,-2.724E-06,-0.0461298227310181,0.1972735398449,
,,,-2.7238E-06,-0.0461298227310181,0.196771447779611,
,,,-2.7236E-06,0.0208157896995544,0.197942995931953,
,,,-2.7234E-06,0.0208157896995544,0.197440903866664,
,,,-2.7232E-06,0.087761402130127,0.1972735398449,
,,,-2.723E-06,-0.113075435161591,0.1972735398449,
,,,-2.7228E-06,0.0208157896995544,0.197440903866664,
,,,-2.7226E-06,0.087761402130127,0.197440903866664,
,,,-2.7224E-06,0.0208157896995544,0.197440903866664,
,,,-2.7222E-06,-0.113075435161591,0.197440903866664,
,,,-2.722E-06,-0.0461298227310181,0.1972735398449,
,,,-2.7218E-06,0.0208157896995544,0.197106175823137,
,,,-2.7216E-06,-0.0461298227310181,0.196938811801374,
,,,-2.7214E-06,-0.0461298227310181,0.197440903866664,
,,,-2.7212E-06,0.0208157896995544,0.197942995931953,
,,,-2.721E-06,0.0208157896995544,0.197608267888427,
,,,-2.7208E-06,-0.0461298227310181,0.197942995931953,
,,,-2.7206E-06,0.0208157896995544,0.197608267888427,
,,,-2.7204E-06,0.0208157896995544,0.196938811801374,
,,,-2.7202E-06,0.0208157896995544,0.197440903866664,
,,,-2.72E-06,-0.0461298227310181,0.197440903866664,
,,,-2.7198E-06,0.087761402130127,0.197106175823137,
,,,-2.7196E-06,0.0208157896995544,0.197942995931953,
,,,-2.7194E-06,0.0208157896995544,0.198110359953716,
,,,-2.7192E-06,0.0208157896995544,0.197106175823137,
,,,-2.719E-06,0.0208157896995544,0.197106175823137,
,,,-2.7188E-06,-0.0461298227310181,0.197440903866664,
,,,-2.7186E-06,-0.0461298227310181,0.197106175823137,
,,,-2.7184E-06,0.0208157896995544,0.197440903866664,
,,,-2.7182E-06,-0.0461298227310181,0.198110359953716,
,,,-2.718E-06,0.087761402130127,0.19777563191019,
,,,-2.7178E-06,0.0208157896995544,0.1972735398449,
,,,-2.7176E-06,-0.0461298227310181,0.197942995931953,
,,,-2.7174E-06,0.0208157896995544,0.197942995931953,
,,,-2.7172E-06,0.0208157896995544,0.197608267888427,
,,,-2.717E-06,-0.0461298227310181,0.1972735398449,
,,,-2.7168E-06,-0.0461298227310181,0.197440903866664,
,,,-2.7166E-06,-0.0461298227310181,0.19777563191019,
,,,-2.7164E-06,-0.0461298227310181,0.197106175823137,
,,,-2.7162E-06,-0.0461298227310181,0.1972735398449,
,,,-2.716E-06,0.0208157896995544,0.1972735398449,
,,,-2.7158E-06,0.0208157896995544,0.196771447779611,
,,,-2.7156E-06,0.087761402130127,0.197440903866664,
,,,-2.7154E-06,-0.0461298227310181,0.196771447779611,
,,,-2.7152E-06,-0.0461298227310181,0.197440903866664,
,,,-2.715E-06,-0.0461298227310181,0.196938811801374,
,,,-2.7148E-06,0.0208157896995544,0.197106175823137,
,,,-2.7146E-06,0.0208157896995544,0.197608267888427,
,,,-2.7144E-06,0.0208157896995544,0.197440903866664,
,,,-2.7142E-06,0.087761402130127,0.197106175823137,
,,,-2.714E-06,0.0208157896995544,0.197608267888427,
,,,-2.7138E-06,0.087761402130127,0.1972735398449,
,,,-2.7136E-06,-0.0461298227310181,0.197440903866664,
,,,-2.7134E-06,0.0208157896995544,0.197608267888427,
,,,-2.7132E-06,-0.113075435161591,0.197440903866664,
,,,-2.713E-06,0.0208157896995544,0.197106175823137,
,,,-2.7128E-06,0.0208157896995544,0.197942995931953,
,,,-2.7126E-06,-0.0461298227310181,0.1972735398449,
,,,-2.7124E-06,-0.0461298227310181,0.196436719736084,
,,,-2.7122E-06,-0.0461298227310181,0.197942995931953,
,,,-2.712E-06,0.0208157896995544,0.196771447779611,
,,,-2.7118E-06,-0.0461298227310181,0.196604083757848,
,,,-2.7116E-06,0.0208157896995544,0.196938811801374,
,,,-2.7114E-06,0.0208157896995544,0.197440903866664,
,,,-2.7112E-06,0.0208157896995544,0.1972735398449,
,,,-2.711E-06,0.0208157896995544,0.1972735398449,
,,,-2.7108E-06,0.0208157896995544,0.197440903866664,
,,,-2.7106E-06,0.0208157896995544,0.1972735398449,
,,,-2.7104E-06,0.087761402130127,0.197440903866664,
,,,-2.7102E-06,-0.0461298227310181,0.196771447779611,
,,,-2.71E-06,0.0208157896995544,0.196938811801374,
,,,-2.7098E-06,0.087761402130127,0.197608267888427,
,,,-2.7096E-06,0.0208157896995544,0.198445087997243,
,,,-2.7094E-06,-0.113075435161591,0.197608267888427,
,,,-2.7092E-06,0.087761402130127,0.197440903866664,
,,,-2.709E-06,-0.0461298227310181,0.197440903866664,
,,,-2.7088E-06,-0.0461298227310181,0.196938811801374,
,,,-2.7086E-06,0.0208157896995544,0.197608267888427,
,,,-2.7084E-06,-0.0461298227310181,0.196771447779611,
,,,-2.7082E-06,-0.0461298227310181,0.197440903866664,
,,,-2.708E-06,0.154707014560699,0.1972735398449,
,,,-2.7078E-06,-0.113075435161591,0.1972735398449,
,,,-2.7076E-06,0.0208157896995544,0.196604083757848,
,,,-2.7074E-06,-0.0461298227310181,0.197106175823137,
,,,-2.7072E-06,0.0208157896995544,0.1972735398449,
,,,-2.707E-06,0.0208157896995544,0.197106175823137,
,,,-2.7068E-06,0.0208157896995544,0.19827772397548,
,,,-2.7066E-06,-0.0461298227310181,0.197942995931953,
,,,-2.7064E-06,0.0208157896995544,0.197440903866664,
,,,-2.7062E-06,-0.113075435161591,0.196938811801374,
,,,-2.706E-06,0.0208157896995544,0.196938811801374,
,,,-2.7058E-06,-0.0461298227310181,0.19777563191019,
,,,-2.7056E-06,0.087761402130127,0.196604083757848,
,,,-2.7054E-06,-0.0461298227310181,0.197440903866664,
,,,-2.7052E-06,0.087761402130127,0.19827772397548,
,,,-2.705E-06,-0.113075435161591,0.196938811801374,
,,,-2.7048E-06,-0.113075435161591,0.19777563191019,
,,,-2.7046E-06,0.0208157896995544,0.197608267888427,
,,,-2.7044E-06,0.0208157896995544,0.1972735398449,
,,,-2.7042E-06,0.0208157896995544,0.196771447779611,
,,,-2.704E-06,0.0208157896995544,0.1972735398449,
,,,-2.7038E-06,-0.180021047592163,0.1972735398449,
,,,-2.7036E-06,0.0208157896995544,0.196938811801374,
,,,-2.7034E-06,0.0208157896995544,0.197106175823137,
,,,-2.7032E-06,0.0208157896995544,0.196604083757848,
,,,-2.703E-06,0.087761402130127,0.196436719736084,
,,,-2.7028E-06,-0.0461298227310181,0.1972735398449,
,,,-2.7026E-06,-0.0461298227310181,0.197440903866664,
,,,-2.7024E-06,0.0208157896995544,0.196771447779611,
,,,-2.7022E-06,0.0208157896995544,0.1972735398449,
,,,-2.702E-06,0.0208157896995544,0.196938811801374,
,,,-2.7018E-06,-0.0461298227310181,0.197106175823137,
,,,-2.7016E-06,0.087761402130127,0.1972735398449,
,,,-2.7014E-06,0.0208157896995544,0.197106175823137,
,,,-2.7012E-06,0.0208157896995544,0.197608267888427,
,,,-2.701E-06,0.0208157896995544,0.197608267888427,
,,,-2.7008E-06,0.0208157896995544,0.196938811801374,
,,,-2.7006E-06,0.087761402130127,0.1972735398449,
,,,-2.7004E-06,0.087761402130127,0.1972735398449,
,,,-2.7002E-06,-0.0461298227310181,0.197106175823137,
,,,-2.7E-06,0.0208157896995544,0.1972735398449,
,,,-2.6998E-06,-0.0461298227310181,0.197440903866664,
,,,-2.6996E-06,-0.0461298227310181,0.1972735398449,
,,,-2.6994E-06,0.087761402130127,0.197106175823137,
,,,-2.6992E-06,0.087761402130127,0.1972735398449,
,,,-2.699E-06,-0.0461298227310181,0.1972735398449,
,,,-2.6988E-06,0.0208157896995544,0.197106175823137,
,,,-2.6986E-06,0.087761402130127,0.197440903866664,
,,,-2.6984E-06,0.0208157896995544,0.196269355714321,
,,,-2.6982E-06,0.0208157896995544,0.196604083757848,
,,,-2.698E-06,0.0208157896995544,0.197106175823137,
,,,-2.6978E-06,0.0208157896995544,0.1972735398449,
,,,-2.6976E-06,0.0208157896995544,0.196771447779611,
,,,-2.6974E-06,-0.0461298227310181,0.196771447779611,
,,,-2.6972E-06,0.0208157896995544,0.196604083757848,
,,,-2.697E-06,0.087761402130127,0.197440903866664,
,,,-2.6968E-06,0.0208157896995544,0.197106175823137,
,,,-2.6966E-06,-0.0461298227310181,0.197106175823137,
,,,-2.6964E-06,-0.0461298227310181,0.19777563191019,
,,,-2.6962E-06,0.087761402130127,0.197440903866664,
,,,-2.696E-06,0.0208157896995544,0.196771447779611,
,,,-2.6958E-06,-0.0461298227310181,0.196938811801374,
,,,-2.6956E-06,0.0208157896995544,0.19777563191019,
,,,-2.6954E-06,0.0208157896995544,0.197440903866664,
,,,-2.6952E-06,0.0208157896995544,0.196938811801374,
,,,-2.695E-06,0.087761402130127,0.196771447779611,
,,,-2.6948E-06,0.087761402130127,0.197440903866664,
,,,-2.6946E-06,0.0208157896995544,0.1972735398449,
,,,-2.6944E-06,-0.0461298227310181,0.196938811801374,
,,,-2.6942E-06,0.087761402130127,0.196938811801374,
,,,-2.694E-06,-0.113075435161591,0.197440903866664,
,,,-2.6938E-06,0.0208157896995544,0.196771447779611,
,,,-2.6936E-06,0.0208157896995544,0.196604083757848,
,,,-2.6934E-06,-0.113075435161591,0.1972735398449,
,,,-2.6932E-06,-0.0461298227310181,0.197942995931953,
,,,-2.693E-06,0.0208157896995544,0.1972735398449,
,,,-2.6928E-06,0.154707014560699,0.196938811801374,
,,,-2.6926E-06,-0.0461298227310181,0.197106175823137,
,,,-2.6924E-06,0.0208157896995544,0.197608267888427,
,,,-2.6922E-06,0.0208157896995544,0.196938811801374,
,,,-2.692E-06,-0.0461298227310181,0.196771447779611,
,,,-2.6918E-06,-0.0461298227310181,0.197608267888427,
,,,-2.6916E-06,0.0208157896995544,0.1972735398449,
,,,-2.6914E-06,0.0208157896995544,0.196938811801374,
,,,-2.6912E-06,0.0208157896995544,0.19827772397548,
,,,-2.691E-06,-0.0461298227310181,0.197106175823137,
,,,-2.6908E-06,0.0208157896995544,0.196771447779611,
,,,-2.6906E-06,0.0208157896995544,0.1972735398449,
,,,-2.6904E-06,0.0208157896995544,0.197106175823137,
,,,-2.6902E-06,-0.0461298227310181,0.196604083757848,
,,,-2.69E-06,-0.0461298227310181,0.1972735398449,
,,,-2.6898E-06,-0.0461298227310181,0.197608267888427,
,,,-2.6896E-06,0.0208157896995544,0.197106175823137,
,,,-2.6894E-06,-0.0461298227310181,0.196771447779611,
,,,-2.6892E-06,-0.0461298227310181,0.197440903866664,
,,,-2.689E-06,0.0208157896995544,0.197608267888427,
,,,-2.6888E-06,0.087761402130127,0.197608267888427,
,,,-2.6886E-06,-0.0461298227310181,0.1972735398449,
,,,-2.6884E-06,0.087761402130127,0.197440903866664,
,,,-2.6882E-06,-0.113075435161591,0.197608267888427,
,,,-2.688E-06,0.0208157896995544,0.196771447779611,
,,,-2.6878E-06,0.087761402130127,0.197608267888427,
,,,-2.6876E-06,-0.0461298227310181,0.197608267888427,
,,,-2.6874E-06,0.087761402130127,0.196604083757848,
,,,-2.6872E-06,0.0208157896995544,0.1972735398449,
,,,-2.687E-06,-0.113075435161591,0.197608267888427,
,,,-2.6868E-06,-0.0461298227310181,0.1972735398449,
,,,-2.6866E-06,-0.0461298227310181,0.197440903866664,
,,,-2.6864E-06,0.154707014560699,0.197440903866664,
,,,-2.6862E-06,0.0208157896995544,0.196771447779611,
,,,-2.686E-06,0.0208157896995544,0.197608267888427,
,,,-2.6858E-06,-0.0461298227310181,0.197440903866664,
,,,-2.6856E-06,0.0208157896995544,0.197942995931953,
,,,-2.6854E-06,0.0208157896995544,0.197440903866664,
,,,-2.6852E-06,-0.113075435161591,0.197440903866664,
,,,-2.685E-06,-0.0461298227310181,0.197608267888427,
,,,-2.6848E-06,0.087761402130127,0.1972735398449,
,,,-2.6846E-06,-0.180021047592163,0.1972735398449,
,,,-2.6844E-06,0.087761402130127,0.197942995931953,
,,,-2.6842E-06,0.087761402130127,0.197608267888427,
,,,-2.684E-06,0.0208157896995544,0.197106175823137,
,,,-2.6838E-06,-0.113075435161591,0.196938811801374,
,,,-2.6836E-06,-0.0461298227310181,0.197106175823137,
,,,-2.6834E-06,-0.0461298227310181,0.1972735398449,
,,,-2.6832E-06,0.0208157896995544,0.197440903866664,
,,,-2.683E-06,0.0208157896995544,0.196938811801374,
,,,-2.6828E-06,0.087761402130127,0.197608267888427,
,,,-2.6826E-06,-0.0461298227310181,0.197106175823137,
,,,-2.6824E-06,0.087761402130127,0.197440903866664,
,,,-2.6822E-06,-0.0461298227310181,0.197106175823137,
,,,-2.682E-06,0.0208157896995544,0.1972735398449,
,,,-2.6818E-06,0.087761402130127,0.19777563191019,
,,,-2.6816E-06,-0.0461298227310181,0.197106175823137,
,,,-2.6814E-06,0.0208157896995544,0.1972735398449,
,,,-2.6812E-06,0.087761402130127,0.1972735398449,
,,,-2.681E-06,0.0208157896995544,0.197106175823137,
,,,-2.6808E-06,0.0208157896995544,0.197942995931953,
,,,-2.6806E-06,0.0208157896995544,0.19777563191019,
,,,-2.6804E-06,0.0208157896995544,0.19777563191019,
,,,-2.6802E-06,0.087761402130127,0.197440903866664,
,,,-2.68E-06,-0.0461298227310181,0.197106175823137,
,,,-2.6798E-06,-0.0461298227310181,0.197440903866664,
,,,-2.6796E-06,0.087761402130127,0.19777563191019,
,,,-2.6794E-06,-0.0461298227310181,0.19777563191019,
,,,-2.6792E-06,0.0208157896995544,0.197106175823137,
,,,-2.679E-06,-0.113075435161591,0.197440903866664,
,,,-2.6788E-06,-0.113075435161591,0.196938811801374,
,,,-2.6786E-06,0.087761402130127,0.19777563191019,
,,,-2.6784E-06,0.087761402130127,0.197942995931953,
,,,-2.6782E-06,-0.0461298227310181,0.197608267888427,
,,,-2.678E-06,-0.0461298227310181,0.196604083757848,
,,,-2.6778E-06,0.0208157896995544,0.196938811801374,
,,,-2.6776E-06,0.0208157896995544,0.197608267888427,
,,,-2.6774E-06,0.0208157896995544,0.1972735398449,
,,,-2.6772E-06,0.0208157896995544,0.197106175823137,
,,,-2.677E-06,-0.0461298227310181,0.196938811801374,
,,,-2.6768E-06,0.0208157896995544,0.197608267888427,
,,,-2.6766E-06,-0.113075435161591,0.197942995931953,
,,,-2.6764E-06,-0.0461298227310181,0.196938811801374,
,,,-2.6762E-06,0.0208157896995544,0.196938811801374,
,,,-2.676E-06,0.0208157896995544,0.19777563191019,
,,,-2.6758E-06,0.0208157896995544,0.197608267888427,
,,,-2.6756E-06,0.0208157896995544,0.196938811801374,
,,,-2.6754E-06,-0.0461298227310181,0.196604083757848,
,,,-2.6752E-06,-0.0461298227310181,0.196771447779611,
,,,-2.675E-06,0.087761402130127,0.196604083757848,
,,,-2.6748E-06,-0.0461298227310181,0.197106175823137,
,,,-2.6746E-06,-0.0461298227310181,0.196938811801374,
,,,-2.6744E-06,0.087761402130127,0.197942995931953,
,,,-2.6742E-06,0.0208157896995544,0.197608267888427,
,,,-2.674E-06,0.0208157896995544,0.196436719736084,
,,,-2.6738E-06,0.0208157896995544,0.196938811801374,
,,,-2.6736E-06,0.087761402130127,0.1972735398449,
,,,-2.6734E-06,0.0208157896995544,0.197106175823137,
,,,-2.6732E-06,0.087761402130127,0.19777563191019,
,,,-2.673E-06,-0.113075435161591,0.197440903866664,
,,,-2.6728E-06,-0.0461298227310181,0.197942995931953,
,,,-2.6726E-06,-0.113075435161591,0.196938811801374,
,,,-2.6724E-06,0.0208157896995544,0.196938811801374,
,,,-2.6722E-06,0.087761402130127,0.197942995931953,
,,,-2.672E-06,-0.0461298227310181,0.198110359953716,
,,,-2.6718E-06,-0.0461298227310181,0.1972735398449,
,,,-2.6716E-06,0.0208157896995544,0.197942995931953,
,,,-2.6714E-06,-0.113075435161591,0.197106175823137,
,,,-2.6712E-06,-0.0461298227310181,0.196101991692558,
,,,-2.671E-06,-0.0461298227310181,0.196604083757848,
,,,-2.6708E-06,0.087761402130127,0.197106175823137,
,,,-2.6706E-06,-0.0461298227310181,0.197440903866664,
,,,-2.6704E-06,-0.0461298227310181,0.197440903866664,
,,,-2.6702E-06,0.0208157896995544,0.197440903866664,
,,,-2.67E-06,0.0208157896995544,0.198110359953716,
,,,-2.6698E-06,-0.0461298227310181,0.197608267888427,
,,,-2.6696E-06,0.087761402130127,0.197608267888427,
,,,-2.6694E-06,0.087761402130127,0.19777563191019,
,,,-2.6692E-06,0.0208157896995544,0.19777563191019,
,,,-2.669E-06,0.087761402130127,0.19777563191019,
,,,-2.6688E-06,0.087761402130127,0.197942995931953,
,,,-2.6686E-06,0.0208157896995544,0.19777563191019,
,,,-2.6684E-06,-0.0461298227310181,0.19777563191019,
,,,-2.6682E-06,0.0208157896995544,0.197106175823137,
,,,-2.668E-06,0.0208157896995544,0.19777563191019,
,,,-2.6678E-06,-0.0461298227310181,0.197440903866664,
,,,-2.6676E-06,0.087761402130127,0.196938811801374,
,,,-2.6674E-06,0.154707014560699,0.196771447779611,
,,,-2.6672E-06,0.087761402130127,0.197106175823137,
,,,-2.667E-06,-0.0461298227310181,0.1972735398449,
,,,-2.6668E-06,0.0208157896995544,0.196938811801374,
,,,-2.6666E-06,-0.0461298227310181,0.197608267888427,
,,,-2.6664E-06,-0.113075435161591,0.196938811801374,
,,,-2.6662E-06,-0.0461298227310181,0.196771447779611,
,,,-2.666E-06,-0.0461298227310181,0.197106175823137,
,,,-2.6658E-06,0.0208157896995544,0.197440903866664,
,,,-2.6656E-06,0.087761402130127,0.19777563191019,
,,,-2.6654E-06,-0.0461298227310181,0.197942995931953,
,,,-2.6652E-06,-0.113075435161591,0.197440903866664,
,,,-2.665E-06,0.0208157896995544,0.1972735398449,
,,,-2.6648E-06,-0.0461298227310181,0.197942995931953,
,,,-2.6646E-06,-0.113075435161591,0.197440903866664,
,,,-2.6644E-06,0.0208157896995544,0.1972735398449,
,,,-2.6642E-06,-0.0461298227310181,0.198445087997243,
,,,-2.664E-06,0.0208157896995544,0.19777563191019,
,,,-2.6638E-06,-0.113075435161591,0.1972735398449,
,,,-2.6636E-06,-0.0461298227310181,0.1972735398449,
,,,-2.6634E-06,-0.0461298227310181,0.198110359953716,
,,,-2.6632E-06,0.087761402130127,0.19777563191019,
,,,-2.663E-06,-0.0461298227310181,0.197608267888427,
,,,-2.6628E-06,0.087761402130127,0.1972735398449,
,,,-2.6626E-06,-0.0461298227310181,0.197440903866664,
,,,-2.6624E-06,0.0208157896995544,0.196938811801374,
,,,-2.6622E-06,0.0208157896995544,0.197608267888427,
,,,-2.662E-06,0.0208157896995544,0.196604083757848,
,,,-2.6618E-06,0.0208157896995544,0.197440903866664,
,,,-2.6616E-06,0.0208157896995544,0.1972735398449,
,,,-2.6614E-06,0.0208157896995544,0.1972735398449,
,,,-2.6612E-06,0.0208157896995544,0.197440903866664,
,,,-2.661E-06,0.0208157896995544,0.197440903866664,
,,,-2.6608E-06,0.087761402130127,0.196771447779611,
,,,-2.6606E-06,0.0208157896995544,0.197106175823137,
,,,-2.6604E-06,0.087761402130127,0.197106175823137,
,,,-2.6602E-06,-0.0461298227310181,0.196604083757848,
,,,-2.66E-06,-0.0461298227310181,0.196938811801374,
,,,-2.6598E-06,-0.0461298227310181,0.197106175823137,
,,,-2.6596E-06,-0.0461298227310181,0.197106175823137,
,,,-2.6594E-06,-0.0461298227310181,0.1972735398449,
,,,-2.6592E-06,0.0208157896995544,0.197106175823137,
,,,-2.659E-06,-0.180021047592163,0.196604083757848,
,,,-2.6588E-06,0.0208157896995544,0.196771447779611,
,,,-2.6586E-06,0.0208157896995544,0.196436719736084,
,,,-2.6584E-06,0.0208157896995544,0.196604083757848,
,,,-2.6582E-06,-0.0461298227310181,0.196269355714321,
,,,-2.658E-06,0.0208157896995544,0.196938811801374,
,,,-2.6578E-06,-0.0461298227310181,0.197106175823137,
,,,-2.6576E-06,0.0208157896995544,0.196604083757848,
,,,-2.6574E-06,-0.113075435161591,0.196604083757848,
,,,-2.6572E-06,0.0208157896995544,0.197106175823137,
,,,-2.657E-06,0.0208157896995544,0.196604083757848,
,,,-2.6568E-06,0.087761402130127,0.197106175823137,
,,,-2.6566E-06,0.0208157896995544,0.197608267888427,
,,,-2.6564E-06,0.087761402130127,0.196604083757848,
,,,-2.6562E-06,0.087761402130127,0.197106175823137,
,,,-2.656E-06,-0.0461298227310181,0.197440903866664,
,,,-2.6558E-06,0.0208157896995544,0.197440903866664,
,,,-2.6556E-06,-0.0461298227310181,0.19777563191019,
,,,-2.6554E-06,0.087761402130127,0.196771447779611,
,,,-2.6552E-06,0.0208157896995544,0.1972735398449,
,,,-2.655E-06,-0.113075435161591,0.1972735398449,
,,,-2.6548E-06,0.0208157896995544,0.197440903866664,
,,,-2.6546E-06,-0.0461298227310181,0.197106175823137,
,,,-2.6544E-06,0.087761402130127,0.197608267888427,
,,,-2.6542E-06,0.0208157896995544,0.197106175823137,
,,,-2.654E-06,0.0208157896995544,0.196604083757848,
,,,-2.6538E-06,0.0208157896995544,0.196604083757848,
,,,-2.6536E-06,-0.0461298227310181,0.19777563191019,
,,,-2.6534E-06,0.0208157896995544,0.197106175823137,
,,,-2.6532E-06,-0.0461298227310181,0.197608267888427,
,,,-2.653E-06,-0.0461298227310181,0.197440903866664,
,,,-2.6528E-06,0.0208157896995544,0.197106175823137,
,,,-2.6526E-06,-0.0461298227310181,0.1972735398449,
,,,-2.6524E-06,-0.0461298227310181,0.197106175823137,
,,,-2.6522E-06,0.087761402130127,0.198110359953716,
,,,-2.652E-06,0.0208157896995544,0.197106175823137,
,,,-2.6518E-06,-0.113075435161591,0.197942995931953,
,,,-2.6516E-06,0.0208157896995544,0.197106175823137,
,,,-2.6514E-06,-0.0461298227310181,0.1972735398449,
,,,-2.6512E-06,-0.0461298227310181,0.197106175823137,
,,,-2.651E-06,0.0208157896995544,0.1972735398449,
,,,-2.6508E-06,-0.0461298227310181,0.197106175823137,
,,,-2.6506E-06,-0.0461298227310181,0.197440903866664,
,,,-2.6504E-06,0.087761402130127,0.197608267888427,
,,,-2.6502E-06,0.087761402130127,0.197608267888427,
,,,-2.65E-06,0.0208157896995544,0.1972735398449,
,,,-2.6498E-06,-0.0461298227310181,0.197106175823137,
,,,-2.6496E-06,-0.113075435161591,0.1972735398449,
,,,-2.6494E-06,0.0208157896995544,0.197608267888427,
,,,-2.6492E-06,-0.0461298227310181,0.19777563191019,
,,,-2.649E-06,-0.0461298227310181,0.196436719736084,
,,,-2.6488E-06,0.087761402130127,0.19777563191019,
,,,-2.6486E-06,-0.0461298227310181,0.197608267888427,
,,,-2.6484E-06,0.0208157896995544,0.196604083757848,
,,,-2.6482E-06,0.087761402130127,0.198110359953716,
,,,-2.648E-06,0.087761402130127,0.197106175823137,
,,,-2.6478E-06,-0.0461298227310181,0.196771447779611,
,,,-2.6476E-06,0.087761402130127,0.1972735398449,
,,,-2.6474E-06,-0.0461298227310181,0.198110359953716,
,,,-2.6472E-06,-0.0461298227310181,0.196604083757848,
,,,-2.647E-06,-0.0461298227310181,0.197942995931953,
,,,-2.6468E-06,0.0208157896995544,0.197942995931953,
,,,-2.6466E-06,-0.0461298227310181,0.197608267888427,
,,,-2.6464E-06,0.087761402130127,0.1972735398449,
,,,-2.6462E-06,-0.0461298227310181,0.19777563191019,
,,,-2.646E-06,-0.0461298227310181,0.196771447779611,
,,,-2.6458E-06,0.0208157896995544,0.197608267888427,
,,,-2.6456E-06,-0.0461298227310181,0.1972735398449,
,,,-2.6454E-06,-0.0461298227310181,0.198110359953716,
,,,-2.6452E-06,-0.0461298227310181,0.196938811801374,
,,,-2.645E-06,-0.113075435161591,0.197106175823137,
,,,-2.6448E-06,0.0208157896995544,0.197440903866664,
,,,-2.6446E-06,0.0208157896995544,0.1972735398449,
,,,-2.6444E-06,0.0208157896995544,0.1972735398449,
,,,-2.6442E-06,-0.0461298227310181,0.196938811801374,
,,,-2.644E-06,0.087761402130127,0.196938811801374,
,,,-2.6438E-06,0.087761402130127,0.1972735398449,
,,,-2.6436E-06,0.0208157896995544,0.197608267888427,
,,,-2.6434E-06,0.0208157896995544,0.197942995931953,
,,,-2.6432E-06,0.0208157896995544,0.198110359953716,
,,,-2.643E-06,0.087761402130127,0.198110359953716,
,,,-2.6428E-06,0.0208157896995544,0.197440903866664,
,,,-2.6426E-06,0.0208157896995544,0.197440903866664,
,,,-2.6424E-06,0.0208157896995544,0.197942995931953,
,,,-2.6422E-06,-0.0461298227310181,0.196938811801374,
,,,-2.642E-06,0.0208157896995544,0.196604083757848,
,,,-2.6418E-06,0.0208157896995544,0.197608267888427,
,,,-2.6416E-06,0.0208157896995544,0.196938811801374,
,,,-2.6414E-06,0.0208157896995544,0.196604083757848,
,,,-2.6412E-06,-0.0461298227310181,0.197608267888427,
,,,-2.641E-06,0.0208157896995544,0.197440903866664,
,,,-2.6408E-06,0.087761402130127,0.196771447779611,
,,,-2.6406E-06,0.0208157896995544,0.196938811801374,
,,,-2.6404E-06,-0.113075435161591,0.196938811801374,
,,,-2.6402E-06,0.0208157896995544,0.197608267888427,
,,,-2.64E-06,0.087761402130127,0.197106175823137,
,,,-2.6398E-06,-0.113075435161591,0.196269355714321,
,,,-2.6396E-06,-0.0461298227310181,0.1972735398449,
,,,-2.6394E-06,0.087761402130127,0.196771447779611,
,,,-2.6392E-06,0.0208157896995544,0.196771447779611,
,,,-2.639E-06,-0.0461298227310181,0.196771447779611,
,,,-2.6388E-06,0.087761402130127,0.196771447779611,
,,,-2.6386E-06,-0.0461298227310181,0.196938811801374,
,,,-2.6384E-06,0.0208157896995544,0.196604083757848,
,,,-2.6382E-06,0.0208157896995544,0.196938811801374,
,,,-2.638E-06,0.0208157896995544,0.196938811801374,
,,,-2.6378E-06,-0.0461298227310181,0.197106175823137,
,,,-2.6376E-06,0.0208157896995544,0.196604083757848,
,,,-2.6374E-06,0.087761402130127,0.1972735398449,
,,,-2.6372E-06,0.154707014560699,0.196436719736084,
,,,-2.637E-06,0.0208157896995544,0.196771447779611,
,,,-2.6368E-06,-0.0461298227310181,0.197106175823137,
,,,-2.6366E-06,0.0208157896995544,0.196771447779611,
,,,-2.6364E-06,-0.113075435161591,0.196604083757848,
,,,-2.6362E-06,0.0208157896995544,0.197106175823137,
,,,-2.636E-06,0.087761402130127,0.19777563191019,
,,,-2.6358E-06,-0.0461298227310181,0.197106175823137,
,,,-2.6356E-06,-0.0461298227310181,0.197608267888427,
,,,-2.6354E-06,0.0208157896995544,0.197106175823137,
,,,-2.6352E-06,0.0208157896995544,0.196771447779611,
,,,-2.635E-06,-0.0461298227310181,0.196938811801374,
,,,-2.6348E-06,-0.0461298227310181,0.196436719736084,
,,,-2.6346E-06,-0.0461298227310181,0.196938811801374,
,,,-2.6344E-06,-0.0461298227310181,0.1972735398449,
,,,-2.6342E-06,0.0208157896995544,0.196938811801374,
,,,-2.634E-06,0.0208157896995544,0.19777563191019,
,,,-2.6338E-06,0.0208157896995544,0.19777563191019,
,,,-2.6336E-06,0.0208157896995544,0.197106175823137,
,,,-2.6334E-06,-0.113075435161591,0.1972735398449,
,,,-2.6332E-06,-0.0461298227310181,0.197942995931953,
,,,-2.633E-06,0.0208157896995544,0.196938811801374,
,,,-2.6328E-06,0.0208157896995544,0.197106175823137,
,,,-2.6326E-06,-0.0461298227310181,0.19777563191019,
,,,-2.6324E-06,-0.0461298227310181,0.197106175823137,
,,,-2.6322E-06,-0.0461298227310181,0.196938811801374,
,,,-2.632E-06,0.0208157896995544,0.197106175823137,
,,,-2.6318E-06,-0.0461298227310181,0.196771447779611,
,,,-2.6316E-06,0.0208157896995544,0.197440903866664,
,,,-2.6314E-06,-0.0461298227310181,0.196938811801374,
,,,-2.6312E-06,-0.0461298227310181,0.197106175823137,
,,,-2.631E-06,0.087761402130127,0.196771447779611,
,,,-2.6308E-06,0.087761402130127,0.196771447779611,
,,,-2.6306E-06,0.0208157896995544,0.1972735398449,
,,,-2.6304E-06,-0.0461298227310181,0.196938811801374,
,,,-2.6302E-06,0.087761402130127,0.196269355714321,
,,,-2.63E-06,-0.113075435161591,0.197106175823137,
,,,-2.6298E-06,-0.0461298227310181,0.196771447779611,
,,,-2.6296E-06,0.0208157896995544,0.196938811801374,
,,,-2.6294E-06,-0.0461298227310181,0.1972735398449,
,,,-2.6292E-06,-0.0461298227310181,0.1972735398449,
,,,-2.629E-06,0.0208157896995544,0.197106175823137,
,,,-2.6288E-06,0.087761402130127,0.197440903866664,
,,,-2.6286E-06,0.0208157896995544,0.197106175823137,
,,,-2.6284E-06,0.0208157896995544,0.197608267888427,
,,,-2.6282E-06,-0.0461298227310181,0.19777563191019,
,,,-2.628E-06,-0.0461298227310181,0.197106175823137,
,,,-2.6278E-06,-0.113075435161591,0.197440903866664,
,,,-2.6276E-06,-0.113075435161591,0.197942995931953,
,,,-2.6274E-06,0.087761402130127,0.19777563191019,
,,,-2.6272E-06,0.0208157896995544,0.197608267888427,
,,,-2.627E-06,-0.113075435161591,0.1972735398449,
,,,-2.6268E-06,-0.0461298227310181,0.197106175823137,
,,,-2.6266E-06,0.0208157896995544,0.196938811801374,
,,,-2.6264E-06,-0.0461298227310181,0.197106175823137,
,,,-2.6262E-06,-0.0461298227310181,0.197440903866664,
,,,-2.626E-06,0.0208157896995544,0.197440903866664,
,,,-2.6258E-06,0.0208157896995544,0.1972735398449,
,,,-2.6256E-06,-0.0461298227310181,0.198110359953716,
,,,-2.6254E-06,-0.0461298227310181,0.197106175823137,
,,,-2.6252E-06,-0.0461298227310181,0.197106175823137,
,,,-2.625E-06,-0.0461298227310181,0.197608267888427,
,,,-2.6248E-06,0.087761402130127,0.197106175823137,
,,,-2.6246E-06,-0.0461298227310181,0.19777563191019,
,,,-2.6244E-06,0.0208157896995544,0.19777563191019,
,,,-2.6242E-06,0.087761402130127,0.197608267888427,
,,,-2.624E-06,0.0208157896995544,0.197608267888427,
,,,-2.6238E-06,0.087761402130127,0.197608267888427,
,,,-2.6236E-06,-0.0461298227310181,0.197942995931953,
,,,-2.6234E-06,0.0208157896995544,0.1972735398449,
,,,-2.6232E-06,0.087761402130127,0.196938811801374,
,,,-2.623E-06,-0.0461298227310181,0.197608267888427,
,,,-2.6228E-06,0.0208157896995544,0.196771447779611,
,,,-2.6226E-06,0.087761402130127,0.196771447779611,
,,,-2.6224E-06,0.087761402130127,0.197106175823137,
,,,-2.6222E-06,0.0208157896995544,0.1972735398449,
,,,-2.622E-06,0.0208157896995544,0.196771447779611,
,,,-2.6218E-06,-0.0461298227310181,0.197608267888427,
,,,-2.6216E-06,0.0208157896995544,0.197106175823137,
,,,-2.6214E-06,0.0208157896995544,0.196604083757848,
,,,-2.6212E-06,-0.113075435161591,0.19777563191019,
,,,-2.621E-06,0.087761402130127,0.198110359953716,
,,,-2.6208E-06,0.087761402130127,0.19777563191019,
,,,-2.6206E-06,-0.113075435161591,0.197440903866664,
,,,-2.6204E-06,-0.0461298227310181,0.1972735398449,
,,,-2.6202E-06,0.087761402130127,0.197440903866664,
,,,-2.62E-06,0.0208157896995544,0.197608267888427,
,,,-2.6198E-06,-0.113075435161591,0.197440903866664,
,,,-2.6196E-06,0.0208157896995544,0.197440903866664,
,,,-2.6194E-06,0.0208157896995544,0.197942995931953,
,,,-2.6192E-06,-0.0461298227310181,0.197440903866664,
,,,-2.619E-06,0.0208157896995544,0.1972735398449,
,,,-2.6188E-06,0.0208157896995544,0.19777563191019,
,,,-2.6186E-06,-0.0461298227310181,0.196938811801374,
,,,-2.6184E-06,0.087761402130127,0.198110359953716,
,,,-2.6182E-06,-0.0461298227310181,0.197440903866664,
,,,-2.618E-06,0.0208157896995544,0.1972735398449,
,,,-2.6178E-06,0.087761402130127,0.197440903866664,
,,,-2.6176E-06,0.0208157896995544,0.197608267888427,
,,,-2.6174E-06,0.0208157896995544,0.196938811801374,
,,,-2.6172E-06,-0.0461298227310181,0.197106175823137,
,,,-2.617E-06,0.087761402130127,0.197440903866664,
,,,-2.6168E-06,0.0208157896995544,0.197440903866664,
,,,-2.6166E-06,-0.113075435161591,0.197106175823137,
,,,-2.6164E-06,0.087761402130127,0.197608267888427,
,,,-2.6162E-06,0.0208157896995544,0.1972735398449,
,,,-2.616E-06,0.0208157896995544,0.19777563191019,
,,,-2.6158E-06,-0.0461298227310181,0.1972735398449,
,,,-2.6156E-06,0.0208157896995544,0.1972735398449,
,,,-2.6154E-06,-0.0461298227310181,0.197608267888427,
,,,-2.6152E-06,-0.0461298227310181,0.197440903866664,
,,,-2.615E-06,0.0208157896995544,0.196771447779611,
,,,-2.6148E-06,0.0208157896995544,0.197608267888427,
,,,-2.6146E-06,-0.0461298227310181,0.197106175823137,
,,,-2.6144E-06,0.0208157896995544,0.197106175823137,
,,,-2.6142E-06,-0.113075435161591,0.196604083757848,
,,,-2.614E-06,-0.0461298227310181,0.196771447779611,
,,,-2.6138E-06,0.087761402130127,0.197440903866664,
,,,-2.6136E-06,-0.0461298227310181,0.1972735398449,
,,,-2.6134E-06,0.0208157896995544,0.197440903866664,
,,,-2.6132E-06,0.0208157896995544,0.197106175823137,
,,,-2.613E-06,-0.0461298227310181,0.197106175823137,
,,,-2.6128E-06,-0.0461298227310181,0.197608267888427,
,,,-2.6126E-06,0.0208157896995544,0.197106175823137,
,,,-2.6124E-06,0.087761402130127,0.196938811801374,
,,,-2.6122E-06,-0.0461298227310181,0.196938811801374,
,,,-2.612E-06,0.0208157896995544,0.197942995931953,
,,,-2.6118E-06,0.0208157896995544,0.19777563191019,
,,,-2.6116E-06,0.087761402130127,0.196771447779611,
,,,-2.6114E-06,-0.113075435161591,0.1972735398449,
,,,-2.6112E-06,0.0208157896995544,0.1972735398449,
,,,-2.611E-06,0.0208157896995544,0.197608267888427,
,,,-2.6108E-06,-0.0461298227310181,0.1972735398449,
,,,-2.6106E-06,-0.0461298227310181,0.197106175823137,
,,,-2.6104E-06,0.0208157896995544,0.198110359953716,
,,,-2.6102E-06,-0.113075435161591,0.196938811801374,
,,,-2.61E-06,-0.0461298227310181,0.197106175823137,
,,,-2.6098E-06,0.087761402130127,0.197440903866664,
,,,-2.6096E-06,0.0208157896995544,0.197942995931953,
,,,-2.6094E-06,-0.0461298227310181,0.197608267888427,
,,,-2.6092E-06,0.0208157896995544,0.197106175823137,
,,,-2.609E-06,-0.0461298227310181,0.197440903866664,
,,,-2.6088E-06,-0.0461298227310181,0.196269355714321,
,,,-2.6086E-06,-0.0461298227310181,0.197440903866664,
,,,-2.6084E-06,0.0208157896995544,0.198110359953716,
,,,-2.6082E-06,-0.0461298227310181,0.197942995931953,
,,,-2.608E-06,0.154707014560699,0.1972735398449,
,,,-2.6078E-06,-0.113075435161591,0.19777563191019,
,,,-2.6076E-06,-0.0461298227310181,0.19777563191019,
,,,-2.6074E-06,0.0208157896995544,0.196771447779611,
,,,-2.6072E-06,-0.0461298227310181,0.1972735398449,
,,,-2.607E-06,-0.0461298227310181,0.198110359953716,
,,,-2.6068E-06,0.0208157896995544,0.197608267888427,
,,,-2.6066E-06,0.087761402130127,0.197106175823137,
,,,-2.6064E-06,-0.0461298227310181,0.198110359953716,
,,,-2.6062E-06,-0.0461298227310181,0.197942995931953,
,,,-2.606E-06,-0.0461298227310181,0.197440903866664,
,,,-2.6058E-06,-0.0461298227310181,0.197608267888427,
,,,-2.6056E-06,0.0208157896995544,0.197942995931953,
,,,-2.6054E-06,-0.0461298227310181,0.197608267888427,
,,,-2.6052E-06,0.087761402130127,0.196604083757848,
,,,-2.605E-06,-0.0461298227310181,0.197608267888427,
,,,-2.6048E-06,0.0208157896995544,0.1972735398449,
,,,-2.6046E-06,0.0208157896995544,0.197608267888427,
,,,-2.6044E-06,-0.0461298227310181,0.1972735398449,
,,,-2.6042E-06,-0.0461298227310181,0.197440903866664,
,,,-2.604E-06,0.087761402130127,0.197942995931953,
,,,-2.6038E-06,-0.113075435161591,0.197440903866664,
,,,-2.6036E-06,-0.0461298227310181,0.196938811801374,
,,,-2.6034E-06,-0.0461298227310181,0.197106175823137,
,,,-2.6032E-06,0.0208157896995544,0.1972735398449,
,,,-2.603E-06,-0.113075435161591,0.19777563191019,
,,,-2.6028E-06,0.0208157896995544,0.196771447779611,
,,,-2.6026E-06,0.0208157896995544,0.19777563191019,
,,,-2.6024E-06,-0.0461298227310181,0.19777563191019,
,,,-2.6022E-06,-0.0461298227310181,0.1972735398449,
,,,-2.602E-06,-0.113075435161591,0.1972735398449,
,,,-2.6018E-06,0.0208157896995544,0.19777563191019,
,,,-2.6016E-06,0.154707014560699,0.198445087997243,
,,,-2.6014E-06,-0.0461298227310181,0.197106175823137,
,,,-2.6012E-06,-0.0461298227310181,0.197440903866664,
,,,-2.601E-06,0.087761402130127,0.197440903866664,
,,,-2.6008E-06,-0.0461298227310181,0.197608267888427,
,,,-2.6006E-06,-0.0461298227310181,0.19777563191019,
,,,-2.6004E-06,0.0208157896995544,0.197440903866664,
,,,-2.6002E-06,-0.0461298227310181,0.197942995931953,
,,,-2.6E-06,0.087761402130127,0.197106175823137,
,,,-2.5998E-06,-0.0461298227310181,0.197106175823137,
,,,-2.5996E-06,0.0208157896995544,0.197608267888427,
,,,-2.5994E-06,-0.113075435161591,0.197608267888427,
,,,-2.5992E-06,0.087761402130127,0.197106175823137,
,,,-2.599E-06,0.0208157896995544,0.196938811801374,
,,,-2.5988E-06,-0.0461298227310181,0.1972735398449,
,,,-2.5986E-06,-0.113075435161591,0.197440903866664,
,,,-2.5984E-06,0.087761402130127,0.19777563191019,
,,,-2.5982E-06,0.0208157896995544,0.197440903866664,
,,,-2.598E-06,-0.0461298227310181,0.1972735398449,
,,,-2.5978E-06,0.087761402130127,0.1972735398449,
,,,-2.5976E-06,-0.0461298227310181,0.19777563191019,
,,,-2.5974E-06,0.0208157896995544,0.197440903866664,
,,,-2.5972E-06,0.0208157896995544,0.197942995931953,
,,,-2.597E-06,0.0208157896995544,0.197440903866664,
,,,-2.5968E-06,0.154707014560699,0.19827772397548,
,,,-2.5966E-06,-0.113075435161591,0.197440903866664,
,,,-2.5964E-06,-0.0461298227310181,0.197106175823137,
,,,-2.5962E-06,0.0208157896995544,0.197440903866664,
,,,-2.596E-06,-0.0461298227310181,0.196269355714321,
,,,-2.5958E-06,0.087761402130127,0.196938811801374,
,,,-2.5956E-06,0.0208157896995544,0.196604083757848,
,,,-2.5954E-06,-0.0461298227310181,0.197106175823137,
,,,-2.5952E-06,0.087761402130127,0.1972735398449,
,,,-2.595E-06,-0.0461298227310181,0.196771447779611,
,,,-2.5948E-06,0.0208157896995544,0.196771447779611,
,,,-2.5946E-06,0.0208157896995544,0.196938811801374,
,,,-2.5944E-06,-0.0461298227310181,0.196938811801374,
,,,-2.5942E-06,-0.113075435161591,0.196938811801374,
,,,-2.594E-06,-0.0461298227310181,0.197106175823137,
,,,-2.5938E-06,-0.0461298227310181,0.19827772397548,
,,,-2.5936E-06,0.087761402130127,0.1972735398449,
,,,-2.5934E-06,0.0208157896995544,0.1972735398449,
,,,-2.5932E-06,-0.0461298227310181,0.197440903866664,
,,,-2.593E-06,0.0208157896995544,0.197608267888427,
,,,-2.5928E-06,0.087761402130127,0.197608267888427,
,,,-2.5926E-06,0.0208157896995544,0.197106175823137,
,,,-2.5924E-06,0.154707014560699,0.197440903866664,
,,,-2.5922E-06,0.087761402130127,0.197106175823137,
,,,-2.592E-06,0.0208157896995544,0.196771447779611,
,,,-2.5918E-06,0.0208157896995544,0.197440903866664,
,,,-2.5916E-06,0.0208157896995544,0.1972735398449,
,,,-2.5914E-06,-0.0461298227310181,0.197440903866664,
,,,-2.5912E-06,0.0208157896995544,0.198110359953716,
,,,-2.591E-06,0.0208157896995544,0.197106175823137,
,,,-2.5908E-06,0.0208157896995544,0.197942995931953,
,,,-2.5906E-06,0.0208157896995544,0.1972735398449,
,,,-2.5904E-06,0.154707014560699,0.197608267888427,
,,,-2.5902E-06,0.0208157896995544,0.198110359953716,
,,,-2.59E-06,-0.113075435161591,0.197608267888427,
,,,-2.5898E-06,0.0208157896995544,0.198110359953716,
,,,-2.5896E-06,0.0208157896995544,0.198110359953716,
,,,-2.5894E-06,-0.0461298227310181,0.197942995931953,
,,,-2.5892E-06,0.0208157896995544,0.198110359953716,
,,,-2.589E-06,-0.0461298227310181,0.198612452019006,
,,,-2.5888E-06,0.087761402130127,0.198612452019006,
,,,-2.5886E-06,-0.0461298227310181,0.19777563191019,
,,,-2.5884E-06,0.0208157896995544,0.198110359953716,
,,,-2.5882E-06,-0.0461298227310181,0.1972735398449,
,,,-2.588E-06,0.0208157896995544,0.198110359953716,
,,,-2.5878E-06,-0.0461298227310181,0.19827772397548,
,,,-2.5876E-06,0.0208157896995544,0.198110359953716,
,,,-2.5874E-06,-0.113075435161591,0.19777563191019,
,,,-2.5872E-06,0.0208157896995544,0.197440903866664,
,,,-2.587E-06,-0.0461298227310181,0.19777563191019,
,,,-2.5868E-06,-0.0461298227310181,0.19777563191019,
,,,-2.5866E-06,-0.113075435161591,0.19827772397548,
,,,-2.5864E-06,0.0208157896995544,0.197440903866664,
,,,-2.5862E-06,0.0208157896995544,0.197608267888427,
,,,-2.586E-06,0.087761402130127,0.197608267888427,
,,,-2.5858E-06,0.087761402130127,0.197440903866664,
,,,-2.5856E-06,-0.0461298227310181,0.196938811801374,
,,,-2.5854E-06,0.087761402130127,0.197942995931953,
,,,-2.5852E-06,-0.113075435161591,0.19777563191019,
,,,-2.585E-06,0.0208157896995544,0.196938811801374,
,,,-2.5848E-06,0.0208157896995544,0.19777563191019,
,,,-2.5846E-06,-0.0461298227310181,0.196771447779611,
,,,-2.5844E-06,-0.0461298227310181,0.196938811801374,
,,,-2.5842E-06,0.087761402130127,0.198110359953716,
,,,-2.584E-06,0.087761402130127,0.198110359953716,
,,,-2.5838E-06,-0.0461298227310181,0.198110359953716,
,,,-2.5836E-06,0.087761402130127,0.197942995931953,
,,,-2.5834E-06,0.0208157896995544,0.197440903866664,
,,,-2.5832E-06,0.0208157896995544,0.1972735398449,
,,,-2.583E-06,0.0208157896995544,0.197608267888427,
,,,-2.5828E-06,-0.0461298227310181,0.19777563191019,
,,,-2.5826E-06,-0.0461298227310181,0.19777563191019,
,,,-2.5824E-06,0.0208157896995544,0.19777563191019,
,,,-2.5822E-06,-0.0461298227310181,0.19777563191019,
,,,-2.582E-06,0.0208157896995544,0.198612452019006,
,,,-2.5818E-06,0.087761402130127,0.19777563191019,
,,,-2.5816E-06,-0.0461298227310181,0.197106175823137,
,,,-2.5814E-06,-0.113075435161591,0.19777563191019,
,,,-2.5812E-06,0.0208157896995544,0.198445087997243,
,,,-2.581E-06,-0.0461298227310181,0.19827772397548,
,,,-2.5808E-06,0.087761402130127,0.198110359953716,
,,,-2.5806E-06,0.0208157896995544,0.197942995931953,
,,,-2.5804E-06,0.0208157896995544,0.1972735398449,
,,,-2.5802E-06,0.0208157896995544,0.197440903866664,
,,,-2.58E-06,0.087761402130127,0.197942995931953,
,,,-2.5798E-06,-0.0461298227310181,0.197608267888427,
,,,-2.5796E-06,0.0208157896995544,0.197106175823137,
,,,-2.5794E-06,0.0208157896995544,0.197608267888427,
,,,-2.5792E-06,-0.0461298227310181,0.197608267888427,
,,,-2.579E-06,0.087761402130127,0.19777563191019,
,,,-2.5788E-06,0.087761402130127,0.197608267888427,
,,,-2.5786E-06,-0.0461298227310181,0.197106175823137,
,,,-2.5784E-06,0.087761402130127,0.198110359953716,
,,,-2.5782E-06,0.0208157896995544,0.198110359953716,
,,,-2.578E-06,-0.0461298227310181,0.196938811801374,
,,,-2.5778E-06,0.0208157896995544,0.197608267888427,
,,,-2.5776E-06,0.221652626991272,0.197942995931953,
,,,-2.5774E-06,-0.0461298227310181,0.197942995931953,
,,,-2.5772E-06,0.087761402130127,0.197608267888427,
,,,-2.577E-06,0.087761402130127,0.197106175823137,
,,,-2.5768E-06,-0.0461298227310181,0.197106175823137,
,,,-2.5766E-06,-0.113075435161591,0.196771447779611,
,,,-2.5764E-06,0.0208157896995544,0.196604083757848,
,,,-2.5762E-06,0.0208157896995544,0.197608267888427,
,,,-2.576E-06,0.154707014560699,0.197440903866664,
,,,-2.5758E-06,-0.0461298227310181,0.197608267888427,
,,,-2.5756E-06,0.0208157896995544,0.1972735398449,
,,,-2.5754E-06,0.0208157896995544,0.197440903866664,
,,,-2.5752E-06,0.0208157896995544,0.197608267888427,
,,,-2.575E-06,-0.0461298227310181,0.197440903866664,
,,,-2.5748E-06,0.0208157896995544,0.197440903866664,
,,,-2.5746E-06,-0.0461298227310181,0.198445087997243,
,,,-2.5744E-06,0.0208157896995544,0.197106175823137,
,,,-2.5742E-06,-0.113075435161591,0.196938811801374,
,,,-2.574E-06,0.087761402130127,0.1972735398449,
,,,-2.5738E-06,-0.0461298227310181,0.1972735398449,
,,,-2.5736E-06,0.087761402130127,0.196938811801374,
,,,-2.5734E-06,0.0208157896995544,0.197608267888427,
,,,-2.5732E-06,0.087761402130127,0.1972735398449,
,,,-2.573E-06,0.087761402130127,0.197106175823137,
,,,-2.5728E-06,-0.0461298227310181,0.196604083757848,
,,,-2.5726E-06,0.087761402130127,0.1972735398449,
,,,-2.5724E-06,0.0208157896995544,0.197106175823137,
,,,-2.5722E-06,0.0208157896995544,0.196771447779611,
,,,-2.572E-06,0.0208157896995544,0.197106175823137,
,,,-2.5718E-06,-0.113075435161591,0.196269355714321,
,,,-2.5716E-06,0.087761402130127,0.197106175823137,
,,,-2.5714E-06,-0.0461298227310181,0.197608267888427,
,,,-2.5712E-06,0.0208157896995544,0.196938811801374,
,,,-2.571E-06,0.0208157896995544,0.195767263649032,
,,,-2.5708E-06,0.0208157896995544,0.1972735398449,
,,,-2.5706E-06,0.0208157896995544,0.196938811801374,
,,,-2.5704E-06,0.0208157896995544,0.196436719736084,
,,,-2.5702E-06,-0.0461298227310181,0.197608267888427,
,,,-2.57E-06,-0.0461298227310181,0.197440903866664,
,,,-2.5698E-06,0.0208157896995544,0.196771447779611,
,,,-2.5696E-06,0.087761402130127,0.196938811801374,
,,,-2.5694E-06,-0.0461298227310181,0.197106175823137,
,,,-2.5692E-06,0.0208157896995544,0.197440903866664,
,,,-2.569E-06,0.0208157896995544,0.196604083757848,
,,,-2.5688E-06,0.0208157896995544,0.197106175823137,
,,,-2.5686E-06,0.0208157896995544,0.196938811801374,
,,,-2.5684E-06,-0.0461298227310181,0.196771447779611,
,,,-2.5682E-06,-0.0461298227310181,0.196604083757848,
,,,-2.568E-06,0.0208157896995544,0.19777563191019,
,,,-2.5678E-06,-0.0461298227310181,0.1972735398449,
,,,-2.5676E-06,-0.0461298227310181,0.197608267888427,
,,,-2.5674E-06,0.0208157896995544,0.198110359953716,
,,,-2.5672E-06,0.154707014560699,0.197440903866664,
,,,-2.567E-06,-0.0461298227310181,0.197440903866664,
,,,-2.5668E-06,0.0208157896995544,0.197608267888427,
,,,-2.5666E-06,0.0208157896995544,0.197608267888427,
,,,-2.5664E-06,0.0208157896995544,0.197608267888427,
,,,-2.5662E-06,0.0208157896995544,0.197608267888427,
,,,-2.566E-06,0.0208157896995544,0.197440903866664,
,,,-2.5658E-06,0.087761402130127,0.197608267888427,
,,,-2.5656E-06,0.0208157896995544,0.198110359953716,
,,,-2.5654E-06,-0.113075435161591,0.1972735398449,
,,,-2.5652E-06,0.087761402130127,0.1972735398449,
,,,-2.565E-06,0.0208157896995544,0.197608267888427,
,,,-2.5648E-06,0.0208157896995544,0.197608267888427,
,,,-2.5646E-06,-0.0461298227310181,0.19777563191019,
,,,-2.5644E-06,0.0208157896995544,0.19777563191019,
,,,-2.5642E-06,0.0208157896995544,0.19827772397548,
,,,-2.564E-06,0.0208157896995544,0.197106175823137,
,,,-2.5638E-06,-0.0461298227310181,0.19777563191019,
,,,-2.5636E-06,-0.113075435161591,0.197942995931953,
,,,-2.5634E-06,0.0208157896995544,0.197608267888427,
,,,-2.5632E-06,0.087761402130127,0.197942995931953,
,,,-2.563E-06,-0.113075435161591,0.1972735398449,
,,,-2.5628E-06,-0.113075435161591,0.198445087997243,
,,,-2.5626E-06,0.0208157896995544,0.198110359953716,
,,,-2.5624E-06,0.0208157896995544,0.1972735398449,
,,,-2.5622E-06,0.087761402130127,0.19827772397548,
,,,-2.562E-06,-0.0461298227310181,0.198110359953716,
,,,-2.5618E-06,-0.0461298227310181,0.197440903866664,
,,,-2.5616E-06,0.0208157896995544,0.1972735398449,
,,,-2.5614E-06,0.0208157896995544,0.1972735398449,
,,,-2.5612E-06,0.0208157896995544,0.197440903866664,
,,,-2.561E-06,0.0208157896995544,0.197942995931953,
,,,-2.5608E-06,0.0208157896995544,0.197440903866664,
,,,-2.5606E-06,0.0208157896995544,0.196771447779611,
,,,-2.5604E-06,0.154707014560699,0.196938811801374,
,,,-2.5602E-06,0.0208157896995544,0.197608267888427,
,,,-2.56E-06,-0.0461298227310181,0.1972735398449,
,,,-2.5598E-06,0.087761402130127,0.196938811801374,
,,,-2.5596E-06,0.0208157896995544,0.197106175823137,
,,,-2.5594E-06,-0.0461298227310181,0.1972735398449,
,,,-2.5592E-06,0.0208157896995544,0.197942995931953,
,,,-2.559E-06,0.0208157896995544,0.1972735398449,
,,,-2.5588E-06,0.0208157896995544,0.19777563191019,
,,,-2.5586E-06,0.087761402130127,0.1972735398449,
,,,-2.5584E-06,0.154707014560699,0.196938811801374,
,,,-2.5582E-06,-0.0461298227310181,0.197440903866664,
,,,-2.558E-06,0.0208157896995544,0.1972735398449,
,,,-2.5578E-06,0.0208157896995544,0.197106175823137,
,,,-2.5576E-06,-0.0461298227310181,0.196771447779611,
,,,-2.5574E-06,-0.0461298227310181,0.196938811801374,
,,,-2.5572E-06,-0.0461298227310181,0.197440903866664,
,,,-2.557E-06,-0.0461298227310181,0.197440903866664,
,,,-2.5568E-06,0.0208157896995544,0.197106175823137,
,,,-2.5566E-06,-0.0461298227310181,0.197106175823137,
,,,-2.5564E-06,0.087761402130127,0.197106175823137,
,,,-2.5562E-06,0.0208157896995544,0.196771447779611,
,,,-2.556E-06,0.0208157896995544,0.196604083757848,
,,,-2.5558E-06,-0.0461298227310181,0.197440903866664,
,,,-2.5556E-06,0.0208157896995544,0.1972735398449,
,,,-2.5554E-06,0.0208157896995544,0.196436719736084,
,,,-2.5552E-06,0.0208157896995544,0.196771447779611,
,,,-2.555E-06,-0.0461298227310181,0.197440903866664,
,,,-2.5548E-06,-0.0461298227310181,0.196771447779611,
,,,-2.5546E-06,-0.0461298227310181,0.196938811801374,
,,,-2.5544E-06,0.0208157896995544,0.1972735398449,
,,,-2.5542E-06,0.0208157896995544,0.196269355714321,
,,,-2.554E-06,0.087761402130127,0.196269355714321,
,,,-2.5538E-06,0.0208157896995544,0.196938811801374,
,,,-2.5536E-06,0.0208157896995544,0.196101991692558,
,,,-2.5534E-06,0.087761402130127,0.196436719736084,
,,,-2.5532E-06,-0.113075435161591,0.196938811801374,
,,,-2.553E-06,0.0208157896995544,0.196604083757848,
,,,-2.5528E-06,0.0208157896995544,0.196604083757848,
,,,-2.5526E-06,-0.0461298227310181,0.1972735398449,
,,,-2.5524E-06,0.0208157896995544,0.196938811801374,
,,,-2.5522E-06,0.0208157896995544,0.1972735398449,
,,,-2.552E-06,0.154707014560699,0.196771447779611,
,,,-2.5518E-06,-0.0461298227310181,0.196604083757848,
,,,-2.5516E-06,-0.0461298227310181,0.196604083757848,
,,,-2.5514E-06,0.087761402130127,0.196771447779611,
,,,-2.5512E-06,0.0208157896995544,0.196771447779611,
,,,-2.551E-06,0.0208157896995544,0.19777563191019,
,,,-2.5508E-06,-0.113075435161591,0.197106175823137,
,,,-2.5506E-06,-0.0461298227310181,0.196771447779611,
,,,-2.5504E-06,-0.0461298227310181,0.197106175823137,
,,,-2.5502E-06,-0.113075435161591,0.1972735398449,
,,,-2.55E-06,0.0208157896995544,0.196771447779611,
,,,-2.5498E-06,0.0208157896995544,0.19777563191019,
,,,-2.5496E-06,0.087761402130127,0.1972735398449,
,,,-2.5494E-06,-0.0461298227310181,0.197106175823137,
,,,-2.5492E-06,0.087761402130127,0.197440903866664,
,,,-2.549E-06,-0.0461298227310181,0.1972735398449,
,,,-2.5488E-06,-0.0461298227310181,0.196938811801374,
,,,-2.5486E-06,-0.113075435161591,0.197942995931953,
,,,-2.5484E-06,0.0208157896995544,0.197440903866664,
,,,-2.5482E-06,0.0208157896995544,0.196771447779611,
,,,-2.548E-06,0.0208157896995544,0.197440903866664,
,,,-2.5478E-06,0.0208157896995544,0.196938811801374,
,,,-2.5476E-06,0.087761402130127,0.197608267888427,
,,,-2.5474E-06,-0.0461298227310181,0.197942995931953,
,,,-2.5472E-06,-0.0461298227310181,0.1972735398449,
,,,-2.547E-06,0.087761402130127,0.197440903866664,
,,,-2.5468E-06,-0.0461298227310181,0.19827772397548,
,,,-2.5466E-06,-0.0461298227310181,0.1972735398449,
,,,-2.5464E-06,0.087761402130127,0.19777563191019,
,,,-2.5462E-06,-0.0461298227310181,0.197440903866664,
,,,-2.546E-06,0.0208157896995544,0.197608267888427,
,,,-2.5458E-06,0.0208157896995544,0.1972735398449,
,,,-2.5456E-06,0.0208157896995544,0.198110359953716,
,,,-2.5454E-06,-0.0461298227310181,0.19827772397548,
,,,-2.5452E-06,0.087761402130127,0.197608267888427,
,,,-2.545E-06,0.0208157896995544,0.197440903866664,
,,,-2.5448E-06,-0.0461298227310181,0.198110359953716,
,,,-2.5446E-06,-0.0461298227310181,0.1972735398449,
,,,-2.5444E-06,0.0208157896995544,0.19777563191019,
,,,-2.5442E-06,-0.0461298227310181,0.197440903866664,
,,,-2.544E-06,0.087761402130127,0.19777563191019,
,,,-2.5438E-06,-0.113075435161591,0.19777563191019,
,,,-2.5436E-06,0.0208157896995544,0.197942995931953,
,,,-2.5434E-06,0.0208157896995544,0.198110359953716,
,,,-2.5432E-06,0.087761402130127,0.197942995931953,
,,,-2.543E-06,-0.0461298227310181,0.197440903866664,
,,,-2.5428E-06,0.0208157896995544,0.197942995931953,
,,,-2.5426E-06,-0.113075435161591,0.1972735398449,
,,,-2.5424E-06,-0.0461298227310181,0.197106175823137,
,,,-2.5422E-06,-0.0461298227310181,0.19777563191019,
,,,-2.542E-06,0.0208157896995544,0.197440903866664,
,,,-2.5418E-06,-0.0461298227310181,0.19777563191019,
,,,-2.5416E-06,0.0208157896995544,0.197106175823137,
,,,-2.5414E-06,-0.0461298227310181,0.196771447779611,
,,,-2.5412E-06,0.087761402130127,0.197608267888427,
,,,-2.541E-06,0.087761402130127,0.1972735398449,
,,,-2.5408E-06,-0.0461298227310181,0.196771447779611,
,,,-2.5406E-06,0.087761402130127,0.197440903866664,
,,,-2.5404E-06,0.0208157896995544,0.198110359953716,
,,,-2.5402E-06,-0.0461298227310181,0.197608267888427,
,,,-2.54E-06,-0.0461298227310181,0.196604083757848,
,,,-2.5398E-06,-0.0461298227310181,0.196938811801374,
,,,-2.5396E-06,0.0208157896995544,0.19777563191019,
,,,-2.5394E-06,-0.0461298227310181,0.197106175823137,
,,,-2.5392E-06,0.154707014560699,0.197106175823137,
,,,-2.539E-06,0.0208157896995544,0.196938811801374,
,,,-2.5388E-06,0.0208157896995544,0.197608267888427,
,,,-2.5386E-06,-0.0461298227310181,0.197440903866664,
,,,-2.5384E-06,0.0208157896995544,0.197440903866664,
,,,-2.5382E-06,0.0208157896995544,0.197440903866664,
,,,-2.538E-06,-0.113075435161591,0.196938811801374,
,,,-2.5378E-06,0.0208157896995544,0.197608267888427,
,,,-2.5376E-06,0.0208157896995544,0.198110359953716,
,,,-2.5374E-06,-0.113075435161591,0.196436719736084,
,,,-2.5372E-06,0.0208157896995544,0.196604083757848,
,,,-2.537E-06,0.087761402130127,0.197440903866664,
,,,-2.5368E-06,0.0208157896995544,0.196771447779611,
,,,-2.5366E-06,-0.0461298227310181,0.197106175823137,
,,,-2.5364E-06,0.087761402130127,0.197106175823137,
,,,-2.5362E-06,0.0208157896995544,0.196269355714321,
,,,-2.536E-06,-0.0461298227310181,0.196771447779611,
,,,-2.5358E-06,0.0208157896995544,0.196938811801374,
,,,-2.5356E-06,0.087761402130127,0.196938811801374,
,,,-2.5354E-06,-0.0461298227310181,0.196436719736084,
,,,-2.5352E-06,0.0208157896995544,0.196771447779611,
,,,-2.535E-06,0.0208157896995544,0.196436719736084,
,,,-2.5348E-06,0.087761402130127,0.196269355714321,
,,,-2.5346E-06,0.0208157896995544,0.196771447779611,
,,,-2.5344E-06,0.0208157896995544,0.196938811801374,
,,,-2.5342E-06,0.087761402130127,0.196771447779611,
,,,-2.534E-06,-0.0461298227310181,0.197106175823137,
,,,-2.5338E-06,0.087761402130127,0.1972735398449,
,,,-2.5336E-06,0.0208157896995544,0.196771447779611,
,,,-2.5334E-06,-0.0461298227310181,0.196938811801374,
,,,-2.5332E-06,0.0208157896995544,0.1972735398449,
,,,-2.533E-06,0.0208157896995544,0.197106175823137,
,,,-2.5328E-06,0.087761402130127,0.1972735398449,
,,,-2.5326E-06,-0.0461298227310181,0.197440903866664,
,,,-2.5324E-06,-0.0461298227310181,0.1972735398449,
,,,-2.5322E-06,0.0208157896995544,0.196771447779611,
,,,-2.532E-06,-0.0461298227310181,0.1972735398449,
,,,-2.5318E-06,0.0208157896995544,0.197608267888427,
,,,-2.5316E-06,0.0208157896995544,0.196938811801374,
,,,-2.5314E-06,-0.0461298227310181,0.197440903866664,
,,,-2.5312E-06,0.154707014560699,0.197942995931953,
,,,-2.531E-06,-0.0461298227310181,0.197440903866664,
,,,-2.5308E-06,-0.0461298227310181,0.197942995931953,
,,,-2.5306E-06,0.087761402130127,0.197942995931953,
,,,-2.5304E-06,-0.0461298227310181,0.197106175823137,
,,,-2.5302E-06,-0.0461298227310181,0.19777563191019,
,,,-2.53E-06,0.087761402130127,0.19777563191019,
,,,-2.5298E-06,-0.0461298227310181,0.197440903866664,
,,,-2.5296E-06,-0.113075435161591,0.197608267888427,
,,,-2.5294E-06,-0.0461298227310181,0.19777563191019,
,,,-2.5292E-06,0.087761402130127,0.196938811801374,
,,,-2.529E-06,0.0208157896995544,0.196938811801374,
,,,-2.5288E-06,0.087761402130127,0.197942995931953,
,,,-2.5286E-06,0.0208157896995544,0.19777563191019,
,,,-2.5284E-06,0.087761402130127,0.196938811801374,
,,,-2.5282E-06,-0.0461298227310181,0.197440903866664,
,,,-2.528E-06,-0.0461298227310181,0.197942995931953,
,,,-2.5278E-06,0.087761402130127,0.197440903866664,
,,,-2.5276E-06,-0.0461298227310181,0.19777563191019,
,,,-2.5274E-06,-0.0461298227310181,0.1972735398449,
,,,-2.5272E-06,0.0208157896995544,0.19777563191019,
,,,-2.527E-06,0.0208157896995544,0.197440903866664,
,,,-2.5268E-06,-0.0461298227310181,0.197942995931953,
,,,-2.5266E-06,0.0208157896995544,0.197608267888427,
,,,-2.5264E-06,0.154707014560699,0.197106175823137,
,,,-2.5262E-06,-0.0461298227310181,0.19777563191019,
,,,-2.526E-06,0.087761402130127,0.197440903866664,
,,,-2.5258E-06,0.0208157896995544,0.196771447779611,
,,,-2.5256E-06,-0.0461298227310181,0.1972735398449,
,,,-2.5254E-06,-0.0461298227310181,0.197440903866664,
,,,-2.5252E-06,0.0208157896995544,0.19777563191019,
,,,-2.525E-06,-0.0461298227310181,0.197608267888427,
,,,-2.5248E-06,0.0208157896995544,0.197440903866664,
,,,-2.5246E-06,-0.113075435161591,0.197440903866664,
,,,-2.5244E-06,0.0208157896995544,0.198110359953716,
,,,-2.5242E-06,-0.0461298227310181,0.197608267888427,
,,,-2.524E-06,0.0208157896995544,0.196938811801374,
,,,-2.5238E-06,-0.0461298227310181,0.19777563191019,
,,,-2.5236E-06,0.0208157896995544,0.197106175823137,
,,,-2.5234E-06,-0.0461298227310181,0.1972735398449,
,,,-2.5232E-06,-0.0461298227310181,0.197440903866664,
,,,-2.523E-06,-0.113075435161591,0.197440903866664,
,,,-2.5228E-06,0.0208157896995544,0.197440903866664,
,,,-2.5226E-06,0.0208157896995544,0.196938811801374,
,,,-2.5224E-06,0.087761402130127,0.197440903866664,
,,,-2.5222E-06,-0.0461298227310181,0.196938811801374,
,,,-2.522E-06,0.0208157896995544,0.197608267888427,
,,,-2.5218E-06,0.0208157896995544,0.19777563191019,
,,,-2.5216E-06,0.0208157896995544,0.197608267888427,
,,,-2.5214E-06,0.0208157896995544,0.19777563191019,
,,,-2.5212E-06,0.0208157896995544,0.19777563191019,
,,,-2.521E-06,0.0208157896995544,0.197608267888427,
,,,-2.5208E-06,0.0208157896995544,0.197608267888427,
,,,-2.5206E-06,0.0208157896995544,0.197106175823137,
,,,-2.5204E-06,0.0208157896995544,0.196604083757848,
,,,-2.5202E-06,0.0208157896995544,0.1972735398449,
,,,-2.52E-06,0.0208157896995544,0.1972735398449,
,,,-2.5198E-06,-0.0461298227310181,0.1972735398449,
,,,-2.5196E-06,0.087761402130127,0.197440903866664,
,,,-2.5194E-06,0.0208157896995544,0.19777563191019,
,,,-2.5192E-06,-0.113075435161591,0.197106175823137,
,,,-2.519E-06,0.0208157896995544,0.196771447779611,
,,,-2.5188E-06,0.0208157896995544,0.196938811801374,
,,,-2.5186E-06,-0.0461298227310181,0.197608267888427,
,,,-2.5184E-06,0.087761402130127,0.1972735398449,
,,,-2.5182E-06,-0.0461298227310181,0.196604083757848,
,,,-2.518E-06,-0.0461298227310181,0.196604083757848,
,,,-2.5178E-06,0.0208157896995544,0.196604083757848,
,,,-2.5176E-06,0.087761402130127,0.196938811801374,
,,,-2.5174E-06,-0.0461298227310181,0.196604083757848,
,,,-2.5172E-06,0.087761402130127,0.196771447779611,
,,,-2.517E-06,0.0208157896995544,0.197440903866664,
,,,-2.5168E-06,-0.0461298227310181,0.197106175823137,
,,,-2.5166E-06,-0.113075435161591,0.197106175823137,
,,,-2.5164E-06,0.0208157896995544,0.197440903866664,
,,,-2.5162E-06,0.0208157896995544,0.196938811801374,
,,,-2.516E-06,0.087761402130127,0.197106175823137,
,,,-2.5158E-06,-0.0461298227310181,0.196938811801374,
,,,-2.5156E-06,0.0208157896995544,0.196436719736084,
,,,-2.5154E-06,0.0208157896995544,0.1972735398449,
,,,-2.5152E-06,-0.0461298227310181,0.197106175823137,
,,,-2.515E-06,0.154707014560699,0.196771447779611,
,,,-2.5148E-06,-0.0461298227310181,0.197106175823137,
,,,-2.5146E-06,0.0208157896995544,0.1972735398449,
,,,-2.5144E-06,0.0208157896995544,0.197106175823137,
,,,-2.5142E-06,-0.0461298227310181,0.196938811801374,
,,,-2.514E-06,-0.0461298227310181,0.197106175823137,
,,,-2.5138E-06,0.087761402130127,0.197608267888427,
,,,-2.5136E-06,0.087761402130127,0.197106175823137,
,,,-2.5134E-06,-0.0461298227310181,0.196938811801374,
,,,-2.5132E-06,0.087761402130127,0.1972735398449,
,,,-2.513E-06,-0.0461298227310181,0.1972735398449,
,,,-2.5128E-06,-0.0461298227310181,0.196604083757848,
,,,-2.5126E-06,0.0208157896995544,0.1972735398449,
,,,-2.5124E-06,0.0208157896995544,0.1972735398449,
,,,-2.5122E-06,-0.0461298227310181,0.196771447779611,
,,,-2.512E-06,0.0208157896995544,0.197106175823137,
,,,-2.5118E-06,-0.113075435161591,0.196436719736084,
,,,-2.5116E-06,-0.0461298227310181,0.197608267888427,
,,,-2.5114E-06,-0.0461298227310181,0.1972735398449,
,,,-2.5112E-06,0.0208157896995544,0.196771447779611,
,,,-2.511E-06,-0.113075435161591,0.196938811801374,
,,,-2.5108E-06,0.0208157896995544,0.1972735398449,
,,,-2.5106E-06,-0.0461298227310181,0.197106175823137,
,,,-2.5104E-06,-0.0461298227310181,0.196938811801374,
,,,-2.5102E-06,0.0208157896995544,0.197608267888427,
,,,-2.51E-06,0.0208157896995544,0.197440903866664,
,,,-2.5098E-06,-0.0461298227310181,0.1972735398449,
,,,-2.5096E-06,0.0208157896995544,0.196771447779611,
,,,-2.5094E-06,0.087761402130127,0.197608267888427,
,,,-2.5092E-06,0.087761402130127,0.197106175823137,
,,,-2.509E-06,-0.0461298227310181,0.197106175823137,
,,,-2.5088E-06,0.0208157896995544,0.197942995931953,
,,,-2.5086E-06,0.087761402130127,0.19777563191019,
,,,-2.5084E-06,-0.113075435161591,0.1972735398449,
,,,-2.5082E-06,-0.0461298227310181,0.197608267888427,
,,,-2.508E-06,0.0208157896995544,0.197942995931953,
,,,-2.5078E-06,-0.0461298227310181,0.197608267888427,
,,,-2.5076E-06,-0.0461298227310181,0.197440903866664,
,,,-2.5074E-06,0.087761402130127,0.197608267888427,
,,,-2.5072E-06,0.087761402130127,0.19827772397548,
,,,-2.507E-06,-0.0461298227310181,0.19777563191019,
,,,-2.5068E-06,0.087761402130127,0.197942995931953,
,,,-2.5066E-06,-0.113075435161591,0.198110359953716,
,,,-2.5064E-06,-0.0461298227310181,0.198445087997243,
,,,-2.5062E-06,0.0208157896995544,0.197608267888427,
,,,-2.506E-06,-0.0461298227310181,0.197440903866664,
,,,-2.5058E-06,-0.113075435161591,0.19777563191019,
,,,-2.5056E-06,0.0208157896995544,0.19777563191019,
,,,-2.5054E-06,-0.113075435161591,0.196938811801374,
,,,-2.5052E-06,0.0208157896995544,0.19777563191019,
,,,-2.505E-06,0.0208157896995544,0.19777563191019,
,,,-2.5048E-06,0.0208157896995544,0.196938811801374,
,,,-2.5046E-06,-0.113075435161591,0.198110359953716,
,,,-2.5044E-06,-0.0461298227310181,0.197608267888427,
,,,-2.5042E-06,-0.0461298227310181,0.198445087997243,
,,,-2.504E-06,-0.113075435161591,0.197106175823137,
,,,-2.5038E-06,-0.113075435161591,0.1972735398449,
,,,-2.5036E-06,0.0208157896995544,0.197608267888427,
,,,-2.5034E-06,-0.0461298227310181,0.197106175823137,
,,,-2.5032E-06,0.087761402130127,0.1972735398449,
,,,-2.503E-06,0.0208157896995544,0.196771447779611,
,,,-2.5028E-06,0.154707014560699,0.197440903866664,
,,,-2.5026E-06,0.0208157896995544,0.197106175823137,
,,,-2.5024E-06,-0.0461298227310181,0.1972735398449,
,,,-2.5022E-06,0.087761402130127,0.196604083757848,
,,,-2.502E-06,-0.0461298227310181,0.196604083757848,
,,,-2.5018E-06,-0.0461298227310181,0.197106175823137,
,,,-2.5016E-06,0.087761402130127,0.197440903866664,
,,,-2.5014E-06,0.0208157896995544,0.197106175823137,
,,,-2.5012E-06,0.0208157896995544,0.197106175823137,
,,,-2.501E-06,0.0208157896995544,0.197106175823137,
,,,-2.5008E-06,0.154707014560699,0.196436719736084,
,,,-2.5006E-06,-0.0461298227310181,0.197106175823137,
,,,-2.5004E-06,-0.0461298227310181,0.197106175823137,
,,,-2.5002E-06,-0.113075435161591,0.197106175823137,
,,,-2.5E-06,-0.0461298227310181,0.196269355714321,
,,,-2.4998E-06,-0.0461298227310181,0.196938811801374,
,,,-2.4996E-06,0.0208157896995544,0.197440903866664,
,,,-2.4994E-06,-0.0461298227310181,0.197440903866664,
,,,-2.4992E-06,0.087761402130127,0.196938811801374,
,,,-2.499E-06,-0.113075435161591,0.196436719736084,
,,,-2.4988E-06,0.0208157896995544,0.196604083757848,
,,,-2.4986E-06,0.0208157896995544,0.197440903866664,
,,,-2.4984E-06,0.0208157896995544,0.196436719736084,
,,,-2.4982E-06,-0.0461298227310181,0.196938811801374,
,,,-2.498E-06,0.0208157896995544,0.196436719736084,
,,,-2.4978E-06,-0.0461298227310181,0.197106175823137,
,,,-2.4976E-06,0.0208157896995544,0.196436719736084,
,,,-2.4974E-06,0.0208157896995544,0.197608267888427,
,,,-2.4972E-06,-0.0461298227310181,0.196604083757848,
,,,-2.497E-06,-0.113075435161591,0.196604083757848,
,,,-2.4968E-06,0.087761402130127,0.196938811801374,
,,,-2.4966E-06,0.087761402130127,0.196938811801374,
,,,-2.4964E-06,0.154707014560699,0.196604083757848,
,,,-2.4962E-06,0.0208157896995544,0.196604083757848,
,,,-2.496E-06,0.0208157896995544,0.196604083757848,
,,,-2.4958E-06,0.087761402130127,0.196938811801374,
,,,-2.4956E-06,0.0208157896995544,0.196436719736084,
,,,-2.4954E-06,-0.0461298227310181,0.196771447779611,
,,,-2.4952E-06,0.087761402130127,0.196771447779611,
,,,-2.495E-06,-0.113075435161591,0.196436719736084,
,,,-2.4948E-06,0.0208157896995544,0.196101991692558,
,,,-2.4946E-06,0.0208157896995544,0.196938811801374,
,,,-2.4944E-06,0.154707014560699,0.196938811801374,
,,,-2.4942E-06,-0.0461298227310181,0.196604083757848,
,,,-2.494E-06,0.154707014560699,0.196604083757848,
,,,-2.4938E-06,0.0208157896995544,0.196604083757848,
,,,-2.4936E-06,-0.0461298227310181,0.197106175823137,
,,,-2.4934E-06,0.0208157896995544,0.196771447779611,
,,,-2.4932E-06,-0.113075435161591,0.197106175823137,
,,,-2.493E-06,0.0208157896995544,0.196771447779611,
,,,-2.4928E-06,0.0208157896995544,0.1972735398449,
,,,-2.4926E-06,-0.0461298227310181,0.197440903866664,
,,,-2.4924E-06,-0.0461298227310181,0.196604083757848,
,,,-2.4922E-06,-0.0461298227310181,0.196938811801374,
,,,-2.492E-06,0.0208157896995544,0.197106175823137,
,,,-2.4918E-06,-0.113075435161591,0.197106175823137,
,,,-2.4916E-06,0.0208157896995544,0.197608267888427,
,,,-2.4914E-06,-0.0461298227310181,0.196938811801374,
,,,-2.4912E-06,-0.113075435161591,0.196938811801374,
,,,-2.491E-06,0.0208157896995544,0.197106175823137,
,,,-2.4908E-06,-0.0461298227310181,0.196938811801374,
,,,-2.4906E-06,0.0208157896995544,0.196771447779611,
,,,-2.4904E-06,0.087761402130127,0.197608267888427,
,,,-2.4902E-06,0.0208157896995544,0.197942995931953,
,,,-2.49E-06,0.087761402130127,0.196938811801374,
,,,-2.4898E-06,-0.0461298227310181,0.197440903866664,
,,,-2.4896E-06,0.0208157896995544,0.197608267888427,
,,,-2.4894E-06,0.087761402130127,0.197440903866664,
,,,-2.4892E-06,0.0208157896995544,0.1972735398449,
,,,-2.489E-06,0.0208157896995544,0.197608267888427,
,,,-2.4888E-06,0.087761402130127,0.19777563191019,
,,,-2.4886E-06,-0.0461298227310181,0.1972735398449,
,,,-2.4884E-06,0.0208157896995544,0.197608267888427,
,,,-2.4882E-06,-0.0461298227310181,0.1972735398449,
,,,-2.488E-06,0.0208157896995544,0.197106175823137,
,,,-2.4878E-06,-0.0461298227310181,0.197440903866664,
,,,-2.4876E-06,0.0208157896995544,0.1972735398449,
,,,-2.4874E-06,-0.0461298227310181,0.196938811801374,
,,,-2.4872E-06,0.0208157896995544,0.196604083757848,
,,,-2.487E-06,-0.0461298227310181,0.197440903866664,
,,,-2.4868E-06,0.0208157896995544,0.198110359953716,
,,,-2.4866E-06,0.0208157896995544,0.197942995931953,
,,,-2.4864E-06,0.0208157896995544,0.197608267888427,
,,,-2.4862E-06,-0.113075435161591,0.197440903866664,
,,,-2.486E-06,0.0208157896995544,0.1972735398449,
,,,-2.4858E-06,0.087761402130127,0.19777563191019,
,,,-2.4856E-06,0.0208157896995544,0.196771447779611,
,,,-2.4854E-06,0.0208157896995544,0.1972735398449,
,,,-2.4852E-06,0.0208157896995544,0.197106175823137,
,,,-2.485E-06,-0.0461298227310181,0.197608267888427,
,,,-2.4848E-06,0.0208157896995544,0.19777563191019,
,,,-2.4846E-06,0.0208157896995544,0.197106175823137,
,,,-2.4844E-06,0.0208157896995544,0.196604083757848,
,,,-2.4842E-06,-0.113075435161591,0.1972735398449,
,,,-2.484E-06,0.087761402130127,0.196938811801374,
,,,-2.4838E-06,-0.0461298227310181,0.196771447779611,
,,,-2.4836E-06,-0.0461298227310181,0.196771447779611,
,,,-2.4834E-06,-0.0461298227310181,0.1972735398449,
,,,-2.4832E-06,-0.0461298227310181,0.196604083757848,
,,,-2.483E-06,0.087761402130127,0.196604083757848,
,,,-2.4828E-06,-0.0461298227310181,0.196771447779611,
,,,-2.4826E-06,0.0208157896995544,0.196771447779611,
,,,-2.4824E-06,0.0208157896995544,0.196938811801374,
,,,-2.4822E-06,-0.0461298227310181,0.197106175823137,
,,,-2.482E-06,0.087761402130127,0.196436719736084,
,,,-2.4818E-06,0.0208157896995544,0.196771447779611,
,,,-2.4816E-06,0.087761402130127,0.1972735398449,
,,,-2.4814E-06,-0.0461298227310181,0.196771447779611,
,,,-2.4812E-06,0.087761402130127,0.196436719736084,
,,,-2.481E-06,0.0208157896995544,0.197608267888427,
,,,-2.4808E-06,-0.0461298227310181,0.196436719736084,
,,,-2.4806E-06,0.087761402130127,0.196771447779611,
,,,-2.4804E-06,0.0208157896995544,0.196604083757848,
,,,-2.4802E-06,-0.0461298227310181,0.1972735398449,
,,,-2.48E-06,0.0208157896995544,0.196269355714321,
,,,-2.4798E-06,0.0208157896995544,0.196604083757848,
,,,-2.4796E-06,-0.0461298227310181,0.196436719736084,
,,,-2.4794E-06,0.0208157896995544,0.196938811801374,
,,,-2.4792E-06,0.154707014560699,0.196269355714321,
,,,-2.479E-06,-0.0461298227310181,0.196938811801374,
,,,-2.4788E-06,-0.0461298227310181,0.197106175823137,
,,,-2.4786E-06,-0.0461298227310181,0.196604083757848,
,,,-2.4784E-06,0.0208157896995544,0.196436719736084,
,,,-2.4782E-06,-0.0461298227310181,0.198110359953716,
,,,-2.478E-06,0.0208157896995544,0.196436719736084,
,,,-2.4778E-06,0.0208157896995544,0.196269355714321,
,,,-2.4776E-06,0.087761402130127,0.196771447779611,
,,,-2.4774E-06,0.0208157896995544,0.196436719736084,
,,,-2.4772E-06,0.087761402130127,0.196938811801374,
,,,-2.477E-06,0.0208157896995544,0.196938811801374,
,,,-2.4768E-06,-0.0461298227310181,0.196604083757848,
,,,-2.4766E-06,0.0208157896995544,0.196101991692558,
,,,-2.4764E-06,0.0208157896995544,0.197106175823137,
,,,-2.4762E-06,0.0208157896995544,0.196938811801374,
,,,-2.476E-06,-0.0461298227310181,0.197106175823137,
,,,-2.4758E-06,0.0208157896995544,0.196269355714321,
,,,-2.4756E-06,0.0208157896995544,0.196269355714321,
,,,-2.4754E-06,-0.0461298227310181,0.196938811801374,
,,,-2.4752E-06,0.087761402130127,0.196436719736084,
,,,-2.475E-06,0.0208157896995544,0.196101991692558,
,,,-2.4748E-06,-0.0461298227310181,0.196436719736084,
,,,-2.4746E-06,0.0208157896995544,0.196101991692558,
,,,-2.4744E-06,0.0208157896995544,0.196604083757848,
,,,-2.4742E-06,0.0208157896995544,0.196938811801374,
,,,-2.474E-06,0.0208157896995544,0.196101991692558,
,,,-2.4738E-06,0.0208157896995544,0.196604083757848,
,,,-2.4736E-06,0.0208157896995544,0.1972735398449,
,,,-2.4734E-06,0.0208157896995544,0.196938811801374,
,,,-2.4732E-06,0.0208157896995544,0.196101991692558,
,,,-2.473E-06,0.0208157896995544,0.196771447779611,
,,,-2.4728E-06,0.0208157896995544,0.197106175823137,
,,,-2.4726E-06,-0.113075435161591,0.196436719736084,
,,,-2.4724E-06,0.0208157896995544,0.196436719736084,
,,,-2.4722E-06,-0.0461298227310181,0.196938811801374,
,,,-2.472E-06,-0.0461298227310181,0.196771447779611,
,,,-2.4718E-06,-0.0461298227310181,0.196771447779611,
,,,-2.4716E-06,0.0208157896995544,0.197106175823137,
,,,-2.4714E-06,0.0208157896995544,0.19777563191019,
,,,-2.4712E-06,0.087761402130127,0.197440903866664,
,,,-2.471E-06,0.087761402130127,0.196436719736084,
,,,-2.4708E-06,0.087761402130127,0.197440903866664,
,,,-2.4706E-06,0.0208157896995544,0.1972735398449,
,,,-2.4704E-06,-0.0461298227310181,0.196604083757848,
,,,-2.4702E-06,0.087761402130127,0.196771447779611,
,,,-2.47E-06,0.0208157896995544,0.196604083757848,
,,,-2.4698E-06,0.0208157896995544,0.196938811801374,
,,,-2.4696E-06,0.0208157896995544,0.197608267888427,
,,,-2.4694E-06,0.0208157896995544,0.196436719736084,
,,,-2.4692E-06,0.0208157896995544,0.197106175823137,
,,,-2.469E-06,-0.0461298227310181,0.19827772397548,
,,,-2.4688E-06,0.087761402130127,0.19777563191019,
,,,-2.4686E-06,-0.0461298227310181,0.196771447779611,
,,,-2.4684E-06,0.0208157896995544,0.197608267888427,
,,,-2.4682E-06,0.0208157896995544,0.1972735398449,
,,,-2.468E-06,0.0208157896995544,0.196771447779611,
,,,-2.4678E-06,0.0208157896995544,0.197106175823137,
,,,-2.4676E-06,0.0208157896995544,0.197608267888427,
,,,-2.4674E-06,-0.0461298227310181,0.197608267888427,
,,,-2.4672E-06,0.087761402130127,0.196938811801374,
,,,-2.467E-06,-0.0461298227310181,0.196938811801374,
,,,-2.4668E-06,-0.0461298227310181,0.197440903866664,
,,,-2.4666E-06,0.0208157896995544,0.197106175823137,
,,,-2.4664E-06,-0.0461298227310181,0.196771447779611,
,,,-2.4662E-06,0.0208157896995544,0.1972735398449,
,,,-2.466E-06,-0.0461298227310181,0.1972735398449,
,,,-2.4658E-06,0.0208157896995544,0.196771447779611,
,,,-2.4656E-06,0.0208157896995544,0.196771447779611,
,,,-2.4654E-06,-0.0461298227310181,0.1972735398449,
,,,-2.4652E-06,-0.0461298227310181,0.19777563191019,
,,,-2.465E-06,-0.0461298227310181,0.196938811801374,
,,,-2.4648E-06,0.087761402130127,0.19777563191019,
,,,-2.4646E-06,0.0208157896995544,0.197608267888427,
,,,-2.4644E-06,0.087761402130127,0.19777563191019,
,,,-2.4642E-06,0.0208157896995544,0.197106175823137,
,,,-2.464E-06,-0.0461298227310181,0.197106175823137,
,,,-2.4638E-06,0.087761402130127,0.197942995931953,
,,,-2.4636E-06,0.0208157896995544,0.1972735398449,
,,,-2.4634E-06,-0.0461298227310181,0.197106175823137,
,,,-2.4632E-06,0.0208157896995544,0.197942995931953,
,,,-2.463E-06,0.0208157896995544,0.197440903866664,
,,,-2.4628E-06,0.0208157896995544,0.196938811801374,
,,,-2.4626E-06,0.0208157896995544,0.196604083757848,
,,,-2.4624E-06,0.087761402130127,0.196938811801374,
,,,-2.4622E-06,-0.0461298227310181,0.196938811801374,
,,,-2.462E-06,0.087761402130127,0.196436719736084,
,,,-2.4618E-06,0.0208157896995544,0.196269355714321,
,,,-2.4616E-06,0.0208157896995544,0.196436719736084,
,,,-2.4614E-06,-0.0461298227310181,0.196604083757848,
,,,-2.4612E-06,0.0208157896995544,0.195934627670795,
,,,-2.461E-06,0.0208157896995544,0.196938811801374,
,,,-2.4608E-06,0.087761402130127,0.196604083757848,
,,,-2.4606E-06,-0.0461298227310181,0.196269355714321,
,,,-2.4604E-06,0.0208157896995544,0.196436719736084,
,,,-2.4602E-06,-0.0461298227310181,0.1972735398449,
,,,-2.46E-06,0.0208157896995544,0.196269355714321,
,,,-2.4598E-06,-0.0461298227310181,0.196604083757848,
,,,-2.4596E-06,0.087761402130127,0.196436719736084,
,,,-2.4594E-06,-0.0461298227310181,0.195934627670795,
,,,-2.4592E-06,-0.0461298227310181,0.196101991692558,
,,,-2.459E-06,0.0208157896995544,0.196771447779611,
,,,-2.4588E-06,0.0208157896995544,0.196604083757848,
,,,-2.4586E-06,-0.113075435161591,0.196101991692558,
,,,-2.4584E-06,0.087761402130127,0.195934627670795,
,,,-2.4582E-06,0.087761402130127,0.196436719736084,
,,,-2.458E-06,0.087761402130127,0.195767263649032,
,,,-2.4578E-06,0.0208157896995544,0.195599899627268,
,,,-2.4576E-06,-0.0461298227310181,0.196101991692558,
,,,-2.4574E-06,0.087761402130127,0.196771447779611,
,,,-2.4572E-06,-0.0461298227310181,0.196604083757848,
,,,-2.457E-06,0.0208157896995544,0.196771447779611,
,,,-2.4568E-06,0.0208157896995544,0.196771447779611,
,,,-2.4566E-06,0.0208157896995544,0.196938811801374,
,,,-2.4564E-06,0.087761402130127,0.197608267888427,
,,,-2.4562E-06,0.0208157896995544,0.1972735398449,
,,,-2.456E-06,0.087761402130127,0.1972735398449,
,,,-2.4558E-06,-0.0461298227310181,0.19777563191019,
,,,-2.4556E-06,0.087761402130127,0.197106175823137,
,,,-2.4554E-06,-0.0461298227310181,0.196771447779611,
,,,-2.4552E-06,0.0208157896995544,0.196604083757848,
,,,-2.455E-06,0.0208157896995544,0.196938811801374,
,,,-2.4548E-06,0.0208157896995544,0.196269355714321,
,,,-2.4546E-06,0.087761402130127,0.1972735398449,
,,,-2.4544E-06,0.087761402130127,0.197608267888427,
,,,-2.4542E-06,-0.113075435161591,0.196771447779611,
,,,-2.454E-06,-0.0461298227310181,0.196269355714321,
,,,-2.4538E-06,0.087761402130127,0.197440903866664,
,,,-2.4536E-06,-0.113075435161591,0.196436719736084,
,,,-2.4534E-06,-0.0461298227310181,0.196604083757848,
,,,-2.4532E-06,0.0208157896995544,0.196436719736084,
,,,-2.453E-06,-0.0461298227310181,0.197440903866664,
,,,-2.4528E-06,0.0208157896995544,0.197106175823137,
,,,-2.4526E-06,0.0208157896995544,0.1972735398449,
,,,-2.4524E-06,-0.0461298227310181,0.197106175823137,
,,,-2.4522E-06,-0.0461298227310181,0.196771447779611,
,,,-2.452E-06,-0.0461298227310181,0.196938811801374,
,,,-2.4518E-06,0.0208157896995544,0.196436719736084,
,,,-2.4516E-06,0.0208157896995544,0.196436719736084,
,,,-2.4514E-06,-0.113075435161591,0.196771447779611,
,,,-2.4512E-06,0.0208157896995544,0.1972735398449,
,,,-2.451E-06,0.0208157896995544,0.1972735398449,
,,,-2.4508E-06,-0.0461298227310181,0.196436719736084,
,,,-2.4506E-06,0.0208157896995544,0.197608267888427,
,,,-2.4504E-06,0.087761402130127,0.197106175823137,
,,,-2.4502E-06,-0.113075435161591,0.197608267888427,
,,,-2.45E-06,0.0208157896995544,0.197440903866664,
,,,-2.4498E-06,0.0208157896995544,0.197440903866664,
,,,-2.4496E-06,0.087761402130127,0.1972735398449,
,,,-2.4494E-06,-0.0461298227310181,0.197106175823137,
,,,-2.4492E-06,0.087761402130127,0.198110359953716,
,,,-2.449E-06,-0.0461298227310181,0.197106175823137,
,,,-2.4488E-06,-0.113075435161591,0.198110359953716,
,,,-2.4486E-06,-0.0461298227310181,0.197942995931953,
,,,-2.4484E-06,-0.113075435161591,0.198110359953716,
,,,-2.4482E-06,0.0208157896995544,0.196938811801374,
,,,-2.448E-06,0.0208157896995544,0.197608267888427,
,,,-2.4478E-06,-0.113075435161591,0.196938811801374,
,,,-2.4476E-06,-0.0461298227310181,0.197608267888427,
,,,-2.4474E-06,-0.0461298227310181,0.198110359953716,
,,,-2.4472E-06,0.0208157896995544,0.197608267888427,
,,,-2.447E-06,-0.180021047592163,0.19777563191019,
,,,-2.4468E-06,0.0208157896995544,0.197942995931953,
,,,-2.4466E-06,-0.0461298227310181,0.198110359953716,
,,,-2.4464E-06,0.0208157896995544,0.196938811801374,
,,,-2.4462E-06,-0.113075435161591,0.198110359953716,
,,,-2.446E-06,0.0208157896995544,0.197608267888427,
,,,-2.4458E-06,-0.113075435161591,0.197608267888427,
,,,-2.4456E-06,0.0208157896995544,0.1972735398449,
,,,-2.4454E-06,-0.0461298227310181,0.19827772397548,
,,,-2.4452E-06,0.087761402130127,0.197942995931953,
,,,-2.445E-06,0.0208157896995544,0.197106175823137,
,,,-2.4448E-06,0.0208157896995544,0.1972735398449,
,,,-2.4446E-06,0.0208157896995544,0.198110359953716,
,,,-2.4444E-06,-0.113075435161591,0.197440903866664,
,,,-2.4442E-06,-0.0461298227310181,0.196938811801374,
,,,-2.444E-06,0.0208157896995544,0.1972735398449,
,,,-2.4438E-06,-0.113075435161591,0.196938811801374,
,,,-2.4436E-06,0.0208157896995544,0.197440903866664,
,,,-2.4434E-06,0.0208157896995544,0.196436719736084,
,,,-2.4432E-06,0.087761402130127,0.19777563191019,
,,,-2.443E-06,-0.0461298227310181,0.196771447779611,
,,,-2.4428E-06,-0.0461298227310181,0.196604083757848,
,,,-2.4426E-06,-0.0461298227310181,0.196771447779611,
,,,-2.4424E-06,0.0208157896995544,0.196771447779611,
,,,-2.4422E-06,-0.0461298227310181,0.196938811801374,
,,,-2.442E-06,-0.113075435161591,0.197608267888427,
,,,-2.4418E-06,-0.0461298227310181,0.196771447779611,
,,,-2.4416E-06,0.087761402130127,0.197106175823137,
,,,-2.4414E-06,-0.0461298227310181,0.196604083757848,
,,,-2.4412E-06,0.0208157896995544,0.196771447779611,
,,,-2.441E-06,-0.0461298227310181,0.197106175823137,
,,,-2.4408E-06,0.0208157896995544,0.197106175823137,
,,,-2.4406E-06,-0.0461298227310181,0.196771447779611,
,,,-2.4404E-06,0.0208157896995544,0.196771447779611,
,,,-2.4402E-06,0.0208157896995544,0.197942995931953,
,,,-2.44E-06,0.0208157896995544,0.196771447779611,
,,,-2.4398E-06,-0.0461298227310181,0.1972735398449,
,,,-2.4396E-06,-0.0461298227310181,0.1972735398449,
,,,-2.4394E-06,0.0208157896995544,0.197106175823137,
,,,-2.4392E-06,0.0208157896995544,0.197440903866664,
,,,-2.439E-06,0.0208157896995544,0.197608267888427,
,,,-2.4388E-06,0.0208157896995544,0.197106175823137,
,,,-2.4386E-06,-0.0461298227310181,0.196269355714321,
,,,-2.4384E-06,-0.0461298227310181,0.197608267888427,
,,,-2.4382E-06,0.087761402130127,0.197608267888427,
,,,-2.438E-06,0.0208157896995544,0.196938811801374,
,,,-2.4378E-06,-0.0461298227310181,0.196938811801374,
,,,-2.4376E-06,0.0208157896995544,0.1972735398449,
,,,-2.4374E-06,-0.0461298227310181,0.197106175823137,
,,,-2.4372E-06,0.087761402130127,0.197106175823137,
,,,-2.437E-06,-0.0461298227310181,0.1972735398449,
,,,-2.4368E-06,0.154707014560699,0.197440903866664,
,,,-2.4366E-06,0.0208157896995544,0.196604083757848,
,,,-2.4364E-06,0.087761402130127,0.1972735398449,
,,,-2.4362E-06,0.0208157896995544,0.196771447779611,
,,,-2.436E-06,-0.0461298227310181,0.197106175823137,
,,,-2.4358E-06,-0.0461298227310181,0.1972735398449,
,,,-2.4356E-06,-0.113075435161591,0.197106175823137,
,,,-2.4354E-06,0.087761402130127,0.196938811801374,
,,,-2.4352E-06,0.0208157896995544,0.197440903866664,
,,,-2.435E-06,-0.113075435161591,0.196938811801374,
,,,-2.4348E-06,0.0208157896995544,0.197106175823137,
,,,-2.4346E-06,0.087761402130127,0.196604083757848,
,,,-2.4344E-06,0.0208157896995544,0.19827772397548,
,,,-2.4342E-06,-0.0461298227310181,0.1972735398449,
,,,-2.434E-06,0.0208157896995544,0.1972735398449,
,,,-2.4338E-06,-0.0461298227310181,0.197608267888427,
,,,-2.4336E-06,-0.0461298227310181,0.197106175823137,
,,,-2.4334E-06,-0.0461298227310181,0.196771447779611,
,,,-2.4332E-06,0.0208157896995544,0.1972735398449,
,,,-2.433E-06,0.0208157896995544,0.1972735398449,
,,,-2.4328E-06,0.0208157896995544,0.197608267888427,
,,,-2.4326E-06,0.0208157896995544,0.197440903866664,
,,,-2.4324E-06,0.087761402130127,0.1972735398449,
,,,-2.4322E-06,0.0208157896995544,0.197608267888427,
,,,-2.432E-06,-0.0461298227310181,0.19777563191019,
,,,-2.4318E-06,0.0208157896995544,0.197440903866664,
,,,-2.4316E-06,0.0208157896995544,0.1972735398449,
,,,-2.4314E-06,0.087761402130127,0.19777563191019,
,,,-2.4312E-06,0.0208157896995544,0.197942995931953,
,,,-2.431E-06,-0.0461298227310181,0.197608267888427,
,,,-2.4308E-06,-0.113075435161591,0.19777563191019,
,,,-2.4306E-06,0.0208157896995544,0.19777563191019,
,,,-2.4304E-06,0.154707014560699,0.196938811801374,
,,,-2.4302E-06,-0.0461298227310181,0.196436719736084,
,,,-2.43E-06,0.087761402130127,0.197608267888427,
,,,-2.4298E-06,0.0208157896995544,0.196938811801374,
,,,-2.4296E-06,0.0208157896995544,0.196604083757848,
,,,-2.4294E-06,-0.0461298227310181,0.1972735398449,
,,,-2.4292E-06,-0.113075435161591,0.197608267888427,
,,,-2.429E-06,0.0208157896995544,0.196604083757848,
,,,-2.4288E-06,0.0208157896995544,0.196604083757848,
,,,-2.4286E-06,-0.0461298227310181,0.197106175823137,
,,,-2.4284E-06,0.0208157896995544,0.196771447779611,
,,,-2.4282E-06,-0.0461298227310181,0.196604083757848,
,,,-2.428E-06,0.0208157896995544,0.196604083757848,
,,,-2.4278E-06,-0.0461298227310181,0.196938811801374,
,,,-2.4276E-06,-0.0461298227310181,0.197440903866664,
,,,-2.4274E-06,-0.0461298227310181,0.197106175823137,
,,,-2.4272E-06,0.0208157896995544,0.197608267888427,
,,,-2.427E-06,-0.113075435161591,0.197106175823137,
,,,-2.4268E-06,0.0208157896995544,0.196771447779611,
,,,-2.4266E-06,0.0208157896995544,0.197106175823137,
,,,-2.4264E-06,0.0208157896995544,0.197106175823137,
,,,-2.4262E-06,0.0208157896995544,0.1972735398449,
,,,-2.426E-06,0.087761402130127,0.196938811801374,
,,,-2.4258E-06,0.0208157896995544,0.1972735398449,
,,,-2.4256E-06,0.0208157896995544,0.1972735398449,
,,,-2.4254E-06,0.0208157896995544,0.196436719736084,
,,,-2.4252E-06,0.0208157896995544,0.196604083757848,
,,,-2.425E-06,0.0208157896995544,0.1972735398449,
,,,-2.4248E-06,0.0208157896995544,0.197440903866664,
,,,-2.4246E-06,0.0208157896995544,0.196436719736084,
,,,-2.4244E-06,0.0208157896995544,0.196938811801374,
,,,-2.4242E-06,-0.0461298227310181,0.1972735398449,
,,,-2.424E-06,0.087761402130127,0.19777563191019,
,,,-2.4238E-06,-0.0461298227310181,0.196938811801374,
,,,-2.4236E-06,-0.0461298227310181,0.196604083757848,
,,,-2.4234E-06,0.0208157896995544,0.197440903866664,
,,,-2.4232E-06,-0.0461298227310181,0.197608267888427,
,,,-2.423E-06,0.0208157896995544,0.1972735398449,
,,,-2.4228E-06,-0.0461298227310181,0.197106175823137,
,,,-2.4226E-06,0.087761402130127,0.197440903866664,
,,,-2.4224E-06,-0.0461298227310181,0.1972735398449,
,,,-2.4222E-06,0.0208157896995544,0.196771447779611,
,,,-2.422E-06,0.0208157896995544,0.196771447779611,
,,,-2.4218E-06,0.0208157896995544,0.196771447779611,
,,,-2.4216E-06,0.087761402130127,0.196771447779611,
,,,-2.4214E-06,-0.0461298227310181,0.196938811801374,
,,,-2.4212E-06,-0.0461298227310181,0.196604083757848,
,,,-2.421E-06,-0.0461298227310181,0.196604083757848,
,,,-2.4208E-06,0.0208157896995544,0.196604083757848,
,,,-2.4206E-06,0.0208157896995544,0.196604083757848,
,,,-2.4204E-06,0.0208157896995544,0.195934627670795,
,,,-2.4202E-06,0.0208157896995544,0.196436719736084,
,,,-2.42E-06,0.087761402130127,0.196938811801374,
,,,-2.4198E-06,0.0208157896995544,0.196269355714321,
,,,-2.4196E-06,0.087761402130127,0.196938811801374,
,,,-2.4194E-06,0.0208157896995544,0.196604083757848,
,,,-2.4192E-06,-0.0461298227310181,0.1972735398449,
,,,-2.419E-06,0.0208157896995544,0.19777563191019,
,,,-2.4188E-06,0.0208157896995544,0.196938811801374,
,,,-2.4186E-06,0.0208157896995544,0.1972735398449,
,,,-2.4184E-06,-0.0461298227310181,0.197942995931953,
,,,-2.4182E-06,0.0208157896995544,0.196771447779611,
,,,-2.418E-06,0.0208157896995544,0.197106175823137,
,,,-2.4178E-06,-0.0461298227310181,0.197608267888427,
,,,-2.4176E-06,0.087761402130127,0.19777563191019,
,,,-2.4174E-06,-0.0461298227310181,0.1972735398449,
,,,-2.4172E-06,0.087761402130127,0.1972735398449,
,,,-2.417E-06,0.0208157896995544,0.197106175823137,
,,,-2.4168E-06,0.0208157896995544,0.196938811801374,
,,,-2.4166E-06,0.0208157896995544,0.197440903866664,
,,,-2.4164E-06,0.0208157896995544,0.197608267888427,
,,,-2.4162E-06,0.0208157896995544,0.197440903866664,
,,,-2.416E-06,0.0208157896995544,0.198110359953716,
,,,-2.4158E-06,-0.113075435161591,0.197106175823137,
,,,-2.4156E-06,-0.0461298227310181,0.1972735398449,
,,,-2.4154E-06,0.087761402130127,0.197106175823137,
,,,-2.4152E-06,-0.0461298227310181,0.1972735398449,
,,,-2.415E-06,0.0208157896995544,0.197106175823137,
,,,-2.4148E-06,0.0208157896995544,0.1972735398449,
,,,-2.4146E-06,-0.0461298227310181,0.197106175823137,
,,,-2.4144E-06,-0.0461298227310181,0.1972735398449,
,,,-2.4142E-06,-0.0461298227310181,0.196938811801374,
,,,-2.414E-06,0.0208157896995544,0.196938811801374,
,,,-2.4138E-06,-0.0461298227310181,0.196938811801374,
,,,-2.4136E-06,0.087761402130127,0.196604083757848,
,,,-2.4134E-06,-0.0461298227310181,0.196604083757848,
,,,-2.4132E-06,0.087761402130127,0.196938811801374,
,,,-2.413E-06,0.087761402130127,0.196269355714321,
,,,-2.4128E-06,-0.0461298227310181,0.196604083757848,
,,,-2.4126E-06,0.0208157896995544,0.196771447779611,
,,,-2.4124E-06,-0.0461298227310181,0.196101991692558,
,,,-2.4122E-06,-0.0461298227310181,0.196604083757848,
,,,-2.412E-06,0.0208157896995544,0.197106175823137,
,,,-2.4118E-06,-0.0461298227310181,0.196938811801374,
,,,-2.4116E-06,0.0208157896995544,0.195934627670795,
,,,-2.4114E-06,0.0208157896995544,0.196938811801374,
,,,-2.4112E-06,0.087761402130127,0.196938811801374,
,,,-2.411E-06,-0.0461298227310181,0.196436719736084,
,,,-2.4108E-06,0.0208157896995544,0.197440903866664,
,,,-2.4106E-06,-0.0461298227310181,0.197106175823137,
,,,-2.4104E-06,-0.0461298227310181,0.1972735398449,
,,,-2.4102E-06,0.087761402130127,0.196771447779611,
,,,-2.41E-06,-0.0461298227310181,0.1972735398449,
,,,-2.4098E-06,-0.0461298227310181,0.197106175823137,
,,,-2.4096E-06,0.087761402130127,0.196771447779611,
,,,-2.4094E-06,-0.0461298227310181,0.196938811801374,
,,,-2.4092E-06,-0.0461298227310181,0.196938811801374,
,,,-2.409E-06,0.0208157896995544,0.19777563191019,
,,,-2.4088E-06,0.087761402130127,0.197106175823137,
,,,-2.4086E-06,-0.0461298227310181,0.1972735398449,
,,,-2.4084E-06,-0.0461298227310181,0.197608267888427,
,,,-2.4082E-06,-0.0461298227310181,0.197440903866664,
,,,-2.408E-06,0.0208157896995544,0.197106175823137,
,,,-2.4078E-06,-0.0461298227310181,0.197608267888427,
,,,-2.4076E-06,-0.113075435161591,0.197608267888427,
,,,-2.4074E-06,-0.0461298227310181,0.19777563191019,
,,,-2.4072E-06,0.087761402130127,0.197942995931953,
,,,-2.407E-06,0.087761402130127,0.198110359953716,
,,,-2.4068E-06,0.0208157896995544,0.1972735398449,
,,,-2.4066E-06,0.0208157896995544,0.197942995931953,
,,,-2.4064E-06,-0.113075435161591,0.197942995931953,
,,,-2.4062E-06,0.0208157896995544,0.197942995931953,
,,,-2.406E-06,-0.0461298227310181,0.197608267888427,
,,,-2.4058E-06,0.0208157896995544,0.197942995931953,
,,,-2.4056E-06,0.087761402130127,0.197942995931953,
,,,-2.4054E-06,0.0208157896995544,0.196938811801374,
,,,-2.4052E-06,-0.0461298227310181,0.197608267888427,
,,,-2.405E-06,-0.0461298227310181,0.197440903866664,
,,,-2.4048E-06,0.087761402130127,0.196771447779611,
,,,-2.4046E-06,0.0208157896995544,0.1972735398449,
,,,-2.4044E-06,0.0208157896995544,0.197608267888427,
,,,-2.4042E-06,-0.0461298227310181,0.197440903866664,
,,,-2.404E-06,-0.0461298227310181,0.197106175823137,
,,,-2.4038E-06,0.0208157896995544,0.196938811801374,
,,,-2.4036E-06,-0.113075435161591,0.19827772397548,
,,,-2.4034E-06,0.0208157896995544,0.1972735398449,
,,,-2.4032E-06,0.087761402130127,0.1972735398449,
,,,-2.403E-06,-0.0461298227310181,0.196938811801374,
,,,-2.4028E-06,-0.0461298227310181,0.1972735398449,
,,,-2.4026E-06,0.0208157896995544,0.196604083757848,
,,,-2.4024E-06,0.0208157896995544,0.197440903866664,
,,,-2.4022E-06,-0.0461298227310181,0.196938811801374,
,,,-2.402E-06,0.0208157896995544,0.197106175823137,
,,,-2.4018E-06,-0.0461298227310181,0.196771447779611,
,,,-2.4016E-06,-0.0461298227310181,0.196938811801374,
,,,-2.4014E-06,0.087761402130127,0.196938811801374,
,,,-2.4012E-06,0.0208157896995544,0.197440903866664,
,,,-2.401E-06,-0.0461298227310181,0.196938811801374,
,,,-2.4008E-06,0.154707014560699,0.1972735398449,
,,,-2.4006E-06,-0.0461298227310181,0.197440903866664,
,,,-2.4004E-06,0.0208157896995544,0.197106175823137,
,,,-2.4002E-06,0.087761402130127,0.19777563191019,
,,,-2.4E-06,0.0208157896995544,0.196938811801374,
,,,-2.3998E-06,0.0208157896995544,0.197608267888427,
,,,-2.3996E-06,0.0208157896995544,0.197440903866664,
,,,-2.3994E-06,0.0208157896995544,0.196938811801374,
,,,-2.3992E-06,-0.0461298227310181,0.19777563191019,
,,,-2.399E-06,0.0208157896995544,0.197440903866664,
,,,-2.3988E-06,-0.0461298227310181,0.197106175823137,
,,,-2.3986E-06,-0.0461298227310181,0.1972735398449,
,,,-2.3984E-06,0.154707014560699,0.197440903866664,
,,,-2.3982E-06,-0.0461298227310181,0.197608267888427,
,,,-2.398E-06,0.0208157896995544,0.197106175823137,
,,,-2.3978E-06,-0.0461298227310181,0.197106175823137,
,,,-2.3976E-06,-0.0461298227310181,0.19777563191019,
,,,-2.3974E-06,0.0208157896995544,0.196938811801374,
,,,-2.3972E-06,0.0208157896995544,0.196938811801374,
,,,-2.397E-06,0.087761402130127,0.197440903866664,
,,,-2.3968E-06,0.0208157896995544,0.197440903866664,
,,,-2.3966E-06,-0.113075435161591,0.1972735398449,
,,,-2.3964E-06,0.0208157896995544,0.198110359953716,
,,,-2.3962E-06,0.087761402130127,0.197608267888427,
,,,-2.396E-06,0.0208157896995544,0.196604083757848,
,,,-2.3958E-06,-0.0461298227310181,0.19777563191019,
,,,-2.3956E-06,0.0208157896995544,0.19777563191019,
,,,-2.3954E-06,-0.0461298227310181,0.197106175823137,
,,,-2.3952E-06,0.0208157896995544,0.197608267888427,
,,,-2.395E-06,-0.113075435161591,0.198110359953716,
,,,-2.3948E-06,0.0208157896995544,0.19777563191019,
,,,-2.3946E-06,0.0208157896995544,0.197608267888427,
,,,-2.3944E-06,0.0208157896995544,0.197608267888427,
,,,-2.3942E-06,-0.0461298227310181,0.197608267888427,
,,,-2.394E-06,0.087761402130127,0.19777563191019,
,,,-2.3938E-06,-0.0461298227310181,0.197608267888427,
,,,-2.3936E-06,-0.0461298227310181,0.197106175823137,
,,,-2.3934E-06,0.0208157896995544,0.197440903866664,
,,,-2.3932E-06,0.0208157896995544,0.197440903866664,
,,,-2.393E-06,0.0208157896995544,0.197608267888427,
,,,-2.3928E-06,0.087761402130127,0.197440903866664,
,,,-2.3926E-06,0.0208157896995544,0.197106175823137,
,,,-2.3924E-06,0.0208157896995544,0.19777563191019,
,,,-2.3922E-06,0.0208157896995544,0.198110359953716,
,,,-2.392E-06,0.154707014560699,0.1972735398449,
,,,-2.3918E-06,-0.0461298227310181,0.197440903866664,
,,,-2.3916E-06,0.0208157896995544,0.19777563191019,
,,,-2.3914E-06,0.0208157896995544,0.197942995931953,
,,,-2.3912E-06,-0.0461298227310181,0.198110359953716,
,,,-2.391E-06,-0.0461298227310181,0.197440903866664,
,,,-2.3908E-06,0.0208157896995544,0.198110359953716,
,,,-2.3906E-06,-0.0461298227310181,0.19827772397548,
,,,-2.3904E-06,0.087761402130127,0.198445087997243,
,,,-2.3902E-06,-0.0461298227310181,0.197440903866664,
,,,-2.39E-06,0.0208157896995544,0.198110359953716,
,,,-2.3898E-06,0.087761402130127,0.198612452019006,
,,,-2.3896E-06,0.0208157896995544,0.19827772397548,
,,,-2.3894E-06,-0.113075435161591,0.19827772397548,
,,,-2.3892E-06,0.154707014560699,0.198779816040769,
,,,-2.389E-06,-0.0461298227310181,0.198612452019006,
,,,-2.3888E-06,0.0208157896995544,0.19827772397548,
,,,-2.3886E-06,0.0208157896995544,0.198445087997243,
,,,-2.3884E-06,0.0208157896995544,0.19827772397548,
,,,-2.3882E-06,-0.0461298227310181,0.19777563191019,
,,,-2.388E-06,0.0208157896995544,0.197608267888427,
,,,-2.3878E-06,-0.0461298227310181,0.198445087997243,
,,,-2.3876E-06,0.087761402130127,0.198445087997243,
,,,-2.3874E-06,0.0208157896995544,0.198445087997243,
,,,-2.3872E-06,-0.0461298227310181,0.197440903866664,
,,,-2.387E-06,-0.0461298227310181,0.197942995931953,
,,,-2.3868E-06,-0.0461298227310181,0.19777563191019,
,,,-2.3866E-06,0.0208157896995544,0.198110359953716,
,,,-2.3864E-06,0.0208157896995544,0.197440903866664,
,,,-2.3862E-06,-0.180021047592163,0.196938811801374,
,,,-2.386E-06,0.0208157896995544,0.197440903866664,
,,,-2.3858E-06,0.087761402130127,0.198110359953716,
,,,-2.3856E-06,0.087761402130127,0.1972735398449,
,,,-2.3854E-06,0.0208157896995544,0.197440903866664,
,,,-2.3852E-06,0.0208157896995544,0.196938811801374,
,,,-2.385E-06,-0.0461298227310181,0.196771447779611,
,,,-2.3848E-06,-0.0461298227310181,0.197440903866664,
,,,-2.3846E-06,0.0208157896995544,0.1972735398449,
,,,-2.3844E-06,-0.113075435161591,0.197608267888427,
,,,-2.3842E-06,0.0208157896995544,0.19777563191019,
,,,-2.384E-06,0.0208157896995544,0.19827772397548,
,,,-2.3838E-06,0.0208157896995544,0.1972735398449,
,,,-2.3836E-06,-0.0461298227310181,0.197608267888427,
,,,-2.3834E-06,-0.0461298227310181,0.197608267888427,
,,,-2.3832E-06,0.0208157896995544,0.196771447779611,
,,,-2.383E-06,-0.0461298227310181,0.19777563191019,
,,,-2.3828E-06,-0.0461298227310181,0.1972735398449,
,,,-2.3826E-06,-0.0461298227310181,0.196771447779611,
,,,-2.3824E-06,-0.0461298227310181,0.197106175823137,
,,,-2.3822E-06,-0.113075435161591,0.197440903866664,
,,,-2.382E-06,0.0208157896995544,0.1972735398449,
,,,-2.3818E-06,0.0208157896995544,0.196771447779611,
,,,-2.3816E-06,0.087761402130127,0.197440903866664,
,,,-2.3814E-06,0.0208157896995544,0.197440903866664,
,,,-2.3812E-06,0.087761402130127,0.196771447779611,
,,,-2.381E-06,0.0208157896995544,0.196771447779611,
,,,-2.3808E-06,-0.0461298227310181,0.197106175823137,
,,,-2.3806E-06,0.087761402130127,0.197440903866664,
,,,-2.3804E-06,-0.0461298227310181,0.197440903866664,
,,,-2.3802E-06,0.087761402130127,0.197608267888427,
,,,-2.38E-06,-0.0461298227310181,0.19777563191019,
,,,-2.3798E-06,-0.113075435161591,0.196604083757848,
,,,-2.3796E-06,0.0208157896995544,0.196938811801374,
,,,-2.3794E-06,0.087761402130127,0.197106175823137,
,,,-2.3792E-06,0.087761402130127,0.196938811801374,
,,,-2.379E-06,0.0208157896995544,0.196436719736084,
,,,-2.3788E-06,-0.0461298227310181,0.196604083757848,
,,,-2.3786E-06,0.0208157896995544,0.197440903866664,
,,,-2.3784E-06,-0.0461298227310181,0.1972735398449,
,,,-2.3782E-06,0.0208157896995544,0.196771447779611,
,,,-2.378E-06,0.0208157896995544,0.197106175823137,
,,,-2.3778E-06,-0.0461298227310181,0.1972735398449,
,,,-2.3776E-06,0.087761402130127,0.196938811801374,
,,,-2.3774E-06,-0.113075435161591,0.196604083757848,
,,,-2.3772E-06,-0.0461298227310181,0.196604083757848,
,,,-2.377E-06,0.154707014560699,0.196771447779611,
,,,-2.3768E-06,0.0208157896995544,0.196771447779611,
,,,-2.3766E-06,-0.0461298227310181,0.196938811801374,
,,,-2.3764E-06,0.0208157896995544,0.196101991692558,
,,,-2.3762E-06,0.0208157896995544,0.196604083757848,
,,,-2.376E-06,-0.113075435161591,0.196938811801374,
,,,-2.3758E-06,-0.0461298227310181,0.197440903866664,
,,,-2.3756E-06,0.0208157896995544,0.197106175823137,
,,,-2.3754E-06,-0.0461298227310181,0.1972735398449,
,,,-2.3752E-06,0.087761402130127,0.196938811801374,
,,,-2.375E-06,-0.113075435161591,0.196938811801374,
,,,-2.3748E-06,-0.0461298227310181,0.196101991692558,
,,,-2.3746E-06,0.0208157896995544,0.197440903866664,
,,,-2.3744E-06,-0.0461298227310181,0.197106175823137,
,,,-2.3742E-06,-0.0461298227310181,0.1972735398449,
,,,-2.374E-06,0.0208157896995544,0.196604083757848,
,,,-2.3738E-06,-0.0461298227310181,0.19777563191019,
,,,-2.3736E-06,0.0208157896995544,0.1972735398449,
,,,-2.3734E-06,-0.113075435161591,0.196269355714321,
,,,-2.3732E-06,-0.0461298227310181,0.197608267888427,
,,,-2.373E-06,-0.0461298227310181,0.197440903866664,
,,,-2.3728E-06,-0.0461298227310181,0.197106175823137,
,,,-2.3726E-06,-0.0461298227310181,0.196604083757848,
,,,-2.3724E-06,-0.0461298227310181,0.197608267888427,
,,,-2.3722E-06,0.0208157896995544,0.1972735398449,
,,,-2.372E-06,-0.113075435161591,0.197106175823137,
,,,-2.3718E-06,-0.113075435161591,0.1972735398449,
,,,-2.3716E-06,0.0208157896995544,0.198110359953716,
,,,-2.3714E-06,-0.0461298227310181,0.197106175823137,
,,,-2.3712E-06,0.087761402130127,0.197608267888427,
,,,-2.371E-06,0.0208157896995544,0.196771447779611,
,,,-2.3708E-06,0.0208157896995544,0.197608267888427,
,,,-2.3706E-06,0.0208157896995544,0.19777563191019,
,,,-2.3704E-06,-0.0461298227310181,0.196938811801374,
,,,-2.3702E-06,-0.0461298227310181,0.197942995931953,
,,,-2.37E-06,0.0208157896995544,0.197440903866664,
,,,-2.3698E-06,-0.113075435161591,0.197440903866664,
,,,-2.3696E-06,-0.0461298227310181,0.197608267888427,
,,,-2.3694E-06,-0.0461298227310181,0.197942995931953,
,,,-2.3692E-06,-0.113075435161591,0.19777563191019,
,,,-2.369E-06,0.0208157896995544,0.197440903866664,
,,,-2.3688E-06,0.0208157896995544,0.198110359953716,
,,,-2.3686E-06,-0.0461298227310181,0.197608267888427,
,,,-2.3684E-06,0.0208157896995544,0.197942995931953,
,,,-2.3682E-06,0.0208157896995544,0.198110359953716,
,,,-2.368E-06,0.0208157896995544,0.19777563191019,
,,,-2.3678E-06,0.087761402130127,0.19827772397548,
,,,-2.3676E-06,0.0208157896995544,0.198110359953716,
,,,-2.3674E-06,-0.0461298227310181,0.197942995931953,
,,,-2.3672E-06,0.087761402130127,0.197440903866664,
,,,-2.367E-06,-0.0461298227310181,0.196938811801374,
,,,-2.3668E-06,0.087761402130127,0.198110359953716,
,,,-2.3666E-06,0.0208157896995544,0.198110359953716,
,,,-2.3664E-06,0.087761402130127,0.197942995931953,
,,,-2.3662E-06,0.0208157896995544,0.197608267888427,
,,,-2.366E-06,-0.0461298227310181,0.197942995931953,
,,,-2.3658E-06,-0.0461298227310181,0.19777563191019,
,,,-2.3656E-06,0.0208157896995544,0.19777563191019,
,,,-2.3654E-06,0.0208157896995544,0.197608267888427,
,,,-2.3652E-06,-0.0461298227310181,0.19777563191019,
,,,-2.365E-06,0.0208157896995544,0.197942995931953,
,,,-2.3648E-06,0.0208157896995544,0.197942995931953,
,,,-2.3646E-06,-0.0461298227310181,0.1972735398449,
,,,-2.3644E-06,0.0208157896995544,0.19777563191019,
,,,-2.3642E-06,0.0208157896995544,0.197608267888427,
,,,-2.364E-06,0.0208157896995544,0.197440903866664,
,,,-2.3638E-06,0.0208157896995544,0.197440903866664,
,,,-2.3636E-06,0.0208157896995544,0.197106175823137,
,,,-2.3634E-06,-0.0461298227310181,0.197440903866664,
,,,-2.3632E-06,0.0208157896995544,0.197608267888427,
,,,-2.363E-06,-0.0461298227310181,0.196771447779611,
,,,-2.3628E-06,-0.0461298227310181,0.197106175823137,
,,,-2.3626E-06,0.0208157896995544,0.197106175823137,
,,,-2.3624E-06,0.0208157896995544,0.198110359953716,
,,,-2.3622E-06,-0.0461298227310181,0.1972735398449,
,,,-2.362E-06,0.087761402130127,0.198445087997243,
,,,-2.3618E-06,0.0208157896995544,0.1972735398449,
,,,-2.3616E-06,0.0208157896995544,0.196938811801374,
,,,-2.3614E-06,0.0208157896995544,0.197608267888427,
,,,-2.3612E-06,-0.0461298227310181,0.1972735398449,
,,,-2.361E-06,-0.0461298227310181,0.196604083757848,
,,,-2.3608E-06,0.0208157896995544,0.1972735398449,
,,,-2.3606E-06,0.0208157896995544,0.196771447779611,
,,,-2.3604E-06,-0.0461298227310181,0.197106175823137,
,,,-2.3602E-06,-0.0461298227310181,0.196771447779611,
,,,-2.36E-06,0.087761402130127,0.196771447779611,
,,,-2.3598E-06,0.0208157896995544,0.196269355714321,
,,,-2.3596E-06,0.087761402130127,0.196604083757848,
,,,-2.3594E-06,0.0208157896995544,0.196604083757848,
,,,-2.3592E-06,-0.113075435161591,0.196604083757848,
,,,-2.359E-06,-0.0461298227310181,0.196771447779611,
,,,-2.3588E-06,-0.0461298227310181,0.197942995931953,
,,,-2.3586E-06,-0.0461298227310181,0.196771447779611,
,,,-2.3584E-06,0.087761402130127,0.196771447779611,
,,,-2.3582E-06,-0.113075435161591,0.196604083757848,
,,,-2.358E-06,-0.0461298227310181,0.196604083757848,
,,,-2.3578E-06,-0.0461298227310181,0.196771447779611,
,,,-2.3576E-06,-0.0461298227310181,0.197440903866664,
,,,-2.3574E-06,0.0208157896995544,0.197440903866664,
,,,-2.3572E-06,-0.0461298227310181,0.196604083757848,
,,,-2.357E-06,-0.0461298227310181,0.197608267888427,
,,,-2.3568E-06,0.0208157896995544,0.197440903866664,
,,,-2.3566E-06,-0.0461298227310181,0.196604083757848,
,,,-2.3564E-06,-0.0461298227310181,0.197440903866664,
,,,-2.3562E-06,-0.0461298227310181,0.197608267888427,
,,,-2.356E-06,0.0208157896995544,0.196938811801374,
,,,-2.3558E-06,0.0208157896995544,0.196771447779611,
,,,-2.3556E-06,0.087761402130127,0.197106175823137,
,,,-2.3554E-06,0.0208157896995544,0.197106175823137,
,,,-2.3552E-06,0.0208157896995544,0.197608267888427,
,,,-2.355E-06,0.087761402130127,0.197942995931953,
,,,-2.3548E-06,-0.0461298227310181,0.19777563191019,
,,,-2.3546E-06,0.0208157896995544,0.197106175823137,
,,,-2.3544E-06,-0.0461298227310181,0.19777563191019,
,,,-2.3542E-06,-0.113075435161591,0.197440903866664,
,,,-2.354E-06,-0.0461298227310181,0.196938811801374,
,,,-2.3538E-06,0.0208157896995544,0.1972735398449,
,,,-2.3536E-06,0.087761402130127,0.19777563191019,
,,,-2.3534E-06,0.0208157896995544,0.197440903866664,
,,,-2.3532E-06,0.0208157896995544,0.19777563191019,
,,,-2.353E-06,-0.0461298227310181,0.196938811801374,
,,,-2.3528E-06,-0.0461298227310181,0.1972735398449,
,,,-2.3526E-06,-0.0461298227310181,0.19827772397548,
,,,-2.3524E-06,-0.0461298227310181,0.198110359953716,
,,,-2.3522E-06,0.0208157896995544,0.198110359953716,
,,,-2.352E-06,0.0208157896995544,0.198110359953716,
,,,-2.3518E-06,-0.113075435161591,0.19777563191019,
,,,-2.3516E-06,0.0208157896995544,0.197942995931953,
,,,-2.3514E-06,0.0208157896995544,0.198445087997243,
,,,-2.3512E-06,0.0208157896995544,0.19827772397548,
,,,-2.351E-06,-0.0461298227310181,0.19827772397548,
,,,-2.3508E-06,0.0208157896995544,0.198612452019006,
,,,-2.3506E-06,-0.0461298227310181,0.198445087997243,
,,,-2.3504E-06,0.0208157896995544,0.19777563191019,
,,,-2.3502E-06,0.0208157896995544,0.198612452019006,
,,,-2.35E-06,0.0208157896995544,0.197942995931953,
,,,-2.3498E-06,-0.113075435161591,0.19827772397548,
,,,-2.3496E-06,0.0208157896995544,0.197440903866664,
,,,-2.3494E-06,0.0208157896995544,0.19827772397548,
,,,-2.3492E-06,0.154707014560699,0.198779816040769,
,,,-2.349E-06,0.0208157896995544,0.198110359953716,
,,,-2.3488E-06,-0.0461298227310181,0.198947180062532,
,,,-2.3486E-06,0.087761402130127,0.19827772397548,
,,,-2.3484E-06,-0.0461298227310181,0.198110359953716,
,,,-2.3482E-06,-0.0461298227310181,0.197942995931953,
,,,-2.348E-06,0.0208157896995544,0.198110359953716,
,,,-2.3478E-06,0.0208157896995544,0.197440903866664,
,,,-2.3476E-06,0.0208157896995544,0.19777563191019,
,,,-2.3474E-06,0.087761402130127,0.19827772397548,
,,,-2.3472E-06,0.154707014560699,0.197942995931953,
,,,-2.347E-06,-0.113075435161591,0.197942995931953,
,,,-2.3468E-06,0.0208157896995544,0.19777563191019,
,,,-2.3466E-06,0.0208157896995544,0.197608267888427,
,,,-2.3464E-06,-0.113075435161591,0.19827772397548,
,,,-2.3462E-06,0.087761402130127,0.19777563191019,
,,,-2.346E-06,0.0208157896995544,0.197608267888427,
,,,-2.3458E-06,0.0208157896995544,0.1972735398449,
,,,-2.3456E-06,-0.0461298227310181,0.1972735398449,
,,,-2.3454E-06,-0.0461298227310181,0.196938811801374,
,,,-2.3452E-06,0.0208157896995544,0.19777563191019,
,,,-2.345E-06,0.0208157896995544,0.19827772397548,
,,,-2.3448E-06,0.0208157896995544,0.197106175823137,
,,,-2.3446E-06,-0.0461298227310181,0.197106175823137,
,,,-2.3444E-06,0.087761402130127,0.1972735398449,
,,,-2.3442E-06,0.0208157896995544,0.19777563191019,
,,,-2.344E-06,-0.0461298227310181,0.197608267888427,
,,,-2.3438E-06,-0.113075435161591,0.198445087997243,
,,,-2.3436E-06,0.087761402130127,0.1972735398449,
,,,-2.3434E-06,-0.0461298227310181,0.196771447779611,
,,,-2.3432E-06,0.087761402130127,0.19777563191019,
,,,-2.343E-06,0.087761402130127,0.197440903866664,
,,,-2.3428E-06,0.154707014560699,0.1972735398449,
,,,-2.3426E-06,0.0208157896995544,0.1972735398449,
,,,-2.3424E-06,0.0208157896995544,0.19777563191019,
,,,-2.3422E-06,0.0208157896995544,0.19777563191019,
,,,-2.342E-06,-0.0461298227310181,0.197440903866664,
,,,-2.3418E-06,0.0208157896995544,0.197440903866664,
,,,-2.3416E-06,0.0208157896995544,0.196771447779611,
,,,-2.3414E-06,0.0208157896995544,0.196938811801374,
,,,-2.3412E-06,0.0208157896995544,0.1972735398449,
,,,-2.341E-06,0.0208157896995544,0.196101991692558,
,,,-2.3408E-06,0.154707014560699,0.196101991692558,
,,,-2.3406E-06,-0.0461298227310181,0.196938811801374,
,,,-2.3404E-06,0.0208157896995544,0.196604083757848,
,,,-2.3402E-06,0.0208157896995544,0.196269355714321,
,,,-2.34E-06,-0.0461298227310181,0.196269355714321,
,,,-2.3398E-06,-0.0461298227310181,0.197106175823137,
,,,-2.3396E-06,-0.113075435161591,0.196604083757848,
,,,-2.3394E-06,0.087761402130127,0.197106175823137,
,,,-2.3392E-06,0.0208157896995544,0.196101991692558,
,,,-2.339E-06,-0.180021047592163,0.196269355714321,
,,,-2.3388E-06,0.0208157896995544,0.197106175823137,
,,,-2.3386E-06,-0.0461298227310181,0.196938811801374,
,,,-2.3384E-06,-0.0461298227310181,0.197106175823137,
,,,-2.3382E-06,0.0208157896995544,0.197106175823137,
,,,-2.338E-06,0.0208157896995544,0.197106175823137,
,,,-2.3378E-06,-0.0461298227310181,0.196938811801374,
,,,-2.3376E-06,-0.0461298227310181,0.197106175823137,
,,,-2.3374E-06,-0.113075435161591,0.196771447779611,
,,,-2.3372E-06,-0.0461298227310181,0.197942995931953,
,,,-2.337E-06,-0.0461298227310181,0.196938811801374,
,,,-2.3368E-06,0.087761402130127,0.197942995931953,
,,,-2.3366E-06,-0.0461298227310181,0.196938811801374,
,,,-2.3364E-06,0.087761402130127,0.197106175823137,
,,,-2.3362E-06,0.0208157896995544,0.1972735398449,
,,,-2.336E-06,-0.0461298227310181,0.197440903866664,
,,,-2.3358E-06,0.0208157896995544,0.197440903866664,
,,,-2.3356E-06,-0.0461298227310181,0.197608267888427,
,,,-2.3354E-06,0.0208157896995544,0.197106175823137,
,,,-2.3352E-06,-0.0461298227310181,0.19777563191019,
,,,-2.335E-06,-0.0461298227310181,0.19777563191019,
,,,-2.3348E-06,0.0208157896995544,0.198445087997243,
,,,-2.3346E-06,0.0208157896995544,0.1972735398449,
,,,-2.3344E-06,0.0208157896995544,0.197608267888427,
,,,-2.3342E-06,-0.0461298227310181,0.197942995931953,
,,,-2.334E-06,-0.0461298227310181,0.197440903866664,
,,,-2.3338E-06,0.0208157896995544,0.198445087997243,
,,,-2.3336E-06,-0.0461298227310181,0.198779816040769,
,,,-2.3334E-06,-0.0461298227310181,0.198445087997243,
,,,-2.3332E-06,-0.0461298227310181,0.19777563191019,
,,,-2.333E-06,-0.0461298227310181,0.19777563191019,
,,,-2.3328E-06,0.0208157896995544,0.19777563191019,
,,,-2.3326E-06,-0.180021047592163,0.197942995931953,
,,,-2.3324E-06,-0.0461298227310181,0.19827772397548,
,,,-2.3322E-06,0.0208157896995544,0.198779816040769,
,,,-2.332E-06,0.0208157896995544,0.198110359953716,
,,,-2.3318E-06,0.0208157896995544,0.19777563191019,
,,,-2.3316E-06,0.0208157896995544,0.197608267888427,
,,,-2.3314E-06,-0.113075435161591,0.197608267888427,
,,,-2.3312E-06,0.0208157896995544,0.197608267888427,
,,,-2.331E-06,-0.113075435161591,0.198110359953716,
,,,-2.3308E-06,-0.0461298227310181,0.197440903866664,
,,,-2.3306E-06,-0.0461298227310181,0.19777563191019,
,,,-2.3304E-06,0.0208157896995544,0.197608267888427,
,,,-2.3302E-06,-0.0461298227310181,0.19777563191019,
,,,-2.33E-06,-0.0461298227310181,0.197608267888427,
,,,-2.3298E-06,-0.0461298227310181,0.1972735398449,
,,,-2.3296E-06,0.0208157896995544,0.197106175823137,
,,,-2.3294E-06,0.087761402130127,0.19777563191019,
,,,-2.3292E-06,-0.113075435161591,0.19827772397548,
,,,-2.329E-06,-0.0461298227310181,0.19777563191019,
,,,-2.3288E-06,-0.0461298227310181,0.197440903866664,
,,,-2.3286E-06,-0.0461298227310181,0.197942995931953,
,,,-2.3284E-06,-0.0461298227310181,0.198445087997243,
,,,-2.3282E-06,0.0208157896995544,0.198110359953716,
,,,-2.328E-06,-0.0461298227310181,0.198110359953716,
,,,-2.3278E-06,0.0208157896995544,0.197440903866664,
,,,-2.3276E-06,0.0208157896995544,0.198110359953716,
,,,-2.3274E-06,0.0208157896995544,0.19827772397548,
,,,-2.3272E-06,-0.0461298227310181,0.198110359953716,
,,,-2.327E-06,-0.113075435161591,0.198612452019006,
,,,-2.3268E-06,0.0208157896995544,0.198445087997243,
,,,-2.3266E-06,-0.0461298227310181,0.197942995931953,
,,,-2.3264E-06,0.087761402130127,0.198779816040769,
,,,-2.3262E-06,-0.113075435161591,0.198445087997243,
,,,-2.326E-06,0.0208157896995544,0.198445087997243,
,,,-2.3258E-06,0.0208157896995544,0.197440903866664,
,,,-2.3256E-06,0.0208157896995544,0.197942995931953,
,,,-2.3254E-06,-0.113075435161591,0.198110359953716,
,,,-2.3252E-06,0.0208157896995544,0.19777563191019,
,,,-2.325E-06,-0.0461298227310181,0.197942995931953,
,,,-2.3248E-06,0.0208157896995544,0.19777563191019,
,,,-2.3246E-06,-0.0461298227310181,0.198110359953716,
,,,-2.3244E-06,-0.0461298227310181,0.197608267888427,
,,,-2.3242E-06,-0.0461298227310181,0.1972735398449,
,,,-2.324E-06,0.087761402130127,0.197608267888427,
,,,-2.3238E-06,0.0208157896995544,0.19827772397548,
,,,-2.3236E-06,0.0208157896995544,0.197608267888427,
,,,-2.3234E-06,0.0208157896995544,0.197608267888427,
,,,-2.3232E-06,-0.0461298227310181,0.196604083757848,
,,,-2.323E-06,0.087761402130127,0.197440903866664,
,,,-2.3228E-06,-0.0461298227310181,0.1972735398449,
,,,-2.3226E-06,-0.0461298227310181,0.196771447779611,
,,,-2.3224E-06,0.0208157896995544,0.19777563191019,
,,,-2.3222E-06,0.0208157896995544,0.19777563191019,
,,,-2.322E-06,-0.0461298227310181,0.196938811801374,
,,,-2.3218E-06,-0.0461298227310181,0.197440903866664,
,,,-2.3216E-06,0.0208157896995544,0.198110359953716,
,,,-2.3214E-06,-0.0461298227310181,0.198110359953716,
,,,-2.3212E-06,0.087761402130127,0.197106175823137,
,,,-2.321E-06,-0.113075435161591,0.1972735398449,
,,,-2.3208E-06,0.0208157896995544,0.1972735398449,
,,,-2.3206E-06,-0.0461298227310181,0.19777563191019,
,,,-2.3204E-06,-0.180021047592163,0.196938811801374,
,,,-2.3202E-06,0.0208157896995544,0.198110359953716,
,,,-2.32E-06,0.0208157896995544,0.197608267888427,
,,,-2.3198E-06,-0.113075435161591,0.196771447779611,
,,,-2.3196E-06,-0.0461298227310181,0.1972735398449,
,,,-2.3194E-06,0.154707014560699,0.1972735398449,
,,,-2.3192E-06,0.0208157896995544,0.196771447779611,
,,,-2.319E-06,-0.0461298227310181,0.197106175823137,
,,,-2.3188E-06,0.087761402130127,0.196436719736084,
,,,-2.3186E-06,-0.0461298227310181,0.1972735398449,
,,,-2.3184E-06,-0.0461298227310181,0.196436719736084,
,,,-2.3182E-06,-0.113075435161591,0.197942995931953,
,,,-2.318E-06,0.0208157896995544,0.1972735398449,
,,,-2.3178E-06,-0.0461298227310181,0.196938811801374,
,,,-2.3176E-06,0.0208157896995544,0.197608267888427,
,,,-2.3174E-06,0.0208157896995544,0.1972735398449,
,,,-2.3172E-06,0.154707014560699,0.196771447779611,
,,,-2.317E-06,0.0208157896995544,0.197440903866664,
,,,-2.3168E-06,0.0208157896995544,0.197608267888427,
,,,-2.3166E-06,0.0208157896995544,0.1972735398449,
,,,-2.3164E-06,-0.113075435161591,0.1972735398449,
,,,-2.3162E-06,-0.0461298227310181,0.1972735398449,
,,,-2.316E-06,0.087761402130127,0.197440903866664,
,,,-2.3158E-06,-0.0461298227310181,0.197106175823137,
,,,-2.3156E-06,0.0208157896995544,0.1972735398449,
,,,-2.3154E-06,0.0208157896995544,0.197608267888427,
,,,-2.3152E-06,0.0208157896995544,0.1972735398449,
,,,-2.315E-06,-0.0461298227310181,0.19777563191019,
,,,-2.3148E-06,0.0208157896995544,0.197608267888427,
,,,-2.3146E-06,0.0208157896995544,0.198110359953716,
,,,-2.3144E-06,-0.0461298227310181,0.197942995931953,
,,,-2.3142E-06,0.0208157896995544,0.197608267888427,
,,,-2.314E-06,-0.113075435161591,0.197440903866664,
,,,-2.3138E-06,0.0208157896995544,0.197440903866664,
,,,-2.3136E-06,0.087761402130127,0.19777563191019,
,,,-2.3134E-06,0.0208157896995544,0.197942995931953,
,,,-2.3132E-06,0.0208157896995544,0.197440903866664,
,,,-2.313E-06,0.087761402130127,0.198445087997243,
,,,-2.3128E-06,-0.0461298227310181,0.197608267888427,
,,,-2.3126E-06,-0.113075435161591,0.197942995931953,
,,,-2.3124E-06,0.087761402130127,0.197942995931953,
,,,-2.3122E-06,-0.0461298227310181,0.198612452019006,
,,,-2.312E-06,-0.0461298227310181,0.197942995931953,
,,,-2.3118E-06,0.0208157896995544,0.197440903866664,
,,,-2.3116E-06,-0.0461298227310181,0.197942995931953,
,,,-2.3114E-06,-0.0461298227310181,0.198110359953716,
,,,-2.3112E-06,-0.0461298227310181,0.197942995931953,
,,,-2.311E-06,0.0208157896995544,0.197942995931953,
,,,-2.3108E-06,0.087761402130127,0.19827772397548,
,,,-2.3106E-06,0.0208157896995544,0.198110359953716,
,,,-2.3104E-06,-0.0461298227310181,0.197440903866664,
,,,-2.3102E-06,0.087761402130127,0.197942995931953,
,,,-2.31E-06,-0.0461298227310181,0.199114544084296,
,,,-2.3098E-06,0.0208157896995544,0.19777563191019,
,,,-2.3096E-06,0.0208157896995544,0.197608267888427,
,,,-2.3094E-06,-0.0461298227310181,0.197942995931953,
,,,-2.3092E-06,0.0208157896995544,0.19827772397548,
,,,-2.309E-06,0.0208157896995544,0.197608267888427,
,,,-2.3088E-06,0.0208157896995544,0.198110359953716,
,,,-2.3086E-06,0.0208157896995544,0.197942995931953,
,,,-2.3084E-06,0.087761402130127,0.198110359953716,
,,,-2.3082E-06,-0.0461298227310181,0.198445087997243,
,,,-2.308E-06,-0.113075435161591,0.19827772397548,
,,,-2.3078E-06,0.0208157896995544,0.198445087997243,
,,,-2.3076E-06,-0.113075435161591,0.198445087997243,
,,,-2.3074E-06,0.0208157896995544,0.19827772397548,
,,,-2.3072E-06,0.087761402130127,0.19777563191019,
,,,-2.307E-06,-0.113075435161591,0.198445087997243,
,,,-2.3068E-06,0.0208157896995544,0.198110359953716,
,,,-2.3066E-06,0.0208157896995544,0.19827772397548,
,,,-2.3064E-06,-0.0461298227310181,0.197942995931953,
,,,-2.3062E-06,0.0208157896995544,0.198612452019006,
,,,-2.306E-06,0.0208157896995544,0.198445087997243,
,,,-2.3058E-06,0.0208157896995544,0.198445087997243,
,,,-2.3056E-06,0.0208157896995544,0.197608267888427,
,,,-2.3054E-06,-0.0461298227310181,0.19777563191019,
,,,-2.3052E-06,0.0208157896995544,0.19827772397548,
,,,-2.305E-06,-0.0461298227310181,0.197440903866664,
,,,-2.3048E-06,0.0208157896995544,0.19777563191019,
,,,-2.3046E-06,-0.0461298227310181,0.197942995931953,
,,,-2.3044E-06,0.087761402130127,0.197942995931953,
,,,-2.3042E-06,0.0208157896995544,0.197440903866664,
,,,-2.304E-06,-0.0461298227310181,0.197608267888427,
,,,-2.3038E-06,0.087761402130127,0.197608267888427,
,,,-2.3036E-06,-0.0461298227310181,0.19777563191019,
,,,-2.3034E-06,-0.0461298227310181,0.197106175823137,
,,,-2.3032E-06,0.0208157896995544,0.1972735398449,
,,,-2.303E-06,0.0208157896995544,0.1972735398449,
,,,-2.3028E-06,0.0208157896995544,0.196771447779611,
,,,-2.3026E-06,-0.0461298227310181,0.1972735398449,
,,,-2.3024E-06,0.0208157896995544,0.197106175823137,
,,,-2.3022E-06,-0.113075435161591,0.197106175823137,
,,,-2.302E-06,0.0208157896995544,0.197608267888427,
,,,-2.3018E-06,0.087761402130127,0.197106175823137,
,,,-2.3016E-06,-0.0461298227310181,0.196604083757848,
,,,-2.3014E-06,0.0208157896995544,0.196771447779611,
,,,-2.3012E-06,0.0208157896995544,0.197106175823137,
,,,-2.301E-06,-0.113075435161591,0.197440903866664,
,,,-2.3008E-06,0.0208157896995544,0.197106175823137,
,,,-2.3006E-06,-0.113075435161591,0.197106175823137,
,,,-2.3004E-06,-0.0461298227310181,0.197106175823137,
,,,-2.3002E-06,0.0208157896995544,0.19777563191019,
,,,-2.3E-06,0.087761402130127,0.197106175823137,
,,,-2.2998E-06,-0.113075435161591,0.197106175823137,
,,,-2.2996E-06,-0.0461298227310181,0.1972735398449,
,,,-2.2994E-06,-0.0461298227310181,0.197440903866664,
,,,-2.2992E-06,-0.0461298227310181,0.197440903866664,
,,,-2.299E-06,0.0208157896995544,0.19777563191019,
,,,-2.2988E-06,0.0208157896995544,0.1972735398449,
,,,-2.2986E-06,-0.113075435161591,0.197608267888427,
,,,-2.2984E-06,0.087761402130127,0.197440903866664,
,,,-2.2982E-06,0.0208157896995544,0.197440903866664,
,,,-2.298E-06,0.0208157896995544,0.1972735398449,
,,,-2.2978E-06,-0.0461298227310181,0.1972735398449,
,,,-2.2976E-06,0.0208157896995544,0.197106175823137,
,,,-2.2974E-06,0.087761402130127,0.197440903866664,
,,,-2.2972E-06,-0.0461298227310181,0.1972735398449,
,,,-2.297E-06,0.0208157896995544,0.197942995931953,
,,,-2.2968E-06,-0.0461298227310181,0.197440903866664,
,,,-2.2966E-06,-0.113075435161591,0.1972735398449,
,,,-2.2964E-06,0.0208157896995544,0.197440903866664,
,,,-2.2962E-06,0.0208157896995544,0.197440903866664,
,,,-2.296E-06,0.087761402130127,0.197106175823137,
,,,-2.2958E-06,0.0208157896995544,0.1972735398449,
,,,-2.2956E-06,0.0208157896995544,0.1972735398449,
,,,-2.2954E-06,0.0208157896995544,0.197440903866664,
,,,-2.2952E-06,-0.0461298227310181,0.197608267888427,
,,,-2.295E-06,-0.0461298227310181,0.197942995931953,
,,,-2.2948E-06,0.0208157896995544,0.197608267888427,
,,,-2.2946E-06,0.0208157896995544,0.197942995931953,
,,,-2.2944E-06,0.087761402130127,0.19777563191019,
,,,-2.2942E-06,-0.0461298227310181,0.196938811801374,
,,,-2.294E-06,-0.0461298227310181,0.197942995931953,
,,,-2.2938E-06,0.0208157896995544,0.197942995931953,
,,,-2.2936E-06,0.0208157896995544,0.197608267888427,
,,,-2.2934E-06,-0.113075435161591,0.198110359953716,
,,,-2.2932E-06,0.087761402130127,0.197608267888427,
,,,-2.293E-06,0.0208157896995544,0.197608267888427,
,,,-2.2928E-06,-0.0461298227310181,0.197942995931953,
,,,-2.2926E-06,0.0208157896995544,0.198110359953716,
,,,-2.2924E-06,0.087761402130127,0.198110359953716,
,,,-2.2922E-06,0.0208157896995544,0.197608267888427,
,,,-2.292E-06,0.0208157896995544,0.198110359953716,
,,,-2.2918E-06,0.0208157896995544,0.19827772397548,
,,,-2.2916E-06,0.087761402130127,0.197942995931953,
,,,-2.2914E-06,-0.0461298227310181,0.197942995931953,
,,,-2.2912E-06,0.0208157896995544,0.197608267888427,
,,,-2.291E-06,0.087761402130127,0.198445087997243,
,,,-2.2908E-06,-0.0461298227310181,0.19777563191019,
,,,-2.2906E-06,-0.0461298227310181,0.197608267888427,
,,,-2.2904E-06,0.087761402130127,0.198445087997243,
,,,-2.2902E-06,0.0208157896995544,0.198612452019006,
,,,-2.29E-06,0.154707014560699,0.19827772397548,
,,,-2.2898E-06,0.0208157896995544,0.198110359953716,
,,,-2.2896E-06,0.087761402130127,0.198445087997243,
,,,-2.2894E-06,-0.0461298227310181,0.19827772397548,
,,,-2.2892E-06,0.0208157896995544,0.198110359953716,
,,,-2.289E-06,0.0208157896995544,0.197942995931953,
,,,-2.2888E-06,-0.0461298227310181,0.19777563191019,
,,,-2.2886E-06,0.0208157896995544,0.198110359953716,
,,,-2.2884E-06,0.0208157896995544,0.198612452019006,
,,,-2.2882E-06,0.0208157896995544,0.19827772397548,
,,,-2.288E-06,0.087761402130127,0.198445087997243,
,,,-2.2878E-06,-0.113075435161591,0.1972735398449,
,,,-2.2876E-06,-0.0461298227310181,0.197440903866664,
,,,-2.2874E-06,0.0208157896995544,0.19777563191019,
,,,-2.2872E-06,0.087761402130127,0.19777563191019,
,,,-2.287E-06,-0.0461298227310181,0.19777563191019,
,,,-2.2868E-06,-0.0461298227310181,0.19777563191019,
,,,-2.2866E-06,-0.0461298227310181,0.19777563191019,
,,,-2.2864E-06,0.0208157896995544,0.19777563191019,
,,,-2.2862E-06,-0.0461298227310181,0.1972735398449,
,,,-2.286E-06,-0.0461298227310181,0.198110359953716,
,,,-2.2858E-06,-0.0461298227310181,0.197608267888427,
,,,-2.2856E-06,0.0208157896995544,0.197440903866664,
,,,-2.2854E-06,0.0208157896995544,0.197608267888427,
,,,-2.2852E-06,0.087761402130127,0.19777563191019,
,,,-2.285E-06,0.0208157896995544,0.197942995931953,
,,,-2.2848E-06,0.087761402130127,0.197106175823137,
,,,-2.2846E-06,0.087761402130127,0.1972735398449,
,,,-2.2844E-06,-0.0461298227310181,0.197440903866664,
,,,-2.2842E-06,-0.0461298227310181,0.197106175823137,
,,,-2.284E-06,0.154707014560699,0.197440903866664,
,,,-2.2838E-06,-0.0461298227310181,0.197440903866664,
,,,-2.2836E-06,0.0208157896995544,0.197106175823137,
,,,-2.2834E-06,0.087761402130127,0.197106175823137,
,,,-2.2832E-06,0.0208157896995544,0.196938811801374,
,,,-2.283E-06,-0.113075435161591,0.196771447779611,
,,,-2.2828E-06,0.087761402130127,0.197106175823137,
,,,-2.2826E-06,0.0208157896995544,0.1972735398449,
,,,-2.2824E-06,0.0208157896995544,0.197106175823137,
,,,-2.2822E-06,-0.0461298227310181,0.1972735398449,
,,,-2.282E-06,-0.113075435161591,0.197608267888427,
,,,-2.2818E-06,-0.0461298227310181,0.196604083757848,
,,,-2.2816E-06,0.087761402130127,0.1972735398449,
,,,-2.2814E-06,-0.0461298227310181,0.196771447779611,
,,,-2.2812E-06,0.0208157896995544,0.198110359953716,
,,,-2.281E-06,0.0208157896995544,0.1972735398449,
,,,-2.2808E-06,0.0208157896995544,0.196771447779611,
,,,-2.2806E-06,-0.0461298227310181,0.196938811801374,
,,,-2.2804E-06,0.087761402130127,0.197440903866664,
,,,-2.2802E-06,0.0208157896995544,0.197440903866664,
,,,-2.28E-06,-0.113075435161591,0.1972735398449,
,,,-2.2798E-06,0.0208157896995544,0.1972735398449,
,,,-2.2796E-06,0.0208157896995544,0.197440903866664,
,,,-2.2794E-06,-0.113075435161591,0.196604083757848,
,,,-2.2792E-06,-0.0461298227310181,0.1972735398449,
,,,-2.279E-06,0.087761402130127,0.1972735398449,
,,,-2.2788E-06,0.087761402130127,0.1972735398449,
,,,-2.2786E-06,0.0208157896995544,0.196938811801374,
,,,-2.2784E-06,0.0208157896995544,0.196269355714321,
,,,-2.2782E-06,0.0208157896995544,0.196771447779611,
,,,-2.278E-06,-0.0461298227310181,0.196938811801374,
,,,-2.2778E-06,-0.0461298227310181,0.196938811801374,
,,,-2.2776E-06,-0.0461298227310181,0.196938811801374,
,,,-2.2774E-06,0.0208157896995544,0.196771447779611,
,,,-2.2772E-06,0.0208157896995544,0.197106175823137,
,,,-2.277E-06,-0.0461298227310181,0.197106175823137,
,,,-2.2768E-06,0.154707014560699,0.196771447779611,
,,,-2.2766E-06,-0.113075435161591,0.196604083757848,
,,,-2.2764E-06,0.0208157896995544,0.196604083757848,
,,,-2.2762E-06,0.0208157896995544,0.197440903866664,
,,,-2.276E-06,-0.0461298227310181,0.196269355714321,
,,,-2.2758E-06,0.0208157896995544,0.196938811801374,
,,,-2.2756E-06,-0.0461298227310181,0.196938811801374,
,,,-2.2754E-06,-0.0461298227310181,0.197440903866664,
,,,-2.2752E-06,0.087761402130127,0.196771447779611,
,,,-2.275E-06,-0.0461298227310181,0.196771447779611,
,,,-2.2748E-06,0.0208157896995544,0.197106175823137,
,,,-2.2746E-06,-0.0461298227310181,0.197440903866664,
,,,-2.2744E-06,0.0208157896995544,0.196604083757848,
,,,-2.2742E-06,-0.0461298227310181,0.197608267888427,
,,,-2.274E-06,-0.113075435161591,0.197440903866664,
,,,-2.2738E-06,-0.0461298227310181,0.197106175823137,
,,,-2.2736E-06,0.0208157896995544,0.1972735398449,
,,,-2.2734E-06,-0.113075435161591,0.197106175823137,
,,,-2.2732E-06,0.087761402130127,0.196436719736084,
,,,-2.273E-06,0.0208157896995544,0.196771447779611,
,,,-2.2728E-06,-0.0461298227310181,0.197440903866664,
,,,-2.2726E-06,0.0208157896995544,0.197440903866664,
,,,-2.2724E-06,0.154707014560699,0.197608267888427,
,,,-2.2722E-06,-0.0461298227310181,0.197440903866664,
,,,-2.272E-06,-0.0461298227310181,0.1972735398449,
,,,-2.2718E-06,0.087761402130127,0.197106175823137,
,,,-2.2716E-06,0.087761402130127,0.196938811801374,
,,,-2.2714E-06,0.0208157896995544,0.197106175823137,
,,,-2.2712E-06,0.0208157896995544,0.19777563191019,
,,,-2.271E-06,-0.113075435161591,0.196771447779611,
,,,-2.2708E-06,-0.113075435161591,0.197608267888427,
,,,-2.2706E-06,0.087761402130127,0.196771447779611,
,,,-2.2704E-06,0.0208157896995544,0.197440903866664,
,,,-2.2702E-06,-0.0461298227310181,0.197440903866664,
,,,-2.27E-06,0.087761402130127,0.197440903866664,
,,,-2.2698E-06,-0.0461298227310181,0.197440903866664,
,,,-2.2696E-06,-0.0461298227310181,0.19777563191019,
,,,-2.2694E-06,0.0208157896995544,0.197608267888427,
,,,-2.2692E-06,0.0208157896995544,0.197440903866664,
,,,-2.269E-06,-0.0461298227310181,0.196938811801374,
,,,-2.2688E-06,0.0208157896995544,0.197942995931953,
,,,-2.2686E-06,-0.113075435161591,0.197106175823137,
,,,-2.2684E-06,0.0208157896995544,0.196771447779611,
,,,-2.2682E-06,0.0208157896995544,0.197440903866664,
,,,-2.268E-06,0.0208157896995544,0.196771447779611,
,,,-2.2678E-06,-0.0461298227310181,0.1972735398449,
,,,-2.2676E-06,0.0208157896995544,0.197440903866664,
,,,-2.2674E-06,-0.0461298227310181,0.196938811801374,
,,,-2.2672E-06,-0.0461298227310181,0.197106175823137,
,,,-2.267E-06,0.0208157896995544,0.196771447779611,
,,,-2.2668E-06,-0.0461298227310181,0.196604083757848,
,,,-2.2666E-06,-0.0461298227310181,0.1972735398449,
,,,-2.2664E-06,0.087761402130127,0.196938811801374,
,,,-2.2662E-06,0.087761402130127,0.197106175823137,
,,,-2.266E-06,0.154707014560699,0.197440903866664,
,,,-2.2658E-06,0.087761402130127,0.196938811801374,
,,,-2.2656E-06,0.0208157896995544,0.1972735398449,
,,,-2.2654E-06,0.087761402130127,0.196938811801374,
,,,-2.2652E-06,-0.0461298227310181,0.197608267888427,
,,,-2.265E-06,-0.0461298227310181,0.196604083757848,
,,,-2.2648E-06,0.087761402130127,0.197608267888427,
,,,-2.2646E-06,-0.0461298227310181,0.196938811801374,
,,,-2.2644E-06,-0.113075435161591,0.196604083757848,
,,,-2.2642E-06,0.087761402130127,0.197608267888427,
,,,-2.264E-06,0.154707014560699,0.197106175823137,
,,,-2.2638E-06,-0.113075435161591,0.196771447779611,
,,,-2.2636E-06,0.0208157896995544,0.1972735398449,
,,,-2.2634E-06,0.0208157896995544,0.1972735398449,
,,,-2.2632E-06,0.0208157896995544,0.197106175823137,
,,,-2.263E-06,-0.0461298227310181,0.196269355714321,
,,,-2.2628E-06,0.0208157896995544,0.197106175823137,
,,,-2.2626E-06,-0.0461298227310181,0.196771447779611,
,,,-2.2624E-06,0.087761402130127,0.196269355714321,
,,,-2.2622E-06,-0.113075435161591,0.196436719736084,
,,,-2.262E-06,-0.0461298227310181,0.196604083757848,
,,,-2.2618E-06,-0.0461298227310181,0.196436719736084,
,,,-2.2616E-06,0.0208157896995544,0.195934627670795,
,,,-2.2614E-06,-0.180021047592163,0.196771447779611,
,,,-2.2612E-06,0.087761402130127,0.196604083757848,
,,,-2.261E-06,-0.0461298227310181,0.196771447779611,
,,,-2.2608E-06,-0.0461298227310181,0.1972735398449,
,,,-2.2606E-06,-0.113075435161591,0.197440903866664,
,,,-2.2604E-06,0.0208157896995544,0.197106175823137,
,,,-2.2602E-06,-0.113075435161591,0.197106175823137,
,,,-2.26E-06,0.0208157896995544,0.196771447779611,
,,,-2.2598E-06,0.0208157896995544,0.196938811801374,
,,,-2.2596E-06,0.0208157896995544,0.1972735398449,
,,,-2.2594E-06,0.0208157896995544,0.197106175823137,
,,,-2.2592E-06,0.0208157896995544,0.196604083757848,
,,,-2.259E-06,0.0208157896995544,0.197440903866664,
,,,-2.2588E-06,0.0208157896995544,0.1972735398449,
,,,-2.2586E-06,0.0208157896995544,0.197608267888427,
,,,-2.2584E-06,0.0208157896995544,0.196604083757848,
,,,-2.2582E-06,-0.113075435161591,0.196938811801374,
,,,-2.258E-06,-0.0461298227310181,0.197106175823137,
,,,-2.2578E-06,0.087761402130127,0.196604083757848,
,,,-2.2576E-06,0.087761402130127,0.197106175823137,
,,,-2.2574E-06,-0.0461298227310181,0.196604083757848,
,,,-2.2572E-06,0.0208157896995544,0.196604083757848,
,,,-2.257E-06,-0.0461298227310181,0.197106175823137,
,,,-2.2568E-06,-0.113075435161591,0.197608267888427,
,,,-2.2566E-06,0.0208157896995544,0.197440903866664,
,,,-2.2564E-06,0.0208157896995544,0.196771447779611,
,,,-2.2562E-06,-0.0461298227310181,0.197608267888427,
,,,-2.256E-06,0.087761402130127,0.197106175823137,
,,,-2.2558E-06,-0.0461298227310181,0.197106175823137,
,,,-2.2556E-06,0.0208157896995544,0.196938811801374,
,,,-2.2554E-06,0.0208157896995544,0.197106175823137,
,,,-2.2552E-06,0.0208157896995544,0.197106175823137,
,,,-2.255E-06,-0.0461298227310181,0.197440903866664,
,,,-2.2548E-06,0.0208157896995544,0.197608267888427,
,,,-2.2546E-06,-0.0461298227310181,0.196938811801374,
,,,-2.2544E-06,0.0208157896995544,0.197106175823137,
,,,-2.2542E-06,-0.0461298227310181,0.1972735398449,
,,,-2.254E-06,0.0208157896995544,0.196938811801374,
,,,-2.2538E-06,0.0208157896995544,0.197106175823137,
,,,-2.2536E-06,0.0208157896995544,0.197106175823137,
,,,-2.2534E-06,-0.0461298227310181,0.197608267888427,
,,,-2.2532E-06,0.087761402130127,0.196101991692558,
,,,-2.253E-06,-0.0461298227310181,0.197106175823137,
,,,-2.2528E-06,-0.0461298227310181,0.196938811801374,
,,,-2.2526E-06,0.087761402130127,0.196938811801374,
,,,-2.2524E-06,-0.113075435161591,0.1972735398449,
,,,-2.2522E-06,-0.113075435161591,0.197106175823137,
,,,-2.252E-06,0.087761402130127,0.197440903866664,
,,,-2.2518E-06,0.0208157896995544,0.196604083757848,
,,,-2.2516E-06,0.0208157896995544,0.1972735398449,
,,,-2.2514E-06,0.087761402130127,0.196938811801374,
,,,-2.2512E-06,0.154707014560699,0.1972735398449,
,,,-2.251E-06,-0.113075435161591,0.197608267888427,
,,,-2.2508E-06,0.0208157896995544,0.197106175823137,
,,,-2.2506E-06,-0.0461298227310181,0.196436719736084,
,,,-2.2504E-06,0.0208157896995544,0.196269355714321,
,,,-2.2502E-06,-0.0461298227310181,0.196771447779611,
,,,-2.25E-06,0.0208157896995544,0.196604083757848,
,,,-2.2498E-06,0.0208157896995544,0.196436719736084,
,,,-2.2496E-06,0.0208157896995544,0.197440903866664,
,,,-2.2494E-06,-0.113075435161591,0.196436719736084,
,,,-2.2492E-06,0.0208157896995544,0.1972735398449,
,,,-2.249E-06,0.0208157896995544,0.1972735398449,
,,,-2.2488E-06,0.0208157896995544,0.196604083757848,
,,,-2.2486E-06,-0.0461298227310181,0.196771447779611,
,,,-2.2484E-06,0.0208157896995544,0.196771447779611,
,,,-2.2482E-06,-0.0461298227310181,0.196938811801374,
,,,-2.248E-06,-0.0461298227310181,0.196938811801374,
,,,-2.2478E-06,-0.0461298227310181,0.1972735398449,
,,,-2.2476E-06,0.087761402130127,0.196938811801374,
,,,-2.2474E-06,-0.113075435161591,0.1972735398449,
,,,-2.2472E-06,0.0208157896995544,0.196938811801374,
,,,-2.247E-06,0.0208157896995544,0.196938811801374,
,,,-2.2468E-06,0.087761402130127,0.197106175823137,
,,,-2.2466E-06,0.0208157896995544,0.196938811801374,
,,,-2.2464E-06,0.0208157896995544,0.196938811801374,
,,,-2.2462E-06,0.154707014560699,0.19777563191019,
,,,-2.246E-06,-0.0461298227310181,0.1972735398449,
,,,-2.2458E-06,-0.0461298227310181,0.196101991692558,
,,,-2.2456E-06,0.087761402130127,0.196938811801374,
,,,-2.2454E-06,0.087761402130127,0.196938811801374,
,,,-2.2452E-06,-0.0461298227310181,0.196604083757848,
,,,-2.245E-06,0.087761402130127,0.1972735398449,
,,,-2.2448E-06,0.154707014560699,0.196938811801374,
,,,-2.2446E-06,-0.0461298227310181,0.196604083757848,
,,,-2.2444E-06,0.0208157896995544,0.196938811801374,
,,,-2.2442E-06,0.0208157896995544,0.197440903866664,
,,,-2.244E-06,-0.113075435161591,0.1972735398449,
,,,-2.2438E-06,0.087761402130127,0.196771447779611,
,,,-2.2436E-06,-0.0461298227310181,0.1972735398449,
,,,-2.2434E-06,-0.0461298227310181,0.197440903866664,
,,,-2.2432E-06,0.087761402130127,0.196938811801374,
,,,-2.243E-06,-0.0461298227310181,0.1972735398449,
,,,-2.2428E-06,-0.0461298227310181,0.196604083757848,
,,,-2.2426E-06,0.0208157896995544,0.197440903866664,
,,,-2.2424E-06,0.087761402130127,0.196604083757848,
,,,-2.2422E-06,-0.0461298227310181,0.196436719736084,
,,,-2.242E-06,0.0208157896995544,0.197106175823137,
,,,-2.2418E-06,-0.0461298227310181,0.196938811801374,
,,,-2.2416E-06,0.0208157896995544,0.197440903866664,
,,,-2.2414E-06,-0.0461298227310181,0.197942995931953,
,,,-2.2412E-06,-0.0461298227310181,0.197106175823137,
,,,-2.241E-06,0.0208157896995544,0.196436719736084,
,,,-2.2408E-06,0.0208157896995544,0.197106175823137,
,,,-2.2406E-06,0.087761402130127,0.197440903866664,
,,,-2.2404E-06,0.087761402130127,0.197106175823137,
,,,-2.2402E-06,-0.0461298227310181,0.197440903866664,
,,,-2.24E-06,0.0208157896995544,0.197440903866664,
,,,-2.2398E-06,0.087761402130127,0.197608267888427,
,,,-2.2396E-06,0.0208157896995544,0.197440903866664,
,,,-2.2394E-06,-0.0461298227310181,0.196938811801374,
,,,-2.2392E-06,0.0208157896995544,0.198110359953716,
,,,-2.239E-06,0.0208157896995544,0.1972735398449,
,,,-2.2388E-06,0.0208157896995544,0.196771447779611,
,,,-2.2386E-06,-0.0461298227310181,0.197608267888427,
,,,-2.2384E-06,0.154707014560699,0.197608267888427,
,,,-2.2382E-06,0.0208157896995544,0.197608267888427,
,,,-2.238E-06,0.0208157896995544,0.196771447779611,
,,,-2.2378E-06,0.087761402130127,0.196436719736084,
,,,-2.2376E-06,-0.0461298227310181,0.1972735398449,
,,,-2.2374E-06,-0.0461298227310181,0.197608267888427,
,,,-2.2372E-06,-0.0461298227310181,0.197106175823137,
,,,-2.237E-06,0.087761402130127,0.197608267888427,
,,,-2.2368E-06,0.087761402130127,0.197608267888427,
,,,-2.2366E-06,-0.113075435161591,0.196938811801374,
,,,-2.2364E-06,-0.0461298227310181,0.196938811801374,
,,,-2.2362E-06,0.0208157896995544,0.19777563191019,
,,,-2.236E-06,0.0208157896995544,0.196771447779611,
,,,-2.2358E-06,0.0208157896995544,0.196938811801374,
,,,-2.2356E-06,-0.0461298227310181,0.196771447779611,
,,,-2.2354E-06,-0.0461298227310181,0.197942995931953,
,,,-2.2352E-06,-0.0461298227310181,0.196771447779611,
,,,-2.235E-06,-0.0461298227310181,0.196938811801374,
,,,-2.2348E-06,0.0208157896995544,0.197440903866664,
,,,-2.2346E-06,0.0208157896995544,0.197608267888427,
,,,-2.2344E-06,0.0208157896995544,0.196938811801374,
,,,-2.2342E-06,0.0208157896995544,0.197942995931953,
,,,-2.234E-06,0.087761402130127,0.196938811801374,
,,,-2.2338E-06,0.0208157896995544,0.196771447779611,
,,,-2.2336E-06,-0.0461298227310181,0.196938811801374,
,,,-2.2334E-06,-0.0461298227310181,0.197942995931953,
,,,-2.2332E-06,0.0208157896995544,0.196938811801374,
,,,-2.233E-06,0.0208157896995544,0.196771447779611,
,,,-2.2328E-06,0.0208157896995544,0.197440903866664,
,,,-2.2326E-06,0.087761402130127,0.1972735398449,
,,,-2.2324E-06,0.0208157896995544,0.19777563191019,
,,,-2.2322E-06,0.0208157896995544,0.197608267888427,
,,,-2.232E-06,0.0208157896995544,0.1972735398449,
,,,-2.2318E-06,0.0208157896995544,0.195934627670795,
,,,-2.2316E-06,0.0208157896995544,0.196938811801374,
,,,-2.2314E-06,-0.0461298227310181,0.197942995931953,
,,,-2.2312E-06,0.0208157896995544,0.197440903866664,
,,,-2.231E-06,0.0208157896995544,0.197106175823137,
,,,-2.2308E-06,-0.0461298227310181,0.1972735398449,
,,,-2.2306E-06,-0.0461298227310181,0.196604083757848,
,,,-2.2304E-06,0.0208157896995544,0.196771447779611,
,,,-2.2302E-06,-0.0461298227310181,0.196771447779611,
,,,-2.23E-06,0.0208157896995544,0.196436719736084,
,,,-2.2298E-06,0.0208157896995544,0.196938811801374,
,,,-2.2296E-06,0.0208157896995544,0.196436719736084,
,,,-2.2294E-06,-0.0461298227310181,0.196771447779611,
,,,-2.2292E-06,0.0208157896995544,0.196436719736084,
,,,-2.229E-06,-0.0461298227310181,0.196101991692558,
,,,-2.2288E-06,0.0208157896995544,0.195265171583742,
,,,-2.2286E-06,0.0208157896995544,0.196604083757848,
,,,-2.2284E-06,-0.0461298227310181,0.196771447779611,
,,,-2.2282E-06,0.0208157896995544,0.196269355714321,
,,,-2.228E-06,0.087761402130127,0.196436719736084,
,,,-2.2278E-06,0.087761402130127,0.197440903866664,
,,,-2.2276E-06,0.0208157896995544,0.196436719736084,
,,,-2.2274E-06,0.0208157896995544,0.196101991692558,
,,,-2.2272E-06,-0.113075435161591,0.196938811801374,
,,,-2.227E-06,0.0208157896995544,0.197608267888427,
,,,-2.2268E-06,-0.0461298227310181,0.196604083757848,
,,,-2.2266E-06,-0.0461298227310181,0.196101991692558,
,,,-2.2264E-06,0.0208157896995544,0.1972735398449,
,,,-2.2262E-06,0.0208157896995544,0.1972735398449,
,,,-2.226E-06,-0.0461298227310181,0.196436719736084,
,,,-2.2258E-06,-0.113075435161591,0.196771447779611,
,,,-2.2256E-06,0.087761402130127,0.1972735398449,
,,,-2.2254E-06,-0.113075435161591,0.196938811801374,
,,,-2.2252E-06,0.087761402130127,0.196269355714321,
,,,-2.225E-06,0.0208157896995544,0.197106175823137,
,,,-2.2248E-06,-0.0461298227310181,0.196269355714321,
,,,-2.2246E-06,0.0208157896995544,0.1972735398449,
,,,-2.2244E-06,-0.113075435161591,0.196604083757848,
,,,-2.2242E-06,-0.0461298227310181,0.1972735398449,
,,,-2.224E-06,0.087761402130127,0.196604083757848,
,,,-2.2238E-06,-0.0461298227310181,0.195934627670795,
,,,-2.2236E-06,-0.180021047592163,0.195934627670795,
,,,-2.2234E-06,0.154707014560699,0.196938811801374,
,,,-2.2232E-06,0.0208157896995544,0.196436719736084,
,,,-2.223E-06,-0.113075435161591,0.196269355714321,
,,,-2.2228E-06,0.087761402130127,0.197440903866664,
,,,-2.2226E-06,-0.0461298227310181,0.196101991692558,
,,,-2.2224E-06,-0.0461298227310181,0.195767263649032,
,,,-2.2222E-06,0.0208157896995544,0.196604083757848,
,,,-2.222E-06,0.0208157896995544,0.197440903866664,
,,,-2.2218E-06,0.0208157896995544,0.196436719736084,
,,,-2.2216E-06,0.0208157896995544,0.196604083757848,
,,,-2.2214E-06,-0.0461298227310181,0.197106175823137,
,,,-2.2212E-06,0.0208157896995544,0.195934627670795,
,,,-2.221E-06,0.0208157896995544,0.197106175823137,
,,,-2.2208E-06,-0.0461298227310181,0.196938811801374,
,,,-2.2206E-06,0.087761402130127,0.196771447779611,
,,,-2.2204E-06,-0.0461298227310181,0.196604083757848,
,,,-2.2202E-06,-0.0461298227310181,0.196771447779611,
,,,-2.22E-06,0.0208157896995544,0.196436719736084,
,,,-2.2198E-06,0.0208157896995544,0.196938811801374,
,,,-2.2196E-06,0.0208157896995544,0.196101991692558,
,,,-2.2194E-06,0.0208157896995544,0.196771447779611,
,,,-2.2192E-06,0.087761402130127,0.197106175823137,
,,,-2.219E-06,-0.0461298227310181,0.196436719736084,
,,,-2.2188E-06,0.087761402130127,0.196771447779611,
,,,-2.2186E-06,-0.0461298227310181,0.196938811801374,
,,,-2.2184E-06,-0.0461298227310181,0.196938811801374,
,,,-2.2182E-06,0.0208157896995544,0.196771447779611,
,,,-2.218E-06,0.0208157896995544,0.1972735398449,
,,,-2.2178E-06,0.0208157896995544,0.196771447779611,
,,,-2.2176E-06,0.0208157896995544,0.196771447779611,
,,,-2.2174E-06,-0.0461298227310181,0.1972735398449,
,,,-2.2172E-06,0.0208157896995544,0.196269355714321,
,,,-2.217E-06,0.0208157896995544,0.196771447779611,
,,,-2.2168E-06,0.0208157896995544,0.197106175823137,
,,,-2.2166E-06,-0.0461298227310181,0.196938811801374,
,,,-2.2164E-06,0.0208157896995544,0.196938811801374,
,,,-2.2162E-06,0.0208157896995544,0.196101991692558,
,,,-2.216E-06,0.0208157896995544,0.197608267888427,
,,,-2.2158E-06,-0.0461298227310181,0.196771447779611,
,,,-2.2156E-06,0.0208157896995544,0.196771447779611,
,,,-2.2154E-06,0.0208157896995544,0.196938811801374,
,,,-2.2152E-06,0.0208157896995544,0.197440903866664,
,,,-2.215E-06,0.0208157896995544,0.196604083757848,
,,,-2.2148E-06,0.087761402130127,0.197106175823137,
,,,-2.2146E-06,-0.0461298227310181,0.196771447779611,
,,,-2.2144E-06,-0.0461298227310181,0.196436719736084,
,,,-2.2142E-06,0.0208157896995544,0.197440903866664,
,,,-2.214E-06,0.0208157896995544,0.196604083757848,
,,,-2.2138E-06,0.087761402130127,0.196771447779611,
,,,-2.2136E-06,0.0208157896995544,0.197440903866664,
,,,-2.2134E-06,-0.113075435161591,0.196436719736084,
,,,-2.2132E-06,0.0208157896995544,0.196269355714321,
,,,-2.213E-06,-0.0461298227310181,0.196938811801374,
,,,-2.2128E-06,0.087761402130127,0.196938811801374,
,,,-2.2126E-06,-0.113075435161591,0.196269355714321,
,,,-2.2124E-06,0.154707014560699,0.196604083757848,
,,,-2.2122E-06,-0.113075435161591,0.196436719736084,
,,,-2.212E-06,-0.113075435161591,0.196436719736084,
,,,-2.2118E-06,0.087761402130127,0.196604083757848,
,,,-2.2116E-06,0.0208157896995544,0.196604083757848,
,,,-2.2114E-06,-0.0461298227310181,0.196101991692558,
,,,-2.2112E-06,0.0208157896995544,0.196771447779611,
,,,-2.211E-06,-0.113075435161591,0.196269355714321,
,,,-2.2108E-06,-0.0461298227310181,0.1972735398449,
,,,-2.2106E-06,0.087761402130127,0.196604083757848,
,,,-2.2104E-06,-0.0461298227310181,0.196269355714321,
,,,-2.2102E-06,-0.113075435161591,0.196269355714321,
,,,-2.21E-06,0.0208157896995544,0.196269355714321,
,,,-2.2098E-06,-0.0461298227310181,0.196604083757848,
,,,-2.2096E-06,-0.113075435161591,0.197106175823137,
,,,-2.2094E-06,-0.0461298227310181,0.196771447779611,
,,,-2.2092E-06,-0.0461298227310181,0.196938811801374,
,,,-2.209E-06,-0.0461298227310181,0.196101991692558,
,,,-2.2088E-06,0.087761402130127,0.196604083757848,
,,,-2.2086E-06,0.0208157896995544,0.196436719736084,
,,,-2.2084E-06,0.087761402130127,0.196938811801374,
,,,-2.2082E-06,0.0208157896995544,0.196771447779611,
,,,-2.208E-06,-0.0461298227310181,0.195767263649032,
,,,-2.2078E-06,0.087761402130127,0.196771447779611,
,,,-2.2076E-06,0.0208157896995544,0.196269355714321,
,,,-2.2074E-06,0.0208157896995544,0.196101991692558,
,,,-2.2072E-06,0.0208157896995544,0.196436719736084,
,,,-2.207E-06,-0.113075435161591,0.196771447779611,
,,,-2.2068E-06,-0.0461298227310181,0.196269355714321,
,,,-2.2066E-06,0.0208157896995544,0.196269355714321,
,,,-2.2064E-06,0.087761402130127,0.196771447779611,
,,,-2.2062E-06,-0.0461298227310181,0.196771447779611,
,,,-2.206E-06,0.0208157896995544,0.196101991692558,
,,,-2.2058E-06,-0.113075435161591,0.195432535605505,
,,,-2.2056E-06,-0.0461298227310181,0.196436719736084,
,,,-2.2054E-06,0.0208157896995544,0.196101991692558,
,,,-2.2052E-06,0.0208157896995544,0.196771447779611,
,,,-2.205E-06,-0.0461298227310181,0.196604083757848,
,,,-2.2048E-06,-0.0461298227310181,0.196436719736084,
,,,-2.2046E-06,-0.0461298227310181,0.196269355714321,
,,,-2.2044E-06,0.0208157896995544,0.196436719736084,
,,,-2.2042E-06,-0.113075435161591,0.196436719736084,
,,,-2.204E-06,0.0208157896995544,0.195934627670795,
,,,-2.2038E-06,-0.113075435161591,0.195432535605505,
,,,-2.2036E-06,-0.0461298227310181,0.196269355714321,
,,,-2.2034E-06,-0.0461298227310181,0.195767263649032,
,,,-2.2032E-06,0.0208157896995544,0.196269355714321,
,,,-2.203E-06,-0.0461298227310181,0.196604083757848,
,,,-2.2028E-06,0.0208157896995544,0.196269355714321,
,,,-2.2026E-06,0.0208157896995544,0.195432535605505,
,,,-2.2024E-06,0.087761402130127,0.196771447779611,
,,,-2.2022E-06,0.0208157896995544,0.196269355714321,
,,,-2.202E-06,0.087761402130127,0.195934627670795,
,,,-2.2018E-06,0.087761402130127,0.196269355714321,
,,,-2.2016E-06,-0.0461298227310181,0.196436719736084,
,,,-2.2014E-06,0.087761402130127,0.195432535605505,
,,,-2.2012E-06,0.0208157896995544,0.195934627670795,
,,,-2.201E-06,0.087761402130127,0.196771447779611,
,,,-2.2008E-06,0.0208157896995544,0.196436719736084,
,,,-2.2006E-06,-0.0461298227310181,0.195934627670795,
,,,-2.2004E-06,-0.113075435161591,0.196436719736084,
,,,-2.2002E-06,0.0208157896995544,0.196938811801374,
,,,-2.2E-06,0.087761402130127,0.196938811801374,
,,,-2.1998E-06,0.0208157896995544,0.196436719736084,
,,,-2.1996E-06,-0.0461298227310181,0.196604083757848,
,,,-2.1994E-06,0.0208157896995544,0.196101991692558,
,,,-2.1992E-06,0.087761402130127,0.195767263649032,
,,,-2.199E-06,-0.0461298227310181,0.196771447779611,
,,,-2.1988E-06,0.0208157896995544,0.19777563191019,
,,,-2.1986E-06,0.087761402130127,0.196938811801374,
,,,-2.1984E-06,0.087761402130127,0.196771447779611,
,,,-2.1982E-06,-0.0461298227310181,0.1972735398449,
,,,-2.198E-06,-0.0461298227310181,0.197106175823137,
,,,-2.1978E-06,0.087761402130127,0.196604083757848,
,,,-2.1976E-06,0.0208157896995544,0.196938811801374,
,,,-2.1974E-06,0.0208157896995544,0.196771447779611,
,,,-2.1972E-06,0.087761402130127,0.196101991692558,
,,,-2.197E-06,-0.0461298227310181,0.197106175823137,
,,,-2.1968E-06,0.0208157896995544,0.197106175823137,
,,,-2.1966E-06,0.0208157896995544,0.197106175823137,
,,,-2.1964E-06,0.0208157896995544,0.1972735398449,
,,,-2.1962E-06,-0.0461298227310181,0.197106175823137,
,,,-2.196E-06,0.0208157896995544,0.197608267888427,
,,,-2.1958E-06,0.087761402130127,0.197106175823137,
,,,-2.1956E-06,0.087761402130127,0.196938811801374,
,,,-2.1954E-06,0.0208157896995544,0.197440903866664,
,,,-2.1952E-06,0.0208157896995544,0.19777563191019,
,,,-2.195E-06,0.087761402130127,0.197942995931953,
,,,-2.1948E-06,0.0208157896995544,0.19777563191019,
,,,-2.1946E-06,0.0208157896995544,0.197608267888427,
,,,-2.1944E-06,0.0208157896995544,0.1972735398449,
,,,-2.1942E-06,-0.113075435161591,0.196938811801374,
,,,-2.194E-06,0.0208157896995544,0.197440903866664,
,,,-2.1938E-06,0.087761402130127,0.197106175823137,
,,,-2.1936E-06,0.087761402130127,0.197106175823137,
,,,-2.1934E-06,-0.0461298227310181,0.196938811801374,
,,,-2.1932E-06,0.0208157896995544,0.1972735398449,
,,,-2.193E-06,0.0208157896995544,0.1972735398449,
,,,-2.1928E-06,-0.0461298227310181,0.197106175823137,
,,,-2.1926E-06,0.0208157896995544,0.1972735398449,
,,,-2.1924E-06,-0.113075435161591,0.1972735398449,
,,,-2.1922E-06,-0.0461298227310181,0.196771447779611,
,,,-2.192E-06,0.0208157896995544,0.197608267888427,
,,,-2.1918E-06,-0.113075435161591,0.196604083757848,
,,,-2.1916E-06,-0.0461298227310181,0.197440903866664,
,,,-2.1914E-06,0.087761402130127,0.197440903866664,
,,,-2.1912E-06,0.0208157896995544,0.197608267888427,
,,,-2.191E-06,-0.0461298227310181,0.196436719736084,
,,,-2.1908E-06,0.0208157896995544,0.197440903866664,
,,,-2.1906E-06,-0.0461298227310181,0.196938811801374,
,,,-2.1904E-06,0.0208157896995544,0.197106175823137,
,,,-2.1902E-06,-0.0461298227310181,0.196938811801374,
,,,-2.19E-06,0.0208157896995544,0.197106175823137,
,,,-2.1898E-06,0.0208157896995544,0.196436719736084,
,,,-2.1896E-06,0.0208157896995544,0.197106175823137,
,,,-2.1894E-06,0.0208157896995544,0.196938811801374,
,,,-2.1892E-06,0.154707014560699,0.196938811801374,
,,,-2.189E-06,0.0208157896995544,0.196436719736084,
,,,-2.1888E-06,-0.0461298227310181,0.197440903866664,
,,,-2.1886E-06,0.087761402130127,0.197440903866664,
,,,-2.1884E-06,-0.0461298227310181,0.196938811801374,
,,,-2.1882E-06,0.0208157896995544,0.1972735398449,
,,,-2.188E-06,0.087761402130127,0.197942995931953,
,,,-2.1878E-06,-0.0461298227310181,0.196938811801374,
,,,-2.1876E-06,-0.0461298227310181,0.197440903866664,
,,,-2.1874E-06,0.0208157896995544,0.1972735398449,
,,,-2.1872E-06,0.0208157896995544,0.197106175823137,
,,,-2.187E-06,-0.0461298227310181,0.197440903866664,
,,,-2.1868E-06,-0.0461298227310181,0.19777563191019,
,,,-2.1866E-06,0.087761402130127,0.19777563191019,
,,,-2.1864E-06,0.0208157896995544,0.196604083757848,
,,,-2.1862E-06,-0.0461298227310181,0.197440903866664,
,,,-2.186E-06,-0.0461298227310181,0.197942995931953,
,,,-2.1858E-06,0.0208157896995544,0.1972735398449,
,,,-2.1856E-06,0.087761402130127,0.197440903866664,
,,,-2.1854E-06,-0.113075435161591,0.196771447779611,
,,,-2.1852E-06,0.0208157896995544,0.196771447779611,
,,,-2.185E-06,-0.0461298227310181,0.196436719736084,
,,,-2.1848E-06,0.087761402130127,0.196604083757848,
,,,-2.1846E-06,-0.0461298227310181,0.197440903866664,
,,,-2.1844E-06,0.0208157896995544,0.197106175823137,
,,,-2.1842E-06,-0.0461298227310181,0.197440903866664,
,,,-2.184E-06,-0.0461298227310181,0.196938811801374,
,,,-2.1838E-06,0.0208157896995544,0.196771447779611,
,,,-2.1836E-06,0.0208157896995544,0.196938811801374,
,,,-2.1834E-06,-0.0461298227310181,0.195767263649032,
,,,-2.1832E-06,0.087761402130127,0.196771447779611,
,,,-2.183E-06,0.0208157896995544,0.196436719736084,
,,,-2.1828E-06,0.0208157896995544,0.196604083757848,
,,,-2.1826E-06,0.0208157896995544,0.197106175823137,
,,,-2.1824E-06,-0.113075435161591,0.197106175823137,
,,,-2.1822E-06,-0.0461298227310181,0.196436719736084,
,,,-2.182E-06,-0.0461298227310181,0.196436719736084,
,,,-2.1818E-06,0.0208157896995544,0.196436719736084,
,,,-2.1816E-06,0.0208157896995544,0.197106175823137,
,,,-2.1814E-06,0.0208157896995544,0.197440903866664,
,,,-2.1812E-06,0.087761402130127,0.196604083757848,
,,,-2.181E-06,-0.0461298227310181,0.197440903866664,
,,,-2.1808E-06,0.0208157896995544,0.196269355714321,
,,,-2.1806E-06,0.0208157896995544,0.196269355714321,
,,,-2.1804E-06,0.0208157896995544,0.196938811801374,
,,,-2.1802E-06,-0.113075435161591,0.196938811801374,
,,,-2.18E-06,0.0208157896995544,0.196604083757848,
,,,-2.1798E-06,0.0208157896995544,0.196604083757848,
,,,-2.1796E-06,-0.113075435161591,0.1972735398449,
,,,-2.1794E-06,0.087761402130127,0.196938811801374,
,,,-2.1792E-06,0.0208157896995544,0.196604083757848,
,,,-2.179E-06,-0.113075435161591,0.196938811801374,
,,,-2.1788E-06,-0.0461298227310181,0.196604083757848,
,,,-2.1786E-06,0.087761402130127,0.197106175823137,
,,,-2.1784E-06,0.0208157896995544,0.197608267888427,
,,,-2.1782E-06,-0.0461298227310181,0.197106175823137,
,,,-2.178E-06,0.087761402130127,0.197440903866664,
,,,-2.1778E-06,-0.0461298227310181,0.197106175823137,
,,,-2.1776E-06,0.087761402130127,0.197942995931953,
,,,-2.1774E-06,-0.113075435161591,0.197608267888427,
,,,-2.1772E-06,-0.0461298227310181,0.198110359953716,
,,,-2.177E-06,-0.0461298227310181,0.197942995931953,
,,,-2.1768E-06,0.087761402130127,0.19777563191019,
,,,-2.1766E-06,-0.0461298227310181,0.197440903866664,
,,,-2.1764E-06,0.087761402130127,0.197942995931953,
,,,-2.1762E-06,0.0208157896995544,0.197942995931953,
,,,-2.176E-06,0.0208157896995544,0.197440903866664,
,,,-2.1758E-06,0.0208157896995544,0.197942995931953,
,,,-2.1756E-06,0.0208157896995544,0.19777563191019,
,,,-2.1754E-06,-0.0461298227310181,0.197440903866664,
,,,-2.1752E-06,0.0208157896995544,0.197608267888427,
,,,-2.175E-06,-0.0461298227310181,0.1972735398449,
,,,-2.1748E-06,0.0208157896995544,0.19777563191019,
,,,-2.1746E-06,0.0208157896995544,0.197608267888427,
,,,-2.1744E-06,0.0208157896995544,0.197608267888427,
,,,-2.1742E-06,-0.0461298227310181,0.197942995931953,
,,,-2.174E-06,0.0208157896995544,0.198110359953716,
,,,-2.1738E-06,0.0208157896995544,0.197942995931953,
,,,-2.1736E-06,-0.113075435161591,0.197106175823137,
,,,-2.1734E-06,0.0208157896995544,0.197440903866664,
,,,-2.1732E-06,-0.113075435161591,0.197608267888427,
,,,-2.173E-06,-0.0461298227310181,0.196938811801374,
,,,-2.1728E-06,0.154707014560699,0.1972735398449,
,,,-2.1726E-06,-0.0461298227310181,0.19777563191019,
,,,-2.1724E-06,-0.0461298227310181,0.197942995931953,
,,,-2.1722E-06,0.0208157896995544,0.197608267888427,
,,,-2.172E-06,0.0208157896995544,0.198110359953716,
,,,-2.1718E-06,-0.0461298227310181,0.197608267888427,
,,,-2.1716E-06,-0.113075435161591,0.19777563191019,
,,,-2.1714E-06,-0.0461298227310181,0.197440903866664,
,,,-2.1712E-06,0.0208157896995544,0.197106175823137,
,,,-2.171E-06,-0.0461298227310181,0.197608267888427,
,,,-2.1708E-06,0.0208157896995544,0.19777563191019,
,,,-2.1706E-06,-0.0461298227310181,0.196938811801374,
,,,-2.1704E-06,0.0208157896995544,0.197608267888427,
,,,-2.1702E-06,0.0208157896995544,0.197608267888427,
,,,-2.17E-06,0.087761402130127,0.1972735398449,
,,,-2.1698E-06,0.0208157896995544,0.197440903866664,
,,,-2.1696E-06,0.0208157896995544,0.197106175823137,
,,,-2.1694E-06,0.0208157896995544,0.197608267888427,
,,,-2.1692E-06,0.0208157896995544,0.19777563191019,
,,,-2.169E-06,0.087761402130127,0.197608267888427,
,,,-2.1688E-06,0.0208157896995544,0.197608267888427,
,,,-2.1686E-06,-0.0461298227310181,0.19777563191019,
,,,-2.1684E-06,0.0208157896995544,0.197106175823137,
,,,-2.1682E-06,-0.0461298227310181,0.197608267888427,
,,,-2.168E-06,0.0208157896995544,0.197106175823137,
,,,-2.1678E-06,0.0208157896995544,0.19777563191019,
,,,-2.1676E-06,-0.0461298227310181,0.196938811801374,
,,,-2.1674E-06,0.0208157896995544,0.198110359953716,
,,,-2.1672E-06,-0.0461298227310181,0.196938811801374,
,,,-2.167E-06,0.0208157896995544,0.197440903866664,
,,,-2.1668E-06,-0.113075435161591,0.196938811801374,
,,,-2.1666E-06,0.0208157896995544,0.1972735398449,
,,,-2.1664E-06,0.0208157896995544,0.1972735398449,
,,,-2.1662E-06,0.0208157896995544,0.196771447779611,
,,,-2.166E-06,-0.0461298227310181,0.1972735398449,
,,,-2.1658E-06,0.087761402130127,0.197106175823137,
,,,-2.1656E-06,0.0208157896995544,0.197440903866664,
,,,-2.1654E-06,-0.113075435161591,0.197608267888427,
,,,-2.1652E-06,0.087761402130127,0.19777563191019,
,,,-2.165E-06,0.0208157896995544,0.197942995931953,
,,,-2.1648E-06,-0.113075435161591,0.197440903866664,
,,,-2.1646E-06,-0.0461298227310181,0.197608267888427,
,,,-2.1644E-06,0.0208157896995544,0.197440903866664,
,,,-2.1642E-06,-0.0461298227310181,0.1972735398449,
,,,-2.164E-06,0.154707014560699,0.1972735398449,
,,,-2.1638E-06,0.0208157896995544,0.19777563191019,
,,,-2.1636E-06,-0.0461298227310181,0.197106175823137,
,,,-2.1634E-06,0.087761402130127,0.196771447779611,
,,,-2.1632E-06,0.087761402130127,0.197106175823137,
,,,-2.163E-06,0.087761402130127,0.196938811801374,
,,,-2.1628E-06,0.0208157896995544,0.196604083757848,
,,,-2.1626E-06,0.0208157896995544,0.196771447779611,
,,,-2.1624E-06,0.0208157896995544,0.197440903866664,
,,,-2.1622E-06,-0.113075435161591,0.197106175823137,
,,,-2.162E-06,0.0208157896995544,0.196604083757848,
,,,-2.1618E-06,0.0208157896995544,0.197608267888427,
,,,-2.1616E-06,0.0208157896995544,0.1972735398449,
,,,-2.1614E-06,0.0208157896995544,0.196436719736084,
,,,-2.1612E-06,0.087761402130127,0.196938811801374,
,,,-2.161E-06,-0.0461298227310181,0.197440903866664,
,,,-2.1608E-06,-0.0461298227310181,0.196938811801374,
,,,-2.1606E-06,0.0208157896995544,0.197106175823137,
,,,-2.1604E-06,-0.0461298227310181,0.197608267888427,
,,,-2.1602E-06,-0.0461298227310181,0.19777563191019,
,,,-2.16E-06,0.0208157896995544,0.1972735398449,
,,,-2.1598E-06,-0.113075435161591,0.1972735398449,
,,,-2.1596E-06,0.0208157896995544,0.196604083757848,
,,,-2.1594E-06,0.087761402130127,0.197608267888427,
,,,-2.1592E-06,0.087761402130127,0.197440903866664,
,,,-2.159E-06,-0.113075435161591,0.197440903866664,
,,,-2.1588E-06,-0.0461298227310181,0.197440903866664,
,,,-2.1586E-06,-0.0461298227310181,0.197440903866664,
,,,-2.1584E-06,-0.0461298227310181,0.1972735398449,
,,,-2.1582E-06,-0.0461298227310181,0.1972735398449,
,,,-2.158E-06,0.0208157896995544,0.196938811801374,
,,,-2.1578E-06,0.0208157896995544,0.197942995931953,
,,,-2.1576E-06,0.0208157896995544,0.1972735398449,
,,,-2.1574E-06,-0.0461298227310181,0.197440903866664,
,,,-2.1572E-06,0.154707014560699,0.197440903866664,
,,,-2.157E-06,0.0208157896995544,0.19777563191019,
,,,-2.1568E-06,-0.0461298227310181,0.196604083757848,
,,,-2.1566E-06,0.087761402130127,0.197608267888427,
,,,-2.1564E-06,0.0208157896995544,0.197942995931953,
,,,-2.1562E-06,-0.0461298227310181,0.197440903866664,
,,,-2.156E-06,-0.0461298227310181,0.197440903866664,
,,,-2.1558E-06,0.0208157896995544,0.19777563191019,
,,,-2.1556E-06,0.0208157896995544,0.19777563191019,
,,,-2.1554E-06,-0.0461298227310181,0.197106175823137,
,,,-2.1552E-06,0.0208157896995544,0.197440903866664,
,,,-2.155E-06,-0.0461298227310181,0.197106175823137,
,,,-2.1548E-06,0.0208157896995544,0.197942995931953,
,,,-2.1546E-06,-0.0461298227310181,0.1972735398449,
,,,-2.1544E-06,0.0208157896995544,0.1972735398449,
,,,-2.1542E-06,0.0208157896995544,0.1972735398449,
,,,-2.154E-06,-0.113075435161591,0.196938811801374,
,,,-2.1538E-06,-0.0461298227310181,0.197440903866664,
,,,-2.1536E-06,0.087761402130127,0.197440903866664,
,,,-2.1534E-06,-0.113075435161591,0.196604083757848,
,,,-2.1532E-06,-0.0461298227310181,0.19777563191019,
,,,-2.153E-06,0.087761402130127,0.197942995931953,
,,,-2.1528E-06,0.0208157896995544,0.1972735398449,
,,,-2.1526E-06,-0.0461298227310181,0.19777563191019,
,,,-2.1524E-06,0.0208157896995544,0.19777563191019,
,,,-2.1522E-06,-0.0461298227310181,0.196938811801374,
,,,-2.152E-06,-0.0461298227310181,0.1972735398449,
,,,-2.1518E-06,-0.0461298227310181,0.197608267888427,
,,,-2.1516E-06,-0.0461298227310181,0.197106175823137,
,,,-2.1514E-06,-0.113075435161591,0.197440903866664,
,,,-2.1512E-06,0.087761402130127,0.198445087997243,
,,,-2.151E-06,-0.0461298227310181,0.197942995931953,
,,,-2.1508E-06,0.087761402130127,0.197440903866664,
,,,-2.1506E-06,0.0208157896995544,0.196938811801374,
,,,-2.1504E-06,-0.0461298227310181,0.19777563191019,
,,,-2.1502E-06,0.0208157896995544,0.197440903866664,
,,,-2.15E-06,0.0208157896995544,0.196771447779611,
,,,-2.1498E-06,-0.0461298227310181,0.197608267888427,
,,,-2.1496E-06,0.0208157896995544,0.197440903866664,
,,,-2.1494E-06,-0.0461298227310181,0.197106175823137,
,,,-2.1492E-06,0.0208157896995544,0.197440903866664,
,,,-2.149E-06,0.0208157896995544,0.198110359953716,
,,,-2.1488E-06,0.0208157896995544,0.196938811801374,
,,,-2.1486E-06,-0.0461298227310181,0.196604083757848,
,,,-2.1484E-06,0.087761402130127,0.197608267888427,
,,,-2.1482E-06,-0.0461298227310181,0.197608267888427,
,,,-2.148E-06,-0.0461298227310181,0.197608267888427,
,,,-2.1478E-06,-0.0461298227310181,0.1972735398449,
,,,-2.1476E-06,0.0208157896995544,0.197440903866664,
,,,-2.1474E-06,-0.0461298227310181,0.197106175823137,
,,,-2.1472E-06,0.0208157896995544,0.197440903866664,
,,,-2.147E-06,-0.113075435161591,0.19777563191019,
,,,-2.1468E-06,-0.0461298227310181,0.197608267888427,
,,,-2.1466E-06,-0.0461298227310181,0.196938811801374,
,,,-2.1464E-06,0.0208157896995544,0.196604083757848,
,,,-2.1462E-06,-0.0461298227310181,0.1972735398449,
,,,-2.146E-06,0.0208157896995544,0.19777563191019,
,,,-2.1458E-06,-0.0461298227310181,0.197106175823137,
,,,-2.1456E-06,0.087761402130127,0.1972735398449,
,,,-2.1454E-06,-0.0461298227310181,0.197608267888427,
,,,-2.1452E-06,-0.0461298227310181,0.196771447779611,
,,,-2.145E-06,-0.0461298227310181,0.196436719736084,
,,,-2.1448E-06,0.0208157896995544,0.197608267888427,
,,,-2.1446E-06,-0.0461298227310181,0.197440903866664,
,,,-2.1444E-06,0.087761402130127,0.197440903866664,
,,,-2.1442E-06,-0.0461298227310181,0.1972735398449,
,,,-2.144E-06,0.0208157896995544,0.19777563191019,
,,,-2.1438E-06,0.087761402130127,0.197608267888427,
,,,-2.1436E-06,0.0208157896995544,0.197440903866664,
,,,-2.1434E-06,-0.0461298227310181,0.197106175823137,
,,,-2.1432E-06,0.0208157896995544,0.19777563191019,
,,,-2.143E-06,0.0208157896995544,0.198110359953716,
,,,-2.1428E-06,0.0208157896995544,0.19777563191019,
,,,-2.1426E-06,0.0208157896995544,0.197608267888427,
,,,-2.1424E-06,0.154707014560699,0.198110359953716,
,,,-2.1422E-06,-0.0461298227310181,0.19777563191019,
,,,-2.142E-06,0.087761402130127,0.197106175823137,
,,,-2.1418E-06,-0.0461298227310181,0.197440903866664,
,,,-2.1416E-06,-0.113075435161591,0.196938811801374,
,,,-2.1414E-06,0.087761402130127,0.1972735398449,
,,,-2.1412E-06,0.0208157896995544,0.196604083757848,
,,,-2.141E-06,0.0208157896995544,0.196938811801374,
,,,-2.1408E-06,0.0208157896995544,0.197440903866664,
,,,-2.1406E-06,-0.0461298227310181,0.196604083757848,
,,,-2.1404E-06,0.0208157896995544,0.196604083757848,
,,,-2.1402E-06,0.0208157896995544,0.196101991692558,
,,,-2.14E-06,0.0208157896995544,0.196771447779611,
,,,-2.1398E-06,-0.113075435161591,0.19777563191019,
,,,-2.1396E-06,-0.0461298227310181,0.196771447779611,
,,,-2.1394E-06,-0.0461298227310181,0.196604083757848,
,,,-2.1392E-06,-0.0461298227310181,0.197106175823137,
,,,-2.139E-06,-0.0461298227310181,0.196938811801374,
,,,-2.1388E-06,-0.0461298227310181,0.196938811801374,
,,,-2.1386E-06,0.0208157896995544,0.196771447779611,
,,,-2.1384E-06,0.087761402130127,0.1972735398449,
,,,-2.1382E-06,0.0208157896995544,0.197942995931953,
,,,-2.138E-06,0.087761402130127,0.197608267888427,
,,,-2.1378E-06,0.0208157896995544,0.196436719736084,
,,,-2.1376E-06,-0.113075435161591,0.197106175823137,
,,,-2.1374E-06,0.0208157896995544,0.196938811801374,
,,,-2.1372E-06,-0.113075435161591,0.196938811801374,
,,,-2.137E-06,0.087761402130127,0.197106175823137,
,,,-2.1368E-06,0.0208157896995544,0.197106175823137,
,,,-2.1366E-06,-0.0461298227310181,0.1972735398449,
,,,-2.1364E-06,0.0208157896995544,0.19777563191019,
,,,-2.1362E-06,0.0208157896995544,0.19777563191019,
,,,-2.136E-06,0.0208157896995544,0.196938811801374,
,,,-2.1358E-06,-0.0461298227310181,0.19777563191019,
,,,-2.1356E-06,0.0208157896995544,0.197942995931953,
,,,-2.1354E-06,0.0208157896995544,0.197440903866664,
,,,-2.1352E-06,-0.0461298227310181,0.197106175823137,
,,,-2.135E-06,0.0208157896995544,0.196771447779611,
,,,-2.1348E-06,0.0208157896995544,0.196938811801374,
,,,-2.1346E-06,-0.0461298227310181,0.1972735398449,
,,,-2.1344E-06,0.0208157896995544,0.196771447779611,
,,,-2.1342E-06,-0.0461298227310181,0.197440903866664,
,,,-2.134E-06,-0.0461298227310181,0.1972735398449,
,,,-2.1338E-06,0.0208157896995544,0.1972735398449,
,,,-2.1336E-06,-0.0461298227310181,0.1972735398449,
,,,-2.1334E-06,-0.0461298227310181,0.197440903866664,
,,,-2.1332E-06,0.087761402130127,0.197440903866664,
,,,-2.133E-06,-0.0461298227310181,0.19777563191019,
,,,-2.1328E-06,0.0208157896995544,0.197942995931953,
,,,-2.1326E-06,-0.113075435161591,0.198110359953716,
,,,-2.1324E-06,0.0208157896995544,0.197440903866664,
,,,-2.1322E-06,-0.0461298227310181,0.1972735398449,
,,,-2.132E-06,0.087761402130127,0.198110359953716,
,,,-2.1318E-06,0.087761402130127,0.197608267888427,
,,,-2.1316E-06,0.0208157896995544,0.198445087997243,
,,,-2.1314E-06,0.0208157896995544,0.198110359953716,
,,,-2.1312E-06,0.0208157896995544,0.197608267888427,
,,,-2.131E-06,0.0208157896995544,0.19777563191019,
,,,-2.1308E-06,-0.113075435161591,0.197942995931953,
,,,-2.1306E-06,-0.0461298227310181,0.197106175823137,
,,,-2.1304E-06,0.0208157896995544,0.1972735398449,
,,,-2.1302E-06,-0.0461298227310181,0.19777563191019,
,,,-2.13E-06,-0.0461298227310181,0.19777563191019,
,,,-2.1298E-06,0.0208157896995544,0.197608267888427,
,,,-2.1296E-06,0.087761402130127,0.198110359953716,
,,,-2.1294E-06,0.0208157896995544,0.197608267888427,
,,,-2.1292E-06,-0.0461298227310181,0.1972735398449,
,,,-2.129E-06,-0.0461298227310181,0.197608267888427,
,,,-2.1288E-06,-0.0461298227310181,0.197440903866664,
,,,-2.1286E-06,-0.0461298227310181,0.19777563191019,
,,,-2.1284E-06,0.0208157896995544,0.19777563191019,
,,,-2.1282E-06,0.0208157896995544,0.19827772397548,
,,,-2.128E-06,0.0208157896995544,0.197608267888427,
,,,-2.1278E-06,-0.0461298227310181,0.197440903866664,
,,,-2.1276E-06,0.0208157896995544,0.19777563191019,
,,,-2.1274E-06,0.0208157896995544,0.197106175823137,
,,,-2.1272E-06,0.0208157896995544,0.197106175823137,
,,,-2.127E-06,-0.0461298227310181,0.197440903866664,
,,,-2.1268E-06,0.0208157896995544,0.197106175823137,
,,,-2.1266E-06,-0.0461298227310181,0.19777563191019,
,,,-2.1264E-06,0.0208157896995544,0.197440903866664,
,,,-2.1262E-06,0.0208157896995544,0.198110359953716,
,,,-2.126E-06,0.087761402130127,0.197608267888427,
,,,-2.1258E-06,-0.0461298227310181,0.197440903866664,
,,,-2.1256E-06,0.087761402130127,0.197440903866664,
,,,-2.1254E-06,0.087761402130127,0.19777563191019,
,,,-2.1252E-06,0.0208157896995544,0.197440903866664,
,,,-2.125E-06,0.0208157896995544,0.197942995931953,
,,,-2.1248E-06,0.087761402130127,0.1972735398449,
,,,-2.1246E-06,0.0208157896995544,0.1972735398449,
,,,-2.1244E-06,0.0208157896995544,0.19777563191019,
,,,-2.1242E-06,0.087761402130127,0.197608267888427,
,,,-2.124E-06,0.0208157896995544,0.197608267888427,
,,,-2.1238E-06,0.0208157896995544,0.197440903866664,
,,,-2.1236E-06,-0.0461298227310181,0.1972735398449,
,,,-2.1234E-06,0.0208157896995544,0.197440903866664,
,,,-2.1232E-06,0.154707014560699,0.197106175823137,
,,,-2.123E-06,-0.113075435161591,0.197942995931953,
,,,-2.1228E-06,0.087761402130127,0.197608267888427,
,,,-2.1226E-06,0.0208157896995544,0.196771447779611,
,,,-2.1224E-06,-0.0461298227310181,0.196771447779611,
,,,-2.1222E-06,-0.0461298227310181,0.197608267888427,
,,,-2.122E-06,0.0208157896995544,0.197440903866664,
,,,-2.1218E-06,-0.0461298227310181,0.197106175823137,
,,,-2.1216E-06,0.0208157896995544,0.197440903866664,
,,,-2.1214E-06,-0.113075435161591,0.197106175823137,
,,,-2.1212E-06,0.0208157896995544,0.196938811801374,
,,,-2.121E-06,0.0208157896995544,0.196938811801374,
,,,-2.1208E-06,0.0208157896995544,0.196938811801374,
,,,-2.1206E-06,-0.0461298227310181,0.196436719736084,
,,,-2.1204E-06,0.087761402130127,0.197106175823137,
,,,-2.1202E-06,-0.113075435161591,0.197608267888427,
,,,-2.12E-06,0.0208157896995544,0.197106175823137,
,,,-2.1198E-06,0.0208157896995544,0.197440903866664,
,,,-2.1196E-06,0.0208157896995544,0.197608267888427,
,,,-2.1194E-06,-0.0461298227310181,0.196938811801374,
,,,-2.1192E-06,0.087761402130127,0.197608267888427,
,,,-2.119E-06,0.0208157896995544,0.197608267888427,
,,,-2.1188E-06,0.0208157896995544,0.1972735398449,
,,,-2.1186E-06,0.0208157896995544,0.197440903866664,
,,,-2.1184E-06,0.0208157896995544,0.1972735398449,
,,,-2.1182E-06,0.087761402130127,0.196938811801374,
,,,-2.118E-06,0.0208157896995544,0.196604083757848,
,,,-2.1178E-06,0.0208157896995544,0.197440903866664,
,,,-2.1176E-06,-0.0461298227310181,0.197440903866664,
,,,-2.1174E-06,0.0208157896995544,0.197106175823137,
,,,-2.1172E-06,0.087761402130127,0.196938811801374,
,,,-2.117E-06,0.087761402130127,0.197440903866664,
,,,-2.1168E-06,0.154707014560699,0.1972735398449,
,,,-2.1166E-06,-0.113075435161591,0.197440903866664,
,,,-2.1164E-06,0.087761402130127,0.1972735398449,
,,,-2.1162E-06,0.0208157896995544,0.197106175823137,
,,,-2.116E-06,0.0208157896995544,0.1972735398449,
,,,-2.1158E-06,0.0208157896995544,0.197608267888427,
,,,-2.1156E-06,-0.113075435161591,0.197106175823137,
,,,-2.1154E-06,-0.0461298227310181,0.1972735398449,
,,,-2.1152E-06,0.087761402130127,0.198110359953716,
,,,-2.115E-06,-0.0461298227310181,0.197106175823137,
,,,-2.1148E-06,0.0208157896995544,0.197440903866664,
,,,-2.1146E-06,0.087761402130127,0.197608267888427,
,,,-2.1144E-06,0.0208157896995544,0.197608267888427,
,,,-2.1142E-06,-0.113075435161591,0.197942995931953,
,,,-2.114E-06,0.087761402130127,0.198110359953716,
,,,-2.1138E-06,-0.0461298227310181,0.19777563191019,
,,,-2.1136E-06,-0.0461298227310181,0.197608267888427,
,,,-2.1134E-06,0.0208157896995544,0.19777563191019,
,,,-2.1132E-06,0.0208157896995544,0.197440903866664,
,,,-2.113E-06,-0.0461298227310181,0.1972735398449,
,,,-2.1128E-06,0.087761402130127,0.198110359953716,
,,,-2.1126E-06,-0.0461298227310181,0.197106175823137,
,,,-2.1124E-06,0.087761402130127,0.197608267888427,
,,,-2.1122E-06,0.0208157896995544,0.197440903866664,
,,,-2.112E-06,-0.0461298227310181,0.1972735398449,
,,,-2.1118E-06,0.0208157896995544,0.197440903866664,
,,,-2.1116E-06,-0.0461298227310181,0.198110359953716,
,,,-2.1114E-06,0.0208157896995544,0.197608267888427,
,,,-2.1112E-06,0.087761402130127,0.197440903866664,
,,,-2.111E-06,-0.113075435161591,0.197608267888427,
,,,-2.1108E-06,0.0208157896995544,0.197942995931953,
,,,-2.1106E-06,0.087761402130127,0.198110359953716,
,,,-2.1104E-06,-0.0461298227310181,0.197942995931953,
,,,-2.1102E-06,-0.0461298227310181,0.197608267888427,
,,,-2.11E-06,0.154707014560699,0.197440903866664,
,,,-2.1098E-06,0.0208157896995544,0.197942995931953,
,,,-2.1096E-06,0.0208157896995544,0.197440903866664,
,,,-2.1094E-06,0.087761402130127,0.197608267888427,
,,,-2.1092E-06,-0.0461298227310181,0.19827772397548,
,,,-2.109E-06,0.0208157896995544,0.19777563191019,
,,,-2.1088E-06,0.154707014560699,0.197608267888427,
,,,-2.1086E-06,-0.113075435161591,0.197608267888427,
,,,-2.1084E-06,-0.113075435161591,0.19777563191019,
,,,-2.1082E-06,0.0208157896995544,0.197440903866664,
,,,-2.108E-06,0.087761402130127,0.197942995931953,
,,,-2.1078E-06,-0.0461298227310181,0.19827772397548,
,,,-2.1076E-06,0.087761402130127,0.198110359953716,
,,,-2.1074E-06,-0.0461298227310181,0.197942995931953,
,,,-2.1072E-06,-0.113075435161591,0.197440903866664,
,,,-2.107E-06,-0.0461298227310181,0.198110359953716,
,,,-2.1068E-06,0.0208157896995544,0.198779816040769,
,,,-2.1066E-06,-0.0461298227310181,0.197942995931953,
,,,-2.1064E-06,0.0208157896995544,0.198110359953716,
,,,-2.1062E-06,0.087761402130127,0.19827772397548,
,,,-2.106E-06,0.0208157896995544,0.197608267888427,
,,,-2.1058E-06,0.0208157896995544,0.197608267888427,
,,,-2.1056E-06,0.0208157896995544,0.198110359953716,
,,,-2.1054E-06,0.087761402130127,0.19827772397548,
,,,-2.1052E-06,-0.0461298227310181,0.19777563191019,
,,,-2.105E-06,-0.0461298227310181,0.197608267888427,
,,,-2.1048E-06,0.0208157896995544,0.197608267888427,
,,,-2.1046E-06,-0.113075435161591,0.197942995931953,
,,,-2.1044E-06,0.0208157896995544,0.197440903866664,
,,,-2.1042E-06,0.0208157896995544,0.197608267888427,
,,,-2.104E-06,0.087761402130127,0.198110359953716,
,,,-2.1038E-06,-0.0461298227310181,0.197942995931953,
,,,-2.1036E-06,0.0208157896995544,0.196604083757848,
,,,-2.1034E-06,-0.0461298227310181,0.19777563191019,
,,,-2.1032E-06,-0.0461298227310181,0.197440903866664,
,,,-2.103E-06,0.0208157896995544,0.197608267888427,
,,,-2.1028E-06,0.0208157896995544,0.1972735398449,
,,,-2.1026E-06,-0.0461298227310181,0.1972735398449,
,,,-2.1024E-06,0.0208157896995544,0.1972735398449,
,,,-2.1022E-06,-0.0461298227310181,0.196771447779611,
,,,-2.102E-06,0.0208157896995544,0.197440903866664,
,,,-2.1018E-06,0.0208157896995544,0.197106175823137,
,,,-2.1016E-06,0.0208157896995544,0.196269355714321,
,,,-2.1014E-06,-0.113075435161591,0.197106175823137,
,,,-2.1012E-06,0.0208157896995544,0.19777563191019,
,,,-2.101E-06,0.0208157896995544,0.197942995931953,
,,,-2.1008E-06,-0.113075435161591,0.197440903866664,
,,,-2.1006E-06,0.0208157896995544,0.196771447779611,
,,,-2.1004E-06,-0.0461298227310181,0.196604083757848,
,,,-2.1002E-06,0.0208157896995544,0.197608267888427,
,,,-2.1E-06,0.087761402130127,0.197608267888427,
,,,-2.0998E-06,0.0208157896995544,0.196771447779611,
,,,-2.0996E-06,0.087761402130127,0.197106175823137,
,,,-2.0994E-06,0.0208157896995544,0.1972735398449,
,,,-2.0992E-06,-0.0461298227310181,0.196436719736084,
,,,-2.099E-06,0.087761402130127,0.196771447779611,
,,,-2.0988E-06,-0.0461298227310181,0.196771447779611,
,,,-2.0986E-06,0.0208157896995544,0.1972735398449,
,,,-2.0984E-06,0.154707014560699,0.1972735398449,
,,,-2.0982E-06,0.0208157896995544,0.196938811801374,
,,,-2.098E-06,0.087761402130127,0.197106175823137,
,,,-2.0978E-06,0.0208157896995544,0.196938811801374,
,,,-2.0976E-06,0.154707014560699,0.196604083757848,
,,,-2.0974E-06,-0.0461298227310181,0.196604083757848,
,,,-2.0972E-06,0.087761402130127,0.196604083757848,
,,,-2.097E-06,0.0208157896995544,0.197440903866664,
,,,-2.0968E-06,0.0208157896995544,0.197106175823137,
,,,-2.0966E-06,-0.0461298227310181,0.1972735398449,
,,,-2.0964E-06,-0.113075435161591,0.197440903866664,
,,,-2.0962E-06,0.087761402130127,0.197106175823137,
,,,-2.096E-06,0.087761402130127,0.197106175823137,
,,,-2.0958E-06,-0.113075435161591,0.196269355714321,
,,,-2.0956E-06,-0.0461298227310181,0.196938811801374,
,,,-2.0954E-06,0.0208157896995544,0.1972735398449,
,,,-2.0952E-06,0.087761402130127,0.196771447779611,
,,,-2.095E-06,-0.113075435161591,0.197106175823137,
,,,-2.0948E-06,0.0208157896995544,0.197440903866664,
,,,-2.0946E-06,-0.0461298227310181,0.1972735398449,
,,,-2.0944E-06,0.087761402130127,0.197440903866664,
,,,-2.0942E-06,-0.0461298227310181,0.197106175823137,
,,,-2.094E-06,0.087761402130127,0.196771447779611,
,,,-2.0938E-06,-0.0461298227310181,0.197608267888427,
,,,-2.0936E-06,0.0208157896995544,0.196938811801374,
,,,-2.0934E-06,0.0208157896995544,0.197440903866664,
,,,-2.0932E-06,0.154707014560699,0.1972735398449,
,,,-2.093E-06,0.087761402130127,0.197440903866664,
,,,-2.0928E-06,0.0208157896995544,0.196771447779611,
,,,-2.0926E-06,0.0208157896995544,0.197440903866664,
,,,-2.0924E-06,0.0208157896995544,0.197942995931953,
,,,-2.0922E-06,0.0208157896995544,0.197106175823137,
,,,-2.092E-06,0.0208157896995544,0.19777563191019,
,,,-2.0918E-06,-0.0461298227310181,0.19777563191019,
,,,-2.0916E-06,0.0208157896995544,0.197440903866664,
,,,-2.0914E-06,-0.0461298227310181,0.197440903866664,
,,,-2.0912E-06,0.0208157896995544,0.197608267888427,
,,,-2.091E-06,0.0208157896995544,0.196938811801374,
,,,-2.0908E-06,-0.0461298227310181,0.198110359953716,
,,,-2.0906E-06,-0.0461298227310181,0.197440903866664,
,,,-2.0904E-06,0.0208157896995544,0.19777563191019,
,,,-2.0902E-06,0.087761402130127,0.197942995931953,
,,,-2.09E-06,0.0208157896995544,0.197440903866664,
,,,-2.0898E-06,-0.0461298227310181,0.197440903866664,
,,,-2.0896E-06,0.0208157896995544,0.198110359953716,
,,,-2.0894E-06,-0.113075435161591,0.19777563191019,
,,,-2.0892E-06,-0.0461298227310181,0.197608267888427,
,,,-2.089E-06,0.087761402130127,0.19777563191019,
,,,-2.0888E-06,0.0208157896995544,0.197942995931953,
,,,-2.0886E-06,-0.113075435161591,0.19827772397548,
,,,-2.0884E-06,0.0208157896995544,0.197608267888427,
,,,-2.0882E-06,-0.0461298227310181,0.198110359953716,
,,,-2.088E-06,-0.0461298227310181,0.198110359953716,
,,,-2.0878E-06,-0.0461298227310181,0.19777563191019,
,,,-2.0876E-06,0.0208157896995544,0.198110359953716,
,,,-2.0874E-06,-0.0461298227310181,0.19777563191019,
,,,-2.0872E-06,0.154707014560699,0.198779816040769,
,,,-2.087E-06,-0.113075435161591,0.198110359953716,
,,,-2.0868E-06,0.087761402130127,0.198445087997243,
,,,-2.0866E-06,0.087761402130127,0.19777563191019,
,,,-2.0864E-06,-0.0461298227310181,0.198110359953716,
,,,-2.0862E-06,0.0208157896995544,0.197942995931953,
,,,-2.086E-06,-0.0461298227310181,0.19777563191019,
,,,-2.0858E-06,0.0208157896995544,0.197608267888427,
,,,-2.0856E-06,-0.0461298227310181,0.198110359953716,
,,,-2.0854E-06,0.0208157896995544,0.198110359953716,
,,,-2.0852E-06,0.154707014560699,0.19777563191019,
,,,-2.085E-06,0.0208157896995544,0.1972735398449,
,,,-2.0848E-06,0.087761402130127,0.19777563191019,
,,,-2.0846E-06,-0.0461298227310181,0.197942995931953,
,,,-2.0844E-06,0.087761402130127,0.197942995931953,
,,,-2.0842E-06,-0.0461298227310181,0.19777563191019,
,,,-2.084E-06,-0.0461298227310181,0.198110359953716,
,,,-2.0838E-06,0.0208157896995544,0.197440903866664,
,,,-2.0836E-06,0.0208157896995544,0.198110359953716,
,,,-2.0834E-06,0.0208157896995544,0.1972735398449,
,,,-2.0832E-06,0.087761402130127,0.1972735398449,
,,,-2.083E-06,-0.180021047592163,0.196938811801374,
,,,-2.0828E-06,0.0208157896995544,0.196938811801374,
,,,-2.0826E-06,0.087761402130127,0.196604083757848,
,,,-2.0824E-06,0.0208157896995544,0.197106175823137,
,,,-2.0822E-06,-0.0461298227310181,0.198110359953716,
,,,-2.082E-06,-0.0461298227310181,0.197106175823137,
,,,-2.0818E-06,-0.0461298227310181,0.196938811801374,
,,,-2.0816E-06,0.0208157896995544,0.197106175823137,
,,,-2.0814E-06,0.0208157896995544,0.196771447779611,
,,,-2.0812E-06,0.0208157896995544,0.1972735398449,
,,,-2.081E-06,-0.0461298227310181,0.197440903866664,
,,,-2.0808E-06,0.0208157896995544,0.196604083757848,
,,,-2.0806E-06,0.0208157896995544,0.196771447779611,
,,,-2.0804E-06,0.0208157896995544,0.196938811801374,
,,,-2.0802E-06,-0.0461298227310181,0.197440903866664,
,,,-2.08E-06,0.0208157896995544,0.196604083757848,
,,,-2.0798E-06,0.087761402130127,0.196771447779611,
,,,-2.0796E-06,0.0208157896995544,0.196604083757848,
,,,-2.0794E-06,-0.0461298227310181,0.197106175823137,
,,,-2.0792E-06,0.087761402130127,0.1972735398449,
,,,-2.079E-06,-0.113075435161591,0.196604083757848,
,,,-2.0788E-06,-0.0461298227310181,0.196436719736084,
,,,-2.0786E-06,0.0208157896995544,0.196771447779611,
,,,-2.0784E-06,0.0208157896995544,0.196269355714321,
,,,-2.0782E-06,-0.0461298227310181,0.196771447779611,
,,,-2.078E-06,0.154707014560699,0.196269355714321,
,,,-2.0778E-06,0.0208157896995544,0.196938811801374,
,,,-2.0776E-06,0.0208157896995544,0.196771447779611,
,,,-2.0774E-06,-0.0461298227310181,0.197106175823137,
,,,-2.0772E-06,-0.0461298227310181,0.196604083757848,
,,,-2.077E-06,0.0208157896995544,0.1972735398449,
,,,-2.0768E-06,0.0208157896995544,0.196604083757848,
,,,-2.0766E-06,-0.0461298227310181,0.197106175823137,
,,,-2.0764E-06,-0.113075435161591,0.197608267888427,
,,,-2.0762E-06,0.087761402130127,0.197608267888427,
,,,-2.076E-06,0.0208157896995544,0.196938811801374,
,,,-2.0758E-06,0.0208157896995544,0.197608267888427,
,,,-2.0756E-06,0.0208157896995544,0.197608267888427,
,,,-2.0754E-06,-0.0461298227310181,0.197440903866664,
,,,-2.0752E-06,0.0208157896995544,0.196938811801374,
,,,-2.075E-06,-0.0461298227310181,0.197106175823137,
,,,-2.0748E-06,0.0208157896995544,0.197440903866664,
,,,-2.0746E-06,0.0208157896995544,0.1972735398449,
,,,-2.0744E-06,-0.0461298227310181,0.196938811801374,
,,,-2.0742E-06,0.0208157896995544,0.197440903866664,
,,,-2.074E-06,0.0208157896995544,0.197106175823137,
,,,-2.0738E-06,-0.0461298227310181,0.196938811801374,
,,,-2.0736E-06,-0.0461298227310181,0.196269355714321,
,,,-2.0734E-06,0.0208157896995544,0.197440903866664,
,,,-2.0732E-06,-0.0461298227310181,0.196938811801374,
,,,-2.073E-06,0.0208157896995544,0.196938811801374,
,,,-2.0728E-06,0.087761402130127,0.196938811801374,
,,,-2.0726E-06,-0.0461298227310181,0.1972735398449,
,,,-2.0724E-06,-0.0461298227310181,0.197106175823137,
,,,-2.0722E-06,-0.0461298227310181,0.196938811801374,
,,,-2.072E-06,0.087761402130127,0.197106175823137,
,,,-2.0718E-06,-0.0461298227310181,0.197608267888427,
,,,-2.0716E-06,-0.0461298227310181,0.197106175823137,
,,,-2.0714E-06,0.0208157896995544,0.196938811801374,
,,,-2.0712E-06,-0.0461298227310181,0.196938811801374,
,,,-2.071E-06,-0.0461298227310181,0.197608267888427,
,,,-2.0708E-06,-0.113075435161591,0.1972735398449,
,,,-2.0706E-06,0.0208157896995544,0.196938811801374,
,,,-2.0704E-06,0.087761402130127,0.197440903866664,
,,,-2.0702E-06,0.0208157896995544,0.197942995931953,
,,,-2.07E-06,0.087761402130127,0.197440903866664,
,,,-2.0698E-06,-0.0461298227310181,0.1972735398449,
,,,-2.0696E-06,0.0208157896995544,0.197106175823137,
,,,-2.0694E-06,-0.113075435161591,0.1972735398449,
,,,-2.0692E-06,-0.0461298227310181,0.19777563191019,
,,,-2.069E-06,-0.0461298227310181,0.197440903866664,
,,,-2.0688E-06,-0.0461298227310181,0.197608267888427,
,,,-2.0686E-06,-0.113075435161591,0.198110359953716,
,,,-2.0684E-06,0.0208157896995544,0.198110359953716,
,,,-2.0682E-06,-0.0461298227310181,0.197942995931953,
,,,-2.068E-06,-0.0461298227310181,0.197942995931953,
,,,-2.0678E-06,0.0208157896995544,0.198110359953716,
,,,-2.0676E-06,0.0208157896995544,0.19827772397548,
,,,-2.0674E-06,-0.0461298227310181,0.197106175823137,
,,,-2.0672E-06,-0.0461298227310181,0.197106175823137,
,,,-2.067E-06,0.087761402130127,0.197942995931953,
,,,-2.0668E-06,-0.113075435161591,0.198110359953716,
,,,-2.0666E-06,0.0208157896995544,0.197608267888427,
,,,-2.0664E-06,0.087761402130127,0.198110359953716,
,,,-2.0662E-06,-0.0461298227310181,0.197942995931953,
,,,-2.066E-06,-0.0461298227310181,0.197608267888427,
,,,-2.0658E-06,0.0208157896995544,0.19777563191019,
,,,-2.0656E-06,0.154707014560699,0.197608267888427,
,,,-2.0654E-06,-0.0461298227310181,0.19827772397548,
,,,-2.0652E-06,0.087761402130127,0.198110359953716,
,,,-2.065E-06,-0.0461298227310181,0.198110359953716,
,,,-2.0648E-06,-0.113075435161591,0.197106175823137,
,,,-2.0646E-06,0.0208157896995544,0.198612452019006,
,,,-2.0644E-06,-0.113075435161591,0.198445087997243,
,,,-2.0642E-06,-0.0461298227310181,0.197942995931953,
,,,-2.064E-06,-0.0461298227310181,0.197608267888427,
,,,-2.0638E-06,-0.113075435161591,0.197440903866664,
,,,-2.0636E-06,-0.0461298227310181,0.197608267888427,
,,,-2.0634E-06,0.0208157896995544,0.197608267888427,
,,,-2.0632E-06,0.0208157896995544,0.197440903866664,
,,,-2.063E-06,-0.0461298227310181,0.19827772397548,
,,,-2.0628E-06,0.0208157896995544,0.1972735398449,
,,,-2.0626E-06,-0.0461298227310181,0.197942995931953,
,,,-2.0624E-06,-0.0461298227310181,0.198110359953716,
,,,-2.0622E-06,-0.0461298227310181,0.198110359953716,
,,,-2.062E-06,-0.0461298227310181,0.19777563191019,
,,,-2.0618E-06,-0.0461298227310181,0.198110359953716,
,,,-2.0616E-06,0.0208157896995544,0.19777563191019,
,,,-2.0614E-06,-0.0461298227310181,0.19777563191019,
,,,-2.0612E-06,0.087761402130127,0.197106175823137,
,,,-2.061E-06,0.0208157896995544,0.197942995931953,
,,,-2.0608E-06,0.0208157896995544,0.196938811801374,
,,,-2.0606E-06,0.154707014560699,0.197608267888427,
,,,-2.0604E-06,-0.0461298227310181,0.197942995931953,
,,,-2.0602E-06,0.0208157896995544,0.197608267888427,
,,,-2.06E-06,0.154707014560699,0.196938811801374,
,,,-2.0598E-06,0.087761402130127,0.196101991692558,
,,,-2.0596E-06,-0.0461298227310181,0.196604083757848,
,,,-2.0594E-06,0.0208157896995544,0.196938811801374,
,,,-2.0592E-06,0.154707014560699,0.196604083757848,
,,,-2.059E-06,-0.0461298227310181,0.197440903866664,
,,,-2.0588E-06,0.0208157896995544,0.197106175823137,
,,,-2.0586E-06,0.0208157896995544,0.196436719736084,
,,,-2.0584E-06,0.0208157896995544,0.196604083757848,
,,,-2.0582E-06,0.0208157896995544,0.196269355714321,
,,,-2.058E-06,-0.0461298227310181,0.195934627670795,
,,,-2.0578E-06,-0.0461298227310181,0.196436719736084,
,,,-2.0576E-06,-0.0461298227310181,0.196436719736084,
,,,-2.0574E-06,-0.113075435161591,0.197106175823137,
,,,-2.0572E-06,0.0208157896995544,0.197106175823137,
,,,-2.057E-06,0.0208157896995544,0.196604083757848,
,,,-2.0568E-06,0.0208157896995544,0.196269355714321,
,,,-2.0566E-06,-0.0461298227310181,0.196938811801374,
,,,-2.0564E-06,0.0208157896995544,0.196436719736084,
,,,-2.0562E-06,-0.0461298227310181,0.196938811801374,
,,,-2.056E-06,0.0208157896995544,0.197106175823137,
,,,-2.0558E-06,0.0208157896995544,0.196771447779611,
,,,-2.0556E-06,0.0208157896995544,0.197106175823137,
,,,-2.0554E-06,-0.0461298227310181,0.196771447779611,
,,,-2.0552E-06,0.0208157896995544,0.196938811801374,
,,,-2.055E-06,0.0208157896995544,0.196436719736084,
,,,-2.0548E-06,0.087761402130127,0.197106175823137,
,,,-2.0546E-06,0.0208157896995544,0.196938811801374,
,,,-2.0544E-06,0.0208157896995544,0.195767263649032,
,,,-2.0542E-06,0.0208157896995544,0.196604083757848,
,,,-2.054E-06,-0.0461298227310181,0.1972735398449,
,,,-2.0538E-06,0.0208157896995544,0.197106175823137,
,,,-2.0536E-06,0.0208157896995544,0.197440903866664,
,,,-2.0534E-06,0.0208157896995544,0.197608267888427,
,,,-2.0532E-06,0.0208157896995544,0.19777563191019,
,,,-2.053E-06,0.0208157896995544,0.1972735398449,
,,,-2.0528E-06,0.0208157896995544,0.197942995931953,
,,,-2.0526E-06,0.0208157896995544,0.197106175823137,
,,,-2.0524E-06,0.154707014560699,0.196771447779611,
,,,-2.0522E-06,-0.113075435161591,0.197106175823137,
,,,-2.052E-06,-0.0461298227310181,0.196771447779611,
,,,-2.0518E-06,0.0208157896995544,0.196938811801374,
,,,-2.0516E-06,-0.0461298227310181,0.19777563191019,
,,,-2.0514E-06,0.087761402130127,0.197440903866664,
,,,-2.0512E-06,0.0208157896995544,0.197608267888427,
,,,-2.051E-06,-0.113075435161591,0.197106175823137,
,,,-2.0508E-06,-0.0461298227310181,0.198110359953716,
,,,-2.0506E-06,0.154707014560699,0.196938811801374,
,,,-2.0504E-06,0.0208157896995544,0.196269355714321,
,,,-2.0502E-06,-0.0461298227310181,0.196938811801374,
,,,-2.05E-06,0.087761402130127,0.198110359953716,
,,,-2.0498E-06,-0.0461298227310181,0.197106175823137,
,,,-2.0496E-06,-0.0461298227310181,0.197440903866664,
,,,-2.0494E-06,0.0208157896995544,0.197608267888427,
,,,-2.0492E-06,0.0208157896995544,0.197440903866664,
,,,-2.049E-06,0.0208157896995544,0.19777563191019,
,,,-2.0488E-06,-0.0461298227310181,0.19777563191019,
,,,-2.0486E-06,-0.0461298227310181,0.19827772397548,
,,,-2.0484E-06,0.087761402130127,0.197440903866664,
,,,-2.0482E-06,0.0208157896995544,0.198110359953716,
,,,-2.048E-06,0.0208157896995544,0.198612452019006,
,,,-2.0478E-06,0.087761402130127,0.198445087997243,
,,,-2.0476E-06,-0.0461298227310181,0.198445087997243,
,,,-2.0474E-06,-0.0461298227310181,0.198110359953716,
,,,-2.0472E-06,0.0208157896995544,0.198445087997243,
,,,-2.047E-06,-0.113075435161591,0.198445087997243,
,,,-2.0468E-06,-0.0461298227310181,0.198110359953716,
,,,-2.0466E-06,0.087761402130127,0.19827772397548,
,,,-2.0464E-06,0.0208157896995544,0.197942995931953,
,,,-2.0462E-06,-0.0461298227310181,0.197608267888427,
,,,-2.046E-06,0.087761402130127,0.19827772397548,
,,,-2.0458E-06,0.0208157896995544,0.198110359953716,
,,,-2.0456E-06,0.0208157896995544,0.197106175823137,
,,,-2.0454E-06,0.0208157896995544,0.198445087997243,
,,,-2.0452E-06,-0.0461298227310181,0.197942995931953,
,,,-2.045E-06,-0.0461298227310181,0.1972735398449,
,,,-2.0448E-06,-0.0461298227310181,0.198110359953716,
,,,-2.0446E-06,0.0208157896995544,0.197440903866664,
,,,-2.0444E-06,0.0208157896995544,0.197440903866664,
,,,-2.0442E-06,0.0208157896995544,0.197608267888427,
,,,-2.044E-06,0.0208157896995544,0.19777563191019,
,,,-2.0438E-06,-0.0461298227310181,0.197608267888427,
,,,-2.0436E-06,0.0208157896995544,0.197942995931953,
,,,-2.0434E-06,-0.0461298227310181,0.19777563191019,
,,,-2.0432E-06,-0.0461298227310181,0.198110359953716,
,,,-2.043E-06,0.0208157896995544,0.19777563191019,
,,,-2.0428E-06,0.0208157896995544,0.198110359953716,
,,,-2.0426E-06,0.0208157896995544,0.197608267888427,
,,,-2.0424E-06,0.0208157896995544,0.197106175823137,
,,,-2.0422E-06,0.0208157896995544,0.197106175823137,
,,,-2.042E-06,0.087761402130127,0.1972735398449,
,,,-2.0418E-06,-0.0461298227310181,0.1972735398449,
,,,-2.0416E-06,0.0208157896995544,0.19777563191019,
,,,-2.0414E-06,0.087761402130127,0.1972735398449,
,,,-2.0412E-06,-0.113075435161591,0.197440903866664,
,,,-2.041E-06,0.087761402130127,0.196938811801374,
,,,-2.0408E-06,0.0208157896995544,0.197106175823137,
,,,-2.0406E-06,-0.113075435161591,0.196938811801374,
,,,-2.0404E-06,0.087761402130127,0.197106175823137,
,,,-2.0402E-06,0.087761402130127,0.197608267888427,
,,,-2.04E-06,0.154707014560699,0.1972735398449,
,,,-2.0398E-06,-0.0461298227310181,0.196938811801374,
,,,-2.0396E-06,0.0208157896995544,0.1972735398449,
,,,-2.0394E-06,-0.0461298227310181,0.197106175823137,
,,,-2.0392E-06,0.0208157896995544,0.196771447779611,
,,,-2.039E-06,0.0208157896995544,0.196938811801374,
,,,-2.0388E-06,-0.0461298227310181,0.19827772397548,
,,,-2.0386E-06,0.0208157896995544,0.197106175823137,
,,,-2.0384E-06,0.087761402130127,0.19777563191019,
,,,-2.0382E-06,-0.113075435161591,0.197942995931953,
,,,-2.038E-06,0.0208157896995544,0.197440903866664,
,,,-2.0378E-06,0.0208157896995544,0.196771447779611,
,,,-2.0376E-06,0.0208157896995544,0.197440903866664,
,,,-2.0374E-06,-0.0461298227310181,0.197106175823137,
,,,-2.0372E-06,0.087761402130127,0.1972735398449,
,,,-2.037E-06,-0.0461298227310181,0.197440903866664,
,,,-2.0368E-06,0.087761402130127,0.197106175823137,
,,,-2.0366E-06,-0.0461298227310181,0.196604083757848,
,,,-2.0364E-06,-0.0461298227310181,0.196101991692558,
,,,-2.0362E-06,-0.0461298227310181,0.1972735398449,
,,,-2.036E-06,0.087761402130127,0.196771447779611,
,,,-2.0358E-06,0.0208157896995544,0.196436719736084,
,,,-2.0356E-06,0.0208157896995544,0.196938811801374,
,,,-2.0354E-06,0.0208157896995544,0.196771447779611,
,,,-2.0352E-06,-0.0461298227310181,0.196604083757848,
,,,-2.035E-06,0.087761402130127,0.196938811801374,
,,,-2.0348E-06,-0.0461298227310181,0.196436719736084,
,,,-2.0346E-06,-0.0461298227310181,0.196771447779611,
,,,-2.0344E-06,0.087761402130127,0.196771447779611,
,,,-2.0342E-06,0.087761402130127,0.196771447779611,
,,,-2.034E-06,0.0208157896995544,0.197106175823137,
,,,-2.0338E-06,0.0208157896995544,0.196604083757848,
,,,-2.0336E-06,0.087761402130127,0.197106175823137,
,,,-2.0334E-06,0.0208157896995544,0.196604083757848,
,,,-2.0332E-06,0.0208157896995544,0.197440903866664,
,,,-2.033E-06,0.0208157896995544,0.197106175823137,
,,,-2.0328E-06,-0.0461298227310181,0.196938811801374,
,,,-2.0326E-06,-0.0461298227310181,0.196604083757848,
,,,-2.0324E-06,0.0208157896995544,0.197440903866664,
,,,-2.0322E-06,-0.113075435161591,0.196938811801374,
,,,-2.032E-06,0.087761402130127,0.197608267888427,
,,,-2.0318E-06,-0.113075435161591,0.197942995931953,
,,,-2.0316E-06,-0.113075435161591,0.197608267888427,
,,,-2.0314E-06,-0.0461298227310181,0.197106175823137,
,,,-2.0312E-06,0.0208157896995544,0.1972735398449,
,,,-2.031E-06,-0.113075435161591,0.197106175823137,
,,,-2.0308E-06,-0.0461298227310181,0.197942995931953,
,,,-2.0306E-06,0.0208157896995544,0.198110359953716,
,,,-2.0304E-06,0.0208157896995544,0.197440903866664,
,,,-2.0302E-06,-0.0461298227310181,0.197106175823137,
,,,-2.03E-06,-0.0461298227310181,0.197440903866664,
,,,-2.0298E-06,-0.113075435161591,0.1972735398449,
,,,-2.0296E-06,0.087761402130127,0.196938811801374,
,,,-2.0294E-06,0.087761402130127,0.196938811801374,
,,,-2.0292E-06,0.087761402130127,0.197608267888427,
,,,-2.029E-06,0.0208157896995544,0.197608267888427,
,,,-2.0288E-06,-0.0461298227310181,0.197440903866664,
,,,-2.0286E-06,0.0208157896995544,0.197608267888427,
,,,-2.0284E-06,0.0208157896995544,0.1972735398449,
,,,-2.0282E-06,-0.0461298227310181,0.197106175823137,
,,,-2.028E-06,0.0208157896995544,0.197942995931953,
,,,-2.0278E-06,0.0208157896995544,0.1972735398449,
,,,-2.0276E-06,0.0208157896995544,0.197608267888427,
,,,-2.0274E-06,-0.0461298227310181,0.197608267888427,
,,,-2.0272E-06,0.221652626991272,0.197942995931953,
,,,-2.027E-06,-0.0461298227310181,0.196938811801374,
,,,-2.0268E-06,0.0208157896995544,0.197942995931953,
,,,-2.0266E-06,0.087761402130127,0.197440903866664,
,,,-2.0264E-06,0.0208157896995544,0.197106175823137,
,,,-2.0262E-06,0.0208157896995544,0.197440903866664,
,,,-2.026E-06,0.0208157896995544,0.197608267888427,
,,,-2.0258E-06,0.0208157896995544,0.197440903866664,
,,,-2.0256E-06,0.087761402130127,0.19827772397548,
,,,-2.0254E-06,-0.0461298227310181,0.19777563191019,
,,,-2.0252E-06,0.0208157896995544,0.19777563191019,
,,,-2.025E-06,0.0208157896995544,0.197608267888427,
,,,-2.0248E-06,0.0208157896995544,0.197440903866664,
,,,-2.0246E-06,0.087761402130127,0.197440903866664,
,,,-2.0244E-06,0.0208157896995544,0.197440903866664,
,,,-2.0242E-06,0.0208157896995544,0.197440903866664,
,,,-2.024E-06,0.0208157896995544,0.1972735398449,
,,,-2.0238E-06,0.0208157896995544,0.19777563191019,
,,,-2.0236E-06,-0.0461298227310181,0.1972735398449,
,,,-2.0234E-06,-0.113075435161591,0.197608267888427,
,,,-2.0232E-06,0.087761402130127,0.197608267888427,
,,,-2.023E-06,0.087761402130127,0.197106175823137,
,,,-2.0228E-06,0.0208157896995544,0.197106175823137,
,,,-2.0226E-06,0.087761402130127,0.1972735398449,
,,,-2.0224E-06,-0.0461298227310181,0.197608267888427,
,,,-2.0222E-06,0.087761402130127,0.197942995931953,
,,,-2.022E-06,-0.0461298227310181,0.19777563191019,
,,,-2.0218E-06,0.0208157896995544,0.197440903866664,
,,,-2.0216E-06,0.087761402130127,0.19777563191019,
,,,-2.0214E-06,-0.113075435161591,0.196938811801374,
,,,-2.0212E-06,0.0208157896995544,0.197440903866664,
,,,-2.021E-06,-0.0461298227310181,0.196604083757848,
,,,-2.0208E-06,0.087761402130127,0.197608267888427,
,,,-2.0206E-06,-0.0461298227310181,0.196604083757848,
,,,-2.0204E-06,0.0208157896995544,0.196436719736084,
,,,-2.0202E-06,-0.0461298227310181,0.197106175823137,
,,,-2.02E-06,-0.0461298227310181,0.196604083757848,
,,,-2.0198E-06,0.0208157896995544,0.196604083757848,
,,,-2.0196E-06,0.0208157896995544,0.197440903866664,
,,,-2.0194E-06,-0.0461298227310181,0.197440903866664,
,,,-2.0192E-06,0.0208157896995544,0.196938811801374,
,,,-2.019E-06,-0.113075435161591,0.19777563191019,
,,,-2.0188E-06,0.0208157896995544,0.196938811801374,
,,,-2.0186E-06,-0.0461298227310181,0.197106175823137,
,,,-2.0184E-06,-0.0461298227310181,0.197440903866664,
,,,-2.0182E-06,-0.0461298227310181,0.197440903866664,
,,,-2.018E-06,0.0208157896995544,0.197106175823137,
,,,-2.0178E-06,-0.0461298227310181,0.198110359953716,
,,,-2.0176E-06,0.0208157896995544,0.197106175823137,
,,,-2.0174E-06,-0.0461298227310181,0.197608267888427,
,,,-2.0172E-06,-0.0461298227310181,0.1972735398449,
,,,-2.017E-06,0.0208157896995544,0.196771447779611,
,,,-2.0168E-06,0.087761402130127,0.196269355714321,
,,,-2.0166E-06,-0.0461298227310181,0.197106175823137,
,,,-2.0164E-06,0.154707014560699,0.196436719736084,
,,,-2.0162E-06,0.0208157896995544,0.196436719736084,
,,,-2.016E-06,-0.0461298227310181,0.196269355714321,
,,,-2.0158E-06,0.087761402130127,0.196938811801374,
,,,-2.0156E-06,-0.0461298227310181,0.196436719736084,
,,,-2.0154E-06,-0.0461298227310181,0.1972735398449,
,,,-2.0152E-06,0.087761402130127,0.19777563191019,
,,,-2.015E-06,-0.0461298227310181,0.196604083757848,
,,,-2.0148E-06,-0.0461298227310181,0.196269355714321,
,,,-2.0146E-06,0.0208157896995544,0.196604083757848,
,,,-2.0144E-06,0.087761402130127,0.197106175823137,
,,,-2.0142E-06,0.0208157896995544,0.196604083757848,
,,,-2.014E-06,0.0208157896995544,0.196436719736084,
,,,-2.0138E-06,-0.0461298227310181,0.196771447779611,
,,,-2.0136E-06,0.0208157896995544,0.1972735398449,
,,,-2.0134E-06,0.087761402130127,0.196604083757848,
,,,-2.0132E-06,0.0208157896995544,0.195934627670795,
,,,-2.013E-06,0.0208157896995544,0.1972735398449,
,,,-2.0128E-06,0.087761402130127,0.1972735398449,
,,,-2.0126E-06,-0.0461298227310181,0.196604083757848,
,,,-2.0124E-06,-0.0461298227310181,0.196436719736084,
,,,-2.0122E-06,0.0208157896995544,0.196436719736084,
,,,-2.012E-06,-0.0461298227310181,0.197440903866664,
,,,-2.0118E-06,0.0208157896995544,0.197608267888427,
,,,-2.0116E-06,-0.0461298227310181,0.196436719736084,
,,,-2.0114E-06,-0.0461298227310181,0.197440903866664,
,,,-2.0112E-06,0.0208157896995544,0.196938811801374,
,,,-2.011E-06,-0.0461298227310181,0.196938811801374,
,,,-2.0108E-06,-0.0461298227310181,0.197106175823137,
,,,-2.0106E-06,0.0208157896995544,0.196938811801374,
,,,-2.0104E-06,0.087761402130127,0.19777563191019,
,,,-2.0102E-06,0.0208157896995544,0.197608267888427,
,,,-2.01E-06,0.0208157896995544,0.196938811801374,
,,,-2.0098E-06,-0.0461298227310181,0.197440903866664,
,,,-2.0096E-06,0.0208157896995544,0.1972735398449,
,,,-2.0094E-06,0.087761402130127,0.197440903866664,
,,,-2.0092E-06,0.0208157896995544,0.1972735398449,
,,,-2.009E-06,-0.113075435161591,0.196771447779611,
,,,-2.0088E-06,0.0208157896995544,0.196938811801374,
,,,-2.0086E-06,0.087761402130127,0.197608267888427,
,,,-2.0084E-06,0.0208157896995544,0.198110359953716,
,,,-2.0082E-06,-0.0461298227310181,0.1972735398449,
,,,-2.008E-06,0.154707014560699,0.1972735398449,
,,,-2.0078E-06,0.0208157896995544,0.19777563191019,
,,,-2.0076E-06,0.087761402130127,0.19777563191019,
,,,-2.0074E-06,0.087761402130127,0.197608267888427,
,,,-2.0072E-06,0.087761402130127,0.197942995931953,
,,,-2.007E-06,0.0208157896995544,0.197608267888427,
,,,-2.0068E-06,0.0208157896995544,0.19777563191019,
,,,-2.0066E-06,0.087761402130127,0.1972735398449,
,,,-2.0064E-06,0.0208157896995544,0.197942995931953,
,,,-2.0062E-06,-0.113075435161591,0.196938811801374,
,,,-2.006E-06,-0.0461298227310181,0.197106175823137,
,,,-2.0058E-06,0.087761402130127,0.19777563191019,
,,,-2.0056E-06,0.0208157896995544,0.197106175823137,
,,,-2.0054E-06,-0.113075435161591,0.197106175823137,
,,,-2.0052E-06,0.0208157896995544,0.197440903866664,
,,,-2.005E-06,-0.0461298227310181,0.197440903866664,
,,,-2.0048E-06,-0.0461298227310181,0.196604083757848,
,,,-2.0046E-06,-0.0461298227310181,0.1972735398449,
,,,-2.0044E-06,0.0208157896995544,0.197440903866664,
,,,-2.0042E-06,-0.0461298227310181,0.196771447779611,
,,,-2.004E-06,0.087761402130127,0.196771447779611,
,,,-2.0038E-06,0.0208157896995544,0.197608267888427,
,,,-2.0036E-06,0.0208157896995544,0.1972735398449,
,,,-2.0034E-06,0.0208157896995544,0.197106175823137,
,,,-2.0032E-06,0.087761402130127,0.1972735398449,
,,,-2.003E-06,0.087761402130127,0.196604083757848,
,,,-2.0028E-06,-0.113075435161591,0.196938811801374,
,,,-2.0026E-06,-0.0461298227310181,0.196269355714321,
,,,-2.0024E-06,0.087761402130127,0.196604083757848,
,,,-2.0022E-06,-0.0461298227310181,0.196938811801374,
,,,-2.002E-06,0.0208157896995544,0.197106175823137,
,,,-2.0018E-06,0.154707014560699,0.197106175823137,
,,,-2.0016E-06,0.087761402130127,0.196604083757848,
,,,-2.0014E-06,-0.0461298227310181,0.196938811801374,
,,,-2.0012E-06,0.087761402130127,0.196938811801374,
,,,-2.001E-06,0.0208157896995544,0.196771447779611,
,,,-2.0008E-06,0.0208157896995544,0.196604083757848,
,,,-2.0006E-06,0.0208157896995544,0.1972735398449,
,,,-2.0004E-06,-0.0461298227310181,0.196938811801374,
,,,-2.0002E-06,0.0208157896995544,0.196771447779611,
,,,-2E-06,0.0208157896995544,0.19777563191019,
,,,-1.9998E-06,-0.113075435161591,0.196938811801374,
,,,-1.9996E-06,0.0208157896995544,0.196938811801374,
,,,-1.9994E-06,0.087761402130127,0.196771447779611,
,,,-1.9992E-06,0.0208157896995544,0.196604083757848,
,,,-1.999E-06,-0.0461298227310181,0.196604083757848,
,,,-1.9988E-06,0.087761402130127,0.197608267888427,
,,,-1.9986E-06,-0.0461298227310181,0.196436719736084,
,,,-1.9984E-06,-0.0461298227310181,0.197106175823137,
,,,-1.9982E-06,-0.0461298227310181,0.196771447779611,
,,,-1.998E-06,-0.0461298227310181,0.196269355714321,
,,,-1.9978E-06,-0.113075435161591,0.196604083757848,
,,,-1.9976E-06,0.087761402130127,0.196604083757848,
,,,-1.9974E-06,0.0208157896995544,0.196269355714321,
,,,-1.9972E-06,0.0208157896995544,0.196771447779611,
,,,-1.997E-06,-0.0461298227310181,0.196604083757848,
,,,-1.9968E-06,0.087761402130127,0.196101991692558,
,,,-1.9966E-06,0.087761402130127,0.196604083757848,
,,,-1.9964E-06,-0.113075435161591,0.197942995931953,
,,,-1.9962E-06,-0.0461298227310181,0.196436719736084,
,,,-1.996E-06,0.0208157896995544,0.196771447779611,
,,,-1.9958E-06,-0.113075435161591,0.196771447779611,
,,,-1.9956E-06,-0.0461298227310181,0.197440903866664,
,,,-1.9954E-06,0.0208157896995544,0.196938811801374,
,,,-1.9952E-06,0.087761402130127,0.197106175823137,
,,,-1.995E-06,-0.0461298227310181,0.197608267888427,
,,,-1.9948E-06,0.087761402130127,0.196771447779611,
,,,-1.9946E-06,0.087761402130127,0.1972735398449,
,,,-1.9944E-06,-0.0461298227310181,0.196604083757848,
,,,-1.9942E-06,-0.0461298227310181,0.196436719736084,
,,,-1.994E-06,0.0208157896995544,0.197106175823137,
,,,-1.9938E-06,-0.0461298227310181,0.196938811801374,
,,,-1.9936E-06,0.087761402130127,0.197106175823137,
,,,-1.9934E-06,-0.0461298227310181,0.196771447779611,
,,,-1.9932E-06,-0.0461298227310181,0.1972735398449,
,,,-1.993E-06,0.087761402130127,0.196771447779611,
,,,-1.9928E-06,0.154707014560699,0.196771447779611,
,,,-1.9926E-06,-0.113075435161591,0.197440903866664,
,,,-1.9924E-06,-0.0461298227310181,0.196938811801374,
,,,-1.9922E-06,-0.0461298227310181,0.197106175823137,
,,,-1.992E-06,-0.0461298227310181,0.196938811801374,
,,,-1.9918E-06,0.0208157896995544,0.197106175823137,
,,,-1.9916E-06,0.0208157896995544,0.196269355714321,
,,,-1.9914E-06,-0.0461298227310181,0.197440903866664,
,,,-1.9912E-06,0.0208157896995544,0.196771447779611,
,,,-1.991E-06,-0.0461298227310181,0.196101991692558,
,,,-1.9908E-06,0.087761402130127,0.197440903866664,
,,,-1.9906E-06,-0.0461298227310181,0.1972735398449,
,,,-1.9904E-06,-0.113075435161591,0.196771447779611,
,,,-1.9902E-06,0.087761402130127,0.197608267888427,
,,,-1.99E-06,-0.0461298227310181,0.196771447779611,
,,,-1.9898E-06,-0.0461298227310181,0.196938811801374,
,,,-1.9896E-06,0.087761402130127,0.1972735398449,
,,,-1.9894E-06,-0.0461298227310181,0.196771447779611,
,,,-1.9892E-06,0.0208157896995544,0.196436719736084,
,,,-1.989E-06,0.0208157896995544,0.197106175823137,
,,,-1.9888E-06,0.087761402130127,0.197106175823137,
,,,-1.9886E-06,-0.0461298227310181,0.196771447779611,
,,,-1.9884E-06,0.0208157896995544,0.197608267888427,
,,,-1.9882E-06,-0.0461298227310181,0.197440903866664,
,,,-1.988E-06,-0.0461298227310181,0.195934627670795,
,,,-1.9878E-06,0.0208157896995544,0.1972735398449,
,,,-1.9876E-06,0.0208157896995544,0.196771447779611,
,,,-1.9874E-06,0.0208157896995544,0.196771447779611,
,,,-1.9872E-06,0.087761402130127,0.197106175823137,
,,,-1.987E-06,-0.0461298227310181,0.196771447779611,
,,,-1.9868E-06,0.0208157896995544,0.196604083757848,
,,,-1.9866E-06,0.087761402130127,0.195432535605505,
,,,-1.9864E-06,0.0208157896995544,0.197106175823137,
,,,-1.9862E-06,-0.0461298227310181,0.197440903866664,
,,,-1.986E-06,0.0208157896995544,0.1972735398449,
,,,-1.9858E-06,0.0208157896995544,0.196436719736084,
,,,-1.9856E-06,-0.0461298227310181,0.196771447779611,
,,,-1.9854E-06,-0.0461298227310181,0.197106175823137,
,,,-1.9852E-06,0.0208157896995544,0.196269355714321,
,,,-1.985E-06,-0.0461298227310181,0.196101991692558,
,,,-1.9848E-06,0.0208157896995544,0.196604083757848,
,,,-1.9846E-06,0.0208157896995544,0.196101991692558,
,,,-1.9844E-06,0.087761402130127,0.196771447779611,
,,,-1.9842E-06,0.087761402130127,0.197106175823137,
,,,-1.984E-06,-0.0461298227310181,0.196101991692558,
,,,-1.9838E-06,0.087761402130127,0.196436719736084,
,,,-1.9836E-06,-0.0461298227310181,0.196436719736084,
,,,-1.9834E-06,-0.0461298227310181,0.196101991692558,
,,,-1.9832E-06,0.087761402130127,0.196269355714321,
,,,-1.983E-06,0.0208157896995544,0.196938811801374,
,,,-1.9828E-06,0.0208157896995544,0.196436719736084,
,,,-1.9826E-06,0.0208157896995544,0.196101991692558,
,,,-1.9824E-06,0.0208157896995544,0.196604083757848,
,,,-1.9822E-06,-0.0461298227310181,0.196436719736084,
,,,-1.982E-06,0.0208157896995544,0.196604083757848,
,,,-1.9818E-06,0.0208157896995544,0.196938811801374,
,,,-1.9816E-06,0.0208157896995544,0.196938811801374,
,,,-1.9814E-06,0.0208157896995544,0.196269355714321,
,,,-1.9812E-06,0.0208157896995544,0.196771447779611,
,,,-1.981E-06,-0.0461298227310181,0.196604083757848,
,,,-1.9808E-06,0.087761402130127,0.196938811801374,
,,,-1.9806E-06,-0.113075435161591,0.196269355714321,
,,,-1.9804E-06,-0.0461298227310181,0.196938811801374,
,,,-1.9802E-06,0.0208157896995544,0.196436719736084,
,,,-1.98E-06,0.0208157896995544,0.196101991692558,
,,,-1.9798E-06,-0.113075435161591,0.196436719736084,
,,,-1.9796E-06,0.087761402130127,0.196604083757848,
,,,-1.9794E-06,-0.0461298227310181,0.196436719736084,
,,,-1.9792E-06,0.0208157896995544,0.196436719736084,
,,,-1.979E-06,-0.113075435161591,0.196604083757848,
,,,-1.9788E-06,0.0208157896995544,0.196101991692558,
,,,-1.9786E-06,0.0208157896995544,0.196938811801374,
,,,-1.9784E-06,0.087761402130127,0.196771447779611,
,,,-1.9782E-06,-0.0461298227310181,0.196436719736084,
,,,-1.978E-06,0.154707014560699,0.196771447779611,
,,,-1.9778E-06,0.087761402130127,0.197106175823137,
,,,-1.9776E-06,0.0208157896995544,0.196436719736084,
,,,-1.9774E-06,0.0208157896995544,0.196771447779611,
,,,-1.9772E-06,0.0208157896995544,0.196436719736084,
,,,-1.977E-06,-0.0461298227310181,0.196938811801374,
,,,-1.9768E-06,0.0208157896995544,0.196604083757848,
,,,-1.9766E-06,0.0208157896995544,0.196269355714321,
,,,-1.9764E-06,-0.113075435161591,0.196269355714321,
,,,-1.9762E-06,0.087761402130127,0.1972735398449,
,,,-1.976E-06,0.087761402130127,0.196938811801374,
,,,-1.9758E-06,0.0208157896995544,0.196436719736084,
,,,-1.9756E-06,0.087761402130127,0.195767263649032,
,,,-1.9754E-06,-0.0461298227310181,0.196771447779611,
,,,-1.9752E-06,-0.0461298227310181,0.196604083757848,
,,,-1.975E-06,-0.0461298227310181,0.196938811801374,
,,,-1.9748E-06,-0.0461298227310181,0.196771447779611,
,,,-1.9746E-06,-0.0461298227310181,0.196436719736084,
,,,-1.9744E-06,0.0208157896995544,0.196436719736084,
,,,-1.9742E-06,-0.0461298227310181,0.195767263649032,
,,,-1.974E-06,-0.0461298227310181,0.196771447779611,
,,,-1.9738E-06,0.087761402130127,0.196604083757848,
,,,-1.9736E-06,0.0208157896995544,0.196604083757848,
,,,-1.9734E-06,-0.0461298227310181,0.196436719736084,
,,,-1.9732E-06,-0.0461298227310181,0.196771447779611,
,,,-1.973E-06,-0.0461298227310181,0.196771447779611,
,,,-1.9728E-06,0.0208157896995544,0.196269355714321,
,,,-1.9726E-06,0.0208157896995544,0.196938811801374,
,,,-1.9724E-06,-0.0461298227310181,0.196938811801374,
,,,-1.9722E-06,-0.113075435161591,0.196269355714321,
,,,-1.972E-06,0.0208157896995544,0.196604083757848,
,,,-1.9718E-06,0.0208157896995544,0.197106175823137,
,,,-1.9716E-06,0.087761402130127,0.197106175823137,
,,,-1.9714E-06,0.0208157896995544,0.196938811801374,
,,,-1.9712E-06,0.0208157896995544,0.196101991692558,
,,,-1.971E-06,0.0208157896995544,0.196269355714321,
,,,-1.9708E-06,0.0208157896995544,0.196101991692558,
,,,-1.9706E-06,0.0208157896995544,0.196938811801374,
,,,-1.9704E-06,0.0208157896995544,0.196771447779611,
,,,-1.9702E-06,-0.0461298227310181,0.196269355714321,
,,,-1.97E-06,0.0208157896995544,0.196269355714321,
,,,-1.9698E-06,0.0208157896995544,0.196436719736084,
,,,-1.9696E-06,0.0208157896995544,0.196269355714321,
,,,-1.9694E-06,-0.113075435161591,0.196269355714321,
,,,-1.9692E-06,0.087761402130127,0.196604083757848,
,,,-1.969E-06,0.0208157896995544,0.197440903866664,
,,,-1.9688E-06,-0.0461298227310181,0.196938811801374,
,,,-1.9686E-06,0.0208157896995544,0.197106175823137,
,,,-1.9684E-06,-0.113075435161591,0.197106175823137,
,,,-1.9682E-06,0.0208157896995544,0.197608267888427,
,,,-1.968E-06,0.154707014560699,0.196771447779611,
,,,-1.9678E-06,-0.113075435161591,0.196436719736084,
,,,-1.9676E-06,-0.0461298227310181,0.197106175823137,
,,,-1.9674E-06,0.087761402130127,0.196771447779611,
,,,-1.9672E-06,0.0208157896995544,0.196269355714321,
,,,-1.967E-06,-0.0461298227310181,0.196938811801374,
,,,-1.9668E-06,0.087761402130127,0.196938811801374,
,,,-1.9666E-06,-0.0461298227310181,0.197106175823137,
,,,-1.9664E-06,-0.0461298227310181,0.196436719736084,
,,,-1.9662E-06,0.0208157896995544,0.197106175823137,
,,,-1.966E-06,0.0208157896995544,0.196938811801374,
,,,-1.9658E-06,-0.113075435161591,0.196436719736084,
,,,-1.9656E-06,0.087761402130127,0.196269355714321,
,,,-1.9654E-06,-0.0461298227310181,0.1972735398449,
,,,-1.9652E-06,0.087761402130127,0.196269355714321,
,,,-1.965E-06,0.087761402130127,0.196436719736084,
,,,-1.9648E-06,-0.0461298227310181,0.196604083757848,
,,,-1.9646E-06,-0.0461298227310181,0.196771447779611,
,,,-1.9644E-06,-0.0461298227310181,0.196604083757848,
,,,-1.9642E-06,0.0208157896995544,0.196938811801374,
,,,-1.964E-06,0.0208157896995544,0.197440903866664,
,,,-1.9638E-06,-0.0461298227310181,0.196269355714321,
,,,-1.9636E-06,0.087761402130127,0.196436719736084,
,,,-1.9634E-06,0.0208157896995544,0.196771447779611,
,,,-1.9632E-06,0.087761402130127,0.196938811801374,
,,,-1.963E-06,-0.0461298227310181,0.196436719736084,
,,,-1.9628E-06,0.087761402130127,0.196269355714321,
,,,-1.9626E-06,0.087761402130127,0.196604083757848,
,,,-1.9624E-06,0.0208157896995544,0.195934627670795,
,,,-1.9622E-06,0.0208157896995544,0.196771447779611,
,,,-1.962E-06,0.0208157896995544,0.197106175823137,
,,,-1.9618E-06,0.0208157896995544,0.196771447779611,
,,,-1.9616E-06,0.0208157896995544,0.195767263649032,
,,,-1.9614E-06,-0.0461298227310181,0.196101991692558,
,,,-1.9612E-06,0.0208157896995544,0.196604083757848,
,,,-1.961E-06,0.0208157896995544,0.196269355714321,
,,,-1.9608E-06,0.0208157896995544,0.195934627670795,
,,,-1.9606E-06,-0.0461298227310181,0.197106175823137,
,,,-1.9604E-06,0.0208157896995544,0.196101991692558,
,,,-1.9602E-06,-0.113075435161591,0.196101991692558,
,,,-1.96E-06,0.087761402130127,0.196436719736084,
,,,-1.9598E-06,-0.0461298227310181,0.195934627670795,
,,,-1.9596E-06,0.0208157896995544,0.196101991692558,
,,,-1.9594E-06,-0.0461298227310181,0.195767263649032,
,,,-1.9592E-06,0.087761402130127,0.196938811801374,
,,,-1.959E-06,0.0208157896995544,0.196604083757848,
,,,-1.9588E-06,0.087761402130127,0.196771447779611,
,,,-1.9586E-06,-0.0461298227310181,0.196938811801374,
,,,-1.9584E-06,0.0208157896995544,0.197440903866664,
,,,-1.9582E-06,0.154707014560699,0.197440903866664,
,,,-1.958E-06,0.0208157896995544,0.196938811801374,
,,,-1.9578E-06,0.0208157896995544,0.196938811801374,
,,,-1.9576E-06,0.087761402130127,0.196938811801374,
,,,-1.9574E-06,0.0208157896995544,0.196269355714321,
,,,-1.9572E-06,-0.0461298227310181,0.196938811801374,
,,,-1.957E-06,0.087761402130127,0.196938811801374,
,,,-1.9568E-06,0.087761402130127,0.196269355714321,
,,,-1.9566E-06,0.0208157896995544,0.196269355714321,
,,,-1.9564E-06,0.087761402130127,0.197106175823137,
,,,-1.9562E-06,0.087761402130127,0.196771447779611,
,,,-1.956E-06,0.0208157896995544,0.196938811801374,
,,,-1.9558E-06,0.0208157896995544,0.196604083757848,
,,,-1.9556E-06,0.0208157896995544,0.196604083757848,
,,,-1.9554E-06,0.087761402130127,0.196938811801374,
,,,-1.9552E-06,0.0208157896995544,0.197440903866664,
,,,-1.955E-06,-0.0461298227310181,0.197440903866664,
,,,-1.9548E-06,-0.0461298227310181,0.1972735398449,
,,,-1.9546E-06,0.0208157896995544,0.196938811801374,
,,,-1.9544E-06,0.0208157896995544,0.196771447779611,
,,,-1.9542E-06,-0.0461298227310181,0.197440903866664,
,,,-1.954E-06,0.087761402130127,0.197106175823137,
,,,-1.9538E-06,-0.0461298227310181,0.196938811801374,
,,,-1.9536E-06,0.087761402130127,0.196101991692558,
,,,-1.9534E-06,0.0208157896995544,0.196436719736084,
,,,-1.9532E-06,0.0208157896995544,0.196771447779611,
,,,-1.953E-06,0.0208157896995544,0.196101991692558,
,,,-1.9528E-06,0.087761402130127,0.196771447779611,
,,,-1.9526E-06,0.0208157896995544,0.196771447779611,
,,,-1.9524E-06,0.087761402130127,0.196604083757848,
,,,-1.9522E-06,0.0208157896995544,0.196771447779611,
,,,-1.952E-06,-0.0461298227310181,0.197106175823137,
,,,-1.9518E-06,0.0208157896995544,0.196938811801374,
,,,-1.9516E-06,0.0208157896995544,0.197106175823137,
,,,-1.9514E-06,0.0208157896995544,0.196436719736084,
,,,-1.9512E-06,0.087761402130127,0.196269355714321,
,,,-1.951E-06,-0.0461298227310181,0.196771447779611,
,,,-1.9508E-06,-0.0461298227310181,0.197106175823137,
,,,-1.9506E-06,0.0208157896995544,0.196604083757848,
,,,-1.9504E-06,0.087761402130127,0.196938811801374,
,,,-1.9502E-06,0.0208157896995544,0.197440903866664,
,,,-1.95E-06,0.087761402130127,0.196269355714321,
,,,-1.9498E-06,-0.0461298227310181,0.196938811801374,
,,,-1.9496E-06,0.0208157896995544,0.196101991692558,
,,,-1.9494E-06,-0.0461298227310181,0.196771447779611,
,,,-1.9492E-06,0.0208157896995544,0.196771447779611,
,,,-1.949E-06,0.0208157896995544,0.196436719736084,
,,,-1.9488E-06,0.0208157896995544,0.197608267888427,
,,,-1.9486E-06,0.0208157896995544,0.196269355714321,
,,,-1.9484E-06,0.0208157896995544,0.196771447779611,
,,,-1.9482E-06,0.0208157896995544,0.196101991692558,
,,,-1.948E-06,0.0208157896995544,0.196269355714321,
,,,-1.9478E-06,-0.113075435161591,0.196269355714321,
,,,-1.9476E-06,0.087761402130127,0.196269355714321,
,,,-1.9474E-06,-0.0461298227310181,0.196604083757848,
,,,-1.9472E-06,0.0208157896995544,0.196604083757848,
,,,-1.947E-06,-0.0461298227310181,0.1972735398449,
,,,-1.9468E-06,-0.0461298227310181,0.196771447779611,
,,,-1.9466E-06,-0.0461298227310181,0.196269355714321,
,,,-1.9464E-06,0.0208157896995544,0.196938811801374,
,,,-1.9462E-06,-0.0461298227310181,0.196771447779611,
,,,-1.946E-06,0.154707014560699,0.196101991692558,
,,,-1.9458E-06,0.0208157896995544,0.196101991692558,
,,,-1.9456E-06,-0.0461298227310181,0.195767263649032,
,,,-1.9454E-06,0.087761402130127,0.196101991692558,
,,,-1.9452E-06,0.0208157896995544,0.195432535605505,
,,,-1.945E-06,-0.0461298227310181,0.195934627670795,
,,,-1.9448E-06,0.154707014560699,0.196938811801374,
,,,-1.9446E-06,-0.0461298227310181,0.196101991692558,
,,,-1.9444E-06,-0.113075435161591,0.196938811801374,
,,,-1.9442E-06,0.087761402130127,0.196771447779611,
,,,-1.944E-06,0.087761402130127,0.196436719736084,
,,,-1.9438E-06,-0.113075435161591,0.196269355714321,
,,,-1.9436E-06,-0.0461298227310181,0.196938811801374,
,,,-1.9434E-06,0.0208157896995544,0.196771447779611,
,,,-1.9432E-06,-0.0461298227310181,0.196604083757848,
,,,-1.943E-06,-0.0461298227310181,0.196938811801374,
,,,-1.9428E-06,-0.113075435161591,0.196436719736084,
,,,-1.9426E-06,0.0208157896995544,0.196101991692558,
,,,-1.9424E-06,0.0208157896995544,0.1972735398449,
,,,-1.9422E-06,-0.0461298227310181,0.196771447779611,
,,,-1.942E-06,-0.0461298227310181,0.196604083757848,
,,,-1.9418E-06,0.0208157896995544,0.197106175823137,
,,,-1.9416E-06,-0.0461298227310181,0.196938811801374,
,,,-1.9414E-06,0.087761402130127,0.195767263649032,
,,,-1.9412E-06,0.0208157896995544,0.196771447779611,
,,,-1.941E-06,-0.0461298227310181,0.196938811801374,
,,,-1.9408E-06,-0.0461298227310181,0.195934627670795,
,,,-1.9406E-06,0.0208157896995544,0.196771447779611,
,,,-1.9404E-06,-0.0461298227310181,0.196436719736084,
,,,-1.9402E-06,-0.113075435161591,0.195432535605505,
,,,-1.94E-06,0.087761402130127,0.196771447779611,
,,,-1.9398E-06,-0.0461298227310181,0.19777563191019,
,,,-1.9396E-06,0.0208157896995544,0.195599899627268,
,,,-1.9394E-06,0.087761402130127,0.196269355714321,
,,,-1.9392E-06,0.0208157896995544,0.19777563191019,
,,,-1.939E-06,0.0208157896995544,0.196436719736084,
,,,-1.9388E-06,0.0208157896995544,0.196436719736084,
,,,-1.9386E-06,0.087761402130127,0.196771447779611,
,,,-1.9384E-06,0.0208157896995544,0.1972735398449,
,,,-1.9382E-06,0.0208157896995544,0.195767263649032,
,,,-1.938E-06,0.0208157896995544,0.197106175823137,
,,,-1.9378E-06,0.0208157896995544,0.196771447779611,
,,,-1.9376E-06,0.0208157896995544,0.196771447779611,
,,,-1.9374E-06,0.0208157896995544,0.197106175823137,
,,,-1.9372E-06,0.087761402130127,0.1972735398449,
,,,-1.937E-06,0.0208157896995544,0.197106175823137,
,,,-1.9368E-06,-0.0461298227310181,0.196436719736084,
,,,-1.9366E-06,0.0208157896995544,0.196938811801374,
,,,-1.9364E-06,0.0208157896995544,0.196938811801374,
,,,-1.9362E-06,-0.0461298227310181,0.197106175823137,
,,,-1.936E-06,-0.0461298227310181,0.196269355714321,
,,,-1.9358E-06,-0.0461298227310181,0.196604083757848,
,,,-1.9356E-06,0.087761402130127,0.196938811801374,
,,,-1.9354E-06,0.087761402130127,0.196269355714321,
,,,-1.9352E-06,0.0208157896995544,0.196938811801374,
,,,-1.935E-06,-0.0461298227310181,0.196604083757848,
,,,-1.9348E-06,0.087761402130127,0.196436719736084,
,,,-1.9346E-06,-0.0461298227310181,0.196771447779611,
,,,-1.9344E-06,0.0208157896995544,0.1972735398449,
,,,-1.9342E-06,-0.0461298227310181,0.196436719736084,
,,,-1.934E-06,-0.0461298227310181,0.197106175823137,
,,,-1.9338E-06,0.0208157896995544,0.1972735398449,
,,,-1.9336E-06,0.087761402130127,0.1972735398449,
,,,-1.9334E-06,0.0208157896995544,0.197106175823137,
,,,-1.9332E-06,0.0208157896995544,0.196938811801374,
,,,-1.933E-06,-0.0461298227310181,0.197106175823137,
,,,-1.9328E-06,-0.0461298227310181,0.197440903866664,
,,,-1.9326E-06,0.0208157896995544,0.1972735398449,
,,,-1.9324E-06,0.0208157896995544,0.196938811801374,
,,,-1.9322E-06,0.0208157896995544,0.1972735398449,
,,,-1.932E-06,0.0208157896995544,0.197440903866664,
,,,-1.9318E-06,0.0208157896995544,0.196938811801374,
,,,-1.9316E-06,0.0208157896995544,0.196269355714321,
,,,-1.9314E-06,0.0208157896995544,0.196436719736084,
,,,-1.9312E-06,0.154707014560699,0.196436719736084,
,,,-1.931E-06,-0.0461298227310181,0.1972735398449,
,,,-1.9308E-06,-0.0461298227310181,0.196771447779611,
,,,-1.9306E-06,0.0208157896995544,0.197106175823137,
,,,-1.9304E-06,-0.0461298227310181,0.196436719736084,
,,,-1.9302E-06,0.0208157896995544,0.1972735398449,
,,,-1.93E-06,0.0208157896995544,0.195767263649032,
,,,-1.9298E-06,0.0208157896995544,0.196938811801374,
,,,-1.9296E-06,0.0208157896995544,0.197440903866664,
,,,-1.9294E-06,-0.0461298227310181,0.196938811801374,
,,,-1.9292E-06,0.0208157896995544,0.196604083757848,
,,,-1.929E-06,0.0208157896995544,0.197608267888427,
,,,-1.9288E-06,0.0208157896995544,0.196771447779611,
,,,-1.9286E-06,-0.0461298227310181,0.196938811801374,
,,,-1.9284E-06,0.087761402130127,0.197608267888427,
,,,-1.9282E-06,-0.0461298227310181,0.197608267888427,
,,,-1.928E-06,0.0208157896995544,0.196771447779611,
,,,-1.9278E-06,0.0208157896995544,0.197608267888427,
,,,-1.9276E-06,0.0208157896995544,0.197440903866664,
,,,-1.9274E-06,-0.0461298227310181,0.196938811801374,
,,,-1.9272E-06,0.087761402130127,0.198110359953716,
,,,-1.927E-06,0.0208157896995544,0.197440903866664,
,,,-1.9268E-06,0.087761402130127,0.195934627670795,
,,,-1.9266E-06,0.0208157896995544,0.196436719736084,
,,,-1.9264E-06,0.0208157896995544,0.197106175823137,
,,,-1.9262E-06,0.0208157896995544,0.196101991692558,
,,,-1.926E-06,0.0208157896995544,0.196269355714321,
,,,-1.9258E-06,0.087761402130127,0.196436719736084,
,,,-1.9256E-06,-0.0461298227310181,0.196771447779611,
,,,-1.9254E-06,-0.0461298227310181,0.1972735398449,
,,,-1.9252E-06,0.087761402130127,0.196269355714321,
,,,-1.925E-06,0.087761402130127,0.1972735398449,
,,,-1.9248E-06,0.0208157896995544,0.197106175823137,
,,,-1.9246E-06,0.087761402130127,0.197106175823137,
,,,-1.9244E-06,-0.113075435161591,0.196604083757848,
,,,-1.9242E-06,0.0208157896995544,0.197106175823137,
,,,-1.924E-06,-0.113075435161591,0.196436719736084,
,,,-1.9238E-06,0.0208157896995544,0.196938811801374,
,,,-1.9236E-06,0.0208157896995544,0.197608267888427,
,,,-1.9234E-06,-0.0461298227310181,0.197440903866664,
,,,-1.9232E-06,0.087761402130127,0.1972735398449,
,,,-1.923E-06,-0.0461298227310181,0.196436719736084,
,,,-1.9228E-06,0.0208157896995544,0.196938811801374,
,,,-1.9226E-06,0.087761402130127,0.196604083757848,
,,,-1.9224E-06,0.0208157896995544,0.196771447779611,
,,,-1.9222E-06,-0.0461298227310181,0.19777563191019,
,,,-1.922E-06,0.087761402130127,0.197440903866664,
,,,-1.9218E-06,-0.0461298227310181,0.19777563191019,
,,,-1.9216E-06,-0.0461298227310181,0.196436719736084,
,,,-1.9214E-06,-0.0461298227310181,0.196771447779611,
,,,-1.9212E-06,0.0208157896995544,0.1972735398449,
,,,-1.921E-06,-0.0461298227310181,0.196436719736084,
,,,-1.9208E-06,0.087761402130127,0.196436719736084,
,,,-1.9206E-06,0.0208157896995544,0.19777563191019,
,,,-1.9204E-06,0.087761402130127,0.196938811801374,
,,,-1.9202E-06,0.0208157896995544,0.1972735398449,
,,,-1.92E-06,0.0208157896995544,0.196938811801374,
,,,-1.9198E-06,0.0208157896995544,0.196938811801374,
,,,-1.9196E-06,0.0208157896995544,0.197440903866664,
,,,-1.9194E-06,-0.0461298227310181,0.197106175823137,
,,,-1.9192E-06,0.0208157896995544,0.197440903866664,
,,,-1.919E-06,-0.0461298227310181,0.197440903866664,
,,,-1.9188E-06,0.0208157896995544,0.197942995931953,
,,,-1.9186E-06,0.0208157896995544,0.196938811801374,
,,,-1.9184E-06,0.087761402130127,0.1972735398449,
,,,-1.9182E-06,-0.0461298227310181,0.197440903866664,
,,,-1.918E-06,0.0208157896995544,0.197106175823137,
,,,-1.9178E-06,-0.0461298227310181,0.19777563191019,
,,,-1.9176E-06,0.0208157896995544,0.196938811801374,
,,,-1.9174E-06,0.0208157896995544,0.196771447779611,
,,,-1.9172E-06,0.0208157896995544,0.197608267888427,
,,,-1.917E-06,-0.0461298227310181,0.197608267888427,
,,,-1.9168E-06,0.087761402130127,0.196771447779611,
,,,-1.9166E-06,-0.113075435161591,0.1972735398449,
,,,-1.9164E-06,0.0208157896995544,0.197608267888427,
,,,-1.9162E-06,0.0208157896995544,0.196771447779611,
,,,-1.916E-06,0.0208157896995544,0.196938811801374,
,,,-1.9158E-06,-0.0461298227310181,0.1972735398449,
,,,-1.9156E-06,0.0208157896995544,0.197440903866664,
,,,-1.9154E-06,-0.0461298227310181,0.197440903866664,
,,,-1.9152E-06,0.0208157896995544,0.196771447779611,
,,,-1.915E-06,0.0208157896995544,0.19827772397548,
,,,-1.9148E-06,-0.0461298227310181,0.197440903866664,
,,,-1.9146E-06,0.0208157896995544,0.196771447779611,
,,,-1.9144E-06,0.087761402130127,0.197440903866664,
,,,-1.9142E-06,0.0208157896995544,0.197942995931953,
,,,-1.914E-06,0.221652626991272,0.197608267888427,
,,,-1.9138E-06,0.0208157896995544,0.197608267888427,
,,,-1.9136E-06,-0.0461298227310181,0.197106175823137,
,,,-1.9134E-06,0.087761402130127,0.196938811801374,
,,,-1.9132E-06,-0.0461298227310181,0.196938811801374,
,,,-1.913E-06,-0.0461298227310181,0.1972735398449,
,,,-1.9128E-06,0.087761402130127,0.197106175823137,
,,,-1.9126E-06,0.0208157896995544,0.196938811801374,
,,,-1.9124E-06,0.0208157896995544,0.197106175823137,
,,,-1.9122E-06,0.087761402130127,0.197440903866664,
,,,-1.912E-06,-0.0461298227310181,0.1972735398449,
,,,-1.9118E-06,-0.0461298227310181,0.197942995931953,
,,,-1.9116E-06,0.0208157896995544,0.1972735398449,
,,,-1.9114E-06,-0.0461298227310181,0.197106175823137,
,,,-1.9112E-06,-0.113075435161591,0.196938811801374,
,,,-1.911E-06,-0.0461298227310181,0.1972735398449,
,,,-1.9108E-06,-0.0461298227310181,0.197440903866664,
,,,-1.9106E-06,-0.0461298227310181,0.196938811801374,
,,,-1.9104E-06,-0.0461298227310181,0.198110359953716,
,,,-1.9102E-06,-0.113075435161591,0.197608267888427,
,,,-1.91E-06,-0.0461298227310181,0.197106175823137,
,,,-1.9098E-06,0.087761402130127,0.197106175823137,
,,,-1.9096E-06,0.0208157896995544,0.196938811801374,
,,,-1.9094E-06,-0.113075435161591,0.196771447779611,
,,,-1.9092E-06,-0.0461298227310181,0.197608267888427,
,,,-1.909E-06,-0.0461298227310181,0.197440903866664,
,,,-1.9088E-06,-0.0461298227310181,0.197608267888427,
,,,-1.9086E-06,-0.113075435161591,0.196771447779611,
,,,-1.9084E-06,-0.0461298227310181,0.197440903866664,
,,,-1.9082E-06,-0.0461298227310181,0.19777563191019,
,,,-1.908E-06,0.0208157896995544,0.196938811801374,
,,,-1.9078E-06,-0.0461298227310181,0.197440903866664,
,,,-1.9076E-06,-0.0461298227310181,0.197942995931953,
,,,-1.9074E-06,-0.0461298227310181,0.19777563191019,
,,,-1.9072E-06,-0.0461298227310181,0.1972735398449,
,,,-1.907E-06,0.087761402130127,0.197608267888427,
,,,-1.9068E-06,-0.0461298227310181,0.19777563191019,
,,,-1.9066E-06,0.0208157896995544,0.1972735398449,
,,,-1.9064E-06,0.0208157896995544,0.197440903866664,
,,,-1.9062E-06,-0.113075435161591,0.196938811801374,
,,,-1.906E-06,-0.0461298227310181,0.197440903866664,
,,,-1.9058E-06,0.0208157896995544,0.197440903866664,
,,,-1.9056E-06,0.0208157896995544,0.197440903866664,
,,,-1.9054E-06,-0.0461298227310181,0.196938811801374,
,,,-1.9052E-06,0.0208157896995544,0.197106175823137,
,,,-1.905E-06,-0.0461298227310181,0.19777563191019,
,,,-1.9048E-06,-0.113075435161591,0.197106175823137,
,,,-1.9046E-06,0.0208157896995544,0.197106175823137,
,,,-1.9044E-06,-0.113075435161591,0.1972735398449,
,,,-1.9042E-06,-0.0461298227310181,0.196938811801374,
,,,-1.904E-06,0.0208157896995544,0.197106175823137,
,,,-1.9038E-06,-0.180021047592163,0.196771447779611,
,,,-1.9036E-06,-0.0461298227310181,0.196604083757848,
,,,-1.9034E-06,0.087761402130127,0.197440903866664,
,,,-1.9032E-06,0.087761402130127,0.196771447779611,
,,,-1.903E-06,-0.0461298227310181,0.196938811801374,
,,,-1.9028E-06,0.087761402130127,0.197440903866664,
,,,-1.9026E-06,-0.0461298227310181,0.196771447779611,
,,,-1.9024E-06,-0.0461298227310181,0.1972735398449,
,,,-1.9022E-06,-0.113075435161591,0.197942995931953,
,,,-1.902E-06,0.087761402130127,0.1972735398449,
,,,-1.9018E-06,0.0208157896995544,0.1972735398449,
,,,-1.9016E-06,0.0208157896995544,0.1972735398449,
,,,-1.9014E-06,-0.0461298227310181,0.197106175823137,
,,,-1.9012E-06,0.087761402130127,0.196771447779611,
,,,-1.901E-06,0.0208157896995544,0.196938811801374,
,,,-1.9008E-06,-0.0461298227310181,0.197106175823137,
,,,-1.9006E-06,0.0208157896995544,0.196938811801374,
,,,-1.9004E-06,-0.0461298227310181,0.196604083757848,
,,,-1.9002E-06,-0.0461298227310181,0.1972735398449,
,,,-1.9E-06,0.087761402130127,0.1972735398449,
,,,-1.8998E-06,-0.0461298227310181,0.197440903866664,
,,,-1.8996E-06,0.0208157896995544,0.1972735398449,
,,,-1.8994E-06,0.0208157896995544,0.197608267888427,
,,,-1.8992E-06,0.0208157896995544,0.196938811801374,
,,,-1.899E-06,-0.0461298227310181,0.197608267888427,
,,,-1.8988E-06,0.0208157896995544,0.196938811801374,
,,,-1.8986E-06,0.0208157896995544,0.197106175823137,
,,,-1.8984E-06,-0.0461298227310181,0.1972735398449,
,,,-1.8982E-06,-0.0461298227310181,0.197608267888427,
,,,-1.898E-06,-0.113075435161591,0.19777563191019,
,,,-1.8978E-06,0.087761402130127,0.19777563191019,
,,,-1.8976E-06,-0.0461298227310181,0.1972735398449,
,,,-1.8974E-06,-0.113075435161591,0.19827772397548,
,,,-1.8972E-06,-0.0461298227310181,0.197608267888427,
,,,-1.897E-06,0.0208157896995544,0.1972735398449,
,,,-1.8968E-06,0.087761402130127,0.1972735398449,
,,,-1.8966E-06,-0.0461298227310181,0.198110359953716,
,,,-1.8964E-06,-0.0461298227310181,0.197440903866664,
,,,-1.8962E-06,-0.113075435161591,0.197440903866664,
,,,-1.896E-06,-0.0461298227310181,0.197608267888427,
,,,-1.8958E-06,-0.180021047592163,0.198110359953716,
,,,-1.8956E-06,0.0208157896995544,0.197106175823137,
,,,-1.8954E-06,0.0208157896995544,0.19777563191019,
,,,-1.8952E-06,0.0208157896995544,0.198110359953716,
,,,-1.895E-06,0.0208157896995544,0.197608267888427,
,,,-1.8948E-06,0.087761402130127,0.1972735398449,
,,,-1.8946E-06,0.0208157896995544,0.198445087997243,
,,,-1.8944E-06,-0.0461298227310181,0.1972735398449,
,,,-1.8942E-06,0.087761402130127,0.197106175823137,
,,,-1.894E-06,-0.0461298227310181,0.19777563191019,
,,,-1.8938E-06,0.087761402130127,0.19827772397548,
,,,-1.8936E-06,0.0208157896995544,0.19777563191019,
,,,-1.8934E-06,-0.0461298227310181,0.19777563191019,
,,,-1.8932E-06,-0.0461298227310181,0.197608267888427,
,,,-1.893E-06,0.0208157896995544,0.19827772397548,
,,,-1.8928E-06,0.0208157896995544,0.19777563191019,
,,,-1.8926E-06,-0.0461298227310181,0.19777563191019,
,,,-1.8924E-06,0.0208157896995544,0.19777563191019,
,,,-1.8922E-06,-0.0461298227310181,0.197106175823137,
,,,-1.892E-06,0.0208157896995544,0.197608267888427,
,,,-1.8918E-06,0.0208157896995544,0.196771447779611,
,,,-1.8916E-06,-0.0461298227310181,0.196436719736084,
,,,-1.8914E-06,0.0208157896995544,0.196938811801374,
,,,-1.8912E-06,0.087761402130127,0.196938811801374,
,,,-1.891E-06,-0.0461298227310181,0.196101991692558,
,,,-1.8908E-06,-0.0461298227310181,0.195934627670795,
,,,-1.8906E-06,0.087761402130127,0.196604083757848,
,,,-1.8904E-06,0.0208157896995544,0.196101991692558,
,,,-1.8902E-06,-0.0461298227310181,0.196604083757848,
,,,-1.89E-06,0.087761402130127,0.197106175823137,
,,,-1.8898E-06,-0.0461298227310181,0.196604083757848,
,,,-1.8896E-06,-0.0461298227310181,0.196436719736084,
,,,-1.8894E-06,0.0208157896995544,0.196604083757848,
,,,-1.8892E-06,0.0208157896995544,0.196938811801374,
,,,-1.889E-06,-0.0461298227310181,0.196938811801374,
,,,-1.8888E-06,0.087761402130127,0.1972735398449,
,,,-1.8886E-06,-0.0461298227310181,0.1972735398449,
,,,-1.8884E-06,0.154707014560699,0.196269355714321,
,,,-1.8882E-06,0.0208157896995544,0.196771447779611,
,,,-1.888E-06,0.0208157896995544,0.19777563191019,
,,,-1.8878E-06,0.087761402130127,0.196604083757848,
,,,-1.8876E-06,-0.0461298227310181,0.196604083757848,
,,,-1.8874E-06,-0.0461298227310181,0.198110359953716,
,,,-1.8872E-06,0.0208157896995544,0.198445087997243,
,,,-1.887E-06,-0.113075435161591,0.196938811801374,
,,,-1.8868E-06,-0.113075435161591,0.19777563191019,
,,,-1.8866E-06,0.0208157896995544,0.197608267888427,
,,,-1.8864E-06,0.087761402130127,0.197106175823137,
,,,-1.8862E-06,-0.113075435161591,0.19777563191019,
,,,-1.886E-06,0.0208157896995544,0.19777563191019,
,,,-1.8858E-06,-0.0461298227310181,0.19777563191019,
,,,-1.8856E-06,0.0208157896995544,0.198110359953716,
,,,-1.8854E-06,-0.0461298227310181,0.197942995931953,
,,,-1.8852E-06,-0.113075435161591,0.19777563191019,
,,,-1.885E-06,0.087761402130127,0.197942995931953,
,,,-1.8848E-06,0.154707014560699,0.197608267888427,
,,,-1.8846E-06,-0.113075435161591,0.197942995931953,
,,,-1.8844E-06,-0.0461298227310181,0.197942995931953,
,,,-1.8842E-06,0.0208157896995544,0.19777563191019,
,,,-1.884E-06,-0.0461298227310181,0.19827772397548,
,,,-1.8838E-06,-0.113075435161591,0.19777563191019,
,,,-1.8836E-06,0.0208157896995544,0.19777563191019,
,,,-1.8834E-06,0.0208157896995544,0.19777563191019,
,,,-1.8832E-06,-0.0461298227310181,0.197608267888427,
,,,-1.883E-06,0.0208157896995544,0.197608267888427,
,,,-1.8828E-06,-0.0461298227310181,0.196938811801374,
,,,-1.8826E-06,0.0208157896995544,0.196604083757848,
,,,-1.8824E-06,0.087761402130127,0.197440903866664,
,,,-1.8822E-06,0.087761402130127,0.197608267888427,
,,,-1.882E-06,0.087761402130127,0.197106175823137,
,,,-1.8818E-06,-0.0461298227310181,0.1972735398449,
,,,-1.8816E-06,0.0208157896995544,0.197440903866664,
,,,-1.8814E-06,0.0208157896995544,0.196938811801374,
,,,-1.8812E-06,-0.0461298227310181,0.196771447779611,
,,,-1.881E-06,-0.0461298227310181,0.1972735398449,
,,,-1.8808E-06,0.0208157896995544,0.196938811801374,
,,,-1.8806E-06,-0.113075435161591,0.197106175823137,
,,,-1.8804E-06,0.087761402130127,0.196938811801374,
,,,-1.8802E-06,0.0208157896995544,0.196938811801374,
,,,-1.88E-06,0.0208157896995544,0.196938811801374,
,,,-1.8798E-06,-0.0461298227310181,0.1972735398449,
,,,-1.8796E-06,0.0208157896995544,0.196604083757848,
,,,-1.8794E-06,-0.0461298227310181,0.196771447779611,
,,,-1.8792E-06,-0.0461298227310181,0.1972735398449,
,,,-1.879E-06,0.0208157896995544,0.197106175823137,
,,,-1.8788E-06,0.0208157896995544,0.197106175823137,
,,,-1.8786E-06,-0.113075435161591,0.196938811801374,
,,,-1.8784E-06,0.087761402130127,0.197608267888427,
,,,-1.8782E-06,0.0208157896995544,0.1972735398449,
,,,-1.878E-06,-0.0461298227310181,0.197440903866664,
,,,-1.8778E-06,0.0208157896995544,0.196938811801374,
,,,-1.8776E-06,0.0208157896995544,0.197440903866664,
,,,-1.8774E-06,-0.0461298227310181,0.1972735398449,
,,,-1.8772E-06,0.0208157896995544,0.19777563191019,
,,,-1.877E-06,-0.0461298227310181,0.197942995931953,
,,,-1.8768E-06,0.0208157896995544,0.197942995931953,
,,,-1.8766E-06,-0.0461298227310181,0.197440903866664,
,,,-1.8764E-06,-0.113075435161591,0.197608267888427,
,,,-1.8762E-06,-0.0461298227310181,0.198110359953716,
,,,-1.876E-06,0.0208157896995544,0.197440903866664,
,,,-1.8758E-06,-0.0461298227310181,0.19777563191019,
,,,-1.8756E-06,0.0208157896995544,0.197608267888427,
,,,-1.8754E-06,0.087761402130127,0.197440903866664,
,,,-1.8752E-06,-0.113075435161591,0.197106175823137,
,,,-1.875E-06,0.087761402130127,0.197440903866664,
,,,-1.8748E-06,-0.0461298227310181,0.198110359953716,
,,,-1.8746E-06,-0.0461298227310181,0.197608267888427,
,,,-1.8744E-06,0.0208157896995544,0.19777563191019,
,,,-1.8742E-06,-0.0461298227310181,0.197440903866664,
,,,-1.874E-06,0.0208157896995544,0.197608267888427,
,,,-1.8738E-06,-0.0461298227310181,0.197608267888427,
,,,-1.8736E-06,0.087761402130127,0.1972735398449,
,,,-1.8734E-06,0.0208157896995544,0.196938811801374,
,,,-1.8732E-06,0.0208157896995544,0.197106175823137,
,,,-1.873E-06,0.0208157896995544,0.197106175823137,
,,,-1.8728E-06,0.0208157896995544,0.196604083757848,
,,,-1.8726E-06,0.0208157896995544,0.196604083757848,
,,,-1.8724E-06,-0.113075435161591,0.197106175823137,
,,,-1.8722E-06,-0.0461298227310181,0.196938811801374,
,,,-1.872E-06,0.0208157896995544,0.19777563191019,
,,,-1.8718E-06,-0.113075435161591,0.196604083757848,
,,,-1.8716E-06,0.0208157896995544,0.1972735398449,
,,,-1.8714E-06,0.087761402130127,0.196436719736084,
,,,-1.8712E-06,-0.0461298227310181,0.1972735398449,
,,,-1.871E-06,-0.113075435161591,0.19777563191019,
,,,-1.8708E-06,-0.0461298227310181,0.197440903866664,
,,,-1.8706E-06,0.0208157896995544,0.197106175823137,
,,,-1.8704E-06,0.0208157896995544,0.196771447779611,
,,,-1.8702E-06,0.0208157896995544,0.19777563191019,
,,,-1.87E-06,-0.113075435161591,0.1972735398449,
,,,-1.8698E-06,-0.0461298227310181,0.197440903866664,
,,,-1.8696E-06,0.0208157896995544,0.1972735398449,
,,,-1.8694E-06,0.087761402130127,0.1972735398449,
,,,-1.8692E-06,0.087761402130127,0.197608267888427,
,,,-1.869E-06,0.0208157896995544,0.197440903866664,
,,,-1.8688E-06,-0.0461298227310181,0.19827772397548,
,,,-1.8686E-06,-0.0461298227310181,0.197106175823137,
,,,-1.8684E-06,0.0208157896995544,0.198110359953716,
,,,-1.8682E-06,0.0208157896995544,0.197942995931953,
,,,-1.868E-06,-0.0461298227310181,0.198612452019006,
,,,-1.8678E-06,-0.0461298227310181,0.197608267888427,
,,,-1.8676E-06,0.0208157896995544,0.19777563191019,
,,,-1.8674E-06,0.0208157896995544,0.198779816040769,
,,,-1.8672E-06,0.0208157896995544,0.198612452019006,
,,,-1.867E-06,-0.0461298227310181,0.197440903866664,
,,,-1.8668E-06,0.0208157896995544,0.19777563191019,
,,,-1.8666E-06,0.0208157896995544,0.198612452019006,
,,,-1.8664E-06,0.0208157896995544,0.197608267888427,
,,,-1.8662E-06,-0.0461298227310181,0.19777563191019,
,,,-1.866E-06,-0.0461298227310181,0.19777563191019,
,,,-1.8658E-06,0.0208157896995544,0.19777563191019,
,,,-1.8656E-06,0.0208157896995544,0.198110359953716,
,,,-1.8654E-06,-0.0461298227310181,0.19827772397548,
,,,-1.8652E-06,-0.0461298227310181,0.197942995931953,
,,,-1.865E-06,0.0208157896995544,0.197440903866664,
,,,-1.8648E-06,0.0208157896995544,0.197608267888427,
,,,-1.8646E-06,-0.0461298227310181,0.19777563191019,
,,,-1.8644E-06,0.087761402130127,0.196604083757848,
,,,-1.8642E-06,-0.113075435161591,0.197440903866664,
,,,-1.864E-06,-0.113075435161591,0.196938811801374,
,,,-1.8638E-06,0.0208157896995544,0.197440903866664,
,,,-1.8636E-06,-0.0461298227310181,0.197608267888427,
,,,-1.8634E-06,-0.113075435161591,0.1972735398449,
,,,-1.8632E-06,0.0208157896995544,0.197106175823137,
,,,-1.863E-06,-0.0461298227310181,0.197106175823137,
,,,-1.8628E-06,0.0208157896995544,0.197440903866664,
,,,-1.8626E-06,0.0208157896995544,0.1972735398449,
,,,-1.8624E-06,-0.0461298227310181,0.196771447779611,
,,,-1.8622E-06,0.0208157896995544,0.1972735398449,
,,,-1.862E-06,-0.0461298227310181,0.196436719736084,
,,,-1.8618E-06,-0.0461298227310181,0.196938811801374,
,,,-1.8616E-06,0.0208157896995544,0.1972735398449,
,,,-1.8614E-06,-0.0461298227310181,0.19777563191019,
,,,-1.8612E-06,-0.0461298227310181,0.197106175823137,
,,,-1.861E-06,0.0208157896995544,0.196269355714321,
,,,-1.8608E-06,0.0208157896995544,0.1972735398449,
,,,-1.8606E-06,-0.0461298227310181,0.1972735398449,
,,,-1.8604E-06,-0.113075435161591,0.196771447779611,
,,,-1.8602E-06,0.0208157896995544,0.196771447779611,
,,,-1.86E-06,-0.113075435161591,0.197106175823137,
,,,-1.8598E-06,-0.0461298227310181,0.196604083757848,
,,,-1.8596E-06,0.0208157896995544,0.196938811801374,
,,,-1.8594E-06,0.0208157896995544,0.1972735398449,
,,,-1.8592E-06,-0.0461298227310181,0.197608267888427,
,,,-1.859E-06,-0.0461298227310181,0.197440903866664,
,,,-1.8588E-06,0.0208157896995544,0.19827772397548,
,,,-1.8586E-06,0.0208157896995544,0.197440903866664,
,,,-1.8584E-06,-0.0461298227310181,0.197608267888427,
,,,-1.8582E-06,-0.113075435161591,0.19777563191019,
,,,-1.858E-06,0.0208157896995544,0.19777563191019,
,,,-1.8578E-06,-0.0461298227310181,0.197942995931953,
,,,-1.8576E-06,0.0208157896995544,0.198445087997243,
,,,-1.8574E-06,0.0208157896995544,0.198947180062532,
,,,-1.8572E-06,-0.0461298227310181,0.198445087997243,
,,,-1.857E-06,-0.0461298227310181,0.198612452019006,
,,,-1.8568E-06,0.0208157896995544,0.198110359953716,
,,,-1.8566E-06,0.0208157896995544,0.198445087997243,
,,,-1.8564E-06,0.087761402130127,0.19777563191019,
,,,-1.8562E-06,0.0208157896995544,0.198110359953716,
,,,-1.856E-06,-0.0461298227310181,0.197942995931953,
,,,-1.8558E-06,0.0208157896995544,0.1972735398449,
,,,-1.8556E-06,-0.0461298227310181,0.197440903866664,
,,,-1.8554E-06,0.0208157896995544,0.198110359953716,
,,,-1.8552E-06,0.0208157896995544,0.1972735398449,
,,,-1.855E-06,-0.113075435161591,0.196938811801374,
,,,-1.8548E-06,0.0208157896995544,0.196938811801374,
,,,-1.8546E-06,0.087761402130127,0.197440903866664,
,,,-1.8544E-06,0.0208157896995544,0.196604083757848,
,,,-1.8542E-06,0.0208157896995544,0.1972735398449,
,,,-1.854E-06,0.0208157896995544,0.197106175823137,
,,,-1.8538E-06,0.0208157896995544,0.197608267888427,
,,,-1.8536E-06,-0.0461298227310181,0.197106175823137,
,,,-1.8534E-06,0.0208157896995544,0.197440903866664,
,,,-1.8532E-06,0.0208157896995544,0.1972735398449,
,,,-1.853E-06,0.0208157896995544,0.1972735398449,
,,,-1.8528E-06,0.087761402130127,0.1972735398449,
,,,-1.8526E-06,-0.0461298227310181,0.197608267888427,
,,,-1.8524E-06,0.087761402130127,0.196771447779611,
,,,-1.8522E-06,0.0208157896995544,0.197440903866664,
,,,-1.852E-06,0.0208157896995544,0.1972735398449,
,,,-1.8518E-06,-0.0461298227310181,0.197106175823137,
,,,-1.8516E-06,0.0208157896995544,0.196604083757848,
,,,-1.8514E-06,-0.0461298227310181,0.1972735398449,
,,,-1.8512E-06,-0.113075435161591,0.196771447779611,
,,,-1.851E-06,-0.0461298227310181,0.196436719736084,
,,,-1.8508E-06,0.0208157896995544,0.196436719736084,
,,,-1.8506E-06,0.0208157896995544,0.196101991692558,
,,,-1.8504E-06,0.087761402130127,0.195767263649032,
,,,-1.8502E-06,-0.0461298227310181,0.196938811801374,
,,,-1.85E-06,0.087761402130127,0.196771447779611,
,,,-1.8498E-06,0.0208157896995544,0.196269355714321,
,,,-1.8496E-06,0.0208157896995544,0.196938811801374,
,,,-1.8494E-06,0.0208157896995544,0.19777563191019,
,,,-1.8492E-06,0.0208157896995544,0.196771447779611,
,,,-1.849E-06,0.0208157896995544,0.1972735398449,
,,,-1.8488E-06,0.087761402130127,0.196938811801374,
,,,-1.8486E-06,-0.0461298227310181,0.196771447779611,
,,,-1.8484E-06,0.0208157896995544,0.196771447779611,
,,,-1.8482E-06,-0.0461298227310181,0.1972735398449,
,,,-1.848E-06,0.087761402130127,0.197440903866664,
,,,-1.8478E-06,-0.0461298227310181,0.197942995931953,
,,,-1.8476E-06,0.087761402130127,0.196938811801374,
,,,-1.8474E-06,0.0208157896995544,0.196604083757848,
,,,-1.8472E-06,-0.0461298227310181,0.196269355714321,
,,,-1.847E-06,-0.0461298227310181,0.197440903866664,
,,,-1.8468E-06,0.0208157896995544,0.197106175823137,
,,,-1.8466E-06,0.0208157896995544,0.197440903866664,
,,,-1.8464E-06,0.0208157896995544,0.197608267888427,
,,,-1.8462E-06,-0.0461298227310181,0.196771447779611,
,,,-1.846E-06,-0.0461298227310181,0.196436719736084,
,,,-1.8458E-06,0.0208157896995544,0.197942995931953,
,,,-1.8456E-06,-0.0461298227310181,0.197106175823137,
,,,-1.8454E-06,-0.0461298227310181,0.197106175823137,
,,,-1.8452E-06,-0.0461298227310181,0.19777563191019,
,,,-1.845E-06,-0.113075435161591,0.197440903866664,
,,,-1.8448E-06,0.0208157896995544,0.197106175823137,
,,,-1.8446E-06,-0.0461298227310181,0.1972735398449,
,,,-1.8444E-06,-0.0461298227310181,0.197942995931953,
,,,-1.8442E-06,-0.0461298227310181,0.19827772397548,
,,,-1.844E-06,0.087761402130127,0.198110359953716,
,,,-1.8438E-06,0.0208157896995544,0.19777563191019,
,,,-1.8436E-06,0.087761402130127,0.1972735398449,
,,,-1.8434E-06,0.0208157896995544,0.197440903866664,
,,,-1.8432E-06,0.0208157896995544,0.197106175823137,
,,,-1.843E-06,0.0208157896995544,0.19827772397548,
,,,-1.8428E-06,0.0208157896995544,0.198110359953716,
,,,-1.8426E-06,0.0208157896995544,0.1972735398449,
,,,-1.8424E-06,-0.0461298227310181,0.19827772397548,
,,,-1.8422E-06,-0.113075435161591,0.198779816040769,
,,,-1.842E-06,-0.0461298227310181,0.19777563191019,
,,,-1.8418E-06,0.0208157896995544,0.197608267888427,
,,,-1.8416E-06,0.087761402130127,0.19777563191019,
,,,-1.8414E-06,0.0208157896995544,0.19777563191019,
,,,-1.8412E-06,0.0208157896995544,0.197608267888427,
,,,-1.841E-06,-0.0461298227310181,0.197440903866664,
,,,-1.8408E-06,-0.113075435161591,0.1972735398449,
,,,-1.8406E-06,0.0208157896995544,0.197440903866664,
,,,-1.8404E-06,0.0208157896995544,0.197942995931953,
,,,-1.8402E-06,-0.113075435161591,0.1972735398449,
,,,-1.84E-06,0.087761402130127,0.197608267888427,
,,,-1.8398E-06,-0.0461298227310181,0.19777563191019,
,,,-1.8396E-06,-0.0461298227310181,0.197106175823137,
,,,-1.8394E-06,0.0208157896995544,0.196938811801374,
,,,-1.8392E-06,0.0208157896995544,0.19777563191019,
,,,-1.839E-06,-0.0461298227310181,0.19777563191019,
,,,-1.8388E-06,0.0208157896995544,0.196604083757848,
,,,-1.8386E-06,-0.0461298227310181,0.197106175823137,
,,,-1.8384E-06,-0.113075435161591,0.1972735398449,
,,,-1.8382E-06,-0.0461298227310181,0.196771447779611,
,,,-1.838E-06,0.0208157896995544,0.196436719736084,
,,,-1.8378E-06,0.0208157896995544,0.197106175823137,
,,,-1.8376E-06,0.087761402130127,0.196771447779611,
,,,-1.8374E-06,0.0208157896995544,0.196771447779611,
,,,-1.8372E-06,0.0208157896995544,0.196436719736084,
,,,-1.837E-06,0.0208157896995544,0.196771447779611,
,,,-1.8368E-06,-0.0461298227310181,0.196938811801374,
,,,-1.8366E-06,0.221652626991272,0.196101991692558,
,,,-1.8364E-06,0.0208157896995544,0.196938811801374,
,,,-1.8362E-06,-0.0461298227310181,0.197106175823137,
,,,-1.836E-06,-0.0461298227310181,0.196771447779611,
,,,-1.8358E-06,-0.0461298227310181,0.196604083757848,
,,,-1.8356E-06,0.0208157896995544,0.196604083757848,
,,,-1.8354E-06,0.087761402130127,0.197106175823137,
,,,-1.8352E-06,0.0208157896995544,0.196938811801374,
,,,-1.835E-06,-0.0461298227310181,0.1972735398449,
,,,-1.8348E-06,0.087761402130127,0.196604083757848,
,,,-1.8346E-06,0.0208157896995544,0.196771447779611,
,,,-1.8344E-06,0.0208157896995544,0.195934627670795,
,,,-1.8342E-06,-0.0461298227310181,0.196938811801374,
,,,-1.834E-06,0.0208157896995544,0.197106175823137,
,,,-1.8338E-06,-0.0461298227310181,0.196771447779611,
,,,-1.8336E-06,0.087761402130127,0.1972735398449,
,,,-1.8334E-06,-0.0461298227310181,0.197608267888427,
,,,-1.8332E-06,-0.0461298227310181,0.197440903866664,
,,,-1.833E-06,0.0208157896995544,0.196938811801374,
,,,-1.8328E-06,0.0208157896995544,0.1972735398449,
,,,-1.8326E-06,-0.0461298227310181,0.196938811801374,
,,,-1.8324E-06,0.0208157896995544,0.19777563191019,
,,,-1.8322E-06,-0.0461298227310181,0.1972735398449,
,,,-1.832E-06,-0.0461298227310181,0.197440903866664,
,,,-1.8318E-06,-0.0461298227310181,0.197440903866664,
,,,-1.8316E-06,-0.113075435161591,0.198445087997243,
,,,-1.8314E-06,-0.0461298227310181,0.198110359953716,
,,,-1.8312E-06,0.087761402130127,0.1972735398449,
,,,-1.831E-06,-0.0461298227310181,0.197608267888427,
,,,-1.8308E-06,0.154707014560699,0.198110359953716,
,,,-1.8306E-06,0.087761402130127,0.197608267888427,
,,,-1.8304E-06,0.0208157896995544,0.196938811801374,
,,,-1.8302E-06,0.087761402130127,0.197608267888427,
,,,-1.83E-06,-0.0461298227310181,0.197106175823137,
,,,-1.8298E-06,0.087761402130127,0.196771447779611,
,,,-1.8296E-06,0.087761402130127,0.197106175823137,
,,,-1.8294E-06,-0.113075435161591,0.196604083757848,
,,,-1.8292E-06,0.0208157896995544,0.196938811801374,
,,,-1.829E-06,0.087761402130127,0.196604083757848,
,,,-1.8288E-06,0.087761402130127,0.196436719736084,
,,,-1.8286E-06,0.0208157896995544,0.196436719736084,
,,,-1.8284E-06,0.087761402130127,0.196604083757848,
,,,-1.8282E-06,-0.0461298227310181,0.1972735398449,
,,,-1.828E-06,0.0208157896995544,0.196436719736084,
,,,-1.8278E-06,0.0208157896995544,0.197106175823137,
,,,-1.8276E-06,-0.113075435161591,0.196771447779611,
,,,-1.8274E-06,0.0208157896995544,0.197106175823137,
,,,-1.8272E-06,0.087761402130127,0.196436719736084,
,,,-1.827E-06,-0.113075435161591,0.196101991692558,
,,,-1.8268E-06,-0.0461298227310181,0.196604083757848,
,,,-1.8266E-06,0.0208157896995544,0.197106175823137,
,,,-1.8264E-06,0.0208157896995544,0.196269355714321,
,,,-1.8262E-06,-0.113075435161591,0.196436719736084,
,,,-1.826E-06,0.0208157896995544,0.196604083757848,
,,,-1.8258E-06,0.0208157896995544,0.196436719736084,
,,,-1.8256E-06,0.0208157896995544,0.196938811801374,
,,,-1.8254E-06,0.0208157896995544,0.19777563191019,
,,,-1.8252E-06,0.0208157896995544,0.196938811801374,
,,,-1.825E-06,-0.180021047592163,0.197440903866664,
,,,-1.8248E-06,0.0208157896995544,0.197440903866664,
,,,-1.8246E-06,0.0208157896995544,0.197608267888427,
,,,-1.8244E-06,0.0208157896995544,0.197106175823137,
,,,-1.8242E-06,0.0208157896995544,0.1972735398449,
,,,-1.824E-06,-0.0461298227310181,0.196604083757848,
,,,-1.8238E-06,0.0208157896995544,0.197440903866664,
,,,-1.8236E-06,-0.113075435161591,0.1972735398449,
,,,-1.8234E-06,0.0208157896995544,0.197608267888427,
,,,-1.8232E-06,0.0208157896995544,0.19777563191019,
,,,-1.823E-06,0.0208157896995544,0.197608267888427,
,,,-1.8228E-06,0.0208157896995544,0.1972735398449,
,,,-1.8226E-06,0.0208157896995544,0.1972735398449,
,,,-1.8224E-06,0.0208157896995544,0.197608267888427,
,,,-1.8222E-06,-0.0461298227310181,0.197608267888427,
,,,-1.822E-06,0.0208157896995544,0.1972735398449,
,,,-1.8218E-06,-0.0461298227310181,0.197942995931953,
,,,-1.8216E-06,-0.0461298227310181,0.19777563191019,
,,,-1.8214E-06,0.087761402130127,0.197608267888427,
,,,-1.8212E-06,0.0208157896995544,0.197106175823137,
,,,-1.821E-06,0.0208157896995544,0.1972735398449,
,,,-1.8208E-06,0.087761402130127,0.197106175823137,
,,,-1.8206E-06,-0.113075435161591,0.196771447779611,
,,,-1.8204E-06,-0.0461298227310181,0.196771447779611,
,,,-1.8202E-06,0.0208157896995544,0.1972735398449,
,,,-1.82E-06,0.087761402130127,0.1972735398449,
,,,-1.8198E-06,-0.0461298227310181,0.196604083757848,
,,,-1.8196E-06,-0.0461298227310181,0.196436719736084,
,,,-1.8194E-06,-0.0461298227310181,0.197106175823137,
,,,-1.8192E-06,-0.0461298227310181,0.196101991692558,
,,,-1.819E-06,-0.113075435161591,0.196771447779611,
,,,-1.8188E-06,0.0208157896995544,0.196938811801374,
,,,-1.8186E-06,0.0208157896995544,0.196604083757848,
,,,-1.8184E-06,0.0208157896995544,0.196604083757848,
,,,-1.8182E-06,-0.0461298227310181,0.197440903866664,
,,,-1.818E-06,0.087761402130127,0.196771447779611,
,,,-1.8178E-06,-0.0461298227310181,0.196436719736084,
,,,-1.8176E-06,-0.180021047592163,0.1972735398449,
,,,-1.8174E-06,0.087761402130127,0.197440903866664,
,,,-1.8172E-06,0.087761402130127,0.196938811801374,
,,,-1.817E-06,-0.0461298227310181,0.196101991692558,
,,,-1.8168E-06,-0.0461298227310181,0.196938811801374,
,,,-1.8166E-06,0.0208157896995544,0.196938811801374,
,,,-1.8164E-06,0.087761402130127,0.196269355714321,
,,,-1.8162E-06,0.0208157896995544,0.197440903866664,
,,,-1.816E-06,0.087761402130127,0.196604083757848,
,,,-1.8158E-06,0.0208157896995544,0.197106175823137,
,,,-1.8156E-06,0.087761402130127,0.197106175823137,
,,,-1.8154E-06,0.0208157896995544,0.196771447779611,
,,,-1.8152E-06,0.0208157896995544,0.196938811801374,
,,,-1.815E-06,-0.0461298227310181,0.196269355714321,
,,,-1.8148E-06,-0.113075435161591,0.196604083757848,
,,,-1.8146E-06,-0.0461298227310181,0.197106175823137,
,,,-1.8144E-06,0.0208157896995544,0.196436719736084,
,,,-1.8142E-06,-0.0461298227310181,0.196771447779611,
,,,-1.814E-06,0.0208157896995544,0.196269355714321,
,,,-1.8138E-06,0.0208157896995544,0.1972735398449,
,,,-1.8136E-06,-0.0461298227310181,0.196771447779611,
,,,-1.8134E-06,-0.0461298227310181,0.197106175823137,
,,,-1.8132E-06,0.0208157896995544,0.196604083757848,
,,,-1.813E-06,-0.0461298227310181,0.197440903866664,
,,,-1.8128E-06,0.0208157896995544,0.197106175823137,
,,,-1.8126E-06,-0.113075435161591,0.1972735398449,
,,,-1.8124E-06,0.0208157896995544,0.197440903866664,
,,,-1.8122E-06,-0.0461298227310181,0.1972735398449,
,,,-1.812E-06,0.087761402130127,0.196771447779611,
,,,-1.8118E-06,0.0208157896995544,0.196604083757848,
,,,-1.8116E-06,0.087761402130127,0.196938811801374,
,,,-1.8114E-06,0.0208157896995544,0.196101991692558,
,,,-1.8112E-06,-0.0461298227310181,0.197106175823137,
,,,-1.811E-06,0.087761402130127,0.197440903866664,
,,,-1.8108E-06,-0.0461298227310181,0.196101991692558,
,,,-1.8106E-06,-0.0461298227310181,0.196938811801374,
,,,-1.8104E-06,-0.0461298227310181,0.197440903866664,
,,,-1.8102E-06,-0.0461298227310181,0.196771447779611,
,,,-1.81E-06,-0.0461298227310181,0.195599899627268,
,,,-1.8098E-06,0.0208157896995544,0.196436719736084,
,,,-1.8096E-06,0.087761402130127,0.1972735398449,
,,,-1.8094E-06,-0.113075435161591,0.196604083757848,
,,,-1.8092E-06,-0.0461298227310181,0.196771447779611,
,,,-1.809E-06,-0.0461298227310181,0.1972735398449,
,,,-1.8088E-06,0.0208157896995544,0.196771447779611,
,,,-1.8086E-06,0.0208157896995544,0.196436719736084,
,,,-1.8084E-06,-0.0461298227310181,0.197106175823137,
,,,-1.8082E-06,-0.0461298227310181,0.196436719736084,
,,,-1.808E-06,0.0208157896995544,0.197106175823137,
,,,-1.8078E-06,-0.113075435161591,0.196604083757848,
,,,-1.8076E-06,0.0208157896995544,0.196269355714321,
,,,-1.8074E-06,0.0208157896995544,0.196604083757848,
,,,-1.8072E-06,0.0208157896995544,0.196101991692558,
,,,-1.807E-06,-0.0461298227310181,0.196771447779611,
,,,-1.8068E-06,-0.0461298227310181,0.196436719736084,
,,,-1.8066E-06,-0.0461298227310181,0.196604083757848,
,,,-1.8064E-06,-0.0461298227310181,0.196604083757848,
,,,-1.8062E-06,-0.0461298227310181,0.197106175823137,
,,,-1.806E-06,-0.0461298227310181,0.196269355714321,
,,,-1.8058E-06,-0.113075435161591,0.196604083757848,
,,,-1.8056E-06,0.0208157896995544,0.196269355714321,
,,,-1.8054E-06,-0.0461298227310181,0.196771447779611,
,,,-1.8052E-06,0.0208157896995544,0.196771447779611,
,,,-1.805E-06,0.0208157896995544,0.196604083757848,
,,,-1.8048E-06,0.0208157896995544,0.196436719736084,
,,,-1.8046E-06,0.087761402130127,0.196771447779611,
,,,-1.8044E-06,0.0208157896995544,0.196938811801374,
,,,-1.8042E-06,0.0208157896995544,0.197106175823137,
,,,-1.804E-06,0.0208157896995544,0.197106175823137,
,,,-1.8038E-06,0.0208157896995544,0.196771447779611,
,,,-1.8036E-06,0.0208157896995544,0.197440903866664,
,,,-1.8034E-06,0.0208157896995544,0.197440903866664,
,,,-1.8032E-06,0.087761402130127,0.196604083757848,
,,,-1.803E-06,0.0208157896995544,0.196938811801374,
,,,-1.8028E-06,0.0208157896995544,0.197440903866664,
,,,-1.8026E-06,0.0208157896995544,0.197106175823137,
,,,-1.8024E-06,0.0208157896995544,0.196269355714321,
,,,-1.8022E-06,0.0208157896995544,0.197942995931953,
,,,-1.802E-06,-0.113075435161591,0.197106175823137,
,,,-1.8018E-06,0.087761402130127,0.196771447779611,
,,,-1.8016E-06,0.087761402130127,0.196771447779611,
,,,-1.8014E-06,-0.0461298227310181,0.196938811801374,
,,,-1.8012E-06,-0.0461298227310181,0.196436719736084,
,,,-1.801E-06,0.0208157896995544,0.196771447779611,
,,,-1.8008E-06,-0.0461298227310181,0.197106175823137,
,,,-1.8006E-06,0.0208157896995544,0.196771447779611,
,,,-1.8004E-06,-0.0461298227310181,0.196938811801374,
,,,-1.8002E-06,-0.0461298227310181,0.197440903866664,
,,,-1.8E-06,-0.113075435161591,0.1972735398449,
,,,-1.7998E-06,-0.113075435161591,0.196938811801374,
,,,-1.7996E-06,0.0208157896995544,0.196604083757848,
,,,-1.7994E-06,0.0208157896995544,0.196938811801374,
,,,-1.7992E-06,0.0208157896995544,0.196938811801374,
,,,-1.799E-06,0.0208157896995544,0.196771447779611,
,,,-1.7988E-06,0.087761402130127,0.196436719736084,
,,,-1.7986E-06,-0.0461298227310181,0.196269355714321,
,,,-1.7984E-06,-0.0461298227310181,0.196771447779611,
,,,-1.7982E-06,0.087761402130127,0.196604083757848,
,,,-1.798E-06,-0.0461298227310181,0.197106175823137,
,,,-1.7978E-06,-0.0461298227310181,0.197106175823137,
,,,-1.7976E-06,0.0208157896995544,0.197106175823137,
,,,-1.7974E-06,0.0208157896995544,0.196771447779611,
,,,-1.7972E-06,0.0208157896995544,0.196938811801374,
,,,-1.797E-06,-0.113075435161591,0.197106175823137,
,,,-1.7968E-06,0.087761402130127,0.196771447779611,
,,,-1.7966E-06,-0.113075435161591,0.196771447779611,
,,,-1.7964E-06,0.0208157896995544,0.197608267888427,
,,,-1.7962E-06,0.0208157896995544,0.197440903866664,
,,,-1.796E-06,-0.0461298227310181,0.1972735398449,
,,,-1.7958E-06,-0.0461298227310181,0.197440903866664,
,,,-1.7956E-06,0.0208157896995544,0.196938811801374,
,,,-1.7954E-06,-0.0461298227310181,0.197942995931953,
,,,-1.7952E-06,0.087761402130127,0.197440903866664,
,,,-1.795E-06,-0.113075435161591,0.196604083757848,
,,,-1.7948E-06,-0.0461298227310181,0.196938811801374,
,,,-1.7946E-06,0.0208157896995544,0.19777563191019,
,,,-1.7944E-06,0.0208157896995544,0.196771447779611,
,,,-1.7942E-06,-0.113075435161591,0.19777563191019,
,,,-1.794E-06,0.0208157896995544,0.196938811801374,
,,,-1.7938E-06,-0.0461298227310181,0.197440903866664,
,,,-1.7936E-06,-0.113075435161591,0.196771447779611,
,,,-1.7934E-06,-0.0461298227310181,0.196436719736084,
,,,-1.7932E-06,0.0208157896995544,0.196771447779611,
,,,-1.793E-06,-0.0461298227310181,0.196938811801374,
,,,-1.7928E-06,0.0208157896995544,0.1972735398449,
,,,-1.7926E-06,-0.0461298227310181,0.197440903866664,
,,,-1.7924E-06,0.0208157896995544,0.19827772397548,
,,,-1.7922E-06,0.087761402130127,0.196938811801374,
,,,-1.792E-06,-0.0461298227310181,0.196604083757848,
,,,-1.7918E-06,0.0208157896995544,0.1972735398449,
,,,-1.7916E-06,-0.0461298227310181,0.197106175823137,
,,,-1.7914E-06,0.0208157896995544,0.196436719736084,
,,,-1.7912E-06,0.0208157896995544,0.197106175823137,
,,,-1.791E-06,-0.113075435161591,0.197106175823137,
,,,-1.7908E-06,0.0208157896995544,0.196771447779611,
,,,-1.7906E-06,0.0208157896995544,0.197608267888427,
,,,-1.7904E-06,0.0208157896995544,0.196771447779611,
,,,-1.7902E-06,-0.0461298227310181,0.197440903866664,
,,,-1.79E-06,-0.0461298227310181,0.196269355714321,
,,,-1.7898E-06,-0.0461298227310181,0.196604083757848,
,,,-1.7896E-06,0.0208157896995544,0.196436719736084,
,,,-1.7894E-06,0.087761402130127,0.196604083757848,
,,,-1.7892E-06,-0.113075435161591,0.196101991692558,
,,,-1.789E-06,-0.0461298227310181,0.196938811801374,
,,,-1.7888E-06,0.087761402130127,0.197106175823137,
,,,-1.7886E-06,-0.113075435161591,0.196604083757848,
,,,-1.7884E-06,-0.113075435161591,0.196604083757848,
,,,-1.7882E-06,0.0208157896995544,0.196101991692558,
,,,-1.788E-06,0.0208157896995544,0.196771447779611,
,,,-1.7878E-06,-0.0461298227310181,0.1972735398449,
,,,-1.7876E-06,0.087761402130127,0.196771447779611,
,,,-1.7874E-06,-0.0461298227310181,0.197608267888427,
,,,-1.7872E-06,0.0208157896995544,0.197440903866664,
,,,-1.787E-06,0.0208157896995544,0.1972735398449,
,,,-1.7868E-06,0.0208157896995544,0.196938811801374,
,,,-1.7866E-06,0.0208157896995544,0.196938811801374,
,,,-1.7864E-06,0.087761402130127,0.196771447779611,
,,,-1.7862E-06,0.0208157896995544,0.196771447779611,
,,,-1.786E-06,0.154707014560699,0.196938811801374,
,,,-1.7858E-06,0.0208157896995544,0.196771447779611,
,,,-1.7856E-06,-0.0461298227310181,0.197106175823137,
,,,-1.7854E-06,0.087761402130127,0.196938811801374,
,,,-1.7852E-06,0.0208157896995544,0.1972735398449,
,,,-1.785E-06,0.0208157896995544,0.197440903866664,
,,,-1.7848E-06,0.0208157896995544,0.196604083757848,
,,,-1.7846E-06,-0.0461298227310181,0.196604083757848,
,,,-1.7844E-06,-0.113075435161591,0.196938811801374,
,,,-1.7842E-06,0.087761402130127,0.196604083757848,
,,,-1.784E-06,0.0208157896995544,0.196938811801374,
,,,-1.7838E-06,-0.0461298227310181,0.196604083757848,
,,,-1.7836E-06,0.0208157896995544,0.196436719736084,
,,,-1.7834E-06,0.0208157896995544,0.195767263649032,
,,,-1.7832E-06,-0.0461298227310181,0.195934627670795,
,,,-1.783E-06,0.087761402130127,0.196269355714321,
,,,-1.7828E-06,0.0208157896995544,0.196436719736084,
,,,-1.7826E-06,0.0208157896995544,0.196771447779611,
,,,-1.7824E-06,0.0208157896995544,0.195767263649032,
,,,-1.7822E-06,-0.0461298227310181,0.196771447779611,
,,,-1.782E-06,0.0208157896995544,0.197106175823137,
,,,-1.7818E-06,0.0208157896995544,0.196938811801374,
,,,-1.7816E-06,0.0208157896995544,0.196604083757848,
,,,-1.7814E-06,-0.0461298227310181,0.196938811801374,
,,,-1.7812E-06,0.0208157896995544,0.196938811801374,
,,,-1.781E-06,-0.0461298227310181,0.197106175823137,
,,,-1.7808E-06,0.0208157896995544,0.196938811801374,
,,,-1.7806E-06,-0.0461298227310181,0.197440903866664,
,,,-1.7804E-06,-0.0461298227310181,0.196938811801374,
,,,-1.7802E-06,-0.0461298227310181,0.19777563191019,
,,,-1.78E-06,0.087761402130127,0.197608267888427,
,,,-1.7798E-06,0.0208157896995544,0.197106175823137,
,,,-1.7796E-06,0.0208157896995544,0.197106175823137,
,,,-1.7794E-06,0.0208157896995544,0.197608267888427,
,,,-1.7792E-06,-0.0461298227310181,0.1972735398449,
,,,-1.779E-06,-0.0461298227310181,0.196938811801374,
,,,-1.7788E-06,-0.0461298227310181,0.197106175823137,
,,,-1.7786E-06,0.0208157896995544,0.196436719736084,
,,,-1.7784E-06,0.087761402130127,0.196771447779611,
,,,-1.7782E-06,-0.0461298227310181,0.197942995931953,
,,,-1.778E-06,0.0208157896995544,0.197440903866664,
,,,-1.7778E-06,0.0208157896995544,0.196436719736084,
,,,-1.7776E-06,0.087761402130127,0.197942995931953,
,,,-1.7774E-06,-0.0461298227310181,0.196938811801374,
,,,-1.7772E-06,-0.0461298227310181,0.196101991692558,
,,,-1.777E-06,-0.113075435161591,0.197608267888427,
,,,-1.7768E-06,0.0208157896995544,0.196938811801374,
,,,-1.7766E-06,0.0208157896995544,0.196938811801374,
,,,-1.7764E-06,0.0208157896995544,0.196771447779611,
,,,-1.7762E-06,0.0208157896995544,0.197942995931953,
,,,-1.776E-06,0.087761402130127,0.19777563191019,
,,,-1.7758E-06,-0.113075435161591,0.196771447779611,
,,,-1.7756E-06,-0.0461298227310181,0.196771447779611,
,,,-1.7754E-06,0.087761402130127,0.1972735398449,
,,,-1.7752E-06,0.0208157896995544,0.196771447779611,
,,,-1.775E-06,-0.0461298227310181,0.196604083757848,
,,,-1.7748E-06,0.087761402130127,0.196771447779611,
,,,-1.7746E-06,-0.0461298227310181,0.197440903866664,
,,,-1.7744E-06,-0.0461298227310181,0.197106175823137,
,,,-1.7742E-06,0.0208157896995544,0.196771447779611,
,,,-1.774E-06,0.0208157896995544,0.196938811801374,
,,,-1.7738E-06,-0.0461298227310181,0.196771447779611,
,,,-1.7736E-06,0.0208157896995544,0.196604083757848,
,,,-1.7734E-06,0.0208157896995544,0.196938811801374,
,,,-1.7732E-06,0.087761402130127,0.1972735398449,
,,,-1.773E-06,0.0208157896995544,0.196771447779611,
,,,-1.7728E-06,-0.0461298227310181,0.196436719736084,
,,,-1.7726E-06,0.087761402130127,0.196604083757848,
,,,-1.7724E-06,0.0208157896995544,0.196938811801374,
,,,-1.7722E-06,0.0208157896995544,0.196604083757848,
,,,-1.772E-06,0.087761402130127,0.197106175823137,
,,,-1.7718E-06,-0.113075435161591,0.196269355714321,
,,,-1.7716E-06,-0.0461298227310181,0.196771447779611,
,,,-1.7714E-06,-0.0461298227310181,0.196604083757848,
,,,-1.7712E-06,0.154707014560699,0.197106175823137,
,,,-1.771E-06,-0.0461298227310181,0.1972735398449,
,,,-1.7708E-06,0.0208157896995544,0.196269355714321,
,,,-1.7706E-06,0.0208157896995544,0.196436719736084,
,,,-1.7704E-06,0.0208157896995544,0.196604083757848,
,,,-1.7702E-06,0.0208157896995544,0.196269355714321,
,,,-1.77E-06,-0.0461298227310181,0.197608267888427,
,,,-1.7698E-06,0.0208157896995544,0.197942995931953,
,,,-1.7696E-06,0.0208157896995544,0.197608267888427,
,,,-1.7694E-06,-0.113075435161591,0.1972735398449,
,,,-1.7692E-06,0.0208157896995544,0.196604083757848,
,,,-1.769E-06,0.0208157896995544,0.196101991692558,
,,,-1.7688E-06,0.0208157896995544,0.196269355714321,
,,,-1.7686E-06,-0.113075435161591,0.1972735398449,
,,,-1.7684E-06,0.0208157896995544,0.197106175823137,
,,,-1.7682E-06,-0.0461298227310181,0.196436719736084,
,,,-1.768E-06,0.0208157896995544,0.1972735398449,
,,,-1.7678E-06,0.0208157896995544,0.196771447779611,
,,,-1.7676E-06,0.087761402130127,0.196101991692558,
,,,-1.7674E-06,-0.0461298227310181,0.196938811801374,
,,,-1.7672E-06,0.0208157896995544,0.197608267888427,
,,,-1.767E-06,0.087761402130127,0.196771447779611,
,,,-1.7668E-06,0.087761402130127,0.196269355714321,
,,,-1.7666E-06,0.087761402130127,0.196269355714321,
,,,-1.7664E-06,0.087761402130127,0.196101991692558,
,,,-1.7662E-06,0.0208157896995544,0.196604083757848,
,,,-1.766E-06,-0.0461298227310181,0.196436719736084,
,,,-1.7658E-06,-0.0461298227310181,0.195934627670795,
,,,-1.7656E-06,0.0208157896995544,0.195767263649032,
,,,-1.7654E-06,-0.0461298227310181,0.195934627670795,
,,,-1.7652E-06,0.0208157896995544,0.196604083757848,
,,,-1.765E-06,0.087761402130127,0.195767263649032,
,,,-1.7648E-06,0.0208157896995544,0.196604083757848,
,,,-1.7646E-06,-0.0461298227310181,0.196604083757848,
,,,-1.7644E-06,0.0208157896995544,0.196436719736084,
,,,-1.7642E-06,-0.113075435161591,0.196938811801374,
,,,-1.764E-06,-0.0461298227310181,0.196269355714321,
,,,-1.7638E-06,0.0208157896995544,0.196604083757848,
,,,-1.7636E-06,-0.113075435161591,0.196604083757848,
,,,-1.7634E-06,0.0208157896995544,0.1972735398449,
,,,-1.7632E-06,0.087761402130127,0.197440903866664,
,,,-1.763E-06,0.0208157896995544,0.196101991692558,
,,,-1.7628E-06,-0.0461298227310181,0.197440903866664,
,,,-1.7626E-06,0.0208157896995544,0.197608267888427,
,,,-1.7624E-06,-0.0461298227310181,0.196604083757848,
,,,-1.7622E-06,0.0208157896995544,0.196436719736084,
,,,-1.762E-06,0.0208157896995544,0.197106175823137,
,,,-1.7618E-06,0.087761402130127,0.196604083757848,
,,,-1.7616E-06,0.0208157896995544,0.197106175823137,
,,,-1.7614E-06,-0.113075435161591,0.196604083757848,
,,,-1.7612E-06,-0.113075435161591,0.1972735398449,
,,,-1.761E-06,0.0208157896995544,0.196938811801374,
,,,-1.7608E-06,0.087761402130127,0.196938811801374,
,,,-1.7606E-06,-0.0461298227310181,0.196604083757848,
,,,-1.7604E-06,0.0208157896995544,0.1972735398449,
,,,-1.7602E-06,0.0208157896995544,0.196938811801374,
,,,-1.76E-06,0.0208157896995544,0.196436719736084,
,,,-1.7598E-06,0.087761402130127,0.19777563191019,
,,,-1.7596E-06,0.0208157896995544,0.196938811801374,
,,,-1.7594E-06,-0.0461298227310181,0.197440903866664,
,,,-1.7592E-06,0.0208157896995544,0.1972735398449,
,,,-1.759E-06,-0.0461298227310181,0.196938811801374,
,,,-1.7588E-06,-0.0461298227310181,0.197440903866664,
,,,-1.7586E-06,0.0208157896995544,0.196938811801374,
,,,-1.7584E-06,0.087761402130127,0.1972735398449,
,,,-1.7582E-06,-0.0461298227310181,0.197440903866664,
,,,-1.758E-06,0.154707014560699,0.197608267888427,
,,,-1.7578E-06,-0.0461298227310181,0.197440903866664,
,,,-1.7576E-06,0.0208157896995544,0.196938811801374,
,,,-1.7574E-06,0.0208157896995544,0.1972735398449,
,,,-1.7572E-06,-0.0461298227310181,0.197440903866664,
,,,-1.757E-06,0.0208157896995544,0.197440903866664,
,,,-1.7568E-06,0.087761402130127,0.196436719736084,
,,,-1.7566E-06,0.0208157896995544,0.196101991692558,
,,,-1.7564E-06,0.0208157896995544,0.196938811801374,
,,,-1.7562E-06,0.0208157896995544,0.196938811801374,
,,,-1.756E-06,0.0208157896995544,0.197106175823137,
,,,-1.7558E-06,-0.113075435161591,0.1972735398449,
,,,-1.7556E-06,0.087761402130127,0.196938811801374,
,,,-1.7554E-06,-0.0461298227310181,0.196604083757848,
,,,-1.7552E-06,-0.0461298227310181,0.197106175823137,
,,,-1.755E-06,-0.180021047592163,0.197106175823137,
,,,-1.7548E-06,-0.0461298227310181,0.197440903866664,
,,,-1.7546E-06,0.0208157896995544,0.197106175823137,
,,,-1.7544E-06,0.087761402130127,0.196269355714321,
,,,-1.7542E-06,0.0208157896995544,0.197440903866664,
,,,-1.754E-06,0.087761402130127,0.1972735398449,
,,,-1.7538E-06,0.0208157896995544,0.197106175823137,
,,,-1.7536E-06,0.0208157896995544,0.196938811801374,
,,,-1.7534E-06,0.0208157896995544,0.1972735398449,
,,,-1.7532E-06,-0.0461298227310181,0.196604083757848,
,,,-1.753E-06,0.0208157896995544,0.196604083757848,
,,,-1.7528E-06,0.087761402130127,0.1972735398449,
,,,-1.7526E-06,0.0208157896995544,0.196604083757848,
,,,-1.7524E-06,0.087761402130127,0.195767263649032,
,,,-1.7522E-06,0.0208157896995544,0.197106175823137,
,,,-1.752E-06,0.0208157896995544,0.1972735398449,
,,,-1.7518E-06,0.0208157896995544,0.1972735398449,
,,,-1.7516E-06,0.087761402130127,0.196938811801374,
,,,-1.7514E-06,-0.0461298227310181,0.196938811801374,
,,,-1.7512E-06,-0.0461298227310181,0.196436719736084,
,,,-1.751E-06,-0.0461298227310181,0.196604083757848,
,,,-1.7508E-06,-0.113075435161591,0.197440903866664,
,,,-1.7506E-06,-0.0461298227310181,0.197106175823137,
,,,-1.7504E-06,0.154707014560699,0.196771447779611,
,,,-1.7502E-06,-0.113075435161591,0.196604083757848,
,,,-1.75E-06,-0.0461298227310181,0.196436719736084,
,,,-1.7498E-06,0.087761402130127,0.196938811801374,
,,,-1.7496E-06,0.0208157896995544,0.197440903866664,
,,,-1.7494E-06,-0.113075435161591,0.1972735398449,
,,,-1.7492E-06,0.0208157896995544,0.197106175823137,
,,,-1.749E-06,-0.0461298227310181,0.197106175823137,
,,,-1.7488E-06,0.087761402130127,0.196436719736084,
,,,-1.7486E-06,-0.0461298227310181,0.196604083757848,
,,,-1.7484E-06,0.0208157896995544,0.195934627670795,
,,,-1.7482E-06,-0.0461298227310181,0.197106175823137,
,,,-1.748E-06,0.0208157896995544,0.197942995931953,
,,,-1.7478E-06,0.0208157896995544,0.196604083757848,
,,,-1.7476E-06,0.087761402130127,0.196436719736084,
,,,-1.7474E-06,0.0208157896995544,0.196101991692558,
,,,-1.7472E-06,0.0208157896995544,0.195934627670795,
,,,-1.747E-06,0.087761402130127,0.196101991692558,
,,,-1.7468E-06,-0.0461298227310181,0.196938811801374,
,,,-1.7466E-06,-0.0461298227310181,0.196604083757848,
,,,-1.7464E-06,0.0208157896995544,0.196269355714321,
,,,-1.7462E-06,0.0208157896995544,0.195934627670795,
,,,-1.746E-06,0.0208157896995544,0.196938811801374,
,,,-1.7458E-06,0.0208157896995544,0.196771447779611,
,,,-1.7456E-06,0.154707014560699,0.196938811801374,
,,,-1.7454E-06,-0.0461298227310181,0.1972735398449,
,,,-1.7452E-06,0.0208157896995544,0.197106175823137,
,,,-1.745E-06,0.0208157896995544,0.196436719736084,
,,,-1.7448E-06,-0.113075435161591,0.196938811801374,
,,,-1.7446E-06,0.0208157896995544,0.196938811801374,
,,,-1.7444E-06,0.0208157896995544,0.197440903866664,
,,,-1.7442E-06,0.0208157896995544,0.1972735398449,
,,,-1.744E-06,-0.0461298227310181,0.197608267888427,
,,,-1.7438E-06,-0.0461298227310181,0.196771447779611,
,,,-1.7436E-06,0.0208157896995544,0.196938811801374,
,,,-1.7434E-06,0.0208157896995544,0.197440903866664,
,,,-1.7432E-06,0.0208157896995544,0.197608267888427,
,,,-1.743E-06,0.0208157896995544,0.196771447779611,
,,,-1.7428E-06,0.087761402130127,0.197106175823137,
,,,-1.7426E-06,-0.0461298227310181,0.197440903866664,
,,,-1.7424E-06,0.0208157896995544,0.196771447779611,
,,,-1.7422E-06,0.0208157896995544,0.196771447779611,
,,,-1.742E-06,0.0208157896995544,0.197440903866664,
,,,-1.7418E-06,0.0208157896995544,0.197106175823137,
,,,-1.7416E-06,0.087761402130127,0.196771447779611,
,,,-1.7414E-06,-0.0461298227310181,0.1972735398449,
,,,-1.7412E-06,0.087761402130127,0.196938811801374,
,,,-1.741E-06,0.0208157896995544,0.197106175823137,
,,,-1.7408E-06,-0.0461298227310181,0.196771447779611,
,,,-1.7406E-06,0.0208157896995544,0.197608267888427,
,,,-1.7404E-06,0.0208157896995544,0.197106175823137,
,,,-1.7402E-06,-0.0461298227310181,0.196771447779611,
,,,-1.74E-06,0.087761402130127,0.196771447779611,
,,,-1.7398E-06,0.0208157896995544,0.196771447779611,
,,,-1.7396E-06,0.0208157896995544,0.196101991692558,
,,,-1.7394E-06,-0.0461298227310181,0.196938811801374,
,,,-1.7392E-06,0.0208157896995544,0.196938811801374,
,,,-1.739E-06,-0.0461298227310181,0.197106175823137,
,,,-1.7388E-06,0.087761402130127,0.196771447779611,
,,,-1.7386E-06,0.0208157896995544,0.197608267888427,
,,,-1.7384E-06,0.0208157896995544,0.196604083757848,
,,,-1.7382E-06,0.0208157896995544,0.1972735398449,
,,,-1.738E-06,0.0208157896995544,0.197608267888427,
,,,-1.7378E-06,0.0208157896995544,0.1972735398449,
,,,-1.7376E-06,0.087761402130127,0.197106175823137,
,,,-1.7374E-06,-0.0461298227310181,0.197608267888427,
,,,-1.7372E-06,0.0208157896995544,0.197942995931953,
,,,-1.737E-06,0.087761402130127,0.197440903866664,
,,,-1.7368E-06,0.0208157896995544,0.197608267888427,
,,,-1.7366E-06,-0.113075435161591,0.1972735398449,
,,,-1.7364E-06,0.0208157896995544,0.1972735398449,
,,,-1.7362E-06,-0.0461298227310181,0.197942995931953,
,,,-1.736E-06,0.0208157896995544,0.197106175823137,
,,,-1.7358E-06,-0.0461298227310181,0.1972735398449,
,,,-1.7356E-06,-0.0461298227310181,0.196771447779611,
,,,-1.7354E-06,0.0208157896995544,0.196101991692558,
,,,-1.7352E-06,0.087761402130127,0.197106175823137,
,,,-1.735E-06,0.0208157896995544,0.196604083757848,
,,,-1.7348E-06,0.0208157896995544,0.196436719736084,
,,,-1.7346E-06,0.087761402130127,0.196604083757848,
,,,-1.7344E-06,-0.0461298227310181,0.197106175823137,
,,,-1.7342E-06,-0.0461298227310181,0.196771447779611,
,,,-1.734E-06,-0.0461298227310181,0.1972735398449,
,,,-1.7338E-06,0.087761402130127,0.197942995931953,
,,,-1.7336E-06,0.0208157896995544,0.196771447779611,
,,,-1.7334E-06,-0.0461298227310181,0.196771447779611,
,,,-1.7332E-06,0.0208157896995544,0.196938811801374,
,,,-1.733E-06,0.0208157896995544,0.197440903866664,
,,,-1.7328E-06,0.0208157896995544,0.196436719736084,
,,,-1.7326E-06,-0.0461298227310181,0.197106175823137,
,,,-1.7324E-06,0.0208157896995544,0.1972735398449,
,,,-1.7322E-06,0.0208157896995544,0.1972735398449,
,,,-1.732E-06,0.0208157896995544,0.196436719736084,
,,,-1.7318E-06,0.0208157896995544,0.197608267888427,
,,,-1.7316E-06,-0.113075435161591,0.197608267888427,
,,,-1.7314E-06,-0.0461298227310181,0.196771447779611,
,,,-1.7312E-06,-0.0461298227310181,0.1972735398449,
,,,-1.731E-06,-0.0461298227310181,0.197440903866664,
,,,-1.7308E-06,0.0208157896995544,0.196436719736084,
,,,-1.7306E-06,0.0208157896995544,0.196604083757848,
,,,-1.7304E-06,0.0208157896995544,0.197106175823137,
,,,-1.7302E-06,-0.113075435161591,0.196771447779611,
,,,-1.73E-06,0.087761402130127,0.196436719736084,
,,,-1.7298E-06,0.0208157896995544,0.1972735398449,
,,,-1.7296E-06,0.0208157896995544,0.197440903866664,
,,,-1.7294E-06,-0.113075435161591,0.197106175823137,
,,,-1.7292E-06,0.0208157896995544,0.198612452019006,
,,,-1.729E-06,0.0208157896995544,0.196771447779611,
,,,-1.7288E-06,0.0208157896995544,0.1972735398449,
,,,-1.7286E-06,0.0208157896995544,0.197608267888427,
,,,-1.7284E-06,0.0208157896995544,0.196771447779611,
,,,-1.7282E-06,0.0208157896995544,0.196436719736084,
,,,-1.728E-06,-0.0461298227310181,0.196771447779611,
,,,-1.7278E-06,0.087761402130127,0.196269355714321,
,,,-1.7276E-06,0.0208157896995544,0.196604083757848,
,,,-1.7274E-06,0.087761402130127,0.196771447779611,
,,,-1.7272E-06,-0.0461298227310181,0.197106175823137,
,,,-1.727E-06,0.0208157896995544,0.196436719736084,
,,,-1.7268E-06,0.0208157896995544,0.196604083757848,
,,,-1.7266E-06,0.0208157896995544,0.1972735398449,
,,,-1.7264E-06,0.087761402130127,0.197106175823137,
,,,-1.7262E-06,0.0208157896995544,0.196771447779611,
,,,-1.726E-06,0.087761402130127,0.196771447779611,
,,,-1.7258E-06,0.0208157896995544,0.197106175823137,
,,,-1.7256E-06,0.0208157896995544,0.196938811801374,
,,,-1.7254E-06,0.0208157896995544,0.196938811801374,
,,,-1.7252E-06,0.0208157896995544,0.1972735398449,
,,,-1.725E-06,0.0208157896995544,0.197440903866664,
,,,-1.7248E-06,0.087761402130127,0.197106175823137,
,,,-1.7246E-06,-0.113075435161591,0.196938811801374,
,,,-1.7244E-06,-0.0461298227310181,0.197608267888427,
,,,-1.7242E-06,0.0208157896995544,0.19777563191019,
,,,-1.724E-06,0.0208157896995544,0.1972735398449,
,,,-1.7238E-06,-0.0461298227310181,0.196771447779611,
,,,-1.7236E-06,0.087761402130127,0.1972735398449,
,,,-1.7234E-06,-0.0461298227310181,0.196604083757848,
,,,-1.7232E-06,0.0208157896995544,0.197106175823137,
,,,-1.723E-06,-0.113075435161591,0.1972735398449,
,,,-1.7228E-06,-0.0461298227310181,0.196771447779611,
,,,-1.7226E-06,0.0208157896995544,0.196436719736084,
,,,-1.7224E-06,0.087761402130127,0.196938811801374,
,,,-1.7222E-06,0.0208157896995544,0.19777563191019,
,,,-1.722E-06,0.087761402130127,0.197106175823137,
,,,-1.7218E-06,0.0208157896995544,0.1972735398449,
,,,-1.7216E-06,-0.0461298227310181,0.197106175823137,
,,,-1.7214E-06,0.0208157896995544,0.197106175823137,
,,,-1.7212E-06,-0.0461298227310181,0.196604083757848,
,,,-1.721E-06,0.0208157896995544,0.1972735398449,
,,,-1.7208E-06,0.0208157896995544,0.196938811801374,
,,,-1.7206E-06,0.0208157896995544,0.1972735398449,
,,,-1.7204E-06,-0.113075435161591,0.1972735398449,
,,,-1.7202E-06,0.0208157896995544,0.196938811801374,
,,,-1.72E-06,0.154707014560699,0.197106175823137,
,,,-1.7198E-06,-0.0461298227310181,0.197608267888427,
,,,-1.7196E-06,0.087761402130127,0.196604083757848,
,,,-1.7194E-06,-0.0461298227310181,0.1972735398449,
,,,-1.7192E-06,0.0208157896995544,0.196938811801374,
,,,-1.719E-06,0.087761402130127,0.1972735398449,
,,,-1.7188E-06,-0.113075435161591,0.197106175823137,
,,,-1.7186E-06,-0.0461298227310181,0.196436719736084,
,,,-1.7184E-06,0.0208157896995544,0.1972735398449,
,,,-1.7182E-06,-0.0461298227310181,0.196771447779611,
,,,-1.718E-06,0.0208157896995544,0.197106175823137,
,,,-1.7178E-06,0.087761402130127,0.197608267888427,
,,,-1.7176E-06,0.0208157896995544,0.196771447779611,
,,,-1.7174E-06,-0.0461298227310181,0.196604083757848,
,,,-1.7172E-06,0.0208157896995544,0.196604083757848,
,,,-1.717E-06,-0.0461298227310181,0.196771447779611,
,,,-1.7168E-06,-0.0461298227310181,0.196938811801374,
,,,-1.7166E-06,-0.113075435161591,0.196771447779611,
,,,-1.7164E-06,-0.113075435161591,0.1972735398449,
,,,-1.7162E-06,-0.0461298227310181,0.196269355714321,
,,,-1.716E-06,0.087761402130127,0.196101991692558,
,,,-1.7158E-06,0.0208157896995544,0.196604083757848,
,,,-1.7156E-06,0.154707014560699,0.196771447779611,
,,,-1.7154E-06,0.0208157896995544,0.197106175823137,
,,,-1.7152E-06,-0.0461298227310181,0.196771447779611,
,,,-1.715E-06,0.087761402130127,0.196604083757848,
,,,-1.7148E-06,-0.0461298227310181,0.196938811801374,
,,,-1.7146E-06,0.0208157896995544,0.196604083757848,
,,,-1.7144E-06,0.087761402130127,0.196604083757848,
,,,-1.7142E-06,0.0208157896995544,0.1972735398449,
,,,-1.714E-06,0.0208157896995544,0.196938811801374,
,,,-1.7138E-06,0.0208157896995544,0.196938811801374,
,,,-1.7136E-06,0.0208157896995544,0.197106175823137,
,,,-1.7134E-06,-0.0461298227310181,0.196938811801374,
,,,-1.7132E-06,0.0208157896995544,0.196771447779611,
,,,-1.713E-06,-0.0461298227310181,0.196771447779611,
,,,-1.7128E-06,0.087761402130127,0.196938811801374,
,,,-1.7126E-06,-0.0461298227310181,0.197608267888427,
,,,-1.7124E-06,0.0208157896995544,0.1972735398449,
,,,-1.7122E-06,0.0208157896995544,0.197106175823137,
,,,-1.712E-06,0.0208157896995544,0.197106175823137,
,,,-1.7118E-06,-0.0461298227310181,0.1972735398449,
,,,-1.7116E-06,0.0208157896995544,0.197608267888427,
,,,-1.7114E-06,0.0208157896995544,0.196938811801374,
,,,-1.7112E-06,0.0208157896995544,0.196269355714321,
,,,-1.711E-06,-0.0461298227310181,0.197440903866664,
,,,-1.7108E-06,0.0208157896995544,0.197440903866664,
,,,-1.7106E-06,-0.0461298227310181,0.196436719736084,
,,,-1.7104E-06,0.0208157896995544,0.196938811801374,
,,,-1.7102E-06,0.087761402130127,0.197106175823137,
,,,-1.71E-06,0.0208157896995544,0.196604083757848,
,,,-1.7098E-06,0.0208157896995544,0.196938811801374,
,,,-1.7096E-06,0.0208157896995544,0.1972735398449,
,,,-1.7094E-06,-0.0461298227310181,0.197440903866664,
,,,-1.7092E-06,0.0208157896995544,0.196938811801374,
,,,-1.709E-06,0.0208157896995544,0.196604083757848,
,,,-1.7088E-06,0.087761402130127,0.195934627670795,
,,,-1.7086E-06,0.0208157896995544,0.196436719736084,
,,,-1.7084E-06,-0.0461298227310181,0.197106175823137,
,,,-1.7082E-06,0.087761402130127,0.1972735398449,
,,,-1.708E-06,0.0208157896995544,0.197942995931953,
,,,-1.7078E-06,-0.113075435161591,0.196938811801374,
,,,-1.7076E-06,-0.0461298227310181,0.198110359953716,
,,,-1.7074E-06,0.087761402130127,0.197106175823137,
,,,-1.7072E-06,0.0208157896995544,0.196604083757848,
,,,-1.707E-06,0.0208157896995544,0.197440903866664,
,,,-1.7068E-06,0.087761402130127,0.19777563191019,
,,,-1.7066E-06,0.0208157896995544,0.1972735398449,
,,,-1.7064E-06,-0.0461298227310181,0.1972735398449,
,,,-1.7062E-06,-0.0461298227310181,0.196771447779611,
,,,-1.706E-06,0.0208157896995544,0.197106175823137,
,,,-1.7058E-06,0.0208157896995544,0.19777563191019,
,,,-1.7056E-06,0.087761402130127,0.197942995931953,
,,,-1.7054E-06,-0.0461298227310181,0.1972735398449,
,,,-1.7052E-06,0.0208157896995544,0.196436719736084,
,,,-1.705E-06,0.0208157896995544,0.197106175823137,
,,,-1.7048E-06,0.0208157896995544,0.196771447779611,
,,,-1.7046E-06,-0.113075435161591,0.197440903866664,
,,,-1.7044E-06,-0.0461298227310181,0.196938811801374,
,,,-1.7042E-06,-0.0461298227310181,0.197440903866664,
,,,-1.704E-06,0.087761402130127,0.196771447779611,
,,,-1.7038E-06,-0.0461298227310181,0.197106175823137,
,,,-1.7036E-06,0.0208157896995544,0.1972735398449,
,,,-1.7034E-06,-0.0461298227310181,0.196938811801374,
,,,-1.7032E-06,0.0208157896995544,0.1972735398449,
,,,-1.703E-06,-0.0461298227310181,0.197440903866664,
,,,-1.7028E-06,0.087761402130127,0.196101991692558,
,,,-1.7026E-06,0.0208157896995544,0.196938811801374,
,,,-1.7024E-06,-0.0461298227310181,0.197106175823137,
,,,-1.7022E-06,0.087761402130127,0.196604083757848,
,,,-1.702E-06,0.0208157896995544,0.197440903866664,
,,,-1.7018E-06,0.0208157896995544,0.196938811801374,
,,,-1.7016E-06,0.0208157896995544,0.196938811801374,
,,,-1.7014E-06,0.0208157896995544,0.196771447779611,
,,,-1.7012E-06,0.0208157896995544,0.197608267888427,
,,,-1.701E-06,0.0208157896995544,0.1972735398449,
,,,-1.7008E-06,0.087761402130127,0.196938811801374,
,,,-1.7006E-06,0.0208157896995544,0.197106175823137,
,,,-1.7004E-06,0.0208157896995544,0.196604083757848,
,,,-1.7002E-06,0.0208157896995544,0.196938811801374,
,,,-1.7E-06,-0.0461298227310181,0.196938811801374,
,,,-1.6998E-06,-0.0461298227310181,0.196938811801374,
,,,-1.6996E-06,0.0208157896995544,0.196771447779611,
,,,-1.6994E-06,-0.0461298227310181,0.197440903866664,
,,,-1.6992E-06,0.0208157896995544,0.196771447779611,
,,,-1.699E-06,-0.0461298227310181,0.196938811801374,
,,,-1.6988E-06,0.0208157896995544,0.196436719736084,
,,,-1.6986E-06,0.0208157896995544,0.196771447779611,
,,,-1.6984E-06,0.0208157896995544,0.197106175823137,
,,,-1.6982E-06,-0.0461298227310181,0.19777563191019,
,,,-1.698E-06,0.0208157896995544,0.196938811801374,
,,,-1.6978E-06,-0.0461298227310181,0.196771447779611,
,,,-1.6976E-06,0.0208157896995544,0.197608267888427,
,,,-1.6974E-06,0.0208157896995544,0.197440903866664,
,,,-1.6972E-06,-0.0461298227310181,0.197440903866664,
,,,-1.697E-06,-0.113075435161591,0.1972735398449,
,,,-1.6968E-06,0.087761402130127,0.196938811801374,
,,,-1.6966E-06,0.0208157896995544,0.1972735398449,
,,,-1.6964E-06,0.087761402130127,0.197608267888427,
,,,-1.6962E-06,0.087761402130127,0.1972735398449,
,,,-1.696E-06,0.0208157896995544,0.197106175823137,
,,,-1.6958E-06,0.087761402130127,0.197608267888427,
,,,-1.6956E-06,0.0208157896995544,0.196436719736084,
,,,-1.6954E-06,0.0208157896995544,0.197440903866664,
,,,-1.6952E-06,0.0208157896995544,0.197440903866664,
,,,-1.695E-06,-0.0461298227310181,0.196938811801374,
,,,-1.6948E-06,0.0208157896995544,0.197440903866664,
,,,-1.6946E-06,0.0208157896995544,0.197608267888427,
,,,-1.6944E-06,0.087761402130127,0.197440903866664,
,,,-1.6942E-06,-0.0461298227310181,0.19777563191019,
,,,-1.694E-06,0.087761402130127,0.198110359953716,
,,,-1.6938E-06,0.087761402130127,0.197440903866664,
,,,-1.6936E-06,-0.0461298227310181,0.197608267888427,
,,,-1.6934E-06,0.0208157896995544,0.197608267888427,
,,,-1.6932E-06,0.087761402130127,0.197440903866664,
,,,-1.693E-06,0.087761402130127,0.197942995931953,
,,,-1.6928E-06,0.0208157896995544,0.19827772397548,
,,,-1.6926E-06,-0.0461298227310181,0.197608267888427,
,,,-1.6924E-06,-0.0461298227310181,0.1972735398449,
,,,-1.6922E-06,0.0208157896995544,0.197608267888427,
,,,-1.692E-06,-0.0461298227310181,0.197942995931953,
,,,-1.6918E-06,-0.0461298227310181,0.1972735398449,
,,,-1.6916E-06,0.0208157896995544,0.198110359953716,
,,,-1.6914E-06,-0.0461298227310181,0.198110359953716,
,,,-1.6912E-06,0.0208157896995544,0.197106175823137,
,,,-1.691E-06,0.0208157896995544,0.197942995931953,
,,,-1.6908E-06,0.087761402130127,0.198445087997243,
,,,-1.6906E-06,-0.0461298227310181,0.197440903866664,
,,,-1.6904E-06,0.087761402130127,0.197942995931953,
,,,-1.6902E-06,0.0208157896995544,0.19827772397548,
,,,-1.69E-06,0.087761402130127,0.197440903866664,
,,,-1.6898E-06,0.087761402130127,0.197440903866664,
,,,-1.6896E-06,0.087761402130127,0.197942995931953,
,,,-1.6894E-06,0.0208157896995544,0.198445087997243,
,,,-1.6892E-06,-0.0461298227310181,0.19777563191019,
,,,-1.689E-06,0.0208157896995544,0.1972735398449,
,,,-1.6888E-06,0.087761402130127,0.19777563191019,
,,,-1.6886E-06,0.0208157896995544,0.197106175823137,
,,,-1.6884E-06,0.087761402130127,0.197440903866664,
,,,-1.6882E-06,-0.0461298227310181,0.19827772397548,
,,,-1.688E-06,-0.0461298227310181,0.197942995931953,
,,,-1.6878E-06,0.0208157896995544,0.197440903866664,
,,,-1.6876E-06,0.0208157896995544,0.197608267888427,
,,,-1.6874E-06,0.0208157896995544,0.1972735398449,
,,,-1.6872E-06,-0.0461298227310181,0.197106175823137,
,,,-1.687E-06,0.087761402130127,0.197106175823137,
,,,-1.6868E-06,0.0208157896995544,0.1972735398449,
,,,-1.6866E-06,-0.0461298227310181,0.19777563191019,
,,,-1.6864E-06,0.087761402130127,0.196938811801374,
,,,-1.6862E-06,-0.0461298227310181,0.196771447779611,
,,,-1.686E-06,0.0208157896995544,0.196604083757848,
,,,-1.6858E-06,0.087761402130127,0.196604083757848,
,,,-1.6856E-06,0.0208157896995544,0.196604083757848,
,,,-1.6854E-06,-0.0461298227310181,0.197106175823137,
,,,-1.6852E-06,0.0208157896995544,0.197942995931953,
,,,-1.685E-06,0.0208157896995544,0.19777563191019,
,,,-1.6848E-06,-0.0461298227310181,0.196771447779611,
,,,-1.6846E-06,-0.246966660022736,0.196938811801374,
,,,-1.6844E-06,0.087761402130127,0.196771447779611,
,,,-1.6842E-06,-0.0461298227310181,0.197440903866664,
,,,-1.684E-06,0.0208157896995544,0.19777563191019,
,,,-1.6838E-06,0.0208157896995544,0.197440903866664,
,,,-1.6836E-06,0.154707014560699,0.196938811801374,
,,,-1.6834E-06,0.0208157896995544,0.196938811801374,
,,,-1.6832E-06,-0.0461298227310181,0.1972735398449,
,,,-1.683E-06,0.087761402130127,0.196938811801374,
,,,-1.6828E-06,0.0208157896995544,0.197106175823137,
,,,-1.6826E-06,0.0208157896995544,0.197106175823137,
,,,-1.6824E-06,0.0208157896995544,0.19777563191019,
,,,-1.6822E-06,-0.113075435161591,0.196436719736084,
,,,-1.682E-06,0.0208157896995544,0.196938811801374,
,,,-1.6818E-06,0.087761402130127,0.197440903866664,
,,,-1.6816E-06,-0.0461298227310181,0.197608267888427,
,,,-1.6814E-06,0.0208157896995544,0.19777563191019,
,,,-1.6812E-06,0.0208157896995544,0.197608267888427,
,,,-1.681E-06,0.0208157896995544,0.1972735398449,
,,,-1.6808E-06,-0.0461298227310181,0.196604083757848,
,,,-1.6806E-06,0.0208157896995544,0.197106175823137,
,,,-1.6804E-06,0.0208157896995544,0.1972735398449,
,,,-1.6802E-06,-0.0461298227310181,0.197440903866664,
,,,-1.68E-06,-0.0461298227310181,0.197942995931953,
,,,-1.6798E-06,-0.113075435161591,0.197440903866664,
,,,-1.6796E-06,0.0208157896995544,0.197608267888427,
,,,-1.6794E-06,0.087761402130127,0.197106175823137,
,,,-1.6792E-06,0.0208157896995544,0.197106175823137,
,,,-1.679E-06,-0.0461298227310181,0.197440903866664,
,,,-1.6788E-06,0.087761402130127,0.197106175823137,
,,,-1.6786E-06,0.0208157896995544,0.196938811801374,
,,,-1.6784E-06,-0.0461298227310181,0.197608267888427,
,,,-1.6782E-06,-0.0461298227310181,0.19777563191019,
,,,-1.678E-06,-0.0461298227310181,0.19777563191019,
,,,-1.6778E-06,0.0208157896995544,0.1972735398449,
,,,-1.6776E-06,0.087761402130127,0.197608267888427,
,,,-1.6774E-06,0.0208157896995544,0.197942995931953,
,,,-1.6772E-06,0.0208157896995544,0.19827772397548,
,,,-1.677E-06,0.0208157896995544,0.197942995931953,
,,,-1.6768E-06,0.0208157896995544,0.1972735398449,
,,,-1.6766E-06,0.0208157896995544,0.197440903866664,
,,,-1.6764E-06,0.087761402130127,0.19777563191019,
,,,-1.6762E-06,-0.0461298227310181,0.19777563191019,
,,,-1.676E-06,0.0208157896995544,0.197942995931953,
,,,-1.6758E-06,0.0208157896995544,0.198110359953716,
,,,-1.6756E-06,0.0208157896995544,0.197942995931953,
,,,-1.6754E-06,-0.0461298227310181,0.198110359953716,
,,,-1.6752E-06,0.087761402130127,0.198110359953716,
,,,-1.675E-06,-0.113075435161591,0.198445087997243,
,,,-1.6748E-06,0.0208157896995544,0.197942995931953,
,,,-1.6746E-06,-0.0461298227310181,0.19827772397548,
,,,-1.6744E-06,-0.0461298227310181,0.196938811801374,
,,,-1.6742E-06,0.0208157896995544,0.197942995931953,
,,,-1.674E-06,-0.113075435161591,0.19777563191019,
,,,-1.6738E-06,-0.0461298227310181,0.197440903866664,
,,,-1.6736E-06,0.154707014560699,0.197942995931953,
,,,-1.6734E-06,-0.113075435161591,0.197440903866664,
,,,-1.6732E-06,0.0208157896995544,0.197608267888427,
,,,-1.673E-06,0.0208157896995544,0.1972735398449,
,,,-1.6728E-06,0.087761402130127,0.196938811801374,
,,,-1.6726E-06,-0.0461298227310181,0.19777563191019,
,,,-1.6724E-06,0.0208157896995544,0.197440903866664,
,,,-1.6722E-06,-0.113075435161591,0.197440903866664,
,,,-1.672E-06,-0.0461298227310181,0.197942995931953,
,,,-1.6718E-06,-0.0461298227310181,0.197440903866664,
,,,-1.6716E-06,-0.0461298227310181,0.198445087997243,
,,,-1.6714E-06,0.0208157896995544,0.196938811801374,
,,,-1.6712E-06,0.0208157896995544,0.197942995931953,
,,,-1.671E-06,0.0208157896995544,0.197942995931953,
,,,-1.6708E-06,0.087761402130127,0.197440903866664,
,,,-1.6706E-06,0.087761402130127,0.198110359953716,
,,,-1.6704E-06,-0.0461298227310181,0.197440903866664,
,,,-1.6702E-06,0.0208157896995544,0.197608267888427,
,,,-1.67E-06,-0.0461298227310181,0.197440903866664,
,,,-1.6698E-06,0.0208157896995544,0.197608267888427,
,,,-1.6696E-06,0.087761402130127,0.197440903866664,
,,,-1.6694E-06,-0.0461298227310181,0.197608267888427,
,,,-1.6692E-06,0.0208157896995544,0.1972735398449,
,,,-1.669E-06,0.087761402130127,0.197440903866664,
,,,-1.6688E-06,0.154707014560699,0.197106175823137,
,,,-1.6686E-06,0.0208157896995544,0.196771447779611,
,,,-1.6684E-06,0.0208157896995544,0.197106175823137,
,,,-1.6682E-06,0.0208157896995544,0.1972735398449,
,,,-1.668E-06,0.087761402130127,0.1972735398449,
,,,-1.6678E-06,0.087761402130127,0.197440903866664,
,,,-1.6676E-06,-0.0461298227310181,0.197608267888427,
,,,-1.6674E-06,-0.0461298227310181,0.196604083757848,
,,,-1.6672E-06,0.087761402130127,0.197440903866664,
,,,-1.667E-06,-0.0461298227310181,0.196938811801374,
,,,-1.6668E-06,0.0208157896995544,0.1972735398449,
,,,-1.6666E-06,-0.0461298227310181,0.197106175823137,
,,,-1.6664E-06,0.0208157896995544,0.19777563191019,
,,,-1.6662E-06,-0.0461298227310181,0.196436719736084,
,,,-1.666E-06,-0.0461298227310181,0.197608267888427,
,,,-1.6658E-06,0.0208157896995544,0.196938811801374,
,,,-1.6656E-06,0.0208157896995544,0.197440903866664,
,,,-1.6654E-06,-0.0461298227310181,0.197106175823137,
,,,-1.6652E-06,-0.0461298227310181,0.196604083757848,
,,,-1.665E-06,-0.0461298227310181,0.197106175823137,
,,,-1.6648E-06,0.0208157896995544,0.197440903866664,
,,,-1.6646E-06,-0.0461298227310181,0.197440903866664,
,,,-1.6644E-06,0.087761402130127,0.196938811801374,
,,,-1.6642E-06,0.0208157896995544,0.197942995931953,
,,,-1.664E-06,0.0208157896995544,0.197608267888427,
,,,-1.6638E-06,0.087761402130127,0.197608267888427,
,,,-1.6636E-06,-0.0461298227310181,0.197440903866664,
,,,-1.6634E-06,0.087761402130127,0.197942995931953,
,,,-1.6632E-06,0.0208157896995544,0.19777563191019,
,,,-1.663E-06,0.0208157896995544,0.196938811801374,
,,,-1.6628E-06,0.087761402130127,0.197440903866664,
,,,-1.6626E-06,-0.0461298227310181,0.197440903866664,
,,,-1.6624E-06,0.087761402130127,0.1972735398449,
,,,-1.6622E-06,0.0208157896995544,0.197608267888427,
,,,-1.662E-06,0.087761402130127,0.1972735398449,
,,,-1.6618E-06,-0.113075435161591,0.19777563191019,
,,,-1.6616E-06,0.0208157896995544,0.197106175823137,
,,,-1.6614E-06,0.0208157896995544,0.197608267888427,
,,,-1.6612E-06,0.0208157896995544,0.19827772397548,
,,,-1.661E-06,0.0208157896995544,0.19827772397548,
,,,-1.6608E-06,0.087761402130127,0.197106175823137,
,,,-1.6606E-06,0.0208157896995544,0.197106175823137,
,,,-1.6604E-06,0.087761402130127,0.197608267888427,
,,,-1.6602E-06,0.087761402130127,0.197608267888427,
,,,-1.66E-06,0.0208157896995544,0.1972735398449,
,,,-1.6598E-06,-0.0461298227310181,0.196771447779611,
,,,-1.6596E-06,0.154707014560699,0.196436719736084,
,,,-1.6594E-06,-0.0461298227310181,0.197608267888427,
,,,-1.6592E-06,0.0208157896995544,0.197106175823137,
,,,-1.659E-06,-0.113075435161591,0.19777563191019,
,,,-1.6588E-06,0.0208157896995544,0.19777563191019,
,,,-1.6586E-06,0.0208157896995544,0.1972735398449,
,,,-1.6584E-06,0.087761402130127,0.19777563191019,
,,,-1.6582E-06,0.0208157896995544,0.197608267888427,
,,,-1.658E-06,0.087761402130127,0.1972735398449,
,,,-1.6578E-06,0.0208157896995544,0.19777563191019,
,,,-1.6576E-06,0.0208157896995544,0.197440903866664,
,,,-1.6574E-06,0.087761402130127,0.197106175823137,
,,,-1.6572E-06,0.0208157896995544,0.1972735398449,
,,,-1.657E-06,-0.0461298227310181,0.198110359953716,
,,,-1.6568E-06,0.0208157896995544,0.197942995931953,
,,,-1.6566E-06,0.0208157896995544,0.196938811801374,
,,,-1.6564E-06,0.0208157896995544,0.19777563191019,
,,,-1.6562E-06,0.087761402130127,0.198110359953716,
,,,-1.656E-06,0.0208157896995544,0.197106175823137,
,,,-1.6558E-06,0.0208157896995544,0.19777563191019,
,,,-1.6556E-06,-0.0461298227310181,0.1972735398449,
,,,-1.6554E-06,0.0208157896995544,0.197942995931953,
,,,-1.6552E-06,-0.0461298227310181,0.1972735398449,
,,,-1.655E-06,-0.0461298227310181,0.19777563191019,
,,,-1.6548E-06,-0.113075435161591,0.197106175823137,
,,,-1.6546E-06,0.0208157896995544,0.19777563191019,
,,,-1.6544E-06,0.087761402130127,0.197440903866664,
,,,-1.6542E-06,-0.0461298227310181,0.1972735398449,
,,,-1.654E-06,-0.0461298227310181,0.197106175823137,
,,,-1.6538E-06,0.087761402130127,0.197608267888427,
,,,-1.6536E-06,0.0208157896995544,0.197608267888427,
,,,-1.6534E-06,-0.0461298227310181,0.197106175823137,
,,,-1.6532E-06,0.0208157896995544,0.196771447779611,
,,,-1.653E-06,0.0208157896995544,0.197440903866664,
,,,-1.6528E-06,0.0208157896995544,0.197608267888427,
,,,-1.6526E-06,-0.0461298227310181,0.1972735398449,
,,,-1.6524E-06,0.0208157896995544,0.1972735398449,
,,,-1.6522E-06,-0.0461298227310181,0.197608267888427,
,,,-1.652E-06,0.087761402130127,0.197440903866664,
,,,-1.6518E-06,0.087761402130127,0.197440903866664,
,,,-1.6516E-06,0.154707014560699,0.1972735398449,
,,,-1.6514E-06,0.087761402130127,0.19777563191019,
,,,-1.6512E-06,-0.0461298227310181,0.197106175823137,
,,,-1.651E-06,0.0208157896995544,0.19777563191019,
,,,-1.6508E-06,0.087761402130127,0.197608267888427,
,,,-1.6506E-06,-0.0461298227310181,0.197106175823137,
,,,-1.6504E-06,-0.0461298227310181,0.196771447779611,
,,,-1.6502E-06,0.0208157896995544,0.197608267888427,
,,,-1.65E-06,0.0208157896995544,0.19777563191019,
,,,-1.6498E-06,-0.0461298227310181,0.19777563191019,
,,,-1.6496E-06,0.087761402130127,0.19777563191019,
,,,-1.6494E-06,0.0208157896995544,0.197608267888427,
,,,-1.6492E-06,-0.0461298227310181,0.197608267888427,
,,,-1.649E-06,0.0208157896995544,0.198110359953716,
,,,-1.6488E-06,-0.0461298227310181,0.1972735398449,
,,,-1.6486E-06,-0.0461298227310181,0.1972735398449,
,,,-1.6484E-06,0.0208157896995544,0.197608267888427,
,,,-1.6482E-06,0.0208157896995544,0.197608267888427,
,,,-1.648E-06,-0.0461298227310181,0.197440903866664,
,,,-1.6478E-06,-0.113075435161591,0.196771447779611,
,,,-1.6476E-06,0.0208157896995544,0.197608267888427,
,,,-1.6474E-06,0.0208157896995544,0.197440903866664,
,,,-1.6472E-06,0.0208157896995544,0.197106175823137,
,,,-1.647E-06,-0.0461298227310181,0.197608267888427,
,,,-1.6468E-06,0.0208157896995544,0.198110359953716,
,,,-1.6466E-06,0.0208157896995544,0.197942995931953,
,,,-1.6464E-06,0.0208157896995544,0.19777563191019,
,,,-1.6462E-06,0.087761402130127,0.1972735398449,
,,,-1.646E-06,0.0208157896995544,0.1972735398449,
,,,-1.6458E-06,-0.113075435161591,0.1972735398449,
,,,-1.6456E-06,0.0208157896995544,0.196938811801374,
,,,-1.6454E-06,0.0208157896995544,0.197608267888427,
,,,-1.6452E-06,0.087761402130127,0.197106175823137,
,,,-1.645E-06,-0.0461298227310181,0.196938811801374,
,,,-1.6448E-06,0.0208157896995544,0.196938811801374,
,,,-1.6446E-06,0.221652626991272,0.1972735398449,
,,,-1.6444E-06,-0.113075435161591,0.197106175823137,
,,,-1.6442E-06,-0.0461298227310181,0.197608267888427,
,,,-1.644E-06,0.087761402130127,0.1972735398449,
,,,-1.6438E-06,-0.113075435161591,0.196938811801374,
,,,-1.6436E-06,-0.113075435161591,0.196938811801374,
,,,-1.6434E-06,0.087761402130127,0.19777563191019,
,,,-1.6432E-06,0.087761402130127,0.196771447779611,
,,,-1.643E-06,-0.113075435161591,0.196604083757848,
,,,-1.6428E-06,0.0208157896995544,0.197106175823137,
,,,-1.6426E-06,0.087761402130127,0.197440903866664,
,,,-1.6424E-06,-0.0461298227310181,0.196771447779611,
,,,-1.6422E-06,-0.113075435161591,0.197440903866664,
,,,-1.642E-06,0.0208157896995544,0.197106175823137,
,,,-1.6418E-06,0.087761402130127,0.197440903866664,
,,,-1.6416E-06,0.087761402130127,0.19827772397548,
,,,-1.6414E-06,-0.113075435161591,0.196938811801374,
,,,-1.6412E-06,0.0208157896995544,0.197106175823137,
,,,-1.641E-06,0.0208157896995544,0.197440903866664,
,,,-1.6408E-06,0.0208157896995544,0.197106175823137,
,,,-1.6406E-06,-0.0461298227310181,0.197106175823137,
,,,-1.6404E-06,-0.0461298227310181,0.1972735398449,
,,,-1.6402E-06,-0.0461298227310181,0.197440903866664,
,,,-1.64E-06,0.087761402130127,0.1972735398449,
,,,-1.6398E-06,-0.0461298227310181,0.197440903866664,
,,,-1.6396E-06,0.0208157896995544,0.197608267888427,
,,,-1.6394E-06,-0.0461298227310181,0.198110359953716,
,,,-1.6392E-06,0.087761402130127,0.197608267888427,
,,,-1.639E-06,-0.113075435161591,0.197942995931953,
,,,-1.6388E-06,0.0208157896995544,0.198110359953716,
,,,-1.6386E-06,0.087761402130127,0.198110359953716,
,,,-1.6384E-06,0.0208157896995544,0.197440903866664,
,,,-1.6382E-06,0.0208157896995544,0.197608267888427,
,,,-1.638E-06,-0.113075435161591,0.197608267888427,
,,,-1.6378E-06,-0.0461298227310181,0.197942995931953,
,,,-1.6376E-06,0.0208157896995544,0.1972735398449,
,,,-1.6374E-06,-0.0461298227310181,0.197440903866664,
,,,-1.6372E-06,0.0208157896995544,0.197440903866664,
,,,-1.637E-06,0.0208157896995544,0.197440903866664,
,,,-1.6368E-06,0.087761402130127,0.197608267888427,
,,,-1.6366E-06,0.0208157896995544,0.197942995931953,
,,,-1.6364E-06,-0.0461298227310181,0.197608267888427,
,,,-1.6362E-06,-0.0461298227310181,0.1972735398449,
,,,-1.636E-06,-0.0461298227310181,0.197942995931953,
,,,-1.6358E-06,0.0208157896995544,0.197942995931953,
,,,-1.6356E-06,-0.113075435161591,0.197440903866664,
,,,-1.6354E-06,0.0208157896995544,0.19777563191019,
,,,-1.6352E-06,-0.0461298227310181,0.197608267888427,
,,,-1.635E-06,-0.113075435161591,0.197608267888427,
,,,-1.6348E-06,0.0208157896995544,0.197608267888427,
,,,-1.6346E-06,0.087761402130127,0.1972735398449,
,,,-1.6344E-06,0.0208157896995544,0.197106175823137,
,,,-1.6342E-06,-0.0461298227310181,0.19827772397548,
,,,-1.634E-06,0.087761402130127,0.197440903866664,
,,,-1.6338E-06,0.0208157896995544,0.197942995931953,
,,,-1.6336E-06,-0.0461298227310181,0.197440903866664,
,,,-1.6334E-06,0.0208157896995544,0.198612452019006,
,,,-1.6332E-06,0.154707014560699,0.197608267888427,
,,,-1.633E-06,-0.0461298227310181,0.19777563191019,
,,,-1.6328E-06,0.0208157896995544,0.197440903866664,
,,,-1.6326E-06,0.087761402130127,0.197942995931953,
,,,-1.6324E-06,0.087761402130127,0.197608267888427,
,,,-1.6322E-06,0.0208157896995544,0.197942995931953,
,,,-1.632E-06,-0.0461298227310181,0.1972735398449,
,,,-1.6318E-06,0.0208157896995544,0.197942995931953,
,,,-1.6316E-06,-0.0461298227310181,0.197608267888427,
,,,-1.6314E-06,-0.0461298227310181,0.198110359953716,
,,,-1.6312E-06,0.087761402130127,0.198110359953716,
,,,-1.631E-06,-0.0461298227310181,0.197942995931953,
,,,-1.6308E-06,-0.0461298227310181,0.197440903866664,
,,,-1.6306E-06,0.0208157896995544,0.198110359953716,
,,,-1.6304E-06,0.154707014560699,0.19777563191019,
,,,-1.6302E-06,-0.0461298227310181,0.19777563191019,
,,,-1.63E-06,0.087761402130127,0.197440903866664,
,,,-1.6298E-06,0.0208157896995544,0.198110359953716,
,,,-1.6296E-06,0.0208157896995544,0.198110359953716,
,,,-1.6294E-06,0.0208157896995544,0.196938811801374,
,,,-1.6292E-06,0.0208157896995544,0.197608267888427,
,,,-1.629E-06,-0.0461298227310181,0.19777563191019,
,,,-1.6288E-06,0.087761402130127,0.197106175823137,
,,,-1.6286E-06,-0.0461298227310181,0.197440903866664,
,,,-1.6284E-06,-0.0461298227310181,0.198110359953716,
,,,-1.6282E-06,0.0208157896995544,0.19777563191019,
,,,-1.628E-06,-0.0461298227310181,0.196604083757848,
,,,-1.6278E-06,-0.0461298227310181,0.197440903866664,
,,,-1.6276E-06,0.0208157896995544,0.19777563191019,
,,,-1.6274E-06,-0.0461298227310181,0.196938811801374,
,,,-1.6272E-06,-0.0461298227310181,0.197440903866664,
,,,-1.627E-06,0.0208157896995544,0.198110359953716,
,,,-1.6268E-06,-0.0461298227310181,0.197106175823137,
,,,-1.6266E-06,-0.180021047592163,0.196771447779611,
,,,-1.6264E-06,0.087761402130127,0.19777563191019,
,,,-1.6262E-06,0.087761402130127,0.197608267888427,
,,,-1.626E-06,0.154707014560699,0.196938811801374,
,,,-1.6258E-06,-0.0461298227310181,0.197608267888427,
,,,-1.6256E-06,0.0208157896995544,0.197608267888427,
,,,-1.6254E-06,0.0208157896995544,0.196771447779611,
,,,-1.6252E-06,-0.0461298227310181,0.197608267888427,
,,,-1.625E-06,0.0208157896995544,0.196938811801374,
,,,-1.6248E-06,0.087761402130127,0.196938811801374,
,,,-1.6246E-06,-0.113075435161591,0.1972735398449,
,,,-1.6244E-06,-0.0461298227310181,0.196938811801374,
,,,-1.6242E-06,-0.0461298227310181,0.19777563191019,
,,,-1.624E-06,-0.0461298227310181,0.19777563191019,
,,,-1.6238E-06,-0.0461298227310181,0.197440903866664,
,,,-1.6236E-06,0.087761402130127,0.1972735398449,
,,,-1.6234E-06,0.0208157896995544,0.197106175823137,
,,,-1.6232E-06,-0.113075435161591,0.197106175823137,
,,,-1.623E-06,0.0208157896995544,0.1972735398449,
,,,-1.6228E-06,-0.0461298227310181,0.197440903866664,
,,,-1.6226E-06,-0.0461298227310181,0.196938811801374,
,,,-1.6224E-06,0.087761402130127,0.1972735398449,
,,,-1.6222E-06,-0.113075435161591,0.196436719736084,
,,,-1.622E-06,-0.0461298227310181,0.197942995931953,
,,,-1.6218E-06,0.0208157896995544,0.196604083757848,
,,,-1.6216E-06,0.0208157896995544,0.1972735398449,
,,,-1.6214E-06,-0.0461298227310181,0.196938811801374,
,,,-1.6212E-06,0.0208157896995544,0.197608267888427,
,,,-1.621E-06,-0.0461298227310181,0.19777563191019,
,,,-1.6208E-06,-0.0461298227310181,0.197440903866664,
,,,-1.6206E-06,-0.0461298227310181,0.1972735398449,
,,,-1.6204E-06,-0.0461298227310181,0.197106175823137,
,,,-1.6202E-06,-0.113075435161591,0.196771447779611,
,,,-1.62E-06,0.0208157896995544,0.196938811801374,
,,,-1.6198E-06,0.0208157896995544,0.197440903866664,
,,,-1.6196E-06,0.0208157896995544,0.1972735398449,
,,,-1.6194E-06,0.0208157896995544,0.197608267888427,
,,,-1.6192E-06,-0.0461298227310181,0.196938811801374,
,,,-1.619E-06,0.087761402130127,0.1972735398449,
,,,-1.6188E-06,0.0208157896995544,0.196436719736084,
,,,-1.6186E-06,0.087761402130127,0.197106175823137,
,,,-1.6184E-06,0.0208157896995544,0.19777563191019,
,,,-1.6182E-06,0.0208157896995544,0.197106175823137,
,,,-1.618E-06,-0.0461298227310181,0.19777563191019,
,,,-1.6178E-06,0.0208157896995544,0.197608267888427,
,,,-1.6176E-06,0.0208157896995544,0.197608267888427,
,,,-1.6174E-06,0.0208157896995544,0.19827772397548,
,,,-1.6172E-06,0.0208157896995544,0.197106175823137,
,,,-1.617E-06,0.087761402130127,0.19777563191019,
,,,-1.6168E-06,-0.113075435161591,0.197608267888427,
,,,-1.6166E-06,-0.0461298227310181,0.197942995931953,
,,,-1.6164E-06,0.0208157896995544,0.197440903866664,
,,,-1.6162E-06,0.0208157896995544,0.1972735398449,
,,,-1.616E-06,-0.0461298227310181,0.197440903866664,
,,,-1.6158E-06,-0.0461298227310181,0.196771447779611,
,,,-1.6156E-06,0.0208157896995544,0.198110359953716,
,,,-1.6154E-06,0.087761402130127,0.197440903866664,
,,,-1.6152E-06,0.0208157896995544,0.197106175823137,
,,,-1.615E-06,-0.113075435161591,0.197440903866664,
,,,-1.6148E-06,0.087761402130127,0.19827772397548,
,,,-1.6146E-06,-0.0461298227310181,0.19827772397548,
,,,-1.6144E-06,-0.0461298227310181,0.197440903866664,
,,,-1.6142E-06,0.0208157896995544,0.197942995931953,
,,,-1.614E-06,0.0208157896995544,0.197608267888427,
,,,-1.6138E-06,-0.113075435161591,0.197608267888427,
,,,-1.6136E-06,0.154707014560699,0.196771447779611,
,,,-1.6134E-06,0.0208157896995544,0.197942995931953,
,,,-1.6132E-06,0.087761402130127,0.198110359953716,
,,,-1.613E-06,0.087761402130127,0.19777563191019,
,,,-1.6128E-06,0.0208157896995544,0.197440903866664,
,,,-1.6126E-06,0.087761402130127,0.197608267888427,
,,,-1.6124E-06,0.0208157896995544,0.197440903866664,
,,,-1.6122E-06,-0.0461298227310181,0.197440903866664,
,,,-1.612E-06,0.0208157896995544,0.197440903866664,
,,,-1.6118E-06,-0.0461298227310181,0.197608267888427,
,,,-1.6116E-06,0.0208157896995544,0.197608267888427,
,,,-1.6114E-06,0.087761402130127,0.198110359953716,
,,,-1.6112E-06,0.087761402130127,0.1972735398449,
,,,-1.611E-06,-0.0461298227310181,0.197440903866664,
,,,-1.6108E-06,0.0208157896995544,0.197106175823137,
,,,-1.6106E-06,-0.0461298227310181,0.197440903866664,
,,,-1.6104E-06,0.0208157896995544,0.196938811801374,
,,,-1.6102E-06,0.0208157896995544,0.196938811801374,
,,,-1.61E-06,0.0208157896995544,0.197942995931953,
,,,-1.6098E-06,0.0208157896995544,0.19777563191019,
,,,-1.6096E-06,0.087761402130127,0.196771447779611,
,,,-1.6094E-06,-0.0461298227310181,0.196938811801374,
,,,-1.6092E-06,0.0208157896995544,0.198445087997243,
,,,-1.609E-06,0.0208157896995544,0.197440903866664,
,,,-1.6088E-06,-0.0461298227310181,0.1972735398449,
,,,-1.6086E-06,0.0208157896995544,0.19777563191019,
,,,-1.6084E-06,-0.0461298227310181,0.197106175823137,
,,,-1.6082E-06,0.0208157896995544,0.197440903866664,
,,,-1.608E-06,0.087761402130127,0.19777563191019,
,,,-1.6078E-06,0.087761402130127,0.197106175823137,
,,,-1.6076E-06,0.0208157896995544,0.197106175823137,
,,,-1.6074E-06,-0.0461298227310181,0.1972735398449,
,,,-1.6072E-06,0.0208157896995544,0.1972735398449,
,,,-1.607E-06,0.0208157896995544,0.196938811801374,
,,,-1.6068E-06,0.154707014560699,0.197608267888427,
,,,-1.6066E-06,-0.0461298227310181,0.197608267888427,
,,,-1.6064E-06,-0.113075435161591,0.1972735398449,
,,,-1.6062E-06,0.154707014560699,0.1972735398449,
,,,-1.606E-06,-0.0461298227310181,0.196101991692558,
,,,-1.6058E-06,-0.0461298227310181,0.196938811801374,
,,,-1.6056E-06,0.0208157896995544,0.197440903866664,
,,,-1.6054E-06,0.0208157896995544,0.196938811801374,
,,,-1.6052E-06,-0.0461298227310181,0.196604083757848,
,,,-1.605E-06,0.0208157896995544,0.196938811801374,
,,,-1.6048E-06,0.154707014560699,0.196938811801374,
,,,-1.6046E-06,-0.0461298227310181,0.196436719736084,
,,,-1.6044E-06,0.0208157896995544,0.196604083757848,
,,,-1.6042E-06,0.087761402130127,0.196436719736084,
,,,-1.604E-06,-0.113075435161591,0.196101991692558,
,,,-1.6038E-06,-0.0461298227310181,0.196604083757848,
,,,-1.6036E-06,0.0208157896995544,0.196604083757848,
,,,-1.6034E-06,-0.113075435161591,0.196938811801374,
,,,-1.6032E-06,0.0208157896995544,0.197608267888427,
,,,-1.603E-06,-0.113075435161591,0.196938811801374,
,,,-1.6028E-06,0.0208157896995544,0.1972735398449,
,,,-1.6026E-06,0.0208157896995544,0.196938811801374,
,,,-1.6024E-06,-0.0461298227310181,0.196269355714321,
,,,-1.6022E-06,-0.113075435161591,0.1972735398449,
,,,-1.602E-06,-0.0461298227310181,0.1972735398449,
,,,-1.6018E-06,0.0208157896995544,0.1972735398449,
,,,-1.6016E-06,0.087761402130127,0.196938811801374,
,,,-1.6014E-06,0.0208157896995544,0.196938811801374,
,,,-1.6012E-06,-0.0461298227310181,0.196604083757848,
,,,-1.601E-06,-0.0461298227310181,0.196604083757848,
,,,-1.6008E-06,0.0208157896995544,0.1972735398449,
,,,-1.6006E-06,0.087761402130127,0.1972735398449,
,,,-1.6004E-06,0.0208157896995544,0.196771447779611,
,,,-1.6002E-06,0.0208157896995544,0.196938811801374,
,,,-1.6E-06,-0.0461298227310181,0.197106175823137,
,,,-1.5998E-06,-0.0461298227310181,0.1972735398449,
,,,-1.5996E-06,0.0208157896995544,0.1972735398449,
,,,-1.5994E-06,0.0208157896995544,0.196604083757848,
,,,-1.5992E-06,0.0208157896995544,0.197440903866664,
,,,-1.599E-06,-0.0461298227310181,0.197106175823137,
,,,-1.5988E-06,0.0208157896995544,0.197608267888427,
,,,-1.5986E-06,0.0208157896995544,0.19777563191019,
,,,-1.5984E-06,0.0208157896995544,0.197106175823137,
,,,-1.5982E-06,-0.113075435161591,0.196938811801374,
,,,-1.598E-06,0.0208157896995544,0.196771447779611,
,,,-1.5978E-06,-0.0461298227310181,0.197440903866664,
,,,-1.5976E-06,0.0208157896995544,0.196269355714321,
,,,-1.5974E-06,-0.0461298227310181,0.197106175823137,
,,,-1.5972E-06,-0.113075435161591,0.197106175823137,
,,,-1.597E-06,-0.0461298227310181,0.197440903866664,
,,,-1.5968E-06,0.0208157896995544,0.196938811801374,
,,,-1.5966E-06,-0.180021047592163,0.196771447779611,
,,,-1.5964E-06,-0.0461298227310181,0.197106175823137,
,,,-1.5962E-06,0.087761402130127,0.197106175823137,
,,,-1.596E-06,-0.0461298227310181,0.196604083757848,
,,,-1.5958E-06,-0.113075435161591,0.196771447779611,
,,,-1.5956E-06,0.087761402130127,0.196938811801374,
,,,-1.5954E-06,-0.0461298227310181,0.197106175823137,
,,,-1.5952E-06,0.0208157896995544,0.197440903866664,
,,,-1.595E-06,-0.0461298227310181,0.197106175823137,
,,,-1.5948E-06,0.0208157896995544,0.198110359953716,
,,,-1.5946E-06,0.0208157896995544,0.1972735398449,
,,,-1.5944E-06,0.087761402130127,0.1972735398449,
,,,-1.5942E-06,0.0208157896995544,0.1972735398449,
,,,-1.594E-06,0.087761402130127,0.197106175823137,
,,,-1.5938E-06,-0.0461298227310181,0.1972735398449,
,,,-1.5936E-06,-0.0461298227310181,0.1972735398449,
,,,-1.5934E-06,0.154707014560699,0.1972735398449,
,,,-1.5932E-06,0.0208157896995544,0.197440903866664,
,,,-1.593E-06,-0.0461298227310181,0.1972735398449,
,,,-1.5928E-06,0.154707014560699,0.197106175823137,
,,,-1.5926E-06,0.0208157896995544,0.197106175823137,
,,,-1.5924E-06,0.0208157896995544,0.197106175823137,
,,,-1.5922E-06,0.0208157896995544,0.197106175823137,
,,,-1.592E-06,0.087761402130127,0.197608267888427,
,,,-1.5918E-06,-0.0461298227310181,0.197106175823137,
,,,-1.5916E-06,0.0208157896995544,0.1972735398449,
,,,-1.5914E-06,0.0208157896995544,0.197106175823137,
,,,-1.5912E-06,-0.0461298227310181,0.196938811801374,
,,,-1.591E-06,0.087761402130127,0.1972735398449,
,,,-1.5908E-06,0.0208157896995544,0.197106175823137,
,,,-1.5906E-06,-0.0461298227310181,0.19777563191019,
,,,-1.5904E-06,-0.0461298227310181,0.197440903866664,
,,,-1.5902E-06,-0.113075435161591,0.197440903866664,
,,,-1.59E-06,0.0208157896995544,0.197106175823137,
,,,-1.5898E-06,0.087761402130127,0.197106175823137,
,,,-1.5896E-06,0.0208157896995544,0.196771447779611,
,,,-1.5894E-06,-0.113075435161591,0.197106175823137,
,,,-1.5892E-06,0.0208157896995544,0.197440903866664,
,,,-1.589E-06,-0.0461298227310181,0.197106175823137,
,,,-1.5888E-06,0.0208157896995544,0.1972735398449,
,,,-1.5886E-06,0.0208157896995544,0.196771447779611,
,,,-1.5884E-06,-0.0461298227310181,0.1972735398449,
,,,-1.5882E-06,-0.0461298227310181,0.196938811801374,
,,,-1.588E-06,0.0208157896995544,0.197440903866664,
,,,-1.5878E-06,0.087761402130127,0.196938811801374,
,,,-1.5876E-06,0.087761402130127,0.196604083757848,
,,,-1.5874E-06,0.0208157896995544,0.198110359953716,
,,,-1.5872E-06,0.0208157896995544,0.19777563191019,
,,,-1.587E-06,0.0208157896995544,0.19777563191019,
,,,-1.5868E-06,-0.0461298227310181,0.196436719736084,
,,,-1.5866E-06,0.0208157896995544,0.196938811801374,
,,,-1.5864E-06,0.0208157896995544,0.197608267888427,
,,,-1.5862E-06,-0.113075435161591,0.1972735398449,
,,,-1.586E-06,0.0208157896995544,0.197106175823137,
,,,-1.5858E-06,0.0208157896995544,0.19777563191019,
,,,-1.5856E-06,0.0208157896995544,0.1972735398449,
,,,-1.5854E-06,-0.0461298227310181,0.196938811801374,
,,,-1.5852E-06,0.0208157896995544,0.196771447779611,
,,,-1.585E-06,0.0208157896995544,0.197608267888427,
,,,-1.5848E-06,-0.0461298227310181,0.197106175823137,
,,,-1.5846E-06,-0.0461298227310181,0.19777563191019,
,,,-1.5844E-06,-0.113075435161591,0.197942995931953,
,,,-1.5842E-06,-0.0461298227310181,0.1972735398449,
,,,-1.584E-06,0.087761402130127,0.196771447779611,
,,,-1.5838E-06,-0.113075435161591,0.196938811801374,
,,,-1.5836E-06,-0.0461298227310181,0.1972735398449,
,,,-1.5834E-06,0.0208157896995544,0.196436719736084,
,,,-1.5832E-06,0.0208157896995544,0.196771447779611,
,,,-1.583E-06,-0.0461298227310181,0.197608267888427,
,,,-1.5828E-06,-0.0461298227310181,0.197106175823137,
,,,-1.5826E-06,0.0208157896995544,0.196269355714321,
,,,-1.5824E-06,-0.0461298227310181,0.196101991692558,
,,,-1.5822E-06,-0.113075435161591,0.196604083757848,
,,,-1.582E-06,0.0208157896995544,0.1972735398449,
,,,-1.5818E-06,-0.0461298227310181,0.196938811801374,
,,,-1.5816E-06,0.087761402130127,0.197440903866664,
,,,-1.5814E-06,-0.0461298227310181,0.197942995931953,
,,,-1.5812E-06,0.087761402130127,0.197440903866664,
,,,-1.581E-06,0.0208157896995544,0.197942995931953,
,,,-1.5808E-06,-0.0461298227310181,0.196771447779611,
,,,-1.5806E-06,0.0208157896995544,0.197942995931953,
,,,-1.5804E-06,-0.113075435161591,0.196938811801374,
,,,-1.5802E-06,-0.0461298227310181,0.197106175823137,
,,,-1.58E-06,-0.0461298227310181,0.1972735398449,
,,,-1.5798E-06,-0.113075435161591,0.196771447779611,
,,,-1.5796E-06,0.0208157896995544,0.197106175823137,
,,,-1.5794E-06,-0.0461298227310181,0.196938811801374,
,,,-1.5792E-06,-0.0461298227310181,0.197106175823137,
,,,-1.579E-06,-0.0461298227310181,0.197440903866664,
,,,-1.5788E-06,0.0208157896995544,0.196938811801374,
,,,-1.5786E-06,0.087761402130127,0.1972735398449,
,,,-1.5784E-06,-0.0461298227310181,0.196771447779611,
,,,-1.5782E-06,0.0208157896995544,0.197106175823137,
,,,-1.578E-06,-0.113075435161591,0.196604083757848,
,,,-1.5778E-06,-0.0461298227310181,0.197106175823137,
,,,-1.5776E-06,0.087761402130127,0.1972735398449,
,,,-1.5774E-06,-0.113075435161591,0.196938811801374,
,,,-1.5772E-06,-0.0461298227310181,0.197440903866664,
,,,-1.577E-06,0.087761402130127,0.1972735398449,
,,,-1.5768E-06,0.0208157896995544,0.196771447779611,
,,,-1.5766E-06,-0.0461298227310181,0.196938811801374,
,,,-1.5764E-06,-0.0461298227310181,0.197106175823137,
,,,-1.5762E-06,-0.0461298227310181,0.197440903866664,
,,,-1.576E-06,-0.0461298227310181,0.197106175823137,
,,,-1.5758E-06,0.087761402130127,0.197608267888427,
,,,-1.5756E-06,0.087761402130127,0.197608267888427,
,,,-1.5754E-06,-0.113075435161591,0.196938811801374,
,,,-1.5752E-06,0.0208157896995544,0.195767263649032,
,,,-1.575E-06,-0.0461298227310181,0.1972735398449,
,,,-1.5748E-06,0.0208157896995544,0.197106175823137,
,,,-1.5746E-06,-0.0461298227310181,0.196771447779611,
,,,-1.5744E-06,-0.0461298227310181,0.196269355714321,
,,,-1.5742E-06,0.087761402130127,0.196938811801374,
,,,-1.574E-06,-0.0461298227310181,0.197440903866664,
,,,-1.5738E-06,0.0208157896995544,0.1972735398449,
,,,-1.5736E-06,0.0208157896995544,0.196269355714321,
,,,-1.5734E-06,0.0208157896995544,0.196771447779611,
,,,-1.5732E-06,-0.0461298227310181,0.196604083757848,
,,,-1.573E-06,0.0208157896995544,0.196771447779611,
,,,-1.5728E-06,0.154707014560699,0.1972735398449,
,,,-1.5726E-06,-0.0461298227310181,0.197106175823137,
,,,-1.5724E-06,0.0208157896995544,0.197608267888427,
,,,-1.5722E-06,0.0208157896995544,0.196771447779611,
,,,-1.572E-06,0.0208157896995544,0.196771447779611,
,,,-1.5718E-06,0.0208157896995544,0.197106175823137,
,,,-1.5716E-06,0.0208157896995544,0.197608267888427,
,,,-1.5714E-06,0.0208157896995544,0.197608267888427,
,,,-1.5712E-06,0.087761402130127,0.197106175823137,
,,,-1.571E-06,-0.113075435161591,0.196604083757848,
,,,-1.5708E-06,0.0208157896995544,0.197440903866664,
,,,-1.5706E-06,0.087761402130127,0.1972735398449,
,,,-1.5704E-06,0.0208157896995544,0.19777563191019,
,,,-1.5702E-06,-0.0461298227310181,0.197440903866664,
,,,-1.57E-06,0.0208157896995544,0.197608267888427,
,,,-1.5698E-06,-0.0461298227310181,0.197106175823137,
,,,-1.5696E-06,-0.0461298227310181,0.197106175823137,
,,,-1.5694E-06,-0.113075435161591,0.19777563191019,
,,,-1.5692E-06,0.0208157896995544,0.197942995931953,
,,,-1.569E-06,-0.0461298227310181,0.197440903866664,
,,,-1.5688E-06,0.087761402130127,0.197608267888427,
,,,-1.5686E-06,0.087761402130127,0.197608267888427,
,,,-1.5684E-06,0.087761402130127,0.198110359953716,
,,,-1.5682E-06,0.0208157896995544,0.198110359953716,
,,,-1.568E-06,0.0208157896995544,0.197106175823137,
,,,-1.5678E-06,0.087761402130127,0.197942995931953,
,,,-1.5676E-06,-0.113075435161591,0.197608267888427,
,,,-1.5674E-06,0.087761402130127,0.197942995931953,
,,,-1.5672E-06,0.0208157896995544,0.197440903866664,
,,,-1.567E-06,-0.113075435161591,0.197440903866664,
,,,-1.5668E-06,0.0208157896995544,0.19777563191019,
,,,-1.5666E-06,0.0208157896995544,0.1972735398449,
,,,-1.5664E-06,0.0208157896995544,0.197942995931953,
,,,-1.5662E-06,-0.0461298227310181,0.197942995931953,
,,,-1.566E-06,0.0208157896995544,0.197608267888427,
,,,-1.5658E-06,0.0208157896995544,0.1972735398449,
,,,-1.5656E-06,-0.0461298227310181,0.196938811801374,
,,,-1.5654E-06,0.0208157896995544,0.196771447779611,
,,,-1.5652E-06,0.0208157896995544,0.197440903866664,
,,,-1.565E-06,0.0208157896995544,0.196938811801374,
,,,-1.5648E-06,0.087761402130127,0.19777563191019,
,,,-1.5646E-06,-0.0461298227310181,0.197440903866664,
,,,-1.5644E-06,-0.0461298227310181,0.197942995931953,
,,,-1.5642E-06,0.0208157896995544,0.1972735398449,
,,,-1.564E-06,0.0208157896995544,0.197106175823137,
,,,-1.5638E-06,-0.0461298227310181,0.1972735398449,
,,,-1.5636E-06,-0.0461298227310181,0.196938811801374,
,,,-1.5634E-06,0.087761402130127,0.197106175823137,
,,,-1.5632E-06,0.0208157896995544,0.1972735398449,
,,,-1.563E-06,-0.0461298227310181,0.197106175823137,
,,,-1.5628E-06,0.0208157896995544,0.197106175823137,
,,,-1.5626E-06,-0.0461298227310181,0.196771447779611,
,,,-1.5624E-06,0.087761402130127,0.196604083757848,
,,,-1.5622E-06,-0.0461298227310181,0.196771447779611,
,,,-1.562E-06,0.087761402130127,0.197440903866664,
,,,-1.5618E-06,0.0208157896995544,0.19777563191019,
,,,-1.5616E-06,0.0208157896995544,0.196938811801374,
,,,-1.5614E-06,0.087761402130127,0.196938811801374,
,,,-1.5612E-06,-0.0461298227310181,0.197106175823137,
,,,-1.561E-06,0.0208157896995544,0.196938811801374,
,,,-1.5608E-06,0.0208157896995544,0.1972735398449,
,,,-1.5606E-06,-0.0461298227310181,0.1972735398449,
,,,-1.5604E-06,0.087761402130127,0.197440903866664,
,,,-1.5602E-06,0.0208157896995544,0.197106175823137,
,,,-1.56E-06,0.154707014560699,0.196938811801374,
,,,-1.5598E-06,0.0208157896995544,0.196604083757848,
,,,-1.5596E-06,-0.0461298227310181,0.1972735398449,
,,,-1.5594E-06,0.0208157896995544,0.1972735398449,
,,,-1.5592E-06,0.0208157896995544,0.1972735398449,
,,,-1.559E-06,0.0208157896995544,0.197440903866664,
,,,-1.5588E-06,-0.113075435161591,0.197106175823137,
,,,-1.5586E-06,0.0208157896995544,0.197440903866664,
,,,-1.5584E-06,-0.0461298227310181,0.197106175823137,
,,,-1.5582E-06,-0.0461298227310181,0.196771447779611,
,,,-1.558E-06,0.0208157896995544,0.197106175823137,
,,,-1.5578E-06,0.0208157896995544,0.196604083757848,
,,,-1.5576E-06,0.0208157896995544,0.196771447779611,
,,,-1.5574E-06,-0.0461298227310181,0.1972735398449,
,,,-1.5572E-06,0.0208157896995544,0.1972735398449,
,,,-1.557E-06,-0.0461298227310181,0.196938811801374,
,,,-1.5568E-06,0.0208157896995544,0.197106175823137,
,,,-1.5566E-06,-0.113075435161591,0.197106175823137,
,,,-1.5564E-06,-0.0461298227310181,0.196604083757848,
,,,-1.5562E-06,-0.0461298227310181,0.196436719736084,
,,,-1.556E-06,0.0208157896995544,0.196771447779611,
,,,-1.5558E-06,-0.0461298227310181,0.196604083757848,
,,,-1.5556E-06,0.154707014560699,0.196938811801374,
,,,-1.5554E-06,0.087761402130127,0.196771447779611,
,,,-1.5552E-06,0.0208157896995544,0.196604083757848,
,,,-1.555E-06,0.087761402130127,0.196604083757848,
,,,-1.5548E-06,-0.0461298227310181,0.196938811801374,
,,,-1.5546E-06,-0.0461298227310181,0.1972735398449,
,,,-1.5544E-06,0.0208157896995544,0.196938811801374,
,,,-1.5542E-06,-0.113075435161591,0.197106175823137,
,,,-1.554E-06,-0.0461298227310181,0.196269355714321,
,,,-1.5538E-06,-0.0461298227310181,0.1972735398449,
,,,-1.5536E-06,0.087761402130127,0.196604083757848,
,,,-1.5534E-06,0.0208157896995544,0.1972735398449,
,,,-1.5532E-06,0.0208157896995544,0.197440903866664,
,,,-1.553E-06,-0.0461298227310181,0.197440903866664,
,,,-1.5528E-06,-0.0461298227310181,0.19777563191019,
,,,-1.5526E-06,-0.113075435161591,0.19777563191019,
,,,-1.5524E-06,0.0208157896995544,0.19777563191019,
,,,-1.5522E-06,0.087761402130127,0.1972735398449,
,,,-1.552E-06,0.087761402130127,0.196938811801374,
,,,-1.5518E-06,-0.113075435161591,0.196771447779611,
,,,-1.5516E-06,0.0208157896995544,0.1972735398449,
,,,-1.5514E-06,0.0208157896995544,0.1972735398449,
,,,-1.5512E-06,0.0208157896995544,0.197440903866664,
,,,-1.551E-06,-0.113075435161591,0.197608267888427,
,,,-1.5508E-06,0.0208157896995544,0.197106175823137,
,,,-1.5506E-06,-0.0461298227310181,0.197942995931953,
,,,-1.5504E-06,-0.0461298227310181,0.198110359953716,
,,,-1.5502E-06,0.0208157896995544,0.19827772397548,
,,,-1.55E-06,0.0208157896995544,0.198110359953716,
,,,-1.5498E-06,-0.113075435161591,0.19777563191019,
,,,-1.5496E-06,0.087761402130127,0.197608267888427,
,,,-1.5494E-06,0.0208157896995544,0.196436719736084,
,,,-1.5492E-06,0.087761402130127,0.196938811801374,
,,,-1.549E-06,0.0208157896995544,0.19777563191019,
,,,-1.5488E-06,-0.0461298227310181,0.197440903866664,
,,,-1.5486E-06,0.0208157896995544,0.196771447779611,
,,,-1.5484E-06,-0.0461298227310181,0.197942995931953,
,,,-1.5482E-06,-0.0461298227310181,0.1972735398449,
,,,-1.548E-06,0.0208157896995544,0.1972735398449,
,,,-1.5478E-06,-0.0461298227310181,0.196938811801374,
,,,-1.5476E-06,0.0208157896995544,0.197106175823137,
,,,-1.5474E-06,0.0208157896995544,0.1972735398449,
,,,-1.5472E-06,0.087761402130127,0.197106175823137,
,,,-1.547E-06,-0.0461298227310181,0.197440903866664,
,,,-1.5468E-06,0.0208157896995544,0.197106175823137,
,,,-1.5466E-06,-0.0461298227310181,0.196604083757848,
,,,-1.5464E-06,-0.113075435161591,0.196938811801374,
,,,-1.5462E-06,0.0208157896995544,0.197106175823137,
,,,-1.546E-06,0.0208157896995544,0.196604083757848,
,,,-1.5458E-06,0.0208157896995544,0.196938811801374,
,,,-1.5456E-06,0.0208157896995544,0.197440903866664,
,,,-1.5454E-06,-0.180021047592163,0.197106175823137,
,,,-1.5452E-06,-0.0461298227310181,0.196604083757848,
,,,-1.545E-06,0.0208157896995544,0.197440903866664,
,,,-1.5448E-06,0.0208157896995544,0.197942995931953,
,,,-1.5446E-06,-0.0461298227310181,0.197440903866664,
,,,-1.5444E-06,-0.0461298227310181,0.196771447779611,
,,,-1.5442E-06,-0.0461298227310181,0.197440903866664,
,,,-1.544E-06,-0.113075435161591,0.197106175823137,
,,,-1.5438E-06,-0.180021047592163,0.196938811801374,
,,,-1.5436E-06,-0.113075435161591,0.19777563191019,
,,,-1.5434E-06,-0.0461298227310181,0.197608267888427,
,,,-1.5432E-06,0.087761402130127,0.197440903866664,
,,,-1.543E-06,0.0208157896995544,0.19777563191019,
,,,-1.5428E-06,0.0208157896995544,0.1972735398449,
,,,-1.5426E-06,0.0208157896995544,0.197440903866664,
,,,-1.5424E-06,0.0208157896995544,0.1972735398449,
,,,-1.5422E-06,0.087761402130127,0.197608267888427,
,,,-1.542E-06,0.0208157896995544,0.1972735398449,
,,,-1.5418E-06,0.087761402130127,0.197942995931953,
,,,-1.5416E-06,0.0208157896995544,0.197440903866664,
,,,-1.5414E-06,0.0208157896995544,0.196771447779611,
,,,-1.5412E-06,0.087761402130127,0.196938811801374,
,,,-1.541E-06,0.0208157896995544,0.197440903866664,
,,,-1.5408E-06,0.0208157896995544,0.1972735398449,
,,,-1.5406E-06,-0.0461298227310181,0.197608267888427,
,,,-1.5404E-06,0.087761402130127,0.1972735398449,
,,,-1.5402E-06,0.0208157896995544,0.197440903866664,
,,,-1.54E-06,-0.113075435161591,0.196938811801374,
,,,-1.5398E-06,-0.0461298227310181,0.197106175823137,
,,,-1.5396E-06,0.0208157896995544,0.197106175823137,
,,,-1.5394E-06,0.0208157896995544,0.197440903866664,
,,,-1.5392E-06,0.0208157896995544,0.196938811801374,
,,,-1.539E-06,-0.0461298227310181,0.196604083757848,
,,,-1.5388E-06,-0.0461298227310181,0.197440903866664,
,,,-1.5386E-06,0.0208157896995544,0.196771447779611,
,,,-1.5384E-06,0.0208157896995544,0.196604083757848,
,,,-1.5382E-06,-0.0461298227310181,0.196771447779611,
,,,-1.538E-06,0.0208157896995544,0.196436719736084,
,,,-1.5378E-06,0.0208157896995544,0.196269355714321,
,,,-1.5376E-06,0.0208157896995544,0.196771447779611,
,,,-1.5374E-06,-0.0461298227310181,0.196604083757848,
,,,-1.5372E-06,0.0208157896995544,0.196771447779611,
,,,-1.537E-06,0.0208157896995544,0.196436719736084,
,,,-1.5368E-06,0.0208157896995544,0.196436719736084,
,,,-1.5366E-06,0.087761402130127,0.196604083757848,
,,,-1.5364E-06,0.154707014560699,0.196436719736084,
,,,-1.5362E-06,0.0208157896995544,0.195934627670795,
,,,-1.536E-06,-0.0461298227310181,0.195767263649032,
,,,-1.5358E-06,0.087761402130127,0.196269355714321,
,,,-1.5356E-06,0.0208157896995544,0.196604083757848,
,,,-1.5354E-06,0.0208157896995544,0.196604083757848,
,,,-1.5352E-06,-0.0461298227310181,0.196604083757848,
,,,-1.535E-06,-0.113075435161591,0.196938811801374,
,,,-1.5348E-06,-0.0461298227310181,0.196436719736084,
,,,-1.5346E-06,0.087761402130127,0.1972735398449,
,,,-1.5344E-06,0.154707014560699,0.1972735398449,
,,,-1.5342E-06,0.0208157896995544,0.196938811801374,
,,,-1.534E-06,-0.113075435161591,0.196938811801374,
,,,-1.5338E-06,0.0208157896995544,0.196771447779611,
,,,-1.5336E-06,0.0208157896995544,0.196938811801374,
,,,-1.5334E-06,-0.0461298227310181,0.197440903866664,
,,,-1.5332E-06,-0.0461298227310181,0.197440903866664,
,,,-1.533E-06,0.0208157896995544,0.196938811801374,
,,,-1.5328E-06,0.087761402130127,0.1972735398449,
,,,-1.5326E-06,-0.180021047592163,0.197608267888427,
,,,-1.5324E-06,0.0208157896995544,0.198110359953716,
,,,-1.5322E-06,0.087761402130127,0.1972735398449,
,,,-1.532E-06,0.0208157896995544,0.196604083757848,
,,,-1.5318E-06,-0.0461298227310181,0.1972735398449,
,,,-1.5316E-06,0.087761402130127,0.1972735398449,
,,,-1.5314E-06,0.0208157896995544,0.197106175823137,
,,,-1.5312E-06,-0.0461298227310181,0.1972735398449,
,,,-1.531E-06,-0.0461298227310181,0.197942995931953,
,,,-1.5308E-06,0.0208157896995544,0.1972735398449,
,,,-1.5306E-06,-0.113075435161591,0.197440903866664,
,,,-1.5304E-06,-0.0461298227310181,0.197106175823137,
,,,-1.5302E-06,-0.0461298227310181,0.1972735398449,
,,,-1.53E-06,0.087761402130127,0.197106175823137,
,,,-1.5298E-06,0.0208157896995544,0.1972735398449,
,,,-1.5296E-06,0.0208157896995544,0.196269355714321,
,,,-1.5294E-06,0.0208157896995544,0.1972735398449,
,,,-1.5292E-06,-0.0461298227310181,0.197106175823137,
,,,-1.529E-06,0.0208157896995544,0.196771447779611,
,,,-1.5288E-06,0.0208157896995544,0.197106175823137,
,,,-1.5286E-06,-0.0461298227310181,0.19777563191019,
,,,-1.5284E-06,-0.0461298227310181,0.196604083757848,
,,,-1.5282E-06,-0.0461298227310181,0.196938811801374,
,,,-1.528E-06,0.221652626991272,0.196436719736084,
,,,-1.5278E-06,0.0208157896995544,0.1972735398449,
,,,-1.5276E-06,-0.0461298227310181,0.196938811801374,
,,,-1.5274E-06,0.0208157896995544,0.196436719736084,
,,,-1.5272E-06,-0.0461298227310181,0.196604083757848,
,,,-1.527E-06,-0.0461298227310181,0.1972735398449,
,,,-1.5268E-06,-0.113075435161591,0.196938811801374,
,,,-1.5266E-06,0.087761402130127,0.196938811801374,
,,,-1.5264E-06,0.0208157896995544,0.197440903866664,
,,,-1.5262E-06,-0.113075435161591,0.196101991692558,
,,,-1.526E-06,0.0208157896995544,0.1972735398449,
,,,-1.5258E-06,-0.0461298227310181,0.1972735398449,
,,,-1.5256E-06,0.0208157896995544,0.196938811801374,
,,,-1.5254E-06,-0.0461298227310181,0.197106175823137,
,,,-1.5252E-06,0.087761402130127,0.196771447779611,
,,,-1.525E-06,0.0208157896995544,0.196938811801374,
,,,-1.5248E-06,0.087761402130127,0.196938811801374,
,,,-1.5246E-06,-0.113075435161591,0.197106175823137,
,,,-1.5244E-06,0.0208157896995544,0.197106175823137,
,,,-1.5242E-06,-0.0461298227310181,0.196938811801374,
,,,-1.524E-06,0.087761402130127,0.197440903866664,
,,,-1.5238E-06,0.0208157896995544,0.1972735398449,
,,,-1.5236E-06,0.087761402130127,0.19777563191019,
,,,-1.5234E-06,0.087761402130127,0.1972735398449,
,,,-1.5232E-06,0.087761402130127,0.1972735398449,
,,,-1.523E-06,0.0208157896995544,0.196938811801374,
,,,-1.5228E-06,0.0208157896995544,0.197106175823137,
,,,-1.5226E-06,0.087761402130127,0.197608267888427,
,,,-1.5224E-06,0.0208157896995544,0.196938811801374,
,,,-1.5222E-06,-0.0461298227310181,0.196938811801374,
,,,-1.522E-06,0.0208157896995544,0.197106175823137,
,,,-1.5218E-06,-0.0461298227310181,0.197440903866664,
,,,-1.5216E-06,0.087761402130127,0.1972735398449,
,,,-1.5214E-06,-0.0461298227310181,0.196938811801374,
,,,-1.5212E-06,0.0208157896995544,0.196771447779611,
,,,-1.521E-06,-0.0461298227310181,0.196436719736084,
,,,-1.5208E-06,-0.113075435161591,0.196771447779611,
,,,-1.5206E-06,0.0208157896995544,0.1972735398449,
,,,-1.5204E-06,0.0208157896995544,0.197106175823137,
,,,-1.5202E-06,0.087761402130127,0.196938811801374,
,,,-1.52E-06,0.087761402130127,0.197608267888427,
,,,-1.5198E-06,-0.0461298227310181,0.196269355714321,
,,,-1.5196E-06,0.0208157896995544,0.197440903866664,
,,,-1.5194E-06,0.0208157896995544,0.196938811801374,
,,,-1.5192E-06,0.087761402130127,0.196436719736084,
,,,-1.519E-06,-0.0461298227310181,0.196269355714321,
,,,-1.5188E-06,-0.0461298227310181,0.196938811801374,
,,,-1.5186E-06,0.0208157896995544,0.196771447779611,
,,,-1.5184E-06,-0.0461298227310181,0.196269355714321,
,,,-1.5182E-06,-0.0461298227310181,0.196771447779611,
,,,-1.518E-06,0.0208157896995544,0.196771447779611,
,,,-1.5178E-06,0.0208157896995544,0.195934627670795,
,,,-1.5176E-06,0.087761402130127,0.196938811801374,
,,,-1.5174E-06,-0.0461298227310181,0.196771447779611,
,,,-1.5172E-06,0.087761402130127,0.196771447779611,
,,,-1.517E-06,0.0208157896995544,0.196938811801374,
,,,-1.5168E-06,0.0208157896995544,0.1972735398449,
,,,-1.5166E-06,0.154707014560699,0.196604083757848,
,,,-1.5164E-06,-0.0461298227310181,0.196604083757848,
,,,-1.5162E-06,0.087761402130127,0.196604083757848,
,,,-1.516E-06,0.0208157896995544,0.1972735398449,
,,,-1.5158E-06,-0.113075435161591,0.196938811801374,
,,,-1.5156E-06,0.0208157896995544,0.1972735398449,
,,,-1.5154E-06,0.0208157896995544,0.197440903866664,
,,,-1.5152E-06,0.0208157896995544,0.197608267888427,
,,,-1.515E-06,-0.0461298227310181,0.1972735398449,
,,,-1.5148E-06,0.154707014560699,0.197608267888427,
,,,-1.5146E-06,-0.0461298227310181,0.196938811801374,
,,,-1.5144E-06,-0.0461298227310181,0.196604083757848,
,,,-1.5142E-06,-0.0461298227310181,0.197440903866664,
,,,-1.514E-06,0.0208157896995544,0.19777563191019,
,,,-1.5138E-06,0.0208157896995544,0.197440903866664,
,,,-1.5136E-06,0.087761402130127,0.1972735398449,
,,,-1.5134E-06,-0.0461298227310181,0.1972735398449,
,,,-1.5132E-06,-0.0461298227310181,0.1972735398449,
,,,-1.513E-06,0.0208157896995544,0.1972735398449,
,,,-1.5128E-06,0.0208157896995544,0.197106175823137,
,,,-1.5126E-06,-0.113075435161591,0.196771447779611,
,,,-1.5124E-06,-0.0461298227310181,0.196436719736084,
,,,-1.5122E-06,0.0208157896995544,0.197440903866664,
,,,-1.512E-06,0.0208157896995544,0.19777563191019,
,,,-1.5118E-06,-0.113075435161591,0.197608267888427,
,,,-1.5116E-06,-0.0461298227310181,0.1972735398449,
,,,-1.5114E-06,-0.0461298227310181,0.197942995931953,
,,,-1.5112E-06,0.087761402130127,0.197440903866664,
,,,-1.511E-06,-0.0461298227310181,0.196269355714321,
,,,-1.5108E-06,0.087761402130127,0.196436719736084,
,,,-1.5106E-06,0.0208157896995544,0.196604083757848,
,,,-1.5104E-06,0.0208157896995544,0.196269355714321,
,,,-1.5102E-06,0.087761402130127,0.197608267888427,
,,,-1.51E-06,-0.0461298227310181,0.196938811801374,
,,,-1.5098E-06,0.087761402130127,0.196604083757848,
,,,-1.5096E-06,0.0208157896995544,0.196269355714321,
,,,-1.5094E-06,-0.113075435161591,0.196771447779611,
,,,-1.5092E-06,0.0208157896995544,0.196771447779611,
,,,-1.509E-06,0.0208157896995544,0.196101991692558,
,,,-1.5088E-06,0.154707014560699,0.196269355714321,
,,,-1.5086E-06,-0.113075435161591,0.196771447779611,
,,,-1.5084E-06,0.0208157896995544,0.196771447779611,
,,,-1.5082E-06,0.0208157896995544,0.196771447779611,
,,,-1.508E-06,0.087761402130127,0.196771447779611,
,,,-1.5078E-06,-0.0461298227310181,0.196436719736084,
,,,-1.5076E-06,0.0208157896995544,0.196771447779611,
,,,-1.5074E-06,0.0208157896995544,0.196771447779611,
,,,-1.5072E-06,0.087761402130127,0.196771447779611,
,,,-1.507E-06,-0.0461298227310181,0.196604083757848,
,,,-1.5068E-06,-0.0461298227310181,0.1972735398449,
,,,-1.5066E-06,0.0208157896995544,0.197608267888427,
,,,-1.5064E-06,0.0208157896995544,0.197106175823137,
,,,-1.5062E-06,-0.0461298227310181,0.196938811801374,
,,,-1.506E-06,0.087761402130127,0.197106175823137,
,,,-1.5058E-06,-0.0461298227310181,0.1972735398449,
,,,-1.5056E-06,0.087761402130127,0.197608267888427,
,,,-1.5054E-06,-0.113075435161591,0.197440903866664,
,,,-1.5052E-06,0.0208157896995544,0.197608267888427,
,,,-1.505E-06,-0.113075435161591,0.197440903866664,
,,,-1.5048E-06,0.0208157896995544,0.19777563191019,
,,,-1.5046E-06,0.0208157896995544,0.197440903866664,
,,,-1.5044E-06,0.0208157896995544,0.1972735398449,
,,,-1.5042E-06,0.0208157896995544,0.197106175823137,
,,,-1.504E-06,0.087761402130127,0.1972735398449,
,,,-1.5038E-06,0.0208157896995544,0.196938811801374,
,,,-1.5036E-06,-0.113075435161591,0.197440903866664,
,,,-1.5034E-06,0.0208157896995544,0.197608267888427,
,,,-1.5032E-06,0.087761402130127,0.197106175823137,
,,,-1.503E-06,-0.0461298227310181,0.196604083757848,
,,,-1.5028E-06,-0.0461298227310181,0.1972735398449,
,,,-1.5026E-06,0.087761402130127,0.196938811801374,
,,,-1.5024E-06,0.087761402130127,0.196771447779611,
,,,-1.5022E-06,-0.0461298227310181,0.196771447779611,
,,,-1.502E-06,0.0208157896995544,0.197106175823137,
,,,-1.5018E-06,0.0208157896995544,0.196436719736084,
,,,-1.5016E-06,0.0208157896995544,0.196604083757848,
,,,-1.5014E-06,0.0208157896995544,0.196604083757848,
,,,-1.5012E-06,0.0208157896995544,0.196604083757848,
,,,-1.501E-06,0.0208157896995544,0.196771447779611,
,,,-1.5008E-06,0.087761402130127,0.196771447779611,
,,,-1.5006E-06,-0.0461298227310181,0.196604083757848,
,,,-1.5004E-06,0.0208157896995544,0.196101991692558,
,,,-1.5002E-06,0.087761402130127,0.196436719736084,
,,,-1.5E-06,0.0208157896995544,0.196269355714321,
,,,-1.4998E-06,-0.113075435161591,0.196771447779611,
,,,-1.4996E-06,0.087761402130127,0.196436719736084,
,,,-1.4994E-06,-0.0461298227310181,0.196938811801374,
,,,-1.4992E-06,0.0208157896995544,0.196771447779611,
,,,-1.499E-06,0.0208157896995544,0.196771447779611,
,,,-1.4988E-06,0.0208157896995544,0.1972735398449,
,,,-1.4986E-06,-0.0461298227310181,0.196604083757848,
,,,-1.4984E-06,0.087761402130127,0.196771447779611,
,,,-1.4982E-06,0.087761402130127,0.196771447779611,
,,,-1.498E-06,0.087761402130127,0.1972735398449,
,,,-1.4978E-06,0.0208157896995544,0.1972735398449,
,,,-1.4976E-06,-0.0461298227310181,0.196604083757848,
,,,-1.4974E-06,0.0208157896995544,0.196938811801374,
,,,-1.4972E-06,-0.0461298227310181,0.197106175823137,
,,,-1.497E-06,-0.113075435161591,0.197608267888427,
,,,-1.4968E-06,-0.0461298227310181,0.1972735398449,
,,,-1.4966E-06,0.0208157896995544,0.1972735398449,
,,,-1.4964E-06,0.0208157896995544,0.197440903866664,
,,,-1.4962E-06,0.087761402130127,0.1972735398449,
,,,-1.496E-06,0.087761402130127,0.196771447779611,
,,,-1.4958E-06,-0.0461298227310181,0.196604083757848,
,,,-1.4956E-06,0.0208157896995544,0.197106175823137,
,,,-1.4954E-06,0.0208157896995544,0.1972735398449,
,,,-1.4952E-06,0.0208157896995544,0.196436719736084,
,,,-1.495E-06,-0.0461298227310181,0.1972735398449,
,,,-1.4948E-06,0.0208157896995544,0.197440903866664,
,,,-1.4946E-06,0.0208157896995544,0.196938811801374,
,,,-1.4944E-06,-0.0461298227310181,0.196269355714321,
,,,-1.4942E-06,-0.0461298227310181,0.196771447779611,
,,,-1.494E-06,-0.0461298227310181,0.196938811801374,
,,,-1.4938E-06,0.154707014560699,0.196604083757848,
,,,-1.4936E-06,0.0208157896995544,0.196101991692558,
,,,-1.4934E-06,-0.0461298227310181,0.196771447779611,
,,,-1.4932E-06,-0.0461298227310181,0.196771447779611,
,,,-1.493E-06,-0.0461298227310181,0.196771447779611,
,,,-1.4928E-06,0.0208157896995544,0.196771447779611,
,,,-1.4926E-06,-0.0461298227310181,0.196771447779611,
,,,-1.4924E-06,0.0208157896995544,0.196771447779611,
,,,-1.4922E-06,0.0208157896995544,0.196436719736084,
,,,-1.492E-06,-0.0461298227310181,0.196938811801374,
,,,-1.4918E-06,0.0208157896995544,0.196604083757848,
,,,-1.4916E-06,0.154707014560699,0.195599899627268,
,,,-1.4914E-06,0.0208157896995544,0.196604083757848,
,,,-1.4912E-06,0.0208157896995544,0.196938811801374,
,,,-1.491E-06,0.087761402130127,0.196771447779611,
,,,-1.4908E-06,0.0208157896995544,0.196269355714321,
,,,-1.4906E-06,-0.0461298227310181,0.196771447779611,
,,,-1.4904E-06,0.0208157896995544,0.197106175823137,
,,,-1.4902E-06,-0.0461298227310181,0.196269355714321,
,,,-1.49E-06,0.0208157896995544,0.197106175823137,
,,,-1.4898E-06,0.0208157896995544,0.197106175823137,
,,,-1.4896E-06,-0.0461298227310181,0.197608267888427,
,,,-1.4894E-06,-0.0461298227310181,0.197608267888427,
,,,-1.4892E-06,-0.0461298227310181,0.197106175823137,
,,,-1.489E-06,-0.113075435161591,0.197106175823137,
,,,-1.4888E-06,-0.0461298227310181,0.198110359953716,
,,,-1.4886E-06,-0.113075435161591,0.198110359953716,
,,,-1.4884E-06,-0.113075435161591,0.198110359953716,
,,,-1.4882E-06,0.087761402130127,0.197608267888427,
,,,-1.488E-06,0.087761402130127,0.198110359953716,
,,,-1.4878E-06,-0.0461298227310181,0.1972735398449,
,,,-1.4876E-06,-0.0461298227310181,0.198110359953716,
,,,-1.4874E-06,0.0208157896995544,0.19777563191019,
,,,-1.4872E-06,-0.0461298227310181,0.198445087997243,
,,,-1.487E-06,-0.113075435161591,0.197942995931953,
,,,-1.4868E-06,0.087761402130127,0.19777563191019,
,,,-1.4866E-06,-0.0461298227310181,0.19777563191019,
,,,-1.4864E-06,0.0208157896995544,0.19777563191019,
,,,-1.4862E-06,-0.0461298227310181,0.198110359953716,
,,,-1.486E-06,0.0208157896995544,0.19827772397548,
,,,-1.4858E-06,-0.113075435161591,0.1972735398449,
,,,-1.4856E-06,0.0208157896995544,0.196938811801374,
,,,-1.4854E-06,-0.0461298227310181,0.196938811801374,
,,,-1.4852E-06,0.154707014560699,0.197608267888427,
,,,-1.485E-06,0.087761402130127,0.196771447779611,
,,,-1.4848E-06,-0.0461298227310181,0.1972735398449,
,,,-1.4846E-06,0.0208157896995544,0.197608267888427,
,,,-1.4844E-06,0.0208157896995544,0.19777563191019,
,,,-1.4842E-06,0.087761402130127,0.197106175823137,
,,,-1.484E-06,0.0208157896995544,0.1972735398449,
,,,-1.4838E-06,-0.0461298227310181,0.197608267888427,
,,,-1.4836E-06,0.087761402130127,0.197106175823137,
,,,-1.4834E-06,0.0208157896995544,0.196604083757848,
,,,-1.4832E-06,0.0208157896995544,0.19777563191019,
,,,-1.483E-06,-0.0461298227310181,0.19777563191019,
,,,-1.4828E-06,0.087761402130127,0.1972735398449,
,,,-1.4826E-06,0.0208157896995544,0.196771447779611,
,,,-1.4824E-06,-0.0461298227310181,0.196771447779611,
,,,-1.4822E-06,-0.0461298227310181,0.196436719736084,
,,,-1.482E-06,0.0208157896995544,0.197942995931953,
,,,-1.4818E-06,0.0208157896995544,0.197440903866664,
,,,-1.4816E-06,0.0208157896995544,0.197440903866664,
,,,-1.4814E-06,-0.0461298227310181,0.196604083757848,
,,,-1.4812E-06,0.087761402130127,0.197608267888427,
,,,-1.481E-06,0.087761402130127,0.196269355714321,
,,,-1.4808E-06,0.0208157896995544,0.196771447779611,
,,,-1.4806E-06,0.0208157896995544,0.197440903866664,
,,,-1.4804E-06,-0.113075435161591,0.197440903866664,
,,,-1.4802E-06,-0.0461298227310181,0.196938811801374,
,,,-1.48E-06,0.087761402130127,0.196938811801374,
,,,-1.4798E-06,-0.0461298227310181,0.196938811801374,
,,,-1.4796E-06,0.0208157896995544,0.197106175823137,
,,,-1.4794E-06,-0.0461298227310181,0.197942995931953,
,,,-1.4792E-06,0.0208157896995544,0.197106175823137,
,,,-1.479E-06,0.0208157896995544,0.197440903866664,
,,,-1.4788E-06,0.087761402130127,0.197608267888427,
,,,-1.4786E-06,-0.0461298227310181,0.197942995931953,
,,,-1.4784E-06,-0.0461298227310181,0.1972735398449,
,,,-1.4782E-06,0.087761402130127,0.197608267888427,
,,,-1.478E-06,-0.0461298227310181,0.1972735398449,
,,,-1.4778E-06,-0.0461298227310181,0.197106175823137,
,,,-1.4776E-06,0.087761402130127,0.196771447779611,
,,,-1.4774E-06,0.0208157896995544,0.196938811801374,
,,,-1.4772E-06,0.0208157896995544,0.197106175823137,
,,,-1.477E-06,-0.0461298227310181,0.1972735398449,
,,,-1.4768E-06,0.154707014560699,0.197608267888427,
,,,-1.4766E-06,-0.0461298227310181,0.1972735398449,
,,,-1.4764E-06,-0.0461298227310181,0.196938811801374,
,,,-1.4762E-06,0.0208157896995544,0.196436719736084,
,,,-1.476E-06,0.0208157896995544,0.197106175823137,
,,,-1.4758E-06,-0.0461298227310181,0.197608267888427,
,,,-1.4756E-06,0.0208157896995544,0.197440903866664,
,,,-1.4754E-06,0.0208157896995544,0.196938811801374,
,,,-1.4752E-06,0.0208157896995544,0.197106175823137,
,,,-1.475E-06,-0.0461298227310181,0.196771447779611,
,,,-1.4748E-06,0.0208157896995544,0.196436719736084,
,,,-1.4746E-06,0.0208157896995544,0.196771447779611,
,,,-1.4744E-06,0.0208157896995544,0.196269355714321,
,,,-1.4742E-06,-0.0461298227310181,0.196436719736084,
,,,-1.474E-06,0.087761402130127,0.196938811801374,
,,,-1.4738E-06,-0.0461298227310181,0.1972735398449,
,,,-1.4736E-06,0.0208157896995544,0.196604083757848,
,,,-1.4734E-06,-0.0461298227310181,0.196938811801374,
,,,-1.4732E-06,0.0208157896995544,0.197440903866664,
,,,-1.473E-06,-0.0461298227310181,0.1972735398449,
,,,-1.4728E-06,-0.0461298227310181,0.197440903866664,
,,,-1.4726E-06,-0.0461298227310181,0.197106175823137,
,,,-1.4724E-06,0.087761402130127,0.19777563191019,
,,,-1.4722E-06,-0.0461298227310181,0.197608267888427,
,,,-1.472E-06,-0.0461298227310181,0.196938811801374,
,,,-1.4718E-06,0.154707014560699,0.19777563191019,
,,,-1.4716E-06,-0.0461298227310181,0.197106175823137,
,,,-1.4714E-06,-0.0461298227310181,0.19777563191019,
,,,-1.4712E-06,0.087761402130127,0.198110359953716,
,,,-1.471E-06,-0.113075435161591,0.19827772397548,
,,,-1.4708E-06,-0.0461298227310181,0.197440903866664,
,,,-1.4706E-06,0.087761402130127,0.197608267888427,
,,,-1.4704E-06,0.087761402130127,0.198110359953716,
,,,-1.4702E-06,-0.0461298227310181,0.198110359953716,
,,,-1.47E-06,-0.0461298227310181,0.19827772397548,
,,,-1.4698E-06,0.0208157896995544,0.198612452019006,
,,,-1.4696E-06,0.0208157896995544,0.198110359953716,
,,,-1.4694E-06,-0.0461298227310181,0.19777563191019,
,,,-1.4692E-06,0.0208157896995544,0.197942995931953,
,,,-1.469E-06,-0.0461298227310181,0.197942995931953,
,,,-1.4688E-06,0.0208157896995544,0.19827772397548,
,,,-1.4686E-06,-0.0461298227310181,0.197942995931953,
,,,-1.4684E-06,-0.0461298227310181,0.198612452019006,
,,,-1.4682E-06,0.087761402130127,0.19777563191019,
,,,-1.468E-06,0.0208157896995544,0.197440903866664,
,,,-1.4678E-06,-0.0461298227310181,0.197942995931953,
,,,-1.4676E-06,0.0208157896995544,0.1972735398449,
,,,-1.4674E-06,-0.0461298227310181,0.197942995931953,
,,,-1.4672E-06,-0.0461298227310181,0.19777563191019,
,,,-1.467E-06,-0.0461298227310181,0.19777563191019,
,,,-1.4668E-06,0.0208157896995544,0.197608267888427,
,,,-1.4666E-06,-0.113075435161591,0.196938811801374,
,,,-1.4664E-06,-0.0461298227310181,0.196771447779611,
,,,-1.4662E-06,-0.0461298227310181,0.196938811801374,
,,,-1.466E-06,0.087761402130127,0.1972735398449,
,,,-1.4658E-06,0.0208157896995544,0.1972735398449,
,,,-1.4656E-06,0.0208157896995544,0.197608267888427,
,,,-1.4654E-06,0.0208157896995544,0.197608267888427,
,,,-1.4652E-06,0.0208157896995544,0.197608267888427,
,,,-1.465E-06,0.087761402130127,0.196771447779611,
,,,-1.4648E-06,0.0208157896995544,0.1972735398449,
,,,-1.4646E-06,-0.0461298227310181,0.1972735398449,
,,,-1.4644E-06,0.0208157896995544,0.196938811801374,
,,,-1.4642E-06,0.0208157896995544,0.197106175823137,
,,,-1.464E-06,0.0208157896995544,0.196938811801374,
,,,-1.4638E-06,-0.0461298227310181,0.197106175823137,
,,,-1.4636E-06,0.087761402130127,0.197106175823137,
,,,-1.4634E-06,0.0208157896995544,0.196938811801374,
,,,-1.4632E-06,-0.0461298227310181,0.196938811801374,
,,,-1.463E-06,0.087761402130127,0.197106175823137,
,,,-1.4628E-06,-0.113075435161591,0.197942995931953,
,,,-1.4626E-06,-0.0461298227310181,0.197106175823137,
,,,-1.4624E-06,0.0208157896995544,0.196771447779611,
,,,-1.4622E-06,-0.113075435161591,0.197942995931953,
,,,-1.462E-06,-0.0461298227310181,0.196771447779611,
,,,-1.4618E-06,0.087761402130127,0.197440903866664,
,,,-1.4616E-06,0.0208157896995544,0.197608267888427,
,,,-1.4614E-06,-0.0461298227310181,0.19777563191019,
,,,-1.4612E-06,-0.0461298227310181,0.196436719736084,
,,,-1.461E-06,-0.0461298227310181,0.197440903866664,
,,,-1.4608E-06,0.0208157896995544,0.1972735398449,
,,,-1.4606E-06,-0.0461298227310181,0.196604083757848,
,,,-1.4604E-06,-0.0461298227310181,0.196771447779611,
,,,-1.4602E-06,-0.0461298227310181,0.197106175823137,
,,,-1.46E-06,0.087761402130127,0.196269355714321,
,,,-1.4598E-06,0.0208157896995544,0.196771447779611,
,,,-1.4596E-06,0.0208157896995544,0.196938811801374,
,,,-1.4594E-06,0.0208157896995544,0.197440903866664,
,,,-1.4592E-06,-0.0461298227310181,0.196771447779611,
,,,-1.459E-06,0.0208157896995544,0.196771447779611,
,,,-1.4588E-06,-0.0461298227310181,0.197106175823137,
,,,-1.4586E-06,-0.0461298227310181,0.196938811801374,
,,,-1.4584E-06,0.0208157896995544,0.196938811801374,
,,,-1.4582E-06,0.0208157896995544,0.196938811801374,
,,,-1.458E-06,-0.0461298227310181,0.197106175823137,
,,,-1.4578E-06,0.087761402130127,0.196938811801374,
,,,-1.4576E-06,0.0208157896995544,0.196436719736084,
,,,-1.4574E-06,-0.0461298227310181,0.197106175823137,
,,,-1.4572E-06,0.0208157896995544,0.1972735398449,
,,,-1.457E-06,0.0208157896995544,0.197106175823137,
,,,-1.4568E-06,-0.0461298227310181,0.196771447779611,
,,,-1.4566E-06,-0.0461298227310181,0.196771447779611,
,,,-1.4564E-06,0.0208157896995544,0.197440903866664,
,,,-1.4562E-06,0.0208157896995544,0.1972735398449,
,,,-1.456E-06,0.0208157896995544,0.196436719736084,
,,,-1.4558E-06,-0.113075435161591,0.1972735398449,
,,,-1.4556E-06,-0.0461298227310181,0.196938811801374,
,,,-1.4554E-06,0.087761402130127,0.197106175823137,
,,,-1.4552E-06,0.0208157896995544,0.197608267888427,
,,,-1.455E-06,0.0208157896995544,0.197440903866664,
,,,-1.4548E-06,0.0208157896995544,0.197608267888427,
,,,-1.4546E-06,-0.0461298227310181,0.197440903866664,
,,,-1.4544E-06,0.0208157896995544,0.1972735398449,
,,,-1.4542E-06,0.0208157896995544,0.198110359953716,
,,,-1.454E-06,-0.113075435161591,0.1972735398449,
,,,-1.4538E-06,-0.113075435161591,0.197608267888427,
,,,-1.4536E-06,0.087761402130127,0.198110359953716,
,,,-1.4534E-06,-0.0461298227310181,0.19827772397548,
,,,-1.4532E-06,0.0208157896995544,0.19827772397548,
,,,-1.453E-06,0.0208157896995544,0.19827772397548,
,,,-1.4528E-06,0.0208157896995544,0.198445087997243,
,,,-1.4526E-06,0.087761402130127,0.197608267888427,
,,,-1.4524E-06,-0.0461298227310181,0.198110359953716,
,,,-1.4522E-06,-0.0461298227310181,0.197942995931953,
,,,-1.452E-06,0.0208157896995544,0.197942995931953,
,,,-1.4518E-06,0.0208157896995544,0.19827772397548,
,,,-1.4516E-06,0.154707014560699,0.198110359953716,
,,,-1.4514E-06,0.0208157896995544,0.198110359953716,
,,,-1.4512E-06,0.0208157896995544,0.197608267888427,
,,,-1.451E-06,0.0208157896995544,0.197942995931953,
,,,-1.4508E-06,0.0208157896995544,0.19777563191019,
,,,-1.4506E-06,0.0208157896995544,0.19827772397548,
,,,-1.4504E-06,0.087761402130127,0.197440903866664,
,,,-1.4502E-06,-0.0461298227310181,0.197440903866664,
,,,-1.45E-06,-0.0461298227310181,0.197608267888427,
,,,-1.4498E-06,0.087761402130127,0.198779816040769,
,,,-1.4496E-06,0.087761402130127,0.197942995931953,
,,,-1.4494E-06,-0.0461298227310181,0.197608267888427,
,,,-1.4492E-06,-0.0461298227310181,0.197106175823137,
,,,-1.449E-06,0.087761402130127,0.198110359953716,
,,,-1.4488E-06,0.0208157896995544,0.1972735398449,
,,,-1.4486E-06,-0.0461298227310181,0.19777563191019,
,,,-1.4484E-06,-0.113075435161591,0.198110359953716,
,,,-1.4482E-06,-0.0461298227310181,0.198445087997243,
,,,-1.448E-06,-0.0461298227310181,0.19827772397548,
,,,-1.4478E-06,-0.0461298227310181,0.197440903866664,
,,,-1.4476E-06,-0.0461298227310181,0.196604083757848,
,,,-1.4474E-06,0.0208157896995544,0.197608267888427,
,,,-1.4472E-06,0.087761402130127,0.196771447779611,
,,,-1.447E-06,-0.113075435161591,0.197440903866664,
,,,-1.4468E-06,0.087761402130127,0.196938811801374,
,,,-1.4466E-06,0.0208157896995544,0.197440903866664,
,,,-1.4464E-06,0.0208157896995544,0.196938811801374,
,,,-1.4462E-06,0.087761402130127,0.196771447779611,
,,,-1.446E-06,-0.0461298227310181,0.197106175823137,
,,,-1.4458E-06,-0.0461298227310181,0.1972735398449,
,,,-1.4456E-06,0.087761402130127,0.197106175823137,
,,,-1.4454E-06,-0.0461298227310181,0.197440903866664,
,,,-1.4452E-06,-0.0461298227310181,0.196101991692558,
,,,-1.445E-06,0.0208157896995544,0.197106175823137,
,,,-1.4448E-06,0.0208157896995544,0.197440903866664,
,,,-1.4446E-06,-0.0461298227310181,0.197608267888427,
,,,-1.4444E-06,0.087761402130127,0.197440903866664,
,,,-1.4442E-06,-0.0461298227310181,0.197608267888427,
,,,-1.444E-06,-0.0461298227310181,0.197106175823137,
,,,-1.4438E-06,-0.0461298227310181,0.197942995931953,
,,,-1.4436E-06,0.0208157896995544,0.198445087997243,
,,,-1.4434E-06,-0.0461298227310181,0.19827772397548,
,,,-1.4432E-06,0.0208157896995544,0.197440903866664,
,,,-1.443E-06,-0.113075435161591,0.197106175823137,
,,,-1.4428E-06,0.0208157896995544,0.197608267888427,
,,,-1.4426E-06,0.087761402130127,0.19777563191019,
,,,-1.4424E-06,0.0208157896995544,0.197106175823137,
,,,-1.4422E-06,-0.0461298227310181,0.197106175823137,
,,,-1.442E-06,0.0208157896995544,0.198110359953716,
,,,-1.4418E-06,-0.113075435161591,0.197106175823137,
,,,-1.4416E-06,-0.0461298227310181,0.197608267888427,
,,,-1.4414E-06,-0.0461298227310181,0.197440903866664,
,,,-1.4412E-06,0.087761402130127,0.196938811801374,
,,,-1.441E-06,-0.113075435161591,0.196771447779611,
,,,-1.4408E-06,0.087761402130127,0.197608267888427,
,,,-1.4406E-06,0.087761402130127,0.198445087997243,
,,,-1.4404E-06,0.0208157896995544,0.1972735398449,
,,,-1.4402E-06,0.0208157896995544,0.197942995931953,
,,,-1.44E-06,0.0208157896995544,0.197106175823137,
,,,-1.4398E-06,0.087761402130127,0.197440903866664,
,,,-1.4396E-06,0.0208157896995544,0.19777563191019,
,,,-1.4394E-06,0.0208157896995544,0.197440903866664,
,,,-1.4392E-06,0.0208157896995544,0.1972735398449,
,,,-1.439E-06,-0.113075435161591,0.19777563191019,
,,,-1.4388E-06,0.0208157896995544,0.197440903866664,
,,,-1.4386E-06,0.0208157896995544,0.1972735398449,
,,,-1.4384E-06,0.0208157896995544,0.197440903866664,
,,,-1.4382E-06,-0.0461298227310181,0.1972735398449,
,,,-1.438E-06,0.087761402130127,0.197440903866664,
,,,-1.4378E-06,0.0208157896995544,0.196938811801374,
,,,-1.4376E-06,0.0208157896995544,0.196604083757848,
,,,-1.4374E-06,0.0208157896995544,0.196938811801374,
,,,-1.4372E-06,-0.0461298227310181,0.196604083757848,
,,,-1.437E-06,0.154707014560699,0.197942995931953,
,,,-1.4368E-06,-0.0461298227310181,0.1972735398449,
,,,-1.4366E-06,-0.180021047592163,0.197106175823137,
,,,-1.4364E-06,-0.113075435161591,0.197106175823137,
,,,-1.4362E-06,0.087761402130127,0.197608267888427,
,,,-1.436E-06,0.087761402130127,0.197106175823137,
,,,-1.4358E-06,-0.0461298227310181,0.19777563191019,
,,,-1.4356E-06,-0.0461298227310181,0.197106175823137,
,,,-1.4354E-06,0.0208157896995544,0.197440903866664,
,,,-1.4352E-06,-0.0461298227310181,0.19777563191019,
,,,-1.435E-06,-0.0461298227310181,0.197106175823137,
,,,-1.4348E-06,-0.0461298227310181,0.197942995931953,
,,,-1.4346E-06,0.0208157896995544,0.197106175823137,
,,,-1.4344E-06,0.087761402130127,0.197106175823137,
,,,-1.4342E-06,0.0208157896995544,0.196771447779611,
,,,-1.434E-06,0.087761402130127,0.197608267888427,
,,,-1.4338E-06,0.087761402130127,0.1972735398449,
,,,-1.4336E-06,0.087761402130127,0.1972735398449,
,,,-1.4334E-06,0.0208157896995544,0.197440903866664,
,,,-1.4332E-06,-0.113075435161591,0.197608267888427,
,,,-1.433E-06,-0.0461298227310181,0.197608267888427,
,,,-1.4328E-06,0.0208157896995544,0.197440903866664,
,,,-1.4326E-06,0.087761402130127,0.198110359953716,
,,,-1.4324E-06,-0.0461298227310181,0.197608267888427,
,,,-1.4322E-06,-0.113075435161591,0.197608267888427,
,,,-1.432E-06,0.087761402130127,0.197942995931953,
,,,-1.4318E-06,0.0208157896995544,0.19777563191019,
,,,-1.4316E-06,0.087761402130127,0.197608267888427,
,,,-1.4314E-06,0.0208157896995544,0.19777563191019,
,,,-1.4312E-06,-0.0461298227310181,0.198110359953716,
,,,-1.431E-06,-0.113075435161591,0.197942995931953,
,,,-1.4308E-06,0.0208157896995544,0.19777563191019,
,,,-1.4306E-06,0.0208157896995544,0.19777563191019,
,,,-1.4304E-06,0.154707014560699,0.197608267888427,
,,,-1.4302E-06,-0.0461298227310181,0.197440903866664,
,,,-1.43E-06,0.087761402130127,0.197440903866664,
,,,-1.4298E-06,0.0208157896995544,0.197440903866664,
,,,-1.4296E-06,-0.0461298227310181,0.197608267888427,
,,,-1.4294E-06,-0.0461298227310181,0.197440903866664,
,,,-1.4292E-06,0.087761402130127,0.1972735398449,
,,,-1.429E-06,-0.0461298227310181,0.197106175823137,
,,,-1.4288E-06,-0.0461298227310181,0.196771447779611,
,,,-1.4286E-06,0.0208157896995544,0.197608267888427,
,,,-1.4284E-06,0.0208157896995544,0.197106175823137,
,,,-1.4282E-06,-0.0461298227310181,0.196938811801374,
,,,-1.428E-06,0.0208157896995544,0.1972735398449,
,,,-1.4278E-06,0.0208157896995544,0.197440903866664,
,,,-1.4276E-06,0.087761402130127,0.1972735398449,
,,,-1.4274E-06,0.0208157896995544,0.197608267888427,
,,,-1.4272E-06,-0.0461298227310181,0.197440903866664,
,,,-1.427E-06,0.0208157896995544,0.197440903866664,
,,,-1.4268E-06,0.0208157896995544,0.197608267888427,
,,,-1.4266E-06,-0.0461298227310181,0.1972735398449,
,,,-1.4264E-06,-0.0461298227310181,0.197608267888427,
,,,-1.4262E-06,0.0208157896995544,0.19777563191019,
,,,-1.426E-06,0.0208157896995544,0.198110359953716,
,,,-1.4258E-06,0.0208157896995544,0.1972735398449,
,,,-1.4256E-06,0.0208157896995544,0.197608267888427,
,,,-1.4254E-06,-0.0461298227310181,0.198110359953716,
,,,-1.4252E-06,-0.0461298227310181,0.197608267888427,
,,,-1.425E-06,-0.0461298227310181,0.19777563191019,
,,,-1.4248E-06,0.0208157896995544,0.1972735398449,
,,,-1.4246E-06,-0.0461298227310181,0.197440903866664,
,,,-1.4244E-06,0.0208157896995544,0.196771447779611,
,,,-1.4242E-06,0.0208157896995544,0.197608267888427,
,,,-1.424E-06,0.087761402130127,0.197608267888427,
,,,-1.4238E-06,-0.113075435161591,0.196938811801374,
,,,-1.4236E-06,-0.0461298227310181,0.197440903866664,
,,,-1.4234E-06,0.087761402130127,0.197440903866664,
,,,-1.4232E-06,0.087761402130127,0.197106175823137,
,,,-1.423E-06,-0.113075435161591,0.196771447779611,
,,,-1.4228E-06,0.0208157896995544,0.197440903866664,
,,,-1.4226E-06,-0.0461298227310181,0.197106175823137,
,,,-1.4224E-06,-0.0461298227310181,0.197440903866664,
,,,-1.4222E-06,-0.0461298227310181,0.197106175823137,
,,,-1.422E-06,0.0208157896995544,0.197440903866664,
,,,-1.4218E-06,-0.113075435161591,0.197942995931953,
,,,-1.4216E-06,0.0208157896995544,0.1972735398449,
,,,-1.4214E-06,0.087761402130127,0.1972735398449,
,,,-1.4212E-06,0.087761402130127,0.196771447779611,
,,,-1.421E-06,0.0208157896995544,0.197106175823137,
,,,-1.4208E-06,0.0208157896995544,0.197440903866664,
,,,-1.4206E-06,0.087761402130127,0.196604083757848,
,,,-1.4204E-06,-0.0461298227310181,0.197106175823137,
,,,-1.4202E-06,0.0208157896995544,0.197608267888427,
,,,-1.42E-06,0.087761402130127,0.19777563191019,
,,,-1.4198E-06,-0.0461298227310181,0.196771447779611,
,,,-1.4196E-06,0.0208157896995544,0.197106175823137,
,,,-1.4194E-06,0.087761402130127,0.1972735398449,
,,,-1.4192E-06,0.087761402130127,0.197106175823137,
,,,-1.419E-06,-0.0461298227310181,0.197440903866664,
,,,-1.4188E-06,0.154707014560699,0.196604083757848,
,,,-1.4186E-06,-0.0461298227310181,0.197440903866664,
,,,-1.4184E-06,-0.0461298227310181,0.197608267888427,
,,,-1.4182E-06,0.0208157896995544,0.197608267888427,
,,,-1.418E-06,0.0208157896995544,0.196938811801374,
,,,-1.4178E-06,0.087761402130127,0.197608267888427,
,,,-1.4176E-06,0.154707014560699,0.198110359953716,
,,,-1.4174E-06,-0.0461298227310181,0.197942995931953,
,,,-1.4172E-06,-0.0461298227310181,0.197106175823137,
,,,-1.417E-06,0.0208157896995544,0.197942995931953,
,,,-1.4168E-06,0.0208157896995544,0.1972735398449,
,,,-1.4166E-06,0.0208157896995544,0.197440903866664,
,,,-1.4164E-06,-0.0461298227310181,0.197106175823137,
,,,-1.4162E-06,-0.0461298227310181,0.19777563191019,
,,,-1.416E-06,0.0208157896995544,0.196604083757848,
,,,-1.4158E-06,-0.0461298227310181,0.197608267888427,
,,,-1.4156E-06,0.0208157896995544,0.197942995931953,
,,,-1.4154E-06,-0.0461298227310181,0.19777563191019,
,,,-1.4152E-06,0.0208157896995544,0.19777563191019,
,,,-1.415E-06,-0.0461298227310181,0.197942995931953,
,,,-1.4148E-06,0.087761402130127,0.19777563191019,
,,,-1.4146E-06,0.0208157896995544,0.197942995931953,
,,,-1.4144E-06,0.0208157896995544,0.1972735398449,
,,,-1.4142E-06,-0.0461298227310181,0.197942995931953,
,,,-1.414E-06,0.087761402130127,0.197942995931953,
,,,-1.4138E-06,-0.0461298227310181,0.197942995931953,
,,,-1.4136E-06,0.0208157896995544,0.19827772397548,
,,,-1.4134E-06,0.087761402130127,0.198445087997243,
,,,-1.4132E-06,0.0208157896995544,0.19827772397548,
,,,-1.413E-06,0.0208157896995544,0.198110359953716,
,,,-1.4128E-06,0.087761402130127,0.198110359953716,
,,,-1.4126E-06,-0.0461298227310181,0.19777563191019,
,,,-1.4124E-06,-0.0461298227310181,0.197608267888427,
,,,-1.4122E-06,0.0208157896995544,0.197440903866664,
,,,-1.412E-06,0.087761402130127,0.1972735398449,
,,,-1.4118E-06,-0.0461298227310181,0.196771447779611,
,,,-1.4116E-06,-0.113075435161591,0.197942995931953,
,,,-1.4114E-06,0.0208157896995544,0.197440903866664,
,,,-1.4112E-06,0.087761402130127,0.197440903866664,
,,,-1.411E-06,-0.0461298227310181,0.1972735398449,
,,,-1.4108E-06,0.0208157896995544,0.197106175823137,
,,,-1.4106E-06,0.0208157896995544,0.196771447779611,
,,,-1.4104E-06,0.0208157896995544,0.196604083757848,
,,,-1.4102E-06,-0.0461298227310181,0.1972735398449,
,,,-1.41E-06,-0.0461298227310181,0.197440903866664,
,,,-1.4098E-06,-0.0461298227310181,0.1972735398449,
,,,-1.4096E-06,0.0208157896995544,0.19777563191019,
,,,-1.4094E-06,0.0208157896995544,0.1972735398449,
,,,-1.4092E-06,0.0208157896995544,0.197608267888427,
,,,-1.409E-06,-0.0461298227310181,0.197942995931953,
,,,-1.4088E-06,0.0208157896995544,0.19827772397548,
,,,-1.4086E-06,-0.0461298227310181,0.19777563191019,
,,,-1.4084E-06,0.087761402130127,0.197440903866664,
,,,-1.4082E-06,0.087761402130127,0.197942995931953,
,,,-1.408E-06,-0.0461298227310181,0.198110359953716,
,,,-1.4078E-06,0.0208157896995544,0.1972735398449,
,,,-1.4076E-06,0.087761402130127,0.197106175823137,
,,,-1.4074E-06,-0.0461298227310181,0.19827772397548,
,,,-1.4072E-06,0.0208157896995544,0.198445087997243,
,,,-1.407E-06,0.0208157896995544,0.19777563191019,
,,,-1.4068E-06,0.0208157896995544,0.198110359953716,
,,,-1.4066E-06,0.087761402130127,0.19827772397548,
,,,-1.4064E-06,0.154707014560699,0.198110359953716,
,,,-1.4062E-06,-0.0461298227310181,0.19827772397548,
,,,-1.406E-06,0.087761402130127,0.198445087997243,
,,,-1.4058E-06,0.087761402130127,0.19777563191019,
,,,-1.4056E-06,0.0208157896995544,0.197942995931953,
,,,-1.4054E-06,-0.0461298227310181,0.197608267888427,
,,,-1.4052E-06,0.0208157896995544,0.198110359953716,
,,,-1.405E-06,0.0208157896995544,0.198110359953716,
,,,-1.4048E-06,0.087761402130127,0.198110359953716,
,,,-1.4046E-06,-0.180021047592163,0.19777563191019,
,,,-1.4044E-06,0.0208157896995544,0.198110359953716,
,,,-1.4042E-06,0.087761402130127,0.198445087997243,
,,,-1.404E-06,0.0208157896995544,0.197608267888427,
,,,-1.4038E-06,-0.0461298227310181,0.198110359953716,
,,,-1.4036E-06,0.0208157896995544,0.197608267888427,
,,,-1.4034E-06,0.087761402130127,0.197942995931953,
,,,-1.4032E-06,0.0208157896995544,0.1972735398449,
,,,-1.403E-06,-0.0461298227310181,0.198110359953716,
,,,-1.4028E-06,0.0208157896995544,0.19777563191019,
,,,-1.4026E-06,-0.0461298227310181,0.197608267888427,
,,,-1.4024E-06,0.087761402130127,0.197106175823137,
,,,-1.4022E-06,0.087761402130127,0.19827772397548,
,,,-1.402E-06,0.0208157896995544,0.197440903866664,
,,,-1.4018E-06,0.0208157896995544,0.1972735398449,
,,,-1.4016E-06,0.087761402130127,0.197440903866664,
,,,-1.4014E-06,0.0208157896995544,0.196938811801374,
,,,-1.4012E-06,0.0208157896995544,0.197440903866664,
,,,-1.401E-06,-0.0461298227310181,0.196938811801374,
,,,-1.4008E-06,0.0208157896995544,0.196938811801374,
,,,-1.4006E-06,0.0208157896995544,0.1972735398449,
,,,-1.4004E-06,0.0208157896995544,0.196771447779611,
,,,-1.4002E-06,0.0208157896995544,0.196269355714321,
,,,-1.4E-06,0.0208157896995544,0.1972735398449,
,,,-1.3998E-06,-0.0461298227310181,0.197440903866664,
,,,-1.3996E-06,0.0208157896995544,0.196938811801374,
,,,-1.3994E-06,0.087761402130127,0.197440903866664,
,,,-1.3992E-06,0.0208157896995544,0.197106175823137,
,,,-1.399E-06,0.0208157896995544,0.196436719736084,
,,,-1.3988E-06,0.0208157896995544,0.196771447779611,
,,,-1.3986E-06,0.0208157896995544,0.197440903866664,
,,,-1.3984E-06,0.087761402130127,0.196771447779611,
,,,-1.3982E-06,-0.113075435161591,0.196604083757848,
,,,-1.398E-06,0.0208157896995544,0.196771447779611,
,,,-1.3978E-06,0.087761402130127,0.197440903866664,
,,,-1.3976E-06,0.0208157896995544,0.196604083757848,
,,,-1.3974E-06,-0.113075435161591,0.196771447779611,
,,,-1.3972E-06,0.0208157896995544,0.197608267888427,
,,,-1.397E-06,0.0208157896995544,0.196938811801374,
,,,-1.3968E-06,-0.0461298227310181,0.196604083757848,
,,,-1.3966E-06,0.0208157896995544,0.197106175823137,
,,,-1.3964E-06,0.087761402130127,0.197440903866664,
,,,-1.3962E-06,-0.113075435161591,0.196938811801374,
,,,-1.396E-06,-0.113075435161591,0.197440903866664,
,,,-1.3958E-06,-0.0461298227310181,0.1972735398449,
,,,-1.3956E-06,0.087761402130127,0.196938811801374,
,,,-1.3954E-06,0.0208157896995544,0.197440903866664,
,,,-1.3952E-06,0.0208157896995544,0.1972735398449,
,,,-1.395E-06,0.154707014560699,0.197942995931953,
,,,-1.3948E-06,0.0208157896995544,0.197942995931953,
,,,-1.3946E-06,-0.0461298227310181,0.197608267888427,
,,,-1.3944E-06,0.0208157896995544,0.197942995931953,
,,,-1.3942E-06,0.0208157896995544,0.197942995931953,
,,,-1.394E-06,0.0208157896995544,0.197440903866664,
,,,-1.3938E-06,-0.0461298227310181,0.197106175823137,
,,,-1.3936E-06,0.087761402130127,0.197440903866664,
,,,-1.3934E-06,-0.0461298227310181,0.197608267888427,
,,,-1.3932E-06,-0.0461298227310181,0.197608267888427,
,,,-1.393E-06,0.0208157896995544,0.197608267888427,
,,,-1.3928E-06,-0.0461298227310181,0.198445087997243,
,,,-1.3926E-06,0.0208157896995544,0.19827772397548,
,,,-1.3924E-06,0.0208157896995544,0.198612452019006,
,,,-1.3922E-06,0.087761402130127,0.198612452019006,
,,,-1.392E-06,0.0208157896995544,0.198779816040769,
,,,-1.3918E-06,-0.113075435161591,0.198110359953716,
,,,-1.3916E-06,0.0208157896995544,0.198445087997243,
,,,-1.3914E-06,0.087761402130127,0.198110359953716,
,,,-1.3912E-06,0.0208157896995544,0.198612452019006,
,,,-1.391E-06,-0.0461298227310181,0.198110359953716,
,,,-1.3908E-06,0.087761402130127,0.19827772397548,
,,,-1.3906E-06,-0.0461298227310181,0.198779816040769,
,,,-1.3904E-06,-0.0461298227310181,0.197942995931953,
,,,-1.3902E-06,0.087761402130127,0.198110359953716,
,,,-1.39E-06,0.0208157896995544,0.198612452019006,
,,,-1.3898E-06,-0.113075435161591,0.198110359953716,
,,,-1.3896E-06,0.0208157896995544,0.198110359953716,
,,,-1.3894E-06,0.087761402130127,0.198445087997243,
,,,-1.3892E-06,0.154707014560699,0.198110359953716,
,,,-1.389E-06,0.087761402130127,0.19777563191019,
,,,-1.3888E-06,0.0208157896995544,0.198110359953716,
,,,-1.3886E-06,0.0208157896995544,0.198612452019006,
,,,-1.3884E-06,-0.0461298227310181,0.199281908106059,
,,,-1.3882E-06,0.0208157896995544,0.19777563191019,
,,,-1.388E-06,-0.0461298227310181,0.197942995931953,
,,,-1.3878E-06,0.087761402130127,0.197440903866664,
,,,-1.3876E-06,0.154707014560699,0.198445087997243,
,,,-1.3874E-06,-0.0461298227310181,0.19827772397548,
,,,-1.3872E-06,0.087761402130127,0.198445087997243,
,,,-1.387E-06,0.0208157896995544,0.198445087997243,
,,,-1.3868E-06,0.0208157896995544,0.197942995931953,
,,,-1.3866E-06,0.0208157896995544,0.198445087997243,
,,,-1.3864E-06,0.0208157896995544,0.198445087997243,
,,,-1.3862E-06,0.0208157896995544,0.19827772397548,
,,,-1.386E-06,-0.113075435161591,0.197942995931953,
,,,-1.3858E-06,0.087761402130127,0.198110359953716,
,,,-1.3856E-06,0.087761402130127,0.198110359953716,
,,,-1.3854E-06,-0.113075435161591,0.1972735398449,
,,,-1.3852E-06,0.0208157896995544,0.198110359953716,
,,,-1.385E-06,0.087761402130127,0.198445087997243,
,,,-1.3848E-06,0.0208157896995544,0.198110359953716,
,,,-1.3846E-06,-0.0461298227310181,0.197106175823137,
,,,-1.3844E-06,0.087761402130127,0.197440903866664,
,,,-1.3842E-06,-0.0461298227310181,0.197440903866664,
,,,-1.384E-06,0.0208157896995544,0.196604083757848,
,,,-1.3838E-06,-0.0461298227310181,0.196604083757848,
,,,-1.3836E-06,0.0208157896995544,0.196604083757848,
,,,-1.3834E-06,-0.0461298227310181,0.196269355714321,
,,,-1.3832E-06,0.087761402130127,0.195934627670795,
,,,-1.383E-06,0.0208157896995544,0.196938811801374,
,,,-1.3828E-06,0.154707014560699,0.196771447779611,
,,,-1.3826E-06,0.0208157896995544,0.195767263649032,
,,,-1.3824E-06,0.0208157896995544,0.196269355714321,
,,,-1.3822E-06,0.087761402130127,0.196604083757848,
,,,-1.382E-06,-0.0461298227310181,0.195265171583742,
,,,-1.3818E-06,0.087761402130127,0.195934627670795,
,,,-1.3816E-06,0.0208157896995544,0.196269355714321,
,,,-1.3814E-06,0.0208157896995544,0.195934627670795,
,,,-1.3812E-06,0.087761402130127,0.195767263649032,
,,,-1.381E-06,0.087761402130127,0.194763079518452,
,,,-1.3808E-06,0.154707014560699,0.195934627670795,
,,,-1.3806E-06,0.0208157896995544,0.195599899627268,
,,,-1.3804E-06,0.0208157896995544,0.195767263649032,
,,,-1.3802E-06,0.087761402130127,0.195097807561979,
,,,-1.38E-06,-0.0461298227310181,0.195767263649032,
,,,-1.3798E-06,0.0208157896995544,0.195265171583742,
,,,-1.3796E-06,0.0208157896995544,0.195767263649032,
,,,-1.3794E-06,0.0208157896995544,0.195599899627268,
,,,-1.3792E-06,0.154707014560699,0.195934627670795,
,,,-1.379E-06,-0.113075435161591,0.195265171583742,
,,,-1.3788E-06,0.0208157896995544,0.195265171583742,
,,,-1.3786E-06,0.087761402130127,0.195265171583742,
,,,-1.3784E-06,0.0208157896995544,0.196269355714321,
,,,-1.3782E-06,-0.0461298227310181,0.196604083757848,
,,,-1.378E-06,0.0208157896995544,0.196436719736084,
,,,-1.3778E-06,-0.0461298227310181,0.196269355714321,
,,,-1.3776E-06,-0.0461298227310181,0.196436719736084,
,,,-1.3774E-06,-0.0461298227310181,0.196938811801374,
,,,-1.3772E-06,0.0208157896995544,0.196938811801374,
,,,-1.377E-06,-0.0461298227310181,0.196938811801374,
,,,-1.3768E-06,0.0208157896995544,0.197440903866664,
,,,-1.3766E-06,-0.0461298227310181,0.197440903866664,
,,,-1.3764E-06,0.087761402130127,0.19777563191019,
,,,-1.3762E-06,0.0208157896995544,0.1972735398449,
,,,-1.376E-06,-0.0461298227310181,0.1972735398449,
,,,-1.3758E-06,0.087761402130127,0.197608267888427,
,,,-1.3756E-06,-0.113075435161591,0.19827772397548,
,,,-1.3754E-06,0.0208157896995544,0.197942995931953,
,,,-1.3752E-06,0.0208157896995544,0.197942995931953,
,,,-1.375E-06,-0.0461298227310181,0.19777563191019,
,,,-1.3748E-06,0.0208157896995544,0.19777563191019,
,,,-1.3746E-06,0.087761402130127,0.197942995931953,
,,,-1.3744E-06,0.087761402130127,0.198445087997243,
,,,-1.3742E-06,-0.0461298227310181,0.197942995931953,
,,,-1.374E-06,0.0208157896995544,0.198110359953716,
,,,-1.3738E-06,0.0208157896995544,0.198947180062532,
,,,-1.3736E-06,-0.0461298227310181,0.198110359953716,
,,,-1.3734E-06,-0.0461298227310181,0.198445087997243,
,,,-1.3732E-06,-0.0461298227310181,0.198445087997243,
,,,-1.373E-06,-0.0461298227310181,0.198445087997243,
,,,-1.3728E-06,0.0208157896995544,0.19827772397548,
,,,-1.3726E-06,-0.0461298227310181,0.198779816040769,
,,,-1.3724E-06,-0.0461298227310181,0.19827772397548,
,,,-1.3722E-06,0.154707014560699,0.198779816040769,
,,,-1.372E-06,0.0208157896995544,0.198445087997243,
,,,-1.3718E-06,-0.113075435161591,0.198445087997243,
,,,-1.3716E-06,0.087761402130127,0.198612452019006,
,,,-1.3714E-06,0.0208157896995544,0.198947180062532,
,,,-1.3712E-06,0.0208157896995544,0.199281908106059,
,,,-1.371E-06,-0.0461298227310181,0.198445087997243,
,,,-1.3708E-06,0.0208157896995544,0.199114544084296,
,,,-1.3706E-06,-0.0461298227310181,0.19827772397548,
,,,-1.3704E-06,0.154707014560699,0.198445087997243,
,,,-1.3702E-06,0.087761402130127,0.198947180062532,
,,,-1.37E-06,0.0208157896995544,0.198110359953716,
,,,-1.3698E-06,0.0208157896995544,0.197942995931953,
,,,-1.3696E-06,0.0208157896995544,0.198779816040769,
,,,-1.3694E-06,0.087761402130127,0.198445087997243,
,,,-1.3692E-06,-0.0461298227310181,0.197608267888427,
,,,-1.369E-06,-0.0461298227310181,0.198612452019006,
,,,-1.3688E-06,0.087761402130127,0.197608267888427,
,,,-1.3686E-06,-0.113075435161591,0.198110359953716,
,,,-1.3684E-06,0.0208157896995544,0.197608267888427,
,,,-1.3682E-06,0.087761402130127,0.19777563191019,
,,,-1.368E-06,0.087761402130127,0.19777563191019,
,,,-1.3678E-06,-0.0461298227310181,0.198110359953716,
,,,-1.3676E-06,0.0208157896995544,0.197608267888427,
,,,-1.3674E-06,0.0208157896995544,0.1972735398449,
,,,-1.3672E-06,-0.113075435161591,0.19777563191019,
,,,-1.367E-06,0.0208157896995544,0.197106175823137,
,,,-1.3668E-06,0.0208157896995544,0.197440903866664,
,,,-1.3666E-06,-0.0461298227310181,0.196938811801374,
,,,-1.3664E-06,0.087761402130127,0.196604083757848,
,,,-1.3662E-06,-0.0461298227310181,0.195934627670795,
,,,-1.366E-06,0.0208157896995544,0.196436719736084,
,,,-1.3658E-06,0.0208157896995544,0.196269355714321,
,,,-1.3656E-06,0.0208157896995544,0.196101991692558,
,,,-1.3654E-06,-0.0461298227310181,0.196269355714321,
,,,-1.3652E-06,0.0208157896995544,0.196436719736084,
,,,-1.365E-06,0.0208157896995544,0.196604083757848,
,,,-1.3648E-06,0.0208157896995544,0.196269355714321,
,,,-1.3646E-06,-0.0461298227310181,0.196101991692558,
,,,-1.3644E-06,0.0208157896995544,0.195934627670795,
,,,-1.3642E-06,-0.0461298227310181,0.195599899627268,
,,,-1.364E-06,0.087761402130127,0.195432535605505,
,,,-1.3638E-06,0.0208157896995544,0.195097807561979,
,,,-1.3636E-06,0.087761402130127,0.195934627670795,
,,,-1.3634E-06,0.087761402130127,0.195265171583742,
,,,-1.3632E-06,0.087761402130127,0.194428351474926,
,,,-1.363E-06,0.0208157896995544,0.194763079518452,
,,,-1.3628E-06,-0.0461298227310181,0.195097807561979,
,,,-1.3626E-06,-0.0461298227310181,0.194595715496689,
,,,-1.3624E-06,0.0208157896995544,0.195265171583742,
,,,-1.3622E-06,-0.0461298227310181,0.195265171583742,
,,,-1.362E-06,0.0208157896995544,0.195097807561979,
,,,-1.3618E-06,0.087761402130127,0.194763079518452,
,,,-1.3616E-06,0.0208157896995544,0.195265171583742,
,,,-1.3614E-06,-0.0461298227310181,0.195265171583742,
,,,-1.3612E-06,0.154707014560699,0.194930443540215,
,,,-1.361E-06,-0.0461298227310181,0.195097807561979,
,,,-1.3608E-06,-0.113075435161591,0.195265171583742,
,,,-1.3606E-06,0.0208157896995544,0.195097807561979,
,,,-1.3604E-06,-0.0461298227310181,0.195432535605505,
,,,-1.3602E-06,0.0208157896995544,0.196269355714321,
,,,-1.36E-06,0.0208157896995544,0.196101991692558,
,,,-1.3598E-06,-0.113075435161591,0.195432535605505,
,,,-1.3596E-06,0.087761402130127,0.196269355714321,
,,,-1.3594E-06,0.0208157896995544,0.196436719736084,
,,,-1.3592E-06,-0.0461298227310181,0.195767263649032,
,,,-1.359E-06,-0.0461298227310181,0.196771447779611,
,,,-1.3588E-06,0.087761402130127,0.197106175823137,
,,,-1.3586E-06,-0.0461298227310181,0.196604083757848,
,,,-1.3584E-06,-0.0461298227310181,0.196771447779611,
,,,-1.3582E-06,-0.113075435161591,0.197106175823137,
,,,-1.358E-06,0.0208157896995544,0.197106175823137,
,,,-1.3578E-06,-0.113075435161591,0.196269355714321,
,,,-1.3576E-06,0.0208157896995544,0.196938811801374,
,,,-1.3574E-06,0.087761402130127,0.196771447779611,
,,,-1.3572E-06,0.087761402130127,0.197440903866664,
,,,-1.357E-06,0.0208157896995544,0.1972735398449,
,,,-1.3568E-06,-0.0461298227310181,0.197440903866664,
,,,-1.3566E-06,0.0208157896995544,0.197942995931953,
,,,-1.3564E-06,-0.0461298227310181,0.197942995931953,
,,,-1.3562E-06,0.0208157896995544,0.197106175823137,
,,,-1.356E-06,0.0208157896995544,0.19827772397548,
,,,-1.3558E-06,-0.0461298227310181,0.19777563191019,
,,,-1.3556E-06,0.0208157896995544,0.198110359953716,
,,,-1.3554E-06,0.0208157896995544,0.198445087997243,
,,,-1.3552E-06,0.087761402130127,0.19777563191019,
,,,-1.355E-06,-0.0461298227310181,0.198110359953716,
,,,-1.3548E-06,0.087761402130127,0.198110359953716,
,,,-1.3546E-06,0.0208157896995544,0.197942995931953,
,,,-1.3544E-06,-0.0461298227310181,0.19827772397548,
,,,-1.3542E-06,0.0208157896995544,0.19777563191019,
,,,-1.354E-06,0.0208157896995544,0.197942995931953,
,,,-1.3538E-06,0.0208157896995544,0.19827772397548,
,,,-1.3536E-06,-0.0461298227310181,0.19777563191019,
,,,-1.3534E-06,-0.113075435161591,0.19827772397548,
,,,-1.3532E-06,0.0208157896995544,0.197608267888427,
,,,-1.353E-06,0.0208157896995544,0.19777563191019,
,,,-1.3528E-06,0.0208157896995544,0.198110359953716,
,,,-1.3526E-06,-0.0461298227310181,0.198110359953716,
,,,-1.3524E-06,-0.0461298227310181,0.198779816040769,
,,,-1.3522E-06,-0.0461298227310181,0.198779816040769,
,,,-1.352E-06,0.087761402130127,0.19827772397548,
,,,-1.3518E-06,-0.0461298227310181,0.198779816040769,
,,,-1.3516E-06,-0.113075435161591,0.19827772397548,
,,,-1.3514E-06,-0.0461298227310181,0.198612452019006,
,,,-1.3512E-06,0.087761402130127,0.198445087997243,
,,,-1.351E-06,0.0208157896995544,0.197942995931953,
,,,-1.3508E-06,0.0208157896995544,0.197608267888427,
,,,-1.3506E-06,0.0208157896995544,0.19827772397548,
,,,-1.3504E-06,-0.0461298227310181,0.1972735398449,
,,,-1.3502E-06,0.0208157896995544,0.197608267888427,
,,,-1.35E-06,-0.0461298227310181,0.197608267888427,
,,,-1.3498E-06,0.0208157896995544,0.197440903866664,
,,,-1.3496E-06,0.0208157896995544,0.197608267888427,
,,,-1.3494E-06,-0.0461298227310181,0.196938811801374,
,,,-1.3492E-06,0.0208157896995544,0.196938811801374,
,,,-1.349E-06,-0.0461298227310181,0.1972735398449,
,,,-1.3488E-06,0.0208157896995544,0.196436719736084,
,,,-1.3486E-06,0.0208157896995544,0.196436719736084,
,,,-1.3484E-06,0.0208157896995544,0.196604083757848,
,,,-1.3482E-06,-0.0461298227310181,0.196269355714321,
,,,-1.348E-06,-0.0461298227310181,0.196101991692558,
,,,-1.3478E-06,0.0208157896995544,0.195599899627268,
,,,-1.3476E-06,-0.0461298227310181,0.195934627670795,
,,,-1.3474E-06,0.0208157896995544,0.195767263649032,
,,,-1.3472E-06,0.087761402130127,0.196436719736084,
,,,-1.347E-06,-0.113075435161591,0.195599899627268,
,,,-1.3468E-06,-0.0461298227310181,0.195599899627268,
,,,-1.3466E-06,-0.0461298227310181,0.194930443540215,
,,,-1.3464E-06,0.0208157896995544,0.195432535605505,
,,,-1.3462E-06,-0.0461298227310181,0.195767263649032,
,,,-1.346E-06,0.0208157896995544,0.195432535605505,
,,,-1.3458E-06,-0.0461298227310181,0.195265171583742,
,,,-1.3456E-06,-0.0461298227310181,0.195097807561979,
,,,-1.3454E-06,-0.113075435161591,0.195097807561979,
,,,-1.3452E-06,-0.0461298227310181,0.195599899627268,
,,,-1.345E-06,-0.113075435161591,0.195265171583742,
,,,-1.3448E-06,-0.0461298227310181,0.195265171583742,
,,,-1.3446E-06,0.0208157896995544,0.194930443540215,
,,,-1.3444E-06,0.087761402130127,0.195097807561979,
,,,-1.3442E-06,-0.0461298227310181,0.195265171583742,
,,,-1.344E-06,0.0208157896995544,0.195767263649032,
,,,-1.3438E-06,0.0208157896995544,0.194763079518452,
,,,-1.3436E-06,-0.0461298227310181,0.195934627670795,
,,,-1.3434E-06,-0.113075435161591,0.196101991692558,
,,,-1.3432E-06,0.0208157896995544,0.196269355714321,
,,,-1.343E-06,0.0208157896995544,0.195934627670795,
,,,-1.3428E-06,-0.0461298227310181,0.196771447779611,
,,,-1.3426E-06,-0.0461298227310181,0.196101991692558,
,,,-1.3424E-06,0.087761402130127,0.195934627670795,
,,,-1.3422E-06,-0.0461298227310181,0.196269355714321,
,,,-1.342E-06,-0.0461298227310181,0.196101991692558,
,,,-1.3418E-06,-0.0461298227310181,0.196604083757848,
,,,-1.3416E-06,0.0208157896995544,0.196436719736084,
,,,-1.3414E-06,0.0208157896995544,0.196269355714321,
,,,-1.3412E-06,-0.0461298227310181,0.196771447779611,
,,,-1.341E-06,-0.0461298227310181,0.196938811801374,
,,,-1.3408E-06,0.0208157896995544,0.196771447779611,
,,,-1.3406E-06,-0.246966660022736,0.196604083757848,
,,,-1.3404E-06,-0.0461298227310181,0.196938811801374,
,,,-1.3402E-06,0.0208157896995544,0.196269355714321,
,,,-1.34E-06,-0.0461298227310181,0.196771447779611,
,,,-1.3398E-06,-0.0461298227310181,0.196938811801374,
,,,-1.3396E-06,0.087761402130127,0.196771447779611,
,,,-1.3394E-06,-0.180021047592163,0.196938811801374,
,,,-1.3392E-06,-0.0461298227310181,0.196938811801374,
,,,-1.339E-06,0.0208157896995544,0.197106175823137,
,,,-1.3388E-06,-0.0461298227310181,0.197942995931953,
,,,-1.3386E-06,-0.0461298227310181,0.197608267888427,
,,,-1.3384E-06,0.087761402130127,0.197440903866664,
,,,-1.3382E-06,0.0208157896995544,0.197942995931953,
,,,-1.338E-06,0.0208157896995544,0.197440903866664,
,,,-1.3378E-06,-0.0461298227310181,0.197942995931953,
,,,-1.3376E-06,-0.113075435161591,0.19777563191019,
,,,-1.3374E-06,0.0208157896995544,0.197942995931953,
,,,-1.3372E-06,-0.113075435161591,0.197942995931953,
,,,-1.337E-06,0.087761402130127,0.197942995931953,
,,,-1.3368E-06,0.0208157896995544,0.1972735398449,
,,,-1.3366E-06,0.087761402130127,0.19777563191019,
,,,-1.3364E-06,-0.0461298227310181,0.19777563191019,
,,,-1.3362E-06,0.0208157896995544,0.197942995931953,
,,,-1.336E-06,0.087761402130127,0.197608267888427,
,,,-1.3358E-06,0.0208157896995544,0.198445087997243,
,,,-1.3356E-06,-0.0461298227310181,0.198445087997243,
,,,-1.3354E-06,-0.0461298227310181,0.198110359953716,
,,,-1.3352E-06,-0.113075435161591,0.198445087997243,
,,,-1.335E-06,0.0208157896995544,0.197942995931953,
,,,-1.3348E-06,0.0208157896995544,0.197608267888427,
,,,-1.3346E-06,0.0208157896995544,0.19827772397548,
,,,-1.3344E-06,-0.0461298227310181,0.19777563191019,
,,,-1.3342E-06,-0.180021047592163,0.1972735398449,
,,,-1.334E-06,0.087761402130127,0.197440903866664,
,,,-1.3338E-06,0.0208157896995544,0.197942995931953,
,,,-1.3336E-06,0.0208157896995544,0.197942995931953,
,,,-1.3334E-06,-0.0461298227310181,0.197440903866664,
,,,-1.3332E-06,-0.0461298227310181,0.198110359953716,
,,,-1.333E-06,-0.0461298227310181,0.197440903866664,
,,,-1.3328E-06,0.0208157896995544,0.197106175823137,
,,,-1.3326E-06,-0.113075435161591,0.198110359953716,
,,,-1.3324E-06,0.0208157896995544,0.196938811801374,
,,,-1.3322E-06,-0.0461298227310181,0.197608267888427,
,,,-1.332E-06,0.087761402130127,0.197440903866664,
,,,-1.3318E-06,0.0208157896995544,0.196938811801374,
,,,-1.3316E-06,0.087761402130127,0.196938811801374,
,,,-1.3314E-06,-0.0461298227310181,0.196771447779611,
,,,-1.3312E-06,-0.0461298227310181,0.196938811801374,
,,,-1.331E-06,0.087761402130127,0.196269355714321,
,,,-1.3308E-06,-0.0461298227310181,0.195934627670795,
,,,-1.3306E-06,-0.0461298227310181,0.195934627670795,
,,,-1.3304E-06,0.087761402130127,0.195767263649032,
,,,-1.3302E-06,-0.0461298227310181,0.195767263649032,
,,,-1.33E-06,-0.0461298227310181,0.195265171583742,
,,,-1.3298E-06,-0.0461298227310181,0.196101991692558,
,,,-1.3296E-06,0.154707014560699,0.195432535605505,
,,,-1.3294E-06,-0.0461298227310181,0.195432535605505,
,,,-1.3292E-06,0.0208157896995544,0.195767263649032,
,,,-1.329E-06,0.0208157896995544,0.195767263649032,
,,,-1.3288E-06,0.0208157896995544,0.195767263649032,
,,,-1.3286E-06,-0.0461298227310181,0.195599899627268,
,,,-1.3284E-06,-0.0461298227310181,0.195599899627268,
,,,-1.3282E-06,-0.0461298227310181,0.194930443540215,
,,,-1.328E-06,0.087761402130127,0.195432535605505,
,,,-1.3278E-06,-0.113075435161591,0.195432535605505,
,,,-1.3276E-06,0.0208157896995544,0.195767263649032,
,,,-1.3274E-06,0.087761402130127,0.195432535605505,
,,,-1.3272E-06,0.0208157896995544,0.195599899627268,
,,,-1.327E-06,-0.0461298227310181,0.195432535605505,
,,,-1.3268E-06,0.0208157896995544,0.195599899627268,
,,,-1.3266E-06,-0.0461298227310181,0.196269355714321,
,,,-1.3264E-06,-0.113075435161591,0.196938811801374,
,,,-1.3262E-06,-0.0461298227310181,0.195934627670795,
,,,-1.326E-06,-0.0461298227310181,0.195599899627268,
,,,-1.3258E-06,-0.180021047592163,0.195934627670795,
,,,-1.3256E-06,0.087761402130127,0.195767263649032,
,,,-1.3254E-06,-0.0461298227310181,0.196101991692558,
,,,-1.3252E-06,0.087761402130127,0.196101991692558,
,,,-1.325E-06,0.0208157896995544,0.195934627670795,
,,,-1.3248E-06,0.0208157896995544,0.196101991692558,
,,,-1.3246E-06,0.0208157896995544,0.196436719736084,
,,,-1.3244E-06,-0.0461298227310181,0.197106175823137,
,,,-1.3242E-06,-0.0461298227310181,0.196269355714321,
,,,-1.324E-06,0.0208157896995544,0.1972735398449,
,,,-1.3238E-06,-0.0461298227310181,0.196604083757848,
,,,-1.3236E-06,0.0208157896995544,0.1972735398449,
,,,-1.3234E-06,-0.0461298227310181,0.196938811801374,
,,,-1.3232E-06,-0.0461298227310181,0.197440903866664,
,,,-1.323E-06,0.0208157896995544,0.196938811801374,
,,,-1.3228E-06,0.0208157896995544,0.196604083757848,
,,,-1.3226E-06,0.087761402130127,0.197106175823137,
,,,-1.3224E-06,-0.113075435161591,0.197106175823137,
,,,-1.3222E-06,0.087761402130127,0.1972735398449,
,,,-1.322E-06,-0.113075435161591,0.197106175823137,
,,,-1.3218E-06,0.087761402130127,0.197942995931953,
,,,-1.3216E-06,0.154707014560699,0.198110359953716,
,,,-1.3214E-06,-0.0461298227310181,0.1972735398449,
,,,-1.3212E-06,-0.0461298227310181,0.198110359953716,
,,,-1.321E-06,0.087761402130127,0.19777563191019,
,,,-1.3208E-06,0.0208157896995544,0.19777563191019,
,,,-1.3206E-06,-0.0461298227310181,0.19777563191019,
,,,-1.3204E-06,0.0208157896995544,0.19827772397548,
,,,-1.3202E-06,0.0208157896995544,0.197942995931953,
,,,-1.32E-06,0.0208157896995544,0.19777563191019,
,,,-1.3198E-06,-0.0461298227310181,0.198947180062532,
,,,-1.3196E-06,0.087761402130127,0.198779816040769,
,,,-1.3194E-06,-0.0461298227310181,0.197608267888427,
,,,-1.3192E-06,0.087761402130127,0.19777563191019,
,,,-1.319E-06,-0.0461298227310181,0.198445087997243,
,,,-1.3188E-06,0.087761402130127,0.197942995931953,
,,,-1.3186E-06,0.0208157896995544,0.197942995931953,
,,,-1.3184E-06,-0.0461298227310181,0.19827772397548,
,,,-1.3182E-06,0.0208157896995544,0.19827772397548,
,,,-1.318E-06,0.087761402130127,0.19827772397548,
,,,-1.3178E-06,0.0208157896995544,0.197608267888427,
,,,-1.3176E-06,0.0208157896995544,0.1972735398449,
,,,-1.3174E-06,0.0208157896995544,0.197942995931953,
,,,-1.3172E-06,0.0208157896995544,0.198110359953716,
,,,-1.317E-06,0.0208157896995544,0.197106175823137,
,,,-1.3168E-06,0.154707014560699,0.197608267888427,
,,,-1.3166E-06,0.0208157896995544,0.197608267888427,
,,,-1.3164E-06,0.087761402130127,0.197440903866664,
,,,-1.3162E-06,0.0208157896995544,0.19777563191019,
,,,-1.316E-06,0.0208157896995544,0.198445087997243,
,,,-1.3158E-06,0.0208157896995544,0.19777563191019,
,,,-1.3156E-06,0.0208157896995544,0.19777563191019,
,,,-1.3154E-06,0.087761402130127,0.1972735398449,
,,,-1.3152E-06,0.087761402130127,0.197440903866664,
,,,-1.315E-06,-0.0461298227310181,0.196938811801374,
,,,-1.3148E-06,-0.0461298227310181,0.196604083757848,
,,,-1.3146E-06,0.0208157896995544,0.1972735398449,
,,,-1.3144E-06,0.0208157896995544,0.197440903866664,
,,,-1.3142E-06,-0.0461298227310181,0.195934627670795,
,,,-1.314E-06,0.0208157896995544,0.196604083757848,
,,,-1.3138E-06,-0.0461298227310181,0.197106175823137,
,,,-1.3136E-06,0.087761402130127,0.196436719736084,
,,,-1.3134E-06,-0.0461298227310181,0.196101991692558,
,,,-1.3132E-06,0.0208157896995544,0.196101991692558,
,,,-1.313E-06,0.0208157896995544,0.195934627670795,
,,,-1.3128E-06,0.0208157896995544,0.196269355714321,
,,,-1.3126E-06,0.0208157896995544,0.195599899627268,
,,,-1.3124E-06,0.087761402130127,0.196436719736084,
,,,-1.3122E-06,0.087761402130127,0.195599899627268,
,,,-1.312E-06,0.0208157896995544,0.195097807561979,
,,,-1.3118E-06,0.087761402130127,0.195432535605505,
,,,-1.3116E-06,0.0208157896995544,0.196101991692558,
,,,-1.3114E-06,0.087761402130127,0.195767263649032,
,,,-1.3112E-06,0.0208157896995544,0.195097807561979,
,,,-1.311E-06,0.0208157896995544,0.196269355714321,
,,,-1.3108E-06,-0.113075435161591,0.195767263649032,
,,,-1.3106E-06,0.0208157896995544,0.195097807561979,
,,,-1.3104E-06,0.087761402130127,0.195599899627268,
,,,-1.3102E-06,-0.0461298227310181,0.195097807561979,
,,,-1.31E-06,0.087761402130127,0.194595715496689,
,,,-1.3098E-06,0.0208157896995544,0.195265171583742,
,,,-1.3096E-06,0.0208157896995544,0.195599899627268,
,,,-1.3094E-06,0.0208157896995544,0.195097807561979,
,,,-1.3092E-06,0.087761402130127,0.195599899627268,
,,,-1.309E-06,0.0208157896995544,0.195432535605505,
,,,-1.3088E-06,0.0208157896995544,0.195097807561979,
,,,-1.3086E-06,-0.113075435161591,0.195265171583742,
,,,-1.3084E-06,-0.0461298227310181,0.195097807561979,
,,,-1.3082E-06,0.0208157896995544,0.195097807561979,
,,,-1.308E-06,0.0208157896995544,0.195432535605505,
,,,-1.3078E-06,0.0208157896995544,0.195599899627268,
,,,-1.3076E-06,0.087761402130127,0.195432535605505,
,,,-1.3074E-06,-0.0461298227310181,0.196101991692558,
,,,-1.3072E-06,-0.0461298227310181,0.195767263649032,
,,,-1.307E-06,-0.0461298227310181,0.196771447779611,
,,,-1.3068E-06,0.0208157896995544,0.195934627670795,
,,,-1.3066E-06,-0.0461298227310181,0.195767263649032,
,,,-1.3064E-06,0.154707014560699,0.196771447779611,
,,,-1.3062E-06,0.0208157896995544,0.196436719736084,
,,,-1.306E-06,0.0208157896995544,0.196604083757848,
,,,-1.3058E-06,0.0208157896995544,0.196436719736084,
,,,-1.3056E-06,0.0208157896995544,0.197106175823137,
,,,-1.3054E-06,0.154707014560699,0.196436719736084,
,,,-1.3052E-06,-0.0461298227310181,0.196436719736084,
,,,-1.305E-06,0.0208157896995544,0.196436719736084,
,,,-1.3048E-06,0.087761402130127,0.1972735398449,
,,,-1.3046E-06,-0.0461298227310181,0.1972735398449,
,,,-1.3044E-06,0.0208157896995544,0.1972735398449,
,,,-1.3042E-06,0.087761402130127,0.1972735398449,
,,,-1.304E-06,0.087761402130127,0.19777563191019,
,,,-1.3038E-06,-0.0461298227310181,0.196938811801374,
,,,-1.3036E-06,0.087761402130127,0.197106175823137,
,,,-1.3034E-06,0.087761402130127,0.197440903866664,
,,,-1.3032E-06,-0.113075435161591,0.197106175823137,
,,,-1.303E-06,0.0208157896995544,0.1972735398449,
,,,-1.3028E-06,0.0208157896995544,0.197942995931953,
,,,-1.3026E-06,0.0208157896995544,0.19777563191019,
,,,-1.3024E-06,0.087761402130127,0.19777563191019,
,,,-1.3022E-06,-0.0461298227310181,0.197608267888427,
,,,-1.302E-06,0.0208157896995544,0.197942995931953,
,,,-1.3018E-06,0.087761402130127,0.19777563191019,
,,,-1.3016E-06,0.0208157896995544,0.197608267888427,
,,,-1.3014E-06,-0.0461298227310181,0.19777563191019,
,,,-1.3012E-06,0.0208157896995544,0.198110359953716,
,,,-1.301E-06,0.087761402130127,0.19777563191019,
,,,-1.3008E-06,0.0208157896995544,0.197608267888427,
,,,-1.3006E-06,-0.0461298227310181,0.197440903866664,
,,,-1.3004E-06,0.0208157896995544,0.1972735398449,
,,,-1.3002E-06,0.0208157896995544,0.197608267888427,
,,,-1.3E-06,0.087761402130127,0.197608267888427,
,,,-1.2998E-06,0.0208157896995544,0.197608267888427,
,,,-1.2996E-06,0.087761402130127,0.197608267888427,
,,,-1.2994E-06,0.154707014560699,0.19777563191019,
,,,-1.2992E-06,0.0208157896995544,0.1972735398449,
,,,-1.299E-06,0.0208157896995544,0.197942995931953,
,,,-1.2988E-06,-0.0461298227310181,0.198110359953716,
,,,-1.2986E-06,0.0208157896995544,0.197942995931953,
,,,-1.2984E-06,0.0208157896995544,0.197942995931953,
,,,-1.2982E-06,0.0208157896995544,0.197608267888427,
,,,-1.298E-06,0.0208157896995544,0.197106175823137,
,,,-1.2978E-06,-0.0461298227310181,0.198110359953716,
,,,-1.2976E-06,0.087761402130127,0.197608267888427,
,,,-1.2974E-06,-0.0461298227310181,0.1972735398449,
,,,-1.2972E-06,0.0208157896995544,0.197106175823137,
,,,-1.297E-06,0.0208157896995544,0.19827772397548,
,,,-1.2968E-06,-0.0461298227310181,0.197942995931953,
,,,-1.2966E-06,-0.0461298227310181,0.1972735398449,
,,,-1.2964E-06,-0.113075435161591,0.197106175823137,
,,,-1.2962E-06,-0.0461298227310181,0.196771447779611,
,,,-1.296E-06,0.087761402130127,0.196771447779611,
,,,-1.2958E-06,-0.0461298227310181,0.196436719736084,
,,,-1.2956E-06,0.0208157896995544,0.197106175823137,
,,,-1.2954E-06,0.087761402130127,0.197440903866664,
,,,-1.2952E-06,0.0208157896995544,0.196101991692558,
,,,-1.295E-06,-0.0461298227310181,0.196436719736084,
,,,-1.2948E-06,0.087761402130127,0.196101991692558,
,,,-1.2946E-06,0.0208157896995544,0.195934627670795,
,,,-1.2944E-06,0.0208157896995544,0.196436719736084,
,,,-1.2942E-06,-0.0461298227310181,0.196604083757848,
,,,-1.294E-06,0.0208157896995544,0.196269355714321,
,,,-1.2938E-06,0.0208157896995544,0.196604083757848,
,,,-1.2936E-06,0.087761402130127,0.196101991692558,
,,,-1.2934E-06,0.0208157896995544,0.196604083757848,
,,,-1.2932E-06,0.0208157896995544,0.196771447779611,
,,,-1.293E-06,0.087761402130127,0.195934627670795,
,,,-1.2928E-06,0.0208157896995544,0.196604083757848,
,,,-1.2926E-06,0.0208157896995544,0.196269355714321,
,,,-1.2924E-06,0.0208157896995544,0.195599899627268,
,,,-1.2922E-06,-0.0461298227310181,0.196436719736084,
,,,-1.292E-06,-0.0461298227310181,0.196101991692558,
,,,-1.2918E-06,0.0208157896995544,0.195767263649032,
,,,-1.2916E-06,0.0208157896995544,0.195599899627268,
,,,-1.2914E-06,-0.0461298227310181,0.196269355714321,
,,,-1.2912E-06,0.087761402130127,0.195097807561979,
,,,-1.291E-06,-0.0461298227310181,0.195265171583742,
,,,-1.2908E-06,0.087761402130127,0.196436719736084,
,,,-1.2906E-06,-0.0461298227310181,0.194930443540215,
,,,-1.2904E-06,-0.0461298227310181,0.195599899627268,
,,,-1.2902E-06,0.0208157896995544,0.195432535605505,
,,,-1.29E-06,-0.0461298227310181,0.195432535605505,
,,,-1.2898E-06,0.0208157896995544,0.194930443540215,
,,,-1.2896E-06,0.0208157896995544,0.195432535605505,
,,,-1.2894E-06,-0.0461298227310181,0.195767263649032,
,,,-1.2892E-06,0.0208157896995544,0.196269355714321,
,,,-1.289E-06,0.0208157896995544,0.195767263649032,
,,,-1.2888E-06,0.154707014560699,0.195934627670795,
,,,-1.2886E-06,-0.113075435161591,0.196101991692558,
,,,-1.2884E-06,0.087761402130127,0.195934627670795,
,,,-1.2882E-06,0.0208157896995544,0.195934627670795,
,,,-1.288E-06,-0.0461298227310181,0.196436719736084,
,,,-1.2878E-06,0.0208157896995544,0.196436719736084,
,,,-1.2876E-06,0.0208157896995544,0.196101991692558,
,,,-1.2874E-06,-0.0461298227310181,0.195934627670795,
,,,-1.2872E-06,0.0208157896995544,0.196938811801374,
,,,-1.287E-06,0.0208157896995544,0.196101991692558,
,,,-1.2868E-06,0.154707014560699,0.196269355714321,
,,,-1.2866E-06,-0.0461298227310181,0.196269355714321,
,,,-1.2864E-06,-0.0461298227310181,0.196436719736084,
,,,-1.2862E-06,0.087761402130127,0.197106175823137,
,,,-1.286E-06,0.0208157896995544,0.196269355714321,
,,,-1.2858E-06,-0.0461298227310181,0.196269355714321,
,,,-1.2856E-06,0.0208157896995544,0.196938811801374,
,,,-1.2854E-06,-0.0461298227310181,0.197106175823137,
,,,-1.2852E-06,0.0208157896995544,0.196938811801374,
,,,-1.285E-06,0.0208157896995544,0.19777563191019,
,,,-1.2848E-06,0.0208157896995544,0.197106175823137,
,,,-1.2846E-06,-0.0461298227310181,0.197106175823137,
,,,-1.2844E-06,0.0208157896995544,0.197440903866664,
,,,-1.2842E-06,0.0208157896995544,0.196604083757848,
,,,-1.284E-06,-0.0461298227310181,0.197106175823137,
,,,-1.2838E-06,-0.0461298227310181,0.197608267888427,
,,,-1.2836E-06,-0.0461298227310181,0.197608267888427,
,,,-1.2834E-06,0.0208157896995544,0.19777563191019,
,,,-1.2832E-06,0.087761402130127,0.197608267888427,
,,,-1.283E-06,-0.180021047592163,0.1972735398449,
,,,-1.2828E-06,0.0208157896995544,0.197440903866664,
,,,-1.2826E-06,0.0208157896995544,0.197440903866664,
,,,-1.2824E-06,-0.0461298227310181,0.198110359953716,
,,,-1.2822E-06,-0.0461298227310181,0.198110359953716,
,,,-1.282E-06,0.087761402130127,0.1972735398449,
,,,-1.2818E-06,0.0208157896995544,0.198445087997243,
,,,-1.2816E-06,0.0208157896995544,0.198612452019006,
,,,-1.2814E-06,-0.0461298227310181,0.198612452019006,
,,,-1.2812E-06,0.0208157896995544,0.19827772397548,
,,,-1.281E-06,-0.0461298227310181,0.197608267888427,
,,,-1.2808E-06,0.087761402130127,0.19827772397548,
,,,-1.2806E-06,0.0208157896995544,0.198779816040769,
,,,-1.2804E-06,0.0208157896995544,0.198110359953716,
,,,-1.2802E-06,0.087761402130127,0.198445087997243,
,,,-1.28E-06,0.0208157896995544,0.19777563191019,
,,,-1.2798E-06,0.0208157896995544,0.197942995931953,
,,,-1.2796E-06,-0.0461298227310181,0.197440903866664,
,,,-1.2794E-06,0.0208157896995544,0.196938811801374,
,,,-1.2792E-06,-0.0461298227310181,0.19777563191019,
,,,-1.279E-06,-0.0461298227310181,0.197608267888427,
,,,-1.2788E-06,0.0208157896995544,0.197942995931953,
,,,-1.2786E-06,-0.0461298227310181,0.197106175823137,
,,,-1.2784E-06,0.087761402130127,0.196771447779611,
,,,-1.2782E-06,0.0208157896995544,0.197440903866664,
,,,-1.278E-06,-0.0461298227310181,0.197106175823137,
,,,-1.2778E-06,0.0208157896995544,0.197440903866664,
,,,-1.2776E-06,-0.0461298227310181,0.196436719736084,
,,,-1.2774E-06,-0.0461298227310181,0.197106175823137,
,,,-1.2772E-06,0.0208157896995544,0.195934627670795,
,,,-1.277E-06,-0.0461298227310181,0.1972735398449,
,,,-1.2768E-06,-0.0461298227310181,0.1972735398449,
,,,-1.2766E-06,-0.113075435161591,0.196604083757848,
,,,-1.2764E-06,0.0208157896995544,0.196771447779611,
,,,-1.2762E-06,-0.0461298227310181,0.196771447779611,
,,,-1.276E-06,0.0208157896995544,0.196604083757848,
,,,-1.2758E-06,-0.0461298227310181,0.196771447779611,
,,,-1.2756E-06,-0.113075435161591,0.195767263649032,
,,,-1.2754E-06,-0.113075435161591,0.197440903866664,
,,,-1.2752E-06,0.0208157896995544,0.196436719736084,
,,,-1.275E-06,-0.113075435161591,0.196604083757848,
,,,-1.2748E-06,0.0208157896995544,0.196436719736084,
,,,-1.2746E-06,0.0208157896995544,0.196101991692558,
,,,-1.2744E-06,-0.0461298227310181,0.196269355714321,
,,,-1.2742E-06,0.0208157896995544,0.196771447779611,
,,,-1.274E-06,0.087761402130127,0.195599899627268,
,,,-1.2738E-06,-0.0461298227310181,0.195767263649032,
,,,-1.2736E-06,0.0208157896995544,0.195097807561979,
,,,-1.2734E-06,0.154707014560699,0.195934627670795,
,,,-1.2732E-06,-0.113075435161591,0.196269355714321,
,,,-1.273E-06,-0.0461298227310181,0.196436719736084,
,,,-1.2728E-06,0.087761402130127,0.195767263649032,
,,,-1.2726E-06,-0.0461298227310181,0.195934627670795,
,,,-1.2724E-06,-0.0461298227310181,0.195767263649032,
,,,-1.2722E-06,0.0208157896995544,0.196436719736084,
,,,-1.272E-06,0.087761402130127,0.196101991692558,
,,,-1.2718E-06,-0.0461298227310181,0.196101991692558,
,,,-1.2716E-06,0.087761402130127,0.196101991692558,
,,,-1.2714E-06,0.0208157896995544,0.195934627670795,
,,,-1.2712E-06,-0.0461298227310181,0.195599899627268,
,,,-1.271E-06,0.0208157896995544,0.195599899627268,
,,,-1.2708E-06,-0.113075435161591,0.196101991692558,
,,,-1.2706E-06,0.0208157896995544,0.196771447779611,
,,,-1.2704E-06,0.087761402130127,0.196101991692558,
,,,-1.2702E-06,-0.0461298227310181,0.195767263649032,
,,,-1.27E-06,0.0208157896995544,0.196604083757848,
,,,-1.2698E-06,0.0208157896995544,0.195599899627268,
,,,-1.2696E-06,0.0208157896995544,0.195934627670795,
,,,-1.2694E-06,-0.113075435161591,0.196604083757848,
,,,-1.2692E-06,-0.0461298227310181,0.195934627670795,
,,,-1.269E-06,0.0208157896995544,0.197106175823137,
,,,-1.2688E-06,-0.0461298227310181,0.196771447779611,
,,,-1.2686E-06,-0.113075435161591,0.196604083757848,
,,,-1.2684E-06,0.0208157896995544,0.196436719736084,
,,,-1.2682E-06,0.0208157896995544,0.196771447779611,
,,,-1.268E-06,0.0208157896995544,0.197106175823137,
,,,-1.2678E-06,-0.0461298227310181,0.197440903866664,
,,,-1.2676E-06,0.087761402130127,0.196771447779611,
,,,-1.2674E-06,0.087761402130127,0.197608267888427,
,,,-1.2672E-06,-0.0461298227310181,0.197440903866664,
,,,-1.267E-06,0.087761402130127,0.196436719736084,
,,,-1.2668E-06,-0.0461298227310181,0.19777563191019,
,,,-1.2666E-06,-0.0461298227310181,0.1972735398449,
,,,-1.2664E-06,0.087761402130127,0.197106175823137,
,,,-1.2662E-06,0.0208157896995544,0.197608267888427,
,,,-1.266E-06,0.0208157896995544,0.197608267888427,
,,,-1.2658E-06,0.0208157896995544,0.197106175823137,
,,,-1.2656E-06,0.0208157896995544,0.19777563191019,
,,,-1.2654E-06,0.0208157896995544,0.197608267888427,
,,,-1.2652E-06,-0.0461298227310181,0.197608267888427,
,,,-1.265E-06,0.0208157896995544,0.196938811801374,
,,,-1.2648E-06,-0.0461298227310181,0.1972735398449,
,,,-1.2646E-06,-0.0461298227310181,0.197440903866664,
,,,-1.2644E-06,0.0208157896995544,0.197608267888427,
,,,-1.2642E-06,0.0208157896995544,0.19827772397548,
,,,-1.264E-06,0.087761402130127,0.198612452019006,
,,,-1.2638E-06,-0.113075435161591,0.198110359953716,
,,,-1.2636E-06,0.0208157896995544,0.198445087997243,
,,,-1.2634E-06,-0.0461298227310181,0.198612452019006,
,,,-1.2632E-06,0.0208157896995544,0.19827772397548,
,,,-1.263E-06,-0.113075435161591,0.19777563191019,
,,,-1.2628E-06,-0.0461298227310181,0.197942995931953,
,,,-1.2626E-06,-0.0461298227310181,0.19777563191019,
,,,-1.2624E-06,-0.0461298227310181,0.19777563191019,
,,,-1.2622E-06,-0.0461298227310181,0.198445087997243,
,,,-1.262E-06,-0.0461298227310181,0.19777563191019,
,,,-1.2618E-06,0.0208157896995544,0.197608267888427,
,,,-1.2616E-06,0.087761402130127,0.1972735398449,
,,,-1.2614E-06,0.087761402130127,0.19777563191019,
,,,-1.2612E-06,0.087761402130127,0.1972735398449,
,,,-1.261E-06,0.0208157896995544,0.197440903866664,
,,,-1.2608E-06,0.087761402130127,0.197608267888427,
,,,-1.2606E-06,0.154707014560699,0.197440903866664,
,,,-1.2604E-06,0.0208157896995544,0.196938811801374,
,,,-1.2602E-06,-0.0461298227310181,0.1972735398449,
,,,-1.26E-06,0.087761402130127,0.197608267888427,
,,,-1.2598E-06,-0.113075435161591,0.196604083757848,
,,,-1.2596E-06,-0.0461298227310181,0.197440903866664,
,,,-1.2594E-06,-0.0461298227310181,0.1972735398449,
,,,-1.2592E-06,0.087761402130127,0.1972735398449,
,,,-1.259E-06,0.0208157896995544,0.1972735398449,
,,,-1.2588E-06,0.0208157896995544,0.197106175823137,
,,,-1.2586E-06,0.0208157896995544,0.196938811801374,
,,,-1.2584E-06,-0.0461298227310181,0.196269355714321,
,,,-1.2582E-06,0.0208157896995544,0.196436719736084,
,,,-1.258E-06,-0.113075435161591,0.196771447779611,
,,,-1.2578E-06,0.0208157896995544,0.197106175823137,
,,,-1.2576E-06,0.154707014560699,0.196604083757848,
,,,-1.2574E-06,-0.113075435161591,0.196604083757848,
,,,-1.2572E-06,-0.0461298227310181,0.196604083757848,
,,,-1.257E-06,0.0208157896995544,0.195934627670795,
,,,-1.2568E-06,-0.0461298227310181,0.196771447779611,
,,,-1.2566E-06,-0.0461298227310181,0.196604083757848,
,,,-1.2564E-06,0.0208157896995544,0.197106175823137,
,,,-1.2562E-06,0.0208157896995544,0.196771447779611,
,,,-1.256E-06,0.0208157896995544,0.196604083757848,
,,,-1.2558E-06,-0.0461298227310181,0.196604083757848,
,,,-1.2556E-06,0.0208157896995544,0.196269355714321,
,,,-1.2554E-06,-0.0461298227310181,0.195599899627268,
,,,-1.2552E-06,0.0208157896995544,0.195934627670795,
,,,-1.255E-06,-0.0461298227310181,0.196101991692558,
,,,-1.2548E-06,0.087761402130127,0.196269355714321,
,,,-1.2546E-06,0.087761402130127,0.196771447779611,
,,,-1.2544E-06,0.0208157896995544,0.196771447779611,
,,,-1.2542E-06,0.087761402130127,0.196604083757848,
,,,-1.254E-06,0.0208157896995544,0.196436719736084,
,,,-1.2538E-06,0.0208157896995544,0.195934627670795,
,,,-1.2536E-06,0.0208157896995544,0.195767263649032,
,,,-1.2534E-06,-0.0461298227310181,0.197106175823137,
,,,-1.2532E-06,-0.0461298227310181,0.195934627670795,
,,,-1.253E-06,0.0208157896995544,0.195767263649032,
,,,-1.2528E-06,0.087761402130127,0.196938811801374,
,,,-1.2526E-06,0.0208157896995544,0.196269355714321,
,,,-1.2524E-06,0.087761402130127,0.195432535605505,
,,,-1.2522E-06,0.0208157896995544,0.196436719736084,
,,,-1.252E-06,0.0208157896995544,0.195934627670795,
,,,-1.2518E-06,0.0208157896995544,0.196101991692558,
,,,-1.2516E-06,0.0208157896995544,0.196604083757848,
,,,-1.2514E-06,-0.0461298227310181,0.196101991692558,
,,,-1.2512E-06,0.0208157896995544,0.196101991692558,
,,,-1.251E-06,-0.0461298227310181,0.196269355714321,
,,,-1.2508E-06,-0.0461298227310181,0.196604083757848,
,,,-1.2506E-06,0.0208157896995544,0.196436719736084,
,,,-1.2504E-06,0.0208157896995544,0.196771447779611,
,,,-1.2502E-06,-0.0461298227310181,0.196938811801374,
,,,-1.25E-06,0.087761402130127,0.196604083757848,
,,,-1.2498E-06,-0.113075435161591,0.197106175823137,
,,,-1.2496E-06,0.0208157896995544,0.196771447779611,
,,,-1.2494E-06,-0.0461298227310181,0.197106175823137,
,,,-1.2492E-06,0.0208157896995544,0.1972735398449,
,,,-1.249E-06,0.0208157896995544,0.196938811801374,
,,,-1.2488E-06,0.087761402130127,0.196938811801374,
,,,-1.2486E-06,0.0208157896995544,0.197608267888427,
,,,-1.2484E-06,0.0208157896995544,0.197942995931953,
,,,-1.2482E-06,-0.0461298227310181,0.197106175823137,
,,,-1.248E-06,0.0208157896995544,0.196938811801374,
,,,-1.2478E-06,0.154707014560699,0.1972735398449,
,,,-1.2476E-06,-0.0461298227310181,0.197106175823137,
,,,-1.2474E-06,0.0208157896995544,0.196938811801374,
,,,-1.2472E-06,0.087761402130127,0.1972735398449,
,,,-1.247E-06,-0.113075435161591,0.197608267888427,
,,,-1.2468E-06,0.0208157896995544,0.1972735398449,
,,,-1.2466E-06,0.0208157896995544,0.1972735398449,
,,,-1.2464E-06,0.154707014560699,0.1972735398449,
,,,-1.2462E-06,0.0208157896995544,0.1972735398449,
,,,-1.246E-06,0.0208157896995544,0.197440903866664,
,,,-1.2458E-06,-0.0461298227310181,0.198110359953716,
,,,-1.2456E-06,-0.0461298227310181,0.19777563191019,
,,,-1.2454E-06,-0.0461298227310181,0.196938811801374,
,,,-1.2452E-06,0.0208157896995544,0.19827772397548,
,,,-1.245E-06,0.0208157896995544,0.197440903866664,
,,,-1.2448E-06,0.0208157896995544,0.197942995931953,
,,,-1.2446E-06,-0.0461298227310181,0.197106175823137,
,,,-1.2444E-06,-0.0461298227310181,0.197608267888427,
,,,-1.2442E-06,-0.0461298227310181,0.197942995931953,
,,,-1.244E-06,0.087761402130127,0.197608267888427,
,,,-1.2438E-06,0.087761402130127,0.196938811801374,
,,,-1.2436E-06,0.0208157896995544,0.197608267888427,
,,,-1.2434E-06,-0.0461298227310181,0.19777563191019,
,,,-1.2432E-06,0.0208157896995544,0.196771447779611,
,,,-1.243E-06,0.0208157896995544,0.19827772397548,
,,,-1.2428E-06,-0.0461298227310181,0.197440903866664,
,,,-1.2426E-06,-0.0461298227310181,0.196771447779611,
,,,-1.2424E-06,0.087761402130127,0.196771447779611,
,,,-1.2422E-06,-0.0461298227310181,0.197440903866664,
,,,-1.242E-06,0.087761402130127,0.1972735398449,
,,,-1.2418E-06,0.0208157896995544,0.1972735398449,
,,,-1.2416E-06,0.0208157896995544,0.196771447779611,
,,,-1.2414E-06,0.0208157896995544,0.196771447779611,
,,,-1.2412E-06,0.0208157896995544,0.196604083757848,
,,,-1.241E-06,-0.0461298227310181,0.197440903866664,
,,,-1.2408E-06,0.0208157896995544,0.197608267888427,
,,,-1.2406E-06,-0.113075435161591,0.197106175823137,
,,,-1.2404E-06,0.0208157896995544,0.196604083757848,
,,,-1.2402E-06,0.0208157896995544,0.197106175823137,
,,,-1.24E-06,0.087761402130127,0.197106175823137,
,,,-1.2398E-06,0.0208157896995544,0.197106175823137,
,,,-1.2396E-06,0.0208157896995544,0.196436719736084,
,,,-1.2394E-06,0.0208157896995544,0.197106175823137,
,,,-1.2392E-06,-0.0461298227310181,0.196771447779611,
,,,-1.239E-06,0.0208157896995544,0.196771447779611,
,,,-1.2388E-06,0.0208157896995544,0.196938811801374,
,,,-1.2386E-06,0.087761402130127,0.196938811801374,
,,,-1.2384E-06,0.087761402130127,0.196436719736084,
,,,-1.2382E-06,-0.0461298227310181,0.195934627670795,
,,,-1.238E-06,-0.0461298227310181,0.196269355714321,
,,,-1.2378E-06,0.087761402130127,0.196436719736084,
,,,-1.2376E-06,0.0208157896995544,0.196436719736084,
,,,-1.2374E-06,-0.0461298227310181,0.196771447779611,
,,,-1.2372E-06,-0.0461298227310181,0.196436719736084,
,,,-1.237E-06,-0.0461298227310181,0.196101991692558,
,,,-1.2368E-06,0.0208157896995544,0.195432535605505,
,,,-1.2366E-06,0.0208157896995544,0.196771447779611,
,,,-1.2364E-06,0.0208157896995544,0.1972735398449,
,,,-1.2362E-06,-0.0461298227310181,0.1972735398449,
,,,-1.236E-06,0.087761402130127,0.195934627670795,
,,,-1.2358E-06,0.0208157896995544,0.196101991692558,
,,,-1.2356E-06,0.087761402130127,0.196604083757848,
,,,-1.2354E-06,0.0208157896995544,0.196269355714321,
,,,-1.2352E-06,-0.0461298227310181,0.196436719736084,
,,,-1.235E-06,0.087761402130127,0.196771447779611,
,,,-1.2348E-06,0.0208157896995544,0.196604083757848,
,,,-1.2346E-06,0.0208157896995544,0.196101991692558,
,,,-1.2344E-06,0.0208157896995544,0.196604083757848,
,,,-1.2342E-06,-0.0461298227310181,0.196604083757848,
,,,-1.234E-06,0.0208157896995544,0.196938811801374,
,,,-1.2338E-06,0.087761402130127,0.196269355714321,
,,,-1.2336E-06,0.087761402130127,0.195934627670795,
,,,-1.2334E-06,-0.0461298227310181,0.196269355714321,
,,,-1.2332E-06,0.087761402130127,0.196101991692558,
,,,-1.233E-06,-0.0461298227310181,0.196604083757848,
,,,-1.2328E-06,0.0208157896995544,0.196938811801374,
,,,-1.2326E-06,-0.0461298227310181,0.196604083757848,
,,,-1.2324E-06,-0.0461298227310181,0.196604083757848,
,,,-1.2322E-06,0.087761402130127,0.196938811801374,
,,,-1.232E-06,0.087761402130127,0.1972735398449,
,,,-1.2318E-06,-0.113075435161591,0.196771447779611,
,,,-1.2316E-06,0.0208157896995544,0.197106175823137,
,,,-1.2314E-06,0.087761402130127,0.197440903866664,
,,,-1.2312E-06,0.087761402130127,0.1972735398449,
,,,-1.231E-06,-0.113075435161591,0.1972735398449,
,,,-1.2308E-06,0.0208157896995544,0.197440903866664,
,,,-1.2306E-06,0.0208157896995544,0.19777563191019,
,,,-1.2304E-06,-0.0461298227310181,0.196771447779611,
,,,-1.2302E-06,0.0208157896995544,0.196938811801374,
,,,-1.23E-06,0.0208157896995544,0.197106175823137,
,,,-1.2298E-06,0.0208157896995544,0.197608267888427,
,,,-1.2296E-06,0.0208157896995544,0.1972735398449,
,,,-1.2294E-06,0.0208157896995544,0.197608267888427,
,,,-1.2292E-06,0.154707014560699,0.197106175823137,
,,,-1.229E-06,0.154707014560699,0.196938811801374,
,,,-1.2288E-06,0.0208157896995544,0.196938811801374,
,,,-1.2286E-06,0.0208157896995544,0.197106175823137,
,,,-1.2284E-06,0.0208157896995544,0.1972735398449,
,,,-1.2282E-06,0.087761402130127,0.1972735398449,
,,,-1.228E-06,0.0208157896995544,0.196771447779611,
,,,-1.2278E-06,0.0208157896995544,0.19777563191019,
,,,-1.2276E-06,-0.0461298227310181,0.197440903866664,
,,,-1.2274E-06,0.0208157896995544,0.196604083757848,
,,,-1.2272E-06,0.087761402130127,0.196771447779611,
,,,-1.227E-06,0.0208157896995544,0.197440903866664,
,,,-1.2268E-06,-0.0461298227310181,0.197106175823137,
,,,-1.2266E-06,0.0208157896995544,0.19777563191019,
,,,-1.2264E-06,0.0208157896995544,0.196771447779611,
,,,-1.2262E-06,0.0208157896995544,0.196604083757848,
,,,-1.226E-06,-0.113075435161591,0.197440903866664,
,,,-1.2258E-06,0.0208157896995544,0.197942995931953,
,,,-1.2256E-06,0.154707014560699,0.196604083757848,
,,,-1.2254E-06,-0.113075435161591,0.196938811801374,
,,,-1.2252E-06,0.0208157896995544,0.197608267888427,
,,,-1.225E-06,0.0208157896995544,0.196938811801374,
,,,-1.2248E-06,0.0208157896995544,0.197608267888427,
,,,-1.2246E-06,-0.0461298227310181,0.197440903866664,
,,,-1.2244E-06,0.0208157896995544,0.197440903866664,
,,,-1.2242E-06,0.0208157896995544,0.196938811801374,
,,,-1.224E-06,0.0208157896995544,0.196436719736084,
,,,-1.2238E-06,-0.0461298227310181,0.19777563191019,
,,,-1.2236E-06,0.0208157896995544,0.196604083757848,
,,,-1.2234E-06,0.0208157896995544,0.196771447779611,
,,,-1.2232E-06,0.0208157896995544,0.197440903866664,
,,,-1.223E-06,0.087761402130127,0.196771447779611,
,,,-1.2228E-06,0.087761402130127,0.196604083757848,
,,,-1.2226E-06,0.0208157896995544,0.196436719736084,
,,,-1.2224E-06,0.0208157896995544,0.196938811801374,
,,,-1.2222E-06,0.154707014560699,0.196604083757848,
,,,-1.222E-06,0.0208157896995544,0.196771447779611,
,,,-1.2218E-06,-0.0461298227310181,0.196101991692558,
,,,-1.2216E-06,0.087761402130127,0.196604083757848,
,,,-1.2214E-06,-0.0461298227310181,0.196604083757848,
,,,-1.2212E-06,-0.0461298227310181,0.196938811801374,
,,,-1.221E-06,0.0208157896995544,0.1972735398449,
,,,-1.2208E-06,0.087761402130127,0.196604083757848,
,,,-1.2206E-06,0.0208157896995544,0.196269355714321,
,,,-1.2204E-06,0.087761402130127,0.195934627670795,
,,,-1.2202E-06,0.0208157896995544,0.197106175823137,
,,,-1.22E-06,-0.0461298227310181,0.196436719736084,
,,,-1.2198E-06,0.0208157896995544,0.196604083757848,
,,,-1.2196E-06,0.087761402130127,0.196771447779611,
,,,-1.2194E-06,-0.0461298227310181,0.196938811801374,
,,,-1.2192E-06,0.087761402130127,0.196604083757848,
,,,-1.219E-06,-0.0461298227310181,0.196771447779611,
,,,-1.2188E-06,0.087761402130127,0.196771447779611,
,,,-1.2186E-06,0.087761402130127,0.196938811801374,
,,,-1.2184E-06,0.0208157896995544,0.1972735398449,
,,,-1.2182E-06,0.0208157896995544,0.196771447779611,
,,,-1.218E-06,0.0208157896995544,0.19777563191019,
,,,-1.2178E-06,0.0208157896995544,0.19777563191019,
,,,-1.2176E-06,-0.0461298227310181,0.1972735398449,
,,,-1.2174E-06,-0.0461298227310181,0.196604083757848,
,,,-1.2172E-06,0.087761402130127,0.196938811801374,
,,,-1.217E-06,-0.0461298227310181,0.1972735398449,
,,,-1.2168E-06,0.0208157896995544,0.197608267888427,
,,,-1.2166E-06,0.087761402130127,0.196938811801374,
,,,-1.2164E-06,0.0208157896995544,0.197106175823137,
,,,-1.2162E-06,0.0208157896995544,0.197608267888427,
,,,-1.216E-06,0.087761402130127,0.1972735398449,
,,,-1.2158E-06,0.087761402130127,0.19777563191019,
,,,-1.2156E-06,0.0208157896995544,0.197608267888427,
,,,-1.2154E-06,0.087761402130127,0.197942995931953,
,,,-1.2152E-06,0.0208157896995544,0.19777563191019,
,,,-1.215E-06,-0.0461298227310181,0.1972735398449,
,,,-1.2148E-06,-0.113075435161591,0.19827772397548,
,,,-1.2146E-06,0.087761402130127,0.197440903866664,
,,,-1.2144E-06,0.087761402130127,0.198445087997243,
,,,-1.2142E-06,-0.0461298227310181,0.198110359953716,
,,,-1.214E-06,0.087761402130127,0.19777563191019,
,,,-1.2138E-06,0.0208157896995544,0.197440903866664,
,,,-1.2136E-06,0.0208157896995544,0.198445087997243,
,,,-1.2134E-06,0.0208157896995544,0.1972735398449,
,,,-1.2132E-06,-0.0461298227310181,0.19777563191019,
,,,-1.213E-06,-0.113075435161591,0.1972735398449,
,,,-1.2128E-06,0.0208157896995544,0.197106175823137,
,,,-1.2126E-06,-0.0461298227310181,0.196436719736084,
,,,-1.2124E-06,0.0208157896995544,0.198110359953716,
,,,-1.2122E-06,0.0208157896995544,0.197608267888427,
,,,-1.212E-06,0.0208157896995544,0.197608267888427,
,,,-1.2118E-06,-0.0461298227310181,0.1972735398449,
,,,-1.2116E-06,0.0208157896995544,0.197440903866664,
,,,-1.2114E-06,-0.0461298227310181,0.197942995931953,
,,,-1.2112E-06,0.0208157896995544,0.197942995931953,
,,,-1.211E-06,-0.0461298227310181,0.197942995931953,
,,,-1.2108E-06,-0.0461298227310181,0.197942995931953,
,,,-1.2106E-06,-0.0461298227310181,0.198110359953716,
,,,-1.2104E-06,0.087761402130127,0.1972735398449,
,,,-1.2102E-06,0.087761402130127,0.1972735398449,
,,,-1.21E-06,0.087761402130127,0.196771447779611,
,,,-1.2098E-06,0.154707014560699,0.197440903866664,
,,,-1.2096E-06,0.0208157896995544,0.1972735398449,
,,,-1.2094E-06,0.087761402130127,0.197106175823137,
,,,-1.2092E-06,0.0208157896995544,0.197106175823137,
,,,-1.209E-06,-0.0461298227310181,0.19777563191019,
,,,-1.2088E-06,0.087761402130127,0.1972735398449,
,,,-1.2086E-06,-0.0461298227310181,0.19777563191019,
,,,-1.2084E-06,0.0208157896995544,0.197106175823137,
,,,-1.2082E-06,0.0208157896995544,0.196604083757848,
,,,-1.208E-06,0.0208157896995544,0.196269355714321,
,,,-1.2078E-06,0.0208157896995544,0.197106175823137,
,,,-1.2076E-06,0.087761402130127,0.197608267888427,
,,,-1.2074E-06,0.0208157896995544,0.196604083757848,
,,,-1.2072E-06,-0.0461298227310181,0.196938811801374,
,,,-1.207E-06,0.0208157896995544,0.197106175823137,
,,,-1.2068E-06,-0.113075435161591,0.196938811801374,
,,,-1.2066E-06,0.0208157896995544,0.196436719736084,
,,,-1.2064E-06,0.087761402130127,0.196771447779611,
,,,-1.2062E-06,-0.0461298227310181,0.196771447779611,
,,,-1.206E-06,0.0208157896995544,0.196938811801374,
,,,-1.2058E-06,0.087761402130127,0.196604083757848,
,,,-1.2056E-06,-0.0461298227310181,0.195934627670795,
,,,-1.2054E-06,-0.0461298227310181,0.196101991692558,
,,,-1.2052E-06,0.087761402130127,0.195432535605505,
,,,-1.205E-06,0.0208157896995544,0.195432535605505,
,,,-1.2048E-06,-0.0461298227310181,0.196604083757848,
,,,-1.2046E-06,0.0208157896995544,0.195767263649032,
,,,-1.2044E-06,0.0208157896995544,0.195599899627268,
,,,-1.2042E-06,0.0208157896995544,0.195934627670795,
,,,-1.204E-06,0.0208157896995544,0.196604083757848,
,,,-1.2038E-06,-0.0461298227310181,0.195934627670795,
,,,-1.2036E-06,0.0208157896995544,0.195934627670795,
,,,-1.2034E-06,0.0208157896995544,0.195934627670795,
,,,-1.2032E-06,-0.0461298227310181,0.195767263649032,
,,,-1.203E-06,0.087761402130127,0.196101991692558,
,,,-1.2028E-06,0.0208157896995544,0.196269355714321,
,,,-1.2026E-06,0.0208157896995544,0.195767263649032,
,,,-1.2024E-06,0.087761402130127,0.195767263649032,
,,,-1.2022E-06,-0.113075435161591,0.195599899627268,
,,,-1.202E-06,0.0208157896995544,0.196101991692558,
,,,-1.2018E-06,0.0208157896995544,0.196604083757848,
,,,-1.2016E-06,0.087761402130127,0.195432535605505,
,,,-1.2014E-06,0.0208157896995544,0.195767263649032,
,,,-1.2012E-06,-0.0461298227310181,0.196604083757848,
,,,-1.201E-06,-0.0461298227310181,0.196269355714321,
,,,-1.2008E-06,-0.0461298227310181,0.195432535605505,
,,,-1.2006E-06,0.0208157896995544,0.196604083757848,
,,,-1.2004E-06,0.0208157896995544,0.196771447779611,
,,,-1.2002E-06,-0.0461298227310181,0.196269355714321,
,,,-1.2E-06,0.0208157896995544,0.196604083757848,
,,,-1.1998E-06,-0.0461298227310181,0.196436719736084,
,,,-1.1996E-06,-0.0461298227310181,0.196771447779611,
,,,-1.1994E-06,-0.0461298227310181,0.196436719736084,
,,,-1.1992E-06,0.154707014560699,0.197106175823137,
,,,-1.199E-06,-0.0461298227310181,0.196771447779611,
,,,-1.1988E-06,-0.0461298227310181,0.196938811801374,
,,,-1.1986E-06,0.087761402130127,0.1972735398449,
,,,-1.1984E-06,0.0208157896995544,0.1972735398449,
,,,-1.1982E-06,-0.0461298227310181,0.1972735398449,
,,,-1.198E-06,0.0208157896995544,0.197608267888427,
,,,-1.1978E-06,-0.0461298227310181,0.197440903866664,
,,,-1.1976E-06,0.0208157896995544,0.196771447779611,
,,,-1.1974E-06,0.087761402130127,0.19777563191019,
,,,-1.1972E-06,0.087761402130127,0.198110359953716,
,,,-1.197E-06,-0.0461298227310181,0.198110359953716,
,,,-1.1968E-06,0.0208157896995544,0.198110359953716,
,,,-1.1966E-06,0.087761402130127,0.19827772397548,
,,,-1.1964E-06,0.0208157896995544,0.197608267888427,
,,,-1.1962E-06,0.0208157896995544,0.197608267888427,
,,,-1.196E-06,0.087761402130127,0.198445087997243,
,,,-1.1958E-06,-0.113075435161591,0.198110359953716,
,,,-1.1956E-06,0.0208157896995544,0.197608267888427,
,,,-1.1954E-06,0.0208157896995544,0.198110359953716,
,,,-1.1952E-06,0.0208157896995544,0.198612452019006,
,,,-1.195E-06,-0.0461298227310181,0.19777563191019,
,,,-1.1948E-06,0.0208157896995544,0.19777563191019,
,,,-1.1946E-06,-0.0461298227310181,0.19827772397548,
,,,-1.1944E-06,-0.0461298227310181,0.197942995931953,
,,,-1.1942E-06,0.0208157896995544,0.1972735398449,
,,,-1.194E-06,-0.113075435161591,0.19777563191019,
,,,-1.1938E-06,-0.0461298227310181,0.19777563191019,
,,,-1.1936E-06,-0.0461298227310181,0.197608267888427,
,,,-1.1934E-06,-0.113075435161591,0.197608267888427,
,,,-1.1932E-06,-0.0461298227310181,0.198445087997243,
,,,-1.193E-06,0.0208157896995544,0.197608267888427,
,,,-1.1928E-06,0.0208157896995544,0.197608267888427,
,,,-1.1926E-06,-0.0461298227310181,0.1972735398449,
,,,-1.1924E-06,0.0208157896995544,0.197440903866664,
,,,-1.1922E-06,-0.0461298227310181,0.197942995931953,
,,,-1.192E-06,0.0208157896995544,0.197106175823137,
,,,-1.1918E-06,-0.113075435161591,0.1972735398449,
,,,-1.1916E-06,0.0208157896995544,0.197608267888427,
,,,-1.1914E-06,-0.0461298227310181,0.197106175823137,
,,,-1.1912E-06,0.087761402130127,0.196938811801374,
,,,-1.191E-06,-0.0461298227310181,0.197106175823137,
,,,-1.1908E-06,0.154707014560699,0.197106175823137,
,,,-1.1906E-06,-0.0461298227310181,0.196938811801374,
,,,-1.1904E-06,-0.0461298227310181,0.196771447779611,
,,,-1.1902E-06,0.087761402130127,0.196771447779611,
,,,-1.19E-06,-0.0461298227310181,0.197440903866664,
,,,-1.1898E-06,-0.0461298227310181,0.196938811801374,
,,,-1.1896E-06,0.0208157896995544,0.195599899627268,
,,,-1.1894E-06,0.087761402130127,0.195934627670795,
,,,-1.1892E-06,0.0208157896995544,0.196938811801374,
,,,-1.189E-06,-0.0461298227310181,0.196436719736084,
,,,-1.1888E-06,0.087761402130127,0.196938811801374,
,,,-1.1886E-06,0.0208157896995544,0.196604083757848,
,,,-1.1884E-06,0.0208157896995544,0.195767263649032,
,,,-1.1882E-06,0.0208157896995544,0.196771447779611,
,,,-1.188E-06,-0.113075435161591,0.196269355714321,
,,,-1.1878E-06,-0.0461298227310181,0.196938811801374,
,,,-1.1876E-06,-0.0461298227310181,0.196101991692558,
,,,-1.1874E-06,0.0208157896995544,0.196604083757848,
,,,-1.1872E-06,0.0208157896995544,0.196269355714321,
,,,-1.187E-06,-0.0461298227310181,0.196604083757848,
,,,-1.1868E-06,-0.113075435161591,0.195767263649032,
,,,-1.1866E-06,0.0208157896995544,0.195767263649032,
,,,-1.1864E-06,0.087761402130127,0.195934627670795,
,,,-1.1862E-06,-0.0461298227310181,0.196436719736084,
,,,-1.186E-06,0.0208157896995544,0.196269355714321,
,,,-1.1858E-06,-0.0461298227310181,0.196101991692558,
,,,-1.1856E-06,-0.0461298227310181,0.195599899627268,
,,,-1.1854E-06,-0.0461298227310181,0.196604083757848,
,,,-1.1852E-06,0.0208157896995544,0.195599899627268,
,,,-1.185E-06,-0.0461298227310181,0.195432535605505,
,,,-1.1848E-06,0.0208157896995544,0.195767263649032,
,,,-1.1846E-06,-0.0461298227310181,0.196436719736084,
,,,-1.1844E-06,0.0208157896995544,0.195599899627268,
,,,-1.1842E-06,0.0208157896995544,0.195432535605505,
,,,-1.184E-06,0.0208157896995544,0.196938811801374,
,,,-1.1838E-06,0.087761402130127,0.195432535605505,
,,,-1.1836E-06,0.0208157896995544,0.196101991692558,
,,,-1.1834E-06,0.0208157896995544,0.195934627670795,
,,,-1.1832E-06,0.0208157896995544,0.196269355714321,
,,,-1.183E-06,-0.180021047592163,0.196101991692558,
,,,-1.1828E-06,0.0208157896995544,0.196269355714321,
,,,-1.1826E-06,0.0208157896995544,0.196604083757848,
,,,-1.1824E-06,0.087761402130127,0.195767263649032,
,,,-1.1822E-06,-0.0461298227310181,0.197106175823137,
,,,-1.182E-06,0.0208157896995544,0.196101991692558,
,,,-1.1818E-06,-0.0461298227310181,0.196604083757848,
,,,-1.1816E-06,-0.0461298227310181,0.196436719736084,
,,,-1.1814E-06,0.0208157896995544,0.197106175823137,
,,,-1.1812E-06,0.0208157896995544,0.19777563191019,
,,,-1.181E-06,-0.0461298227310181,0.197440903866664,
,,,-1.1808E-06,0.0208157896995544,0.196604083757848,
,,,-1.1806E-06,-0.0461298227310181,0.19777563191019,
,,,-1.1804E-06,-0.0461298227310181,0.197106175823137,
,,,-1.1802E-06,0.0208157896995544,0.197608267888427,
,,,-1.18E-06,0.0208157896995544,0.197440903866664,
,,,-1.1798E-06,-0.0461298227310181,0.197608267888427,
,,,-1.1796E-06,-0.0461298227310181,0.197608267888427,
,,,-1.1794E-06,-0.0461298227310181,0.197106175823137,
,,,-1.1792E-06,-0.0461298227310181,0.197942995931953,
,,,-1.179E-06,-0.113075435161591,0.197942995931953,
,,,-1.1788E-06,-0.0461298227310181,0.197440903866664,
,,,-1.1786E-06,-0.0461298227310181,0.197106175823137,
,,,-1.1784E-06,0.087761402130127,0.1972735398449,
,,,-1.1782E-06,0.0208157896995544,0.197942995931953,
,,,-1.178E-06,0.087761402130127,0.197942995931953,
,,,-1.1778E-06,0.0208157896995544,0.197608267888427,
,,,-1.1776E-06,0.0208157896995544,0.19777563191019,
,,,-1.1774E-06,-0.0461298227310181,0.19777563191019,
,,,-1.1772E-06,-0.0461298227310181,0.19777563191019,
,,,-1.177E-06,-0.0461298227310181,0.19827772397548,
,,,-1.1768E-06,0.087761402130127,0.198445087997243,
,,,-1.1766E-06,-0.113075435161591,0.197608267888427,
,,,-1.1764E-06,-0.113075435161591,0.19777563191019,
,,,-1.1762E-06,0.087761402130127,0.198110359953716,
,,,-1.176E-06,0.087761402130127,0.19777563191019,
,,,-1.1758E-06,-0.0461298227310181,0.197608267888427,
,,,-1.1756E-06,0.0208157896995544,0.19777563191019,
,,,-1.1754E-06,0.0208157896995544,0.19827772397548,
,,,-1.1752E-06,-0.0461298227310181,0.19777563191019,
,,,-1.175E-06,-0.0461298227310181,0.19827772397548,
,,,-1.1748E-06,0.0208157896995544,0.197608267888427,
,,,-1.1746E-06,0.0208157896995544,0.197942995931953,
,,,-1.1744E-06,-0.0461298227310181,0.198445087997243,
,,,-1.1742E-06,-0.0461298227310181,0.197440903866664,
,,,-1.174E-06,-0.0461298227310181,0.19777563191019,
,,,-1.1738E-06,0.0208157896995544,0.196771447779611,
,,,-1.1736E-06,0.0208157896995544,0.1972735398449,
,,,-1.1734E-06,-0.0461298227310181,0.197440903866664,
,,,-1.1732E-06,0.0208157896995544,0.198110359953716,
,,,-1.173E-06,0.0208157896995544,0.197440903866664,
,,,-1.1728E-06,-0.0461298227310181,0.1972735398449,
,,,-1.1726E-06,-0.0461298227310181,0.197106175823137,
,,,-1.1724E-06,-0.0461298227310181,0.197106175823137,
,,,-1.1722E-06,-0.180021047592163,0.196938811801374,
,,,-1.172E-06,-0.0461298227310181,0.196938811801374,
,,,-1.1718E-06,0.0208157896995544,0.197608267888427,
,,,-1.1716E-06,0.087761402130127,0.197440903866664,
,,,-1.1714E-06,0.0208157896995544,0.196771447779611,
,,,-1.1712E-06,0.0208157896995544,0.196604083757848,
,,,-1.171E-06,0.087761402130127,0.196771447779611,
,,,-1.1708E-06,0.0208157896995544,0.196604083757848,
,,,-1.1706E-06,0.154707014560699,0.196269355714321,
,,,-1.1704E-06,0.087761402130127,0.1972735398449,
,,,-1.1702E-06,-0.113075435161591,0.196771447779611,
,,,-1.17E-06,-0.0461298227310181,0.196269355714321,
,,,-1.1698E-06,0.0208157896995544,0.196436719736084,
,,,-1.1696E-06,0.087761402130127,0.196938811801374,
,,,-1.1694E-06,-0.0461298227310181,0.196604083757848,
,,,-1.1692E-06,-0.0461298227310181,0.196604083757848,
,,,-1.169E-06,0.087761402130127,0.196938811801374,
,,,-1.1688E-06,-0.0461298227310181,0.196436719736084,
,,,-1.1686E-06,-0.0461298227310181,0.196269355714321,
,,,-1.1684E-06,0.0208157896995544,0.196436719736084,
,,,-1.1682E-06,0.0208157896995544,0.197608267888427,
,,,-1.168E-06,0.087761402130127,0.196604083757848,
,,,-1.1678E-06,-0.113075435161591,0.196771447779611,
,,,-1.1676E-06,-0.0461298227310181,0.196604083757848,
,,,-1.1674E-06,0.0208157896995544,0.197106175823137,
,,,-1.1672E-06,0.0208157896995544,0.197106175823137,
,,,-1.167E-06,-0.0461298227310181,0.197440903866664,
,,,-1.1668E-06,-0.0461298227310181,0.196938811801374,
,,,-1.1666E-06,-0.0461298227310181,0.196771447779611,
,,,-1.1664E-06,0.154707014560699,0.197440903866664,
,,,-1.1662E-06,-0.113075435161591,0.1972735398449,
,,,-1.166E-06,-0.0461298227310181,0.196938811801374,
,,,-1.1658E-06,-0.0461298227310181,0.196604083757848,
,,,-1.1656E-06,-0.0461298227310181,0.197440903866664,
,,,-1.1654E-06,-0.0461298227310181,0.1972735398449,
,,,-1.1652E-06,0.154707014560699,0.197942995931953,
,,,-1.165E-06,0.0208157896995544,0.197106175823137,
,,,-1.1648E-06,-0.0461298227310181,0.196771447779611,
,,,-1.1646E-06,0.0208157896995544,0.19777563191019,
,,,-1.1644E-06,-0.0461298227310181,0.19777563191019,
,,,-1.1642E-06,0.0208157896995544,0.197440903866664,
,,,-1.164E-06,0.0208157896995544,0.197106175823137,
,,,-1.1638E-06,-0.0461298227310181,0.196771447779611,
,,,-1.1636E-06,-0.0461298227310181,0.1972735398449,
,,,-1.1634E-06,0.087761402130127,0.197106175823137,
,,,-1.1632E-06,0.154707014560699,0.197608267888427,
,,,-1.163E-06,0.0208157896995544,0.197942995931953,
,,,-1.1628E-06,0.0208157896995544,0.1972735398449,
,,,-1.1626E-06,-0.0461298227310181,0.197608267888427,
,,,-1.1624E-06,-0.113075435161591,0.1972735398449,
,,,-1.1622E-06,-0.0461298227310181,0.1972735398449,
,,,-1.162E-06,-0.0461298227310181,0.198110359953716,
,,,-1.1618E-06,-0.0461298227310181,0.19827772397548,
,,,-1.1616E-06,0.0208157896995544,0.197942995931953,
,,,-1.1614E-06,-0.113075435161591,0.19777563191019,
,,,-1.1612E-06,0.0208157896995544,0.197608267888427,
,,,-1.161E-06,0.0208157896995544,0.197440903866664,
,,,-1.1608E-06,0.0208157896995544,0.198110359953716,
,,,-1.1606E-06,0.0208157896995544,0.19827772397548,
,,,-1.1604E-06,0.087761402130127,0.1972735398449,
,,,-1.1602E-06,-0.0461298227310181,0.198110359953716,
,,,-1.16E-06,0.0208157896995544,0.197942995931953,
,,,-1.1598E-06,-0.113075435161591,0.19827772397548,
,,,-1.1596E-06,0.0208157896995544,0.198612452019006,
,,,-1.1594E-06,0.0208157896995544,0.197608267888427,
,,,-1.1592E-06,0.087761402130127,0.198110359953716,
,,,-1.159E-06,0.087761402130127,0.19827772397548,
,,,-1.1588E-06,0.0208157896995544,0.19827772397548,
,,,-1.1586E-06,-0.0461298227310181,0.197942995931953,
,,,-1.1584E-06,0.0208157896995544,0.197942995931953,
,,,-1.1582E-06,0.087761402130127,0.1972735398449,
,,,-1.158E-06,-0.0461298227310181,0.197440903866664,
,,,-1.1578E-06,0.087761402130127,0.19777563191019,
,,,-1.1576E-06,0.087761402130127,0.1972735398449,
,,,-1.1574E-06,-0.113075435161591,0.197608267888427,
,,,-1.1572E-06,-0.0461298227310181,0.198110359953716,
,,,-1.157E-06,-0.0461298227310181,0.197106175823137,
,,,-1.1568E-06,0.0208157896995544,0.197106175823137,
,,,-1.1566E-06,-0.113075435161591,0.1972735398449,
,,,-1.1564E-06,0.0208157896995544,0.1972735398449,
,,,-1.1562E-06,0.0208157896995544,0.198110359953716,
,,,-1.156E-06,-0.0461298227310181,0.1972735398449,
,,,-1.1558E-06,0.0208157896995544,0.196771447779611,
,,,-1.1556E-06,0.0208157896995544,0.197106175823137,
,,,-1.1554E-06,-0.0461298227310181,0.196938811801374,
,,,-1.1552E-06,0.087761402130127,0.196771447779611,
,,,-1.155E-06,-0.113075435161591,0.1972735398449,
,,,-1.1548E-06,-0.0461298227310181,0.1972735398449,
,,,-1.1546E-06,0.087761402130127,0.196938811801374,
,,,-1.1544E-06,0.0208157896995544,0.196771447779611,
,,,-1.1542E-06,-0.0461298227310181,0.196938811801374,
,,,-1.154E-06,-0.0461298227310181,0.196771447779611,
,,,-1.1538E-06,0.0208157896995544,0.196101991692558,
,,,-1.1536E-06,-0.0461298227310181,0.196771447779611,
,,,-1.1534E-06,-0.0461298227310181,0.196604083757848,
,,,-1.1532E-06,-0.0461298227310181,0.196436719736084,
,,,-1.153E-06,0.0208157896995544,0.196771447779611,
,,,-1.1528E-06,0.0208157896995544,0.196436719736084,
,,,-1.1526E-06,0.087761402130127,0.196436719736084,
,,,-1.1524E-06,0.087761402130127,0.197106175823137,
,,,-1.1522E-06,0.0208157896995544,0.196938811801374,
,,,-1.152E-06,0.0208157896995544,0.196436719736084,
,,,-1.1518E-06,0.0208157896995544,0.197608267888427,
,,,-1.1516E-06,-0.0461298227310181,0.197106175823137,
,,,-1.1514E-06,0.0208157896995544,0.1972735398449,
,,,-1.1512E-06,0.087761402130127,0.196604083757848,
,,,-1.151E-06,-0.113075435161591,0.197440903866664,
,,,-1.1508E-06,-0.0461298227310181,0.196938811801374,
,,,-1.1506E-06,0.0208157896995544,0.196436719736084,
,,,-1.1504E-06,0.0208157896995544,0.196771447779611,
,,,-1.1502E-06,-0.0461298227310181,0.196604083757848,
,,,-1.15E-06,0.087761402130127,0.197106175823137,
,,,-1.1498E-06,-0.0461298227310181,0.196771447779611,
,,,-1.1496E-06,-0.113075435161591,0.196101991692558,
,,,-1.1494E-06,0.0208157896995544,0.196604083757848,
,,,-1.1492E-06,-0.0461298227310181,0.196938811801374,
,,,-1.149E-06,0.0208157896995544,0.196771447779611,
,,,-1.1488E-06,0.0208157896995544,0.196771447779611,
,,,-1.1486E-06,-0.113075435161591,0.197106175823137,
,,,-1.1484E-06,0.0208157896995544,0.197106175823137,
,,,-1.1482E-06,-0.0461298227310181,0.196604083757848,
,,,-1.148E-06,0.0208157896995544,0.196938811801374,
,,,-1.1478E-06,-0.0461298227310181,0.196771447779611,
,,,-1.1476E-06,0.0208157896995544,0.195934627670795,
,,,-1.1474E-06,-0.180021047592163,0.196771447779611,
,,,-1.1472E-06,0.0208157896995544,0.196604083757848,
,,,-1.147E-06,0.0208157896995544,0.197106175823137,
,,,-1.1468E-06,-0.0461298227310181,0.196938811801374,
,,,-1.1466E-06,-0.0461298227310181,0.197106175823137,
,,,-1.1464E-06,0.087761402130127,0.196938811801374,
,,,-1.1462E-06,-0.0461298227310181,0.196771447779611,
,,,-1.146E-06,0.0208157896995544,0.1972735398449,
,,,-1.1458E-06,0.0208157896995544,0.1972735398449,
,,,-1.1456E-06,0.087761402130127,0.196436719736084,
,,,-1.1454E-06,0.0208157896995544,0.197106175823137,
,,,-1.1452E-06,-0.0461298227310181,0.196771447779611,
,,,-1.145E-06,0.0208157896995544,0.196771447779611,
,,,-1.1448E-06,-0.0461298227310181,0.197440903866664,
,,,-1.1446E-06,-0.113075435161591,0.197608267888427,
,,,-1.1444E-06,0.0208157896995544,0.1972735398449,
,,,-1.1442E-06,-0.0461298227310181,0.196938811801374,
,,,-1.144E-06,0.154707014560699,0.197106175823137,
,,,-1.1438E-06,-0.0461298227310181,0.197608267888427,
,,,-1.1436E-06,0.0208157896995544,0.197106175823137,
,,,-1.1434E-06,0.154707014560699,0.19777563191019,
,,,-1.1432E-06,-0.0461298227310181,0.197106175823137,
,,,-1.143E-06,-0.0461298227310181,0.196938811801374,
,,,-1.1428E-06,-0.0461298227310181,0.197106175823137,
,,,-1.1426E-06,-0.0461298227310181,0.197440903866664,
,,,-1.1424E-06,0.0208157896995544,0.197942995931953,
,,,-1.1422E-06,-0.0461298227310181,0.197440903866664,
,,,-1.142E-06,0.0208157896995544,0.196938811801374,
,,,-1.1418E-06,0.0208157896995544,0.1972735398449,
,,,-1.1416E-06,0.0208157896995544,0.197106175823137,
,,,-1.1414E-06,0.0208157896995544,0.1972735398449,
,,,-1.1412E-06,-0.0461298227310181,0.196938811801374,
,,,-1.141E-06,0.0208157896995544,0.196101991692558,
,,,-1.1408E-06,0.087761402130127,0.196771447779611,
,,,-1.1406E-06,-0.113075435161591,0.197106175823137,
,,,-1.1404E-06,0.0208157896995544,0.196938811801374,
,,,-1.1402E-06,0.0208157896995544,0.196604083757848,
,,,-1.14E-06,0.0208157896995544,0.197440903866664,
,,,-1.1398E-06,0.0208157896995544,0.197106175823137,
,,,-1.1396E-06,0.154707014560699,0.197106175823137,
,,,-1.1394E-06,0.0208157896995544,0.197440903866664,
,,,-1.1392E-06,-0.0461298227310181,0.197106175823137,
,,,-1.139E-06,0.087761402130127,0.196771447779611,
,,,-1.1388E-06,-0.0461298227310181,0.196604083757848,
,,,-1.1386E-06,-0.0461298227310181,0.196938811801374,
,,,-1.1384E-06,0.0208157896995544,0.197608267888427,
,,,-1.1382E-06,-0.0461298227310181,0.196604083757848,
,,,-1.138E-06,-0.0461298227310181,0.196604083757848,
,,,-1.1378E-06,-0.0461298227310181,0.197106175823137,
,,,-1.1376E-06,0.221652626991272,0.19777563191019,
,,,-1.1374E-06,-0.113075435161591,0.196436719736084,
,,,-1.1372E-06,0.0208157896995544,0.197106175823137,
,,,-1.137E-06,-0.0461298227310181,0.1972735398449,
,,,-1.1368E-06,-0.0461298227310181,0.196604083757848,
,,,-1.1366E-06,-0.0461298227310181,0.197106175823137,
,,,-1.1364E-06,0.0208157896995544,0.196604083757848,
,,,-1.1362E-06,-0.0461298227310181,0.196604083757848,
,,,-1.136E-06,-0.0461298227310181,0.196436719736084,
,,,-1.1358E-06,-0.0461298227310181,0.1972735398449,
,,,-1.1356E-06,0.0208157896995544,0.196436719736084,
,,,-1.1354E-06,-0.0461298227310181,0.196269355714321,
,,,-1.1352E-06,0.0208157896995544,0.197106175823137,
,,,-1.135E-06,0.0208157896995544,0.196771447779611,
,,,-1.1348E-06,-0.0461298227310181,0.196436719736084,
,,,-1.1346E-06,-0.0461298227310181,0.196938811801374,
,,,-1.1344E-06,0.0208157896995544,0.196771447779611,
,,,-1.1342E-06,0.0208157896995544,0.196604083757848,
,,,-1.134E-06,-0.0461298227310181,0.19777563191019,
,,,-1.1338E-06,0.087761402130127,0.197106175823137,
,,,-1.1336E-06,0.087761402130127,0.197106175823137,
,,,-1.1334E-06,0.0208157896995544,0.196938811801374,
,,,-1.1332E-06,0.087761402130127,0.197106175823137,
,,,-1.133E-06,-0.0461298227310181,0.196938811801374,
,,,-1.1328E-06,-0.0461298227310181,0.196604083757848,
,,,-1.1326E-06,0.087761402130127,0.197440903866664,
,,,-1.1324E-06,-0.0461298227310181,0.1972735398449,
,,,-1.1322E-06,-0.0461298227310181,0.197106175823137,
,,,-1.132E-06,0.0208157896995544,0.196938811801374,
,,,-1.1318E-06,-0.113075435161591,0.196436719736084,
,,,-1.1316E-06,-0.0461298227310181,0.196771447779611,
,,,-1.1314E-06,0.0208157896995544,0.1972735398449,
,,,-1.1312E-06,0.0208157896995544,0.197106175823137,
,,,-1.131E-06,-0.0461298227310181,0.197440903866664,
,,,-1.1308E-06,0.0208157896995544,0.196604083757848,
,,,-1.1306E-06,0.0208157896995544,0.197106175823137,
,,,-1.1304E-06,-0.0461298227310181,0.196101991692558,
,,,-1.1302E-06,-0.0461298227310181,0.196771447779611,
,,,-1.13E-06,0.0208157896995544,0.196436719736084,
,,,-1.1298E-06,0.0208157896995544,0.196771447779611,
,,,-1.1296E-06,-0.0461298227310181,0.197608267888427,
,,,-1.1294E-06,-0.113075435161591,0.196604083757848,
,,,-1.1292E-06,0.0208157896995544,0.196436719736084,
,,,-1.129E-06,-0.0461298227310181,0.196938811801374,
,,,-1.1288E-06,0.0208157896995544,0.196771447779611,
,,,-1.1286E-06,-0.0461298227310181,0.196938811801374,
,,,-1.1284E-06,0.087761402130127,0.197440903866664,
,,,-1.1282E-06,-0.0461298227310181,0.196436719736084,
,,,-1.128E-06,-0.0461298227310181,0.196938811801374,
,,,-1.1278E-06,-0.0461298227310181,0.197608267888427,
,,,-1.1276E-06,-0.0461298227310181,0.196604083757848,
,,,-1.1274E-06,-0.0461298227310181,0.196938811801374,
,,,-1.1272E-06,0.087761402130127,0.196938811801374,
,,,-1.127E-06,0.0208157896995544,0.197440903866664,
,,,-1.1268E-06,0.154707014560699,0.196604083757848,
,,,-1.1266E-06,0.0208157896995544,0.196771447779611,
,,,-1.1264E-06,-0.0461298227310181,0.197106175823137,
,,,-1.1262E-06,0.087761402130127,0.196604083757848,
,,,-1.126E-06,0.0208157896995544,0.196436719736084,
,,,-1.1258E-06,-0.0461298227310181,0.196436719736084,
,,,-1.1256E-06,0.0208157896995544,0.196938811801374,
,,,-1.1254E-06,0.0208157896995544,0.197608267888427,
,,,-1.1252E-06,0.0208157896995544,0.197106175823137,
,,,-1.125E-06,-0.0461298227310181,0.196604083757848,
,,,-1.1248E-06,0.154707014560699,0.196771447779611,
,,,-1.1246E-06,-0.0461298227310181,0.19777563191019,
,,,-1.1244E-06,-0.0461298227310181,0.196269355714321,
,,,-1.1242E-06,0.0208157896995544,0.196771447779611,
,,,-1.124E-06,0.0208157896995544,0.197608267888427,
,,,-1.1238E-06,0.0208157896995544,0.196101991692558,
,,,-1.1236E-06,0.0208157896995544,0.196604083757848,
,,,-1.1234E-06,0.0208157896995544,0.197440903866664,
,,,-1.1232E-06,-0.0461298227310181,0.196938811801374,
,,,-1.123E-06,-0.0461298227310181,0.195934627670795,
,,,-1.1228E-06,0.0208157896995544,0.196436719736084,
,,,-1.1226E-06,0.087761402130127,0.196269355714321,
,,,-1.1224E-06,-0.0461298227310181,0.195599899627268,
,,,-1.1222E-06,-0.0461298227310181,0.196938811801374,
,,,-1.122E-06,0.0208157896995544,0.196771447779611,
,,,-1.1218E-06,-0.0461298227310181,0.196436719736084,
,,,-1.1216E-06,0.0208157896995544,0.196771447779611,
,,,-1.1214E-06,-0.0461298227310181,0.196771447779611,
,,,-1.1212E-06,-0.113075435161591,0.196938811801374,
,,,-1.121E-06,0.0208157896995544,0.196938811801374,
,,,-1.1208E-06,0.0208157896995544,0.196269355714321,
,,,-1.1206E-06,0.0208157896995544,0.196771447779611,
,,,-1.1204E-06,0.154707014560699,0.196938811801374,
,,,-1.1202E-06,0.0208157896995544,0.195934627670795,
,,,-1.12E-06,0.0208157896995544,0.196604083757848,
,,,-1.1198E-06,0.154707014560699,0.1972735398449,
,,,-1.1196E-06,-0.113075435161591,0.197608267888427,
,,,-1.1194E-06,0.0208157896995544,0.197106175823137,
,,,-1.1192E-06,0.0208157896995544,0.197440903866664,
,,,-1.119E-06,-0.0461298227310181,0.197106175823137,
,,,-1.1188E-06,0.0208157896995544,0.196771447779611,
,,,-1.1186E-06,0.087761402130127,0.196604083757848,
,,,-1.1184E-06,0.087761402130127,0.196604083757848,
,,,-1.1182E-06,-0.0461298227310181,0.196604083757848,
,,,-1.118E-06,0.0208157896995544,0.197106175823137,
,,,-1.1178E-06,0.0208157896995544,0.196771447779611,
,,,-1.1176E-06,-0.0461298227310181,0.196938811801374,
,,,-1.1174E-06,0.0208157896995544,0.196436719736084,
,,,-1.1172E-06,0.0208157896995544,0.197608267888427,
,,,-1.117E-06,0.0208157896995544,0.197106175823137,
,,,-1.1168E-06,0.087761402130127,0.197440903866664,
,,,-1.1166E-06,-0.0461298227310181,0.196771447779611,
,,,-1.1164E-06,0.0208157896995544,0.196604083757848,
,,,-1.1162E-06,0.0208157896995544,0.196938811801374,
,,,-1.116E-06,0.087761402130127,0.197608267888427,
,,,-1.1158E-06,0.0208157896995544,0.19777563191019,
,,,-1.1156E-06,0.087761402130127,0.1972735398449,
,,,-1.1154E-06,-0.0461298227310181,0.197106175823137,
,,,-1.1152E-06,0.0208157896995544,0.197608267888427,
,,,-1.115E-06,-0.0461298227310181,0.196938811801374,
,,,-1.1148E-06,-0.0461298227310181,0.197440903866664,
,,,-1.1146E-06,-0.0461298227310181,0.197608267888427,
,,,-1.1144E-06,0.087761402130127,0.197440903866664,
,,,-1.1142E-06,-0.0461298227310181,0.197106175823137,
,,,-1.114E-06,0.0208157896995544,0.19777563191019,
,,,-1.1138E-06,0.087761402130127,0.197608267888427,
,,,-1.1136E-06,-0.0461298227310181,0.197106175823137,
,,,-1.1134E-06,0.0208157896995544,0.196938811801374,
,,,-1.1132E-06,0.0208157896995544,0.1972735398449,
,,,-1.113E-06,0.0208157896995544,0.197608267888427,
,,,-1.1128E-06,0.0208157896995544,0.197608267888427,
,,,-1.1126E-06,-0.113075435161591,0.196604083757848,
,,,-1.1124E-06,0.0208157896995544,0.196771447779611,
,,,-1.1122E-06,0.0208157896995544,0.1972735398449,
,,,-1.112E-06,0.154707014560699,0.197440903866664,
,,,-1.1118E-06,-0.0461298227310181,0.197440903866664,
,,,-1.1116E-06,0.087761402130127,0.197106175823137,
,,,-1.1114E-06,-0.0461298227310181,0.197608267888427,
,,,-1.1112E-06,0.0208157896995544,0.1972735398449,
,,,-1.111E-06,0.0208157896995544,0.196771447779611,
,,,-1.1108E-06,-0.0461298227310181,0.196938811801374,
,,,-1.1106E-06,0.087761402130127,0.196938811801374,
,,,-1.1104E-06,0.087761402130127,0.196938811801374,
,,,-1.1102E-06,-0.246966660022736,0.196771447779611,
,,,-1.11E-06,-0.0461298227310181,0.197440903866664,
,,,-1.1098E-06,0.0208157896995544,0.196771447779611,
,,,-1.1096E-06,0.0208157896995544,0.196101991692558,
,,,-1.1094E-06,-0.0461298227310181,0.196604083757848,
,,,-1.1092E-06,0.0208157896995544,0.197106175823137,
,,,-1.109E-06,-0.0461298227310181,0.196436719736084,
,,,-1.1088E-06,0.0208157896995544,0.196771447779611,
,,,-1.1086E-06,-0.0461298227310181,0.195934627670795,
,,,-1.1084E-06,0.0208157896995544,0.196771447779611,
,,,-1.1082E-06,-0.113075435161591,0.197106175823137,
,,,-1.108E-06,0.0208157896995544,0.196938811801374,
,,,-1.1078E-06,0.0208157896995544,0.197106175823137,
,,,-1.1076E-06,0.0208157896995544,0.197106175823137,
,,,-1.1074E-06,0.0208157896995544,0.196938811801374,
,,,-1.1072E-06,0.0208157896995544,0.197106175823137,
,,,-1.107E-06,0.087761402130127,0.197440903866664,
,,,-1.1068E-06,-0.0461298227310181,0.196938811801374,
,,,-1.1066E-06,0.0208157896995544,0.196604083757848,
,,,-1.1064E-06,0.154707014560699,0.196269355714321,
,,,-1.1062E-06,-0.113075435161591,0.196269355714321,
,,,-1.106E-06,-0.0461298227310181,0.196771447779611,
,,,-1.1058E-06,0.0208157896995544,0.196771447779611,
,,,-1.1056E-06,0.154707014560699,0.195599899627268,
,,,-1.1054E-06,-0.0461298227310181,0.196771447779611,
,,,-1.1052E-06,0.087761402130127,0.196604083757848,
,,,-1.105E-06,0.0208157896995544,0.196101991692558,
,,,-1.1048E-06,-0.113075435161591,0.196101991692558,
,,,-1.1046E-06,0.0208157896995544,0.197440903866664,
,,,-1.1044E-06,0.0208157896995544,0.196604083757848,
,,,-1.1042E-06,0.0208157896995544,0.195934627670795,
,,,-1.104E-06,0.087761402130127,0.196436719736084,
,,,-1.1038E-06,-0.0461298227310181,0.196101991692558,
,,,-1.1036E-06,-0.0461298227310181,0.196101991692558,
,,,-1.1034E-06,0.087761402130127,0.195767263649032,
,,,-1.1032E-06,0.0208157896995544,0.195934627670795,
,,,-1.103E-06,0.0208157896995544,0.196436719736084,
,,,-1.1028E-06,0.087761402130127,0.196604083757848,
,,,-1.1026E-06,-0.0461298227310181,0.196604083757848,
,,,-1.1024E-06,0.0208157896995544,0.195265171583742,
,,,-1.1022E-06,-0.113075435161591,0.196604083757848,
,,,-1.102E-06,-0.113075435161591,0.196938811801374,
,,,-1.1018E-06,0.0208157896995544,0.196101991692558,
,,,-1.1016E-06,0.087761402130127,0.196101991692558,
,,,-1.1014E-06,-0.0461298227310181,0.196436719736084,
,,,-1.1012E-06,0.087761402130127,0.196101991692558,
,,,-1.101E-06,-0.0461298227310181,0.196436719736084,
,,,-1.1008E-06,-0.0461298227310181,0.195934627670795,
,,,-1.1006E-06,0.0208157896995544,0.196436719736084,
,,,-1.1004E-06,0.0208157896995544,0.196436719736084,
,,,-1.1002E-06,0.0208157896995544,0.196436719736084,
,,,-1.1E-06,0.0208157896995544,0.196436719736084,
,,,-1.0998E-06,-0.0461298227310181,0.195767263649032,
,,,-1.0996E-06,0.0208157896995544,0.196101991692558,
,,,-1.0994E-06,-0.0461298227310181,0.198110359953716,
,,,-1.0992E-06,0.154707014560699,0.196771447779611,
,,,-1.099E-06,-0.0461298227310181,0.196604083757848,
,,,-1.0988E-06,0.0208157896995544,0.196938811801374,
,,,-1.0986E-06,-0.0461298227310181,0.196771447779611,
,,,-1.0984E-06,0.0208157896995544,0.196269355714321,
,,,-1.0982E-06,0.0208157896995544,0.197106175823137,
,,,-1.098E-06,0.0208157896995544,0.196604083757848,
,,,-1.0978E-06,0.087761402130127,0.196771447779611,
,,,-1.0976E-06,0.087761402130127,0.197106175823137,
,,,-1.0974E-06,-0.113075435161591,0.196938811801374,
,,,-1.0972E-06,0.0208157896995544,0.197440903866664,
,,,-1.097E-06,0.087761402130127,0.196604083757848,
,,,-1.0968E-06,0.087761402130127,0.197440903866664,
,,,-1.0966E-06,-0.0461298227310181,0.197106175823137,
,,,-1.0964E-06,-0.0461298227310181,0.196604083757848,
,,,-1.0962E-06,-0.0461298227310181,0.197608267888427,
,,,-1.096E-06,-0.0461298227310181,0.196938811801374,
,,,-1.0958E-06,0.0208157896995544,0.196771447779611,
,,,-1.0956E-06,-0.0461298227310181,0.196771447779611,
,,,-1.0954E-06,-0.0461298227310181,0.197106175823137,
,,,-1.0952E-06,-0.0461298227310181,0.196269355714321,
,,,-1.095E-06,0.0208157896995544,0.196604083757848,
,,,-1.0948E-06,0.087761402130127,0.196938811801374,
,,,-1.0946E-06,0.0208157896995544,0.197106175823137,
,,,-1.0944E-06,-0.0461298227310181,0.1972735398449,
,,,-1.0942E-06,0.0208157896995544,0.196938811801374,
,,,-1.094E-06,-0.0461298227310181,0.196604083757848,
,,,-1.0938E-06,0.0208157896995544,0.196938811801374,
,,,-1.0936E-06,0.0208157896995544,0.196604083757848,
,,,-1.0934E-06,-0.113075435161591,0.196938811801374,
,,,-1.0932E-06,-0.0461298227310181,0.196771447779611,
,,,-1.093E-06,0.087761402130127,0.197106175823137,
,,,-1.0928E-06,0.154707014560699,0.196938811801374,
,,,-1.0926E-06,-0.0461298227310181,0.196436719736084,
,,,-1.0924E-06,-0.0461298227310181,0.196604083757848,
,,,-1.0922E-06,0.0208157896995544,0.196436719736084,
,,,-1.092E-06,-0.0461298227310181,0.195934627670795,
,,,-1.0918E-06,-0.113075435161591,0.196101991692558,
,,,-1.0916E-06,-0.0461298227310181,0.196269355714321,
,,,-1.0914E-06,0.087761402130127,0.196604083757848,
,,,-1.0912E-06,0.0208157896995544,0.195767263649032,
,,,-1.091E-06,-0.113075435161591,0.195432535605505,
,,,-1.0908E-06,-0.0461298227310181,0.196101991692558,
,,,-1.0906E-06,0.0208157896995544,0.196269355714321,
,,,-1.0904E-06,0.0208157896995544,0.195767263649032,
,,,-1.0902E-06,-0.0461298227310181,0.196101991692558,
,,,-1.09E-06,-0.0461298227310181,0.195934627670795,
,,,-1.0898E-06,-0.0461298227310181,0.195934627670795,
,,,-1.0896E-06,0.0208157896995544,0.196269355714321,
,,,-1.0894E-06,0.0208157896995544,0.196101991692558,
,,,-1.0892E-06,-0.0461298227310181,0.195934627670795,
,,,-1.089E-06,-0.113075435161591,0.195265171583742,
,,,-1.0888E-06,0.087761402130127,0.195599899627268,
,,,-1.0886E-06,-0.0461298227310181,0.195599899627268,
,,,-1.0884E-06,0.0208157896995544,0.195265171583742,
,,,-1.0882E-06,0.0208157896995544,0.195432535605505,
,,,-1.088E-06,0.0208157896995544,0.194763079518452,
,,,-1.0878E-06,0.087761402130127,0.195432535605505,
,,,-1.0876E-06,-0.113075435161591,0.195432535605505,
,,,-1.0874E-06,0.0208157896995544,0.194595715496689,
,,,-1.0872E-06,0.0208157896995544,0.195097807561979,
,,,-1.087E-06,-0.0461298227310181,0.195097807561979,
,,,-1.0868E-06,0.0208157896995544,0.194093623431399,
,,,-1.0866E-06,0.0208157896995544,0.194930443540215,
,,,-1.0864E-06,0.087761402130127,0.194763079518452,
,,,-1.0862E-06,-0.0461298227310181,0.195432535605505,
,,,-1.086E-06,0.0208157896995544,0.195599899627268,
,,,-1.0858E-06,-0.0461298227310181,0.194763079518452,
,,,-1.0856E-06,0.0208157896995544,0.194930443540215,
,,,-1.0854E-06,-0.0461298227310181,0.195432535605505,
,,,-1.0852E-06,-0.113075435161591,0.195265171583742,
,,,-1.085E-06,-0.0461298227310181,0.195265171583742,
,,,-1.0848E-06,0.087761402130127,0.195097807561979,
,,,-1.0846E-06,-0.113075435161591,0.194093623431399,
,,,-1.0844E-06,0.0208157896995544,0.194763079518452,
,,,-1.0842E-06,0.087761402130127,0.195432535605505,
,,,-1.084E-06,-0.0461298227310181,0.194763079518452,
,,,-1.0838E-06,-0.0461298227310181,0.195934627670795,
,,,-1.0836E-06,0.0208157896995544,0.195265171583742,
,,,-1.0834E-06,-0.0461298227310181,0.195599899627268,
,,,-1.0832E-06,-0.0461298227310181,0.195265171583742,
,,,-1.083E-06,0.0208157896995544,0.194763079518452,
,,,-1.0828E-06,-0.0461298227310181,0.195265171583742,
,,,-1.0826E-06,-0.113075435161591,0.194930443540215,
,,,-1.0824E-06,0.087761402130127,0.195265171583742,
,,,-1.0822E-06,0.0208157896995544,0.196101991692558,
,,,-1.082E-06,0.0208157896995544,0.196101991692558,
,,,-1.0818E-06,0.0208157896995544,0.196269355714321,
,,,-1.0816E-06,0.0208157896995544,0.195599899627268,
,,,-1.0814E-06,-0.0461298227310181,0.195934627670795,
,,,-1.0812E-06,-0.0461298227310181,0.195767263649032,
,,,-1.081E-06,0.087761402130127,0.195599899627268,
,,,-1.0808E-06,0.0208157896995544,0.195599899627268,
,,,-1.0806E-06,0.0208157896995544,0.195599899627268,
,,,-1.0804E-06,0.0208157896995544,0.195599899627268,
,,,-1.0802E-06,0.0208157896995544,0.195432535605505,
,,,-1.08E-06,0.0208157896995544,0.196101991692558,
,,,-1.0798E-06,-0.0461298227310181,0.195934627670795,
,,,-1.0796E-06,0.0208157896995544,0.195934627670795,
,,,-1.0794E-06,0.0208157896995544,0.196436719736084,
,,,-1.0792E-06,0.0208157896995544,0.195599899627268,
,,,-1.079E-06,-0.0461298227310181,0.196101991692558,
,,,-1.0788E-06,0.0208157896995544,0.196269355714321,
,,,-1.0786E-06,0.0208157896995544,0.196101991692558,
,,,-1.0784E-06,-0.0461298227310181,0.196436719736084,
,,,-1.0782E-06,-0.113075435161591,0.195599899627268,
,,,-1.078E-06,0.0208157896995544,0.196269355714321,
,,,-1.0778E-06,0.0208157896995544,0.196269355714321,
,,,-1.0776E-06,0.0208157896995544,0.196269355714321,
,,,-1.0774E-06,0.0208157896995544,0.196101991692558,
,,,-1.0772E-06,-0.0461298227310181,0.196269355714321,
,,,-1.077E-06,-0.0461298227310181,0.197106175823137,
,,,-1.0768E-06,-0.0461298227310181,0.196436719736084,
,,,-1.0766E-06,-0.0461298227310181,0.196436719736084,
,,,-1.0764E-06,-0.0461298227310181,0.196771447779611,
,,,-1.0762E-06,0.0208157896995544,0.196938811801374,
,,,-1.076E-06,0.087761402130127,0.196771447779611,
,,,-1.0758E-06,-0.0461298227310181,0.196938811801374,
,,,-1.0756E-06,0.087761402130127,0.196604083757848,
,,,-1.0754E-06,0.087761402130127,0.196771447779611,
,,,-1.0752E-06,-0.0461298227310181,0.196604083757848,
,,,-1.075E-06,0.087761402130127,0.196938811801374,
,,,-1.0748E-06,-0.0461298227310181,0.196604083757848,
,,,-1.0746E-06,0.0208157896995544,0.195767263649032,
,,,-1.0744E-06,0.0208157896995544,0.1972735398449,
,,,-1.0742E-06,0.0208157896995544,0.1972735398449,
,,,-1.074E-06,-0.0461298227310181,0.196436719736084,
,,,-1.0738E-06,0.0208157896995544,0.196436719736084,
,,,-1.0736E-06,0.0208157896995544,0.196101991692558,
,,,-1.0734E-06,-0.0461298227310181,0.195934627670795,
,,,-1.0732E-06,0.0208157896995544,0.195432535605505,
,,,-1.073E-06,0.0208157896995544,0.195432535605505,
,,,-1.0728E-06,0.0208157896995544,0.195265171583742,
,,,-1.0726E-06,-0.0461298227310181,0.195599899627268,
,,,-1.0724E-06,-0.0461298227310181,0.195767263649032,
,,,-1.0722E-06,0.0208157896995544,0.196101991692558,
,,,-1.072E-06,0.087761402130127,0.196101991692558,
,,,-1.0718E-06,-0.0461298227310181,0.195599899627268,
,,,-1.0716E-06,0.0208157896995544,0.195934627670795,
,,,-1.0714E-06,0.0208157896995544,0.195767263649032,
,,,-1.0712E-06,0.154707014560699,0.195934627670795,
,,,-1.071E-06,-0.0461298227310181,0.195599899627268,
,,,-1.0708E-06,-0.0461298227310181,0.195265171583742,
,,,-1.0706E-06,-0.0461298227310181,0.195599899627268,
,,,-1.0704E-06,-0.0461298227310181,0.195432535605505,
,,,-1.0702E-06,-0.0461298227310181,0.195432535605505,
,,,-1.07E-06,0.0208157896995544,0.194763079518452,
,,,-1.0698E-06,-0.0461298227310181,0.195097807561979,
,,,-1.0696E-06,0.087761402130127,0.194763079518452,
,,,-1.0694E-06,0.0208157896995544,0.194930443540215,
,,,-1.0692E-06,0.0208157896995544,0.195097807561979,
,,,-1.069E-06,0.0208157896995544,0.195934627670795,
,,,-1.0688E-06,0.0208157896995544,0.195097807561979,
,,,-1.0686E-06,0.0208157896995544,0.195097807561979,
,,,-1.0684E-06,-0.0461298227310181,0.194763079518452,
,,,-1.0682E-06,-0.0461298227310181,0.195767263649032,
,,,-1.068E-06,-0.0461298227310181,0.194930443540215,
,,,-1.0678E-06,-0.113075435161591,0.194428351474926,
,,,-1.0676E-06,0.0208157896995544,0.194763079518452,
,,,-1.0674E-06,0.0208157896995544,0.195265171583742,
,,,-1.0672E-06,0.087761402130127,0.195097807561979,
,,,-1.067E-06,-0.0461298227310181,0.194260987453163,
,,,-1.0668E-06,0.087761402130127,0.194763079518452,
,,,-1.0666E-06,0.0208157896995544,0.195432535605505,
,,,-1.0664E-06,0.0208157896995544,0.195432535605505,
,,,-1.0662E-06,0.0208157896995544,0.195265171583742,
,,,-1.066E-06,0.0208157896995544,0.195599899627268,
,,,-1.0658E-06,0.087761402130127,0.196101991692558,
,,,-1.0656E-06,0.087761402130127,0.195767263649032,
,,,-1.0654E-06,-0.0461298227310181,0.195432535605505,
,,,-1.0652E-06,-0.0461298227310181,0.196269355714321,
,,,-1.065E-06,0.087761402130127,0.196269355714321,
,,,-1.0648E-06,-0.0461298227310181,0.195934627670795,
,,,-1.0646E-06,-0.0461298227310181,0.196771447779611,
,,,-1.0644E-06,0.0208157896995544,0.195934627670795,
,,,-1.0642E-06,-0.113075435161591,0.196436719736084,
,,,-1.064E-06,0.0208157896995544,0.196269355714321,
,,,-1.0638E-06,-0.0461298227310181,0.196436719736084,
,,,-1.0636E-06,0.0208157896995544,0.196604083757848,
,,,-1.0634E-06,-0.0461298227310181,0.196771447779611,
,,,-1.0632E-06,0.0208157896995544,0.196269355714321,
,,,-1.063E-06,0.0208157896995544,0.197106175823137,
,,,-1.0628E-06,0.087761402130127,0.197106175823137,
,,,-1.0626E-06,-0.0461298227310181,0.195934627670795,
,,,-1.0624E-06,-0.0461298227310181,0.196436719736084,
,,,-1.0622E-06,0.154707014560699,0.1972735398449,
,,,-1.062E-06,0.087761402130127,0.196938811801374,
,,,-1.0618E-06,-0.113075435161591,0.196771447779611,
,,,-1.0616E-06,0.0208157896995544,0.196938811801374,
,,,-1.0614E-06,0.0208157896995544,0.196938811801374,
,,,-1.0612E-06,0.0208157896995544,0.196604083757848,
,,,-1.061E-06,0.0208157896995544,0.197106175823137,
,,,-1.0608E-06,0.154707014560699,0.196604083757848,
,,,-1.0606E-06,-0.0461298227310181,0.197106175823137,
,,,-1.0604E-06,-0.0461298227310181,0.196938811801374,
,,,-1.0602E-06,0.0208157896995544,0.197106175823137,
,,,-1.06E-06,0.0208157896995544,0.197608267888427,
,,,-1.0598E-06,-0.113075435161591,0.196771447779611,
,,,-1.0596E-06,0.0208157896995544,0.1972735398449,
,,,-1.0594E-06,0.0208157896995544,0.1972735398449,
,,,-1.0592E-06,0.087761402130127,0.197106175823137,
,,,-1.059E-06,-0.180021047592163,0.1972735398449,
,,,-1.0588E-06,-0.0461298227310181,0.196771447779611,
,,,-1.0586E-06,0.087761402130127,0.197440903866664,
,,,-1.0584E-06,0.0208157896995544,0.196771447779611,
,,,-1.0582E-06,-0.0461298227310181,0.197440903866664,
,,,-1.058E-06,-0.0461298227310181,0.1972735398449,
,,,-1.0578E-06,0.087761402130127,0.197942995931953,
,,,-1.0576E-06,-0.0461298227310181,0.1972735398449,
,,,-1.0574E-06,-0.0461298227310181,0.19827772397548,
,,,-1.0572E-06,0.0208157896995544,0.19777563191019,
,,,-1.057E-06,0.0208157896995544,0.1972735398449,
,,,-1.0568E-06,0.087761402130127,0.197440903866664,
,,,-1.0566E-06,-0.0461298227310181,0.197942995931953,
,,,-1.0564E-06,-0.0461298227310181,0.19777563191019,
,,,-1.0562E-06,0.087761402130127,0.19827772397548,
,,,-1.056E-06,0.0208157896995544,0.198110359953716,
,,,-1.0558E-06,-0.0461298227310181,0.197608267888427,
,,,-1.0556E-06,-0.0461298227310181,0.198110359953716,
,,,-1.0554E-06,0.087761402130127,0.197608267888427,
,,,-1.0552E-06,-0.0461298227310181,0.197440903866664,
,,,-1.055E-06,-0.0461298227310181,0.19777563191019,
,,,-1.0548E-06,0.0208157896995544,0.197608267888427,
,,,-1.0546E-06,0.0208157896995544,0.197440903866664,
,,,-1.0544E-06,0.087761402130127,0.198612452019006,
,,,-1.0542E-06,-0.113075435161591,0.197608267888427,
,,,-1.054E-06,0.087761402130127,0.1972735398449,
,,,-1.0538E-06,0.0208157896995544,0.197106175823137,
,,,-1.0536E-06,-0.113075435161591,0.197608267888427,
,,,-1.0534E-06,-0.0461298227310181,0.198110359953716,
,,,-1.0532E-06,-0.0461298227310181,0.198445087997243,
,,,-1.053E-06,0.0208157896995544,0.197942995931953,
,,,-1.0528E-06,0.0208157896995544,0.197942995931953,
,,,-1.0526E-06,-0.0461298227310181,0.197942995931953,
,,,-1.0524E-06,-0.0461298227310181,0.197106175823137,
,,,-1.0522E-06,-0.0461298227310181,0.197608267888427,
,,,-1.052E-06,0.087761402130127,0.197106175823137,
,,,-1.0518E-06,-0.0461298227310181,0.197942995931953,
,,,-1.0516E-06,-0.0461298227310181,0.197440903866664,
,,,-1.0514E-06,-0.0461298227310181,0.197942995931953,
,,,-1.0512E-06,-0.0461298227310181,0.198110359953716,
,,,-1.051E-06,0.0208157896995544,0.19777563191019,
,,,-1.0508E-06,-0.0461298227310181,0.197106175823137,
,,,-1.0506E-06,-0.0461298227310181,0.19777563191019,
,,,-1.0504E-06,0.087761402130127,0.197440903866664,
,,,-1.0502E-06,-0.0461298227310181,0.1972735398449,
,,,-1.05E-06,-0.0461298227310181,0.197608267888427,
,,,-1.0498E-06,0.0208157896995544,0.196938811801374,
,,,-1.0496E-06,0.0208157896995544,0.1972735398449,
,,,-1.0494E-06,0.0208157896995544,0.197608267888427,
,,,-1.0492E-06,0.0208157896995544,0.1972735398449,
,,,-1.049E-06,-0.0461298227310181,0.198110359953716,
,,,-1.0488E-06,0.0208157896995544,0.197440903866664,
,,,-1.0486E-06,-0.0461298227310181,0.197608267888427,
,,,-1.0484E-06,0.0208157896995544,0.197608267888427,
,,,-1.0482E-06,0.0208157896995544,0.19777563191019,
,,,-1.048E-06,0.087761402130127,0.196938811801374,
,,,-1.0478E-06,0.0208157896995544,0.197106175823137,
,,,-1.0476E-06,-0.0461298227310181,0.197608267888427,
,,,-1.0474E-06,-0.0461298227310181,0.197106175823137,
,,,-1.0472E-06,0.0208157896995544,0.196771447779611,
,,,-1.047E-06,-0.0461298227310181,0.196938811801374,
,,,-1.0468E-06,0.0208157896995544,0.198445087997243,
,,,-1.0466E-06,-0.0461298227310181,0.197942995931953,
,,,-1.0464E-06,0.0208157896995544,0.1972735398449,
,,,-1.0462E-06,-0.113075435161591,0.197106175823137,
,,,-1.046E-06,-0.0461298227310181,0.197440903866664,
,,,-1.0458E-06,-0.0461298227310181,0.196938811801374,
,,,-1.0456E-06,0.154707014560699,0.196771447779611,
,,,-1.0454E-06,-0.0461298227310181,0.197440903866664,
,,,-1.0452E-06,-0.0461298227310181,0.197942995931953,
,,,-1.045E-06,-0.0461298227310181,0.19777563191019,
,,,-1.0448E-06,0.0208157896995544,0.197440903866664,
,,,-1.0446E-06,-0.0461298227310181,0.1972735398449,
,,,-1.0444E-06,0.0208157896995544,0.197106175823137,
,,,-1.0442E-06,-0.113075435161591,0.197608267888427,
,,,-1.044E-06,0.0208157896995544,0.197942995931953,
,,,-1.0438E-06,-0.0461298227310181,0.197106175823137,
,,,-1.0436E-06,0.0208157896995544,0.1972735398449,
,,,-1.0434E-06,0.0208157896995544,0.197942995931953,
,,,-1.0432E-06,0.0208157896995544,0.197106175823137,
,,,-1.043E-06,0.087761402130127,0.197608267888427,
,,,-1.0428E-06,-0.0461298227310181,0.19777563191019,
,,,-1.0426E-06,0.0208157896995544,0.197608267888427,
,,,-1.0424E-06,0.0208157896995544,0.19777563191019,
,,,-1.0422E-06,-0.113075435161591,0.197440903866664,
,,,-1.042E-06,0.0208157896995544,0.197106175823137,
,,,-1.0418E-06,0.0208157896995544,0.197608267888427,
,,,-1.0416E-06,0.0208157896995544,0.1972735398449,
,,,-1.0414E-06,0.0208157896995544,0.197440903866664,
,,,-1.0412E-06,0.0208157896995544,0.196938811801374,
,,,-1.041E-06,0.0208157896995544,0.197608267888427,
,,,-1.0408E-06,-0.0461298227310181,0.197440903866664,
,,,-1.0406E-06,0.0208157896995544,0.19777563191019,
,,,-1.0404E-06,0.0208157896995544,0.196771447779611,
,,,-1.0402E-06,0.0208157896995544,0.1972735398449,
,,,-1.04E-06,0.0208157896995544,0.198110359953716,
,,,-1.0398E-06,-0.0461298227310181,0.198110359953716,
,,,-1.0396E-06,0.0208157896995544,0.197608267888427,
,,,-1.0394E-06,0.0208157896995544,0.197942995931953,
,,,-1.0392E-06,0.0208157896995544,0.197608267888427,
,,,-1.039E-06,-0.0461298227310181,0.19827772397548,
,,,-1.0388E-06,0.0208157896995544,0.197942995931953,
,,,-1.0386E-06,-0.0461298227310181,0.198110359953716,
,,,-1.0384E-06,-0.0461298227310181,0.197942995931953,
,,,-1.0382E-06,0.087761402130127,0.19827772397548,
,,,-1.038E-06,0.0208157896995544,0.197440903866664,
,,,-1.0378E-06,-0.113075435161591,0.197942995931953,
,,,-1.0376E-06,0.087761402130127,0.197942995931953,
,,,-1.0374E-06,0.0208157896995544,0.19827772397548,
,,,-1.0372E-06,0.154707014560699,0.197942995931953,
,,,-1.037E-06,0.0208157896995544,0.198110359953716,
,,,-1.0368E-06,0.0208157896995544,0.19777563191019,
,,,-1.0366E-06,0.154707014560699,0.197608267888427,
,,,-1.0364E-06,-0.0461298227310181,0.1972735398449,
,,,-1.0362E-06,-0.0461298227310181,0.1972735398449,
,,,-1.036E-06,-0.0461298227310181,0.19777563191019,
,,,-1.0358E-06,0.0208157896995544,0.1972735398449,
,,,-1.0356E-06,-0.0461298227310181,0.197440903866664,
,,,-1.0354E-06,0.0208157896995544,0.197608267888427,
,,,-1.0352E-06,0.154707014560699,0.198110359953716,
,,,-1.035E-06,-0.0461298227310181,0.197608267888427,
,,,-1.0348E-06,0.0208157896995544,0.197608267888427,
,,,-1.0346E-06,0.0208157896995544,0.197608267888427,
,,,-1.0344E-06,-0.113075435161591,0.197942995931953,
,,,-1.0342E-06,-0.0461298227310181,0.197440903866664,
,,,-1.034E-06,0.0208157896995544,0.1972735398449,
,,,-1.0338E-06,-0.0461298227310181,0.197608267888427,
,,,-1.0336E-06,0.0208157896995544,0.197440903866664,
,,,-1.0334E-06,-0.0461298227310181,0.196436719736084,
,,,-1.0332E-06,-0.0461298227310181,0.19777563191019,
,,,-1.033E-06,0.0208157896995544,0.197608267888427,
,,,-1.0328E-06,-0.0461298227310181,0.196604083757848,
,,,-1.0326E-06,-0.113075435161591,0.197440903866664,
,,,-1.0324E-06,0.0208157896995544,0.1972735398449,
,,,-1.0322E-06,0.0208157896995544,0.197106175823137,
,,,-1.032E-06,0.0208157896995544,0.197106175823137,
,,,-1.0318E-06,-0.113075435161591,0.196604083757848,
,,,-1.0316E-06,0.0208157896995544,0.197106175823137,
,,,-1.0314E-06,-0.0461298227310181,0.196938811801374,
,,,-1.0312E-06,0.0208157896995544,0.196269355714321,
,,,-1.031E-06,0.0208157896995544,0.195265171583742,
,,,-1.0308E-06,0.0208157896995544,0.195599899627268,
,,,-1.0306E-06,-0.0461298227310181,0.196604083757848,
,,,-1.0304E-06,0.0208157896995544,0.196269355714321,
,,,-1.0302E-06,0.087761402130127,0.196436719736084,
,,,-1.03E-06,-0.0461298227310181,0.196269355714321,
,,,-1.0298E-06,0.0208157896995544,0.195934627670795,
,,,-1.0296E-06,-0.0461298227310181,0.195934627670795,
,,,-1.0294E-06,0.0208157896995544,0.196269355714321,
,,,-1.0292E-06,0.0208157896995544,0.196101991692558,
,,,-1.029E-06,0.0208157896995544,0.195767263649032,
,,,-1.0288E-06,0.087761402130127,0.196269355714321,
,,,-1.0286E-06,-0.0461298227310181,0.196436719736084,
,,,-1.0284E-06,0.087761402130127,0.195432535605505,
,,,-1.0282E-06,0.087761402130127,0.195432535605505,
,,,-1.028E-06,-0.113075435161591,0.196269355714321,
,,,-1.0278E-06,-0.113075435161591,0.195265171583742,
,,,-1.0276E-06,-0.113075435161591,0.195097807561979,
,,,-1.0274E-06,0.0208157896995544,0.195599899627268,
,,,-1.0272E-06,0.0208157896995544,0.195599899627268,
,,,-1.027E-06,-0.113075435161591,0.195097807561979,
,,,-1.0268E-06,-0.0461298227310181,0.195934627670795,
,,,-1.0266E-06,0.087761402130127,0.195767263649032,
,,,-1.0264E-06,-0.0461298227310181,0.194595715496689,
,,,-1.0262E-06,-0.113075435161591,0.195265171583742,
,,,-1.026E-06,0.0208157896995544,0.195599899627268,
,,,-1.0258E-06,-0.0461298227310181,0.195767263649032,
,,,-1.0256E-06,-0.0461298227310181,0.195432535605505,
,,,-1.0254E-06,0.087761402130127,0.195767263649032,
,,,-1.0252E-06,-0.0461298227310181,0.195432535605505,
,,,-1.025E-06,-0.113075435161591,0.196101991692558,
,,,-1.0248E-06,0.0208157896995544,0.196604083757848,
,,,-1.0246E-06,-0.0461298227310181,0.195599899627268,
,,,-1.0244E-06,0.087761402130127,0.195934627670795,
,,,-1.0242E-06,0.0208157896995544,0.195599899627268,
,,,-1.024E-06,-0.0461298227310181,0.195767263649032,
,,,-1.0238E-06,0.0208157896995544,0.196436719736084,
,,,-1.0236E-06,0.0208157896995544,0.196269355714321,
,,,-1.0234E-06,0.0208157896995544,0.195767263649032,
,,,-1.0232E-06,0.0208157896995544,0.195599899627268,
,,,-1.023E-06,0.0208157896995544,0.195599899627268,
,,,-1.0228E-06,0.0208157896995544,0.195934627670795,
,,,-1.0226E-06,0.0208157896995544,0.195432535605505,
,,,-1.0224E-06,0.154707014560699,0.195934627670795,
,,,-1.0222E-06,-0.0461298227310181,0.195432535605505,
,,,-1.022E-06,0.087761402130127,0.195599899627268,
,,,-1.0218E-06,-0.0461298227310181,0.196269355714321,
,,,-1.0216E-06,-0.0461298227310181,0.196269355714321,
,,,-1.0214E-06,0.0208157896995544,0.196101991692558,
,,,-1.0212E-06,0.0208157896995544,0.195599899627268,
,,,-1.021E-06,-0.0461298227310181,0.195599899627268,
,,,-1.0208E-06,-0.0461298227310181,0.195599899627268,
,,,-1.0206E-06,-0.180021047592163,0.195767263649032,
,,,-1.0204E-06,-0.0461298227310181,0.196269355714321,
,,,-1.0202E-06,0.0208157896995544,0.196604083757848,
,,,-1.02E-06,0.0208157896995544,0.195265171583742,
,,,-1.0198E-06,-0.113075435161591,0.196101991692558,
,,,-1.0196E-06,0.087761402130127,0.195599899627268,
,,,-1.0194E-06,-0.0461298227310181,0.195934627670795,
,,,-1.0192E-06,0.0208157896995544,0.195767263649032,
,,,-1.019E-06,-0.0461298227310181,0.195767263649032,
,,,-1.0188E-06,-0.0461298227310181,0.196101991692558,
,,,-1.0186E-06,-0.113075435161591,0.196101991692558,
,,,-1.0184E-06,0.0208157896995544,0.195599899627268,
,,,-1.0182E-06,-0.0461298227310181,0.196269355714321,
,,,-1.018E-06,0.087761402130127,0.196101991692558,
,,,-1.0178E-06,0.0208157896995544,0.196436719736084,
,,,-1.0176E-06,-0.0461298227310181,0.195599899627268,
,,,-1.0174E-06,0.0208157896995544,0.196269355714321,
,,,-1.0172E-06,-0.0461298227310181,0.195934627670795,
,,,-1.017E-06,-0.0461298227310181,0.195265171583742,
,,,-1.0168E-06,0.0208157896995544,0.196101991692558,
,,,-1.0166E-06,-0.113075435161591,0.196604083757848,
,,,-1.0164E-06,0.0208157896995544,0.196101991692558,
,,,-1.0162E-06,0.0208157896995544,0.195265171583742,
,,,-1.016E-06,0.087761402130127,0.195599899627268,
,,,-1.0158E-06,-0.0461298227310181,0.196269355714321,
,,,-1.0156E-06,0.154707014560699,0.195599899627268,
,,,-1.0154E-06,-0.0461298227310181,0.195599899627268,
,,,-1.0152E-06,-0.113075435161591,0.195265171583742,
,,,-1.015E-06,0.0208157896995544,0.195097807561979,
,,,-1.0148E-06,0.0208157896995544,0.195767263649032,
,,,-1.0146E-06,0.0208157896995544,0.195767263649032,
,,,-1.0144E-06,-0.0461298227310181,0.195265171583742,
,,,-1.0142E-06,-0.113075435161591,0.195432535605505,
,,,-1.014E-06,-0.0461298227310181,0.194763079518452,
,,,-1.0138E-06,0.0208157896995544,0.195599899627268,
,,,-1.0136E-06,0.0208157896995544,0.195599899627268,
,,,-1.0134E-06,-0.0461298227310181,0.195767263649032,
,,,-1.0132E-06,0.0208157896995544,0.195265171583742,
,,,-1.013E-06,-0.0461298227310181,0.195265171583742,
,,,-1.0128E-06,-0.0461298227310181,0.194763079518452,
,,,-1.0126E-06,0.0208157896995544,0.194930443540215,
,,,-1.0124E-06,-0.113075435161591,0.195599899627268,
,,,-1.0122E-06,0.0208157896995544,0.195767263649032,
,,,-1.012E-06,0.087761402130127,0.195432535605505,
,,,-1.0118E-06,0.0208157896995544,0.195599899627268,
,,,-1.0116E-06,-0.0461298227310181,0.194763079518452,
,,,-1.0114E-06,0.0208157896995544,0.195432535605505,
,,,-1.0112E-06,0.0208157896995544,0.195097807561979,
,,,-1.011E-06,0.0208157896995544,0.195432535605505,
,,,-1.0108E-06,-0.0461298227310181,0.195767263649032,
,,,-1.0106E-06,0.0208157896995544,0.195599899627268,
,,,-1.0104E-06,0.087761402130127,0.195097807561979,
,,,-1.0102E-06,-0.0461298227310181,0.194930443540215,
,,,-1.01E-06,0.0208157896995544,0.195265171583742,
,,,-1.0098E-06,0.0208157896995544,0.195432535605505,
,,,-1.0096E-06,0.087761402130127,0.195432535605505,
,,,-1.0094E-06,-0.0461298227310181,0.195097807561979,
,,,-1.0092E-06,0.087761402130127,0.195599899627268,
,,,-1.009E-06,0.0208157896995544,0.195934627670795,
,,,-1.0088E-06,-0.0461298227310181,0.195767263649032,
,,,-1.0086E-06,0.0208157896995544,0.195097807561979,
,,,-1.0084E-06,-0.113075435161591,0.195265171583742,
,,,-1.0082E-06,0.0208157896995544,0.196101991692558,
,,,-1.008E-06,0.0208157896995544,0.195097807561979,
,,,-1.0078E-06,-0.180021047592163,0.195432535605505,
,,,-1.0076E-06,0.0208157896995544,0.195767263649032,
,,,-1.0074E-06,0.087761402130127,0.195097807561979,
,,,-1.0072E-06,0.0208157896995544,0.195599899627268,
,,,-1.007E-06,-0.0461298227310181,0.195599899627268,
,,,-1.0068E-06,0.0208157896995544,0.196269355714321,
,,,-1.0066E-06,-0.0461298227310181,0.195934627670795,
,,,-1.0064E-06,0.0208157896995544,0.196269355714321,
,,,-1.0062E-06,0.0208157896995544,0.195934627670795,
,,,-1.006E-06,-0.0461298227310181,0.195265171583742,
,,,-1.0058E-06,0.0208157896995544,0.196436719736084,
,,,-1.0056E-06,0.0208157896995544,0.195934627670795,
,,,-1.0054E-06,-0.0461298227310181,0.195265171583742,
,,,-1.0052E-06,0.0208157896995544,0.195767263649032,
,,,-1.005E-06,0.0208157896995544,0.196604083757848,
,,,-1.0048E-06,0.0208157896995544,0.195934627670795,
,,,-1.0046E-06,-0.0461298227310181,0.196269355714321,
,,,-1.0044E-06,-0.0461298227310181,0.196101991692558,
,,,-1.0042E-06,0.0208157896995544,0.195767263649032,
,,,-1.004E-06,-0.0461298227310181,0.195599899627268,
,,,-1.0038E-06,-0.0461298227310181,0.195265171583742,
,,,-1.0036E-06,0.0208157896995544,0.196101991692558,
,,,-1.0034E-06,0.0208157896995544,0.195934627670795,
,,,-1.0032E-06,0.154707014560699,0.196101991692558,
,,,-1.003E-06,0.0208157896995544,0.195599899627268,
,,,-1.0028E-06,0.0208157896995544,0.196269355714321,
,,,-1.0026E-06,0.0208157896995544,0.196771447779611,
,,,-1.0024E-06,0.0208157896995544,0.195767263649032,
,,,-1.0022E-06,0.0208157896995544,0.196101991692558,
,,,-1.002E-06,0.0208157896995544,0.197106175823137,
,,,-1.0018E-06,0.087761402130127,0.196101991692558,
,,,-1.0016E-06,0.087761402130127,0.195767263649032,
,,,-1.0014E-06,-0.113075435161591,0.196101991692558,
,,,-1.0012E-06,0.0208157896995544,0.195599899627268,
,,,-1.001E-06,0.087761402130127,0.196436719736084,
,,,-1.0008E-06,-0.0461298227310181,0.196436719736084,
,,,-1.0006E-06,-0.0461298227310181,0.196436719736084,
,,,-1.0004E-06,0.087761402130127,0.196436719736084,
,,,-1.0002E-06,0.087761402130127,0.196101991692558,
,,,-1E-06,-0.0461298227310181,0.195767263649032,
,,,-9.998E-07,0.087761402130127,0.196436719736084,
,,,-9.99600000000001E-07,0.087761402130127,0.196269355714321,
,,,-9.994E-07,0.0208157896995544,0.196101991692558,
,,,-9.99200000000001E-07,0.087761402130127,0.195934627670795,
,,,-9.99E-07,0.0208157896995544,0.196604083757848,
,,,-9.98800000000001E-07,0.087761402130127,0.196436719736084,
,,,-9.986E-07,0.0208157896995544,0.196269355714321,
,,,-9.984E-07,0.0208157896995544,0.196604083757848,
,,,-9.982E-07,0.0208157896995544,0.196436719736084,
,,,-9.98E-07,0.0208157896995544,0.196436719736084,
,,,-9.978E-07,0.087761402130127,0.196771447779611,
,,,-9.976E-07,0.0208157896995544,0.196436719736084,
,,,-9.974E-07,0.0208157896995544,0.196604083757848,
,,,-9.972E-07,0.0208157896995544,0.197106175823137,
,,,-9.97E-07,0.0208157896995544,0.196436719736084,
,,,-9.968E-07,0.154707014560699,0.196938811801374,
,,,-9.966E-07,-0.0461298227310181,0.196771447779611,
,,,-9.964E-07,0.0208157896995544,0.1972735398449,
,,,-9.962E-07,0.0208157896995544,0.196436719736084,
,,,-9.96E-07,0.087761402130127,0.196938811801374,
,,,-9.958E-07,0.0208157896995544,0.1972735398449,
,,,-9.956E-07,-0.0461298227310181,0.1972735398449,
,,,-9.95400000000001E-07,0.0208157896995544,0.196604083757848,
,,,-9.952E-07,0.154707014560699,0.196771447779611,
,,,-9.95000000000001E-07,-0.113075435161591,0.196771447779611,
,,,-9.948E-07,0.0208157896995544,0.197440903866664,
,,,-9.94600000000001E-07,0.0208157896995544,0.1972735398449,
,,,-9.944E-07,0.0208157896995544,0.196604083757848,
,,,-9.94200000000001E-07,-0.0461298227310181,0.1972735398449,
,,,-9.94E-07,0.0208157896995544,0.19777563191019,
,,,-9.93800000000001E-07,0.087761402130127,0.197608267888427,
,,,-9.936E-07,0.0208157896995544,0.197440903866664,
,,,-9.93400000000001E-07,0.0208157896995544,0.197608267888427,
,,,-9.932E-07,0.0208157896995544,0.19777563191019,
,,,-9.93E-07,-0.0461298227310181,0.196938811801374,
,,,-9.928E-07,0.087761402130127,0.19777563191019,
,,,-9.926E-07,0.0208157896995544,0.198445087997243,
,,,-9.924E-07,0.087761402130127,0.1972735398449,
,,,-9.922E-07,0.0208157896995544,0.1972735398449,
,,,-9.92E-07,-0.0461298227310181,0.1972735398449,
,,,-9.918E-07,0.087761402130127,0.197942995931953,
,,,-9.916E-07,-0.0461298227310181,0.197440903866664,
,,,-9.914E-07,0.0208157896995544,0.197440903866664,
,,,-9.912E-07,0.087761402130127,0.197942995931953,
,,,-9.91E-07,0.0208157896995544,0.197608267888427,
,,,-9.908E-07,0.0208157896995544,0.197942995931953,
,,,-9.906E-07,0.087761402130127,0.19777563191019,
,,,-9.904E-07,0.087761402130127,0.1972735398449,
,,,-9.902E-07,-0.0461298227310181,0.198110359953716,
,,,-9.90000000000001E-07,0.087761402130127,0.198445087997243,
,,,-9.898E-07,0.154707014560699,0.1972735398449,
,,,-9.89600000000001E-07,0.0208157896995544,0.1972735398449,
,,,-9.894E-07,0.0208157896995544,0.19827772397548,
,,,-9.89200000000001E-07,0.0208157896995544,0.19777563191019,
,,,-9.89E-07,0.0208157896995544,0.198779816040769,
,,,-9.88800000000001E-07,0.0208157896995544,0.198779816040769,
,,,-9.886E-07,0.0208157896995544,0.197608267888427,
,,,-9.88400000000001E-07,0.0208157896995544,0.1972735398449,
,,,-9.882E-07,-0.0461298227310181,0.198110359953716,
,,,-9.88000000000001E-07,0.0208157896995544,0.198110359953716,
,,,-9.878E-07,-0.0461298227310181,0.197106175823137,
,,,-9.87600000000001E-07,0.0208157896995544,0.19827772397548,
,,,-9.874E-07,-0.0461298227310181,0.198779816040769,
,,,-9.872E-07,0.0208157896995544,0.198110359953716,
,,,-9.87E-07,-0.0461298227310181,0.197942995931953,
,,,-9.868E-07,0.0208157896995544,0.198110359953716,
,,,-9.866E-07,0.0208157896995544,0.19777563191019,
,,,-9.864E-07,0.087761402130127,0.198110359953716,
,,,-9.862E-07,0.087761402130127,0.19827772397548,
,,,-9.86E-07,0.087761402130127,0.197440903866664,
,,,-9.858E-07,0.0208157896995544,0.198445087997243,
,,,-9.856E-07,0.0208157896995544,0.198445087997243,
,,,-9.854E-07,0.087761402130127,0.197942995931953,
,,,-9.852E-07,-0.113075435161591,0.198110359953716,
,,,-9.85E-07,0.087761402130127,0.197608267888427,
,,,-9.848E-07,0.154707014560699,0.19827772397548,
,,,-9.846E-07,-0.0461298227310181,0.198110359953716,
,,,-9.844E-07,-0.0461298227310181,0.197440903866664,
,,,-9.84200000000001E-07,0.087761402130127,0.19827772397548,
,,,-9.84E-07,0.154707014560699,0.197942995931953,
,,,-9.83800000000001E-07,0.0208157896995544,0.197942995931953,
,,,-9.836E-07,0.087761402130127,0.19777563191019,
,,,-9.83400000000001E-07,0.0208157896995544,0.198779816040769,
,,,-9.832E-07,0.087761402130127,0.19827772397548,
,,,-9.83000000000001E-07,-0.0461298227310181,0.197942995931953,
,,,-9.828E-07,0.0208157896995544,0.197942995931953,
,,,-9.82600000000001E-07,0.0208157896995544,0.198110359953716,
,,,-9.824E-07,0.0208157896995544,0.198110359953716,
,,,-9.82200000000001E-07,-0.113075435161591,0.19777563191019,
,,,-9.82E-07,0.0208157896995544,0.198779816040769,
,,,-9.818E-07,0.087761402130127,0.198779816040769,
,,,-9.816E-07,0.0208157896995544,0.198779816040769,
,,,-9.814E-07,-0.0461298227310181,0.197942995931953,
,,,-9.812E-07,0.0208157896995544,0.197942995931953,
,,,-9.81E-07,-0.0461298227310181,0.19827772397548,
,,,-9.808E-07,0.0208157896995544,0.198779816040769,
,,,-9.806E-07,0.0208157896995544,0.19827772397548,
,,,-9.804E-07,0.087761402130127,0.197942995931953,
,,,-9.802E-07,-0.0461298227310181,0.19777563191019,
,,,-9.8E-07,0.087761402130127,0.19827772397548,
,,,-9.798E-07,0.087761402130127,0.198110359953716,
,,,-9.796E-07,0.087761402130127,0.19827772397548,
,,,-9.794E-07,0.087761402130127,0.198445087997243,
,,,-9.792E-07,-0.0461298227310181,0.198612452019006,
,,,-9.79E-07,0.087761402130127,0.19777563191019,
,,,-9.788E-07,0.087761402130127,0.19777563191019,
,,,-9.786E-07,0.087761402130127,0.198110359953716,
,,,-9.78400000000001E-07,0.087761402130127,0.197942995931953,
,,,-9.782E-07,-0.0461298227310181,0.19777563191019,
,,,-9.78000000000001E-07,0.087761402130127,0.198779816040769,
,,,-9.778E-07,0.0208157896995544,0.198612452019006,
,,,-9.77600000000001E-07,-0.0461298227310181,0.197942995931953,
,,,-9.774E-07,0.0208157896995544,0.198445087997243,
,,,-9.77200000000001E-07,0.0208157896995544,0.19827772397548,
,,,-9.77E-07,0.0208157896995544,0.198947180062532,
,,,-9.76800000000001E-07,0.0208157896995544,0.197942995931953,
,,,-9.766E-07,0.0208157896995544,0.198612452019006,
,,,-9.76400000000001E-07,0.0208157896995544,0.198612452019006,
,,,-9.762E-07,0.0208157896995544,0.19827772397548,
,,,-9.76E-07,-0.0461298227310181,0.198779816040769,
,,,-9.758E-07,-0.113075435161591,0.198779816040769,
,,,-9.756E-07,0.087761402130127,0.19827772397548,
,,,-9.754E-07,0.087761402130127,0.19827772397548,
,,,-9.752E-07,0.0208157896995544,0.198110359953716,
,,,-9.75E-07,-0.113075435161591,0.198445087997243,
,,,-9.748E-07,0.0208157896995544,0.198445087997243,
,,,-9.746E-07,-0.0461298227310181,0.198779816040769,
,,,-9.744E-07,0.0208157896995544,0.198779816040769,
,,,-9.742E-07,0.0208157896995544,0.198110359953716,
,,,-9.74E-07,0.0208157896995544,0.19827772397548,
,,,-9.738E-07,-0.0461298227310181,0.198612452019006,
,,,-9.736E-07,0.087761402130127,0.198612452019006,
,,,-9.734E-07,0.087761402130127,0.197942995931953,
,,,-9.732E-07,0.154707014560699,0.198445087997243,
,,,-9.73000000000001E-07,-0.0461298227310181,0.19827772397548,
,,,-9.728E-07,-0.0461298227310181,0.19777563191019,
,,,-9.72600000000001E-07,0.087761402130127,0.19827772397548,
,,,-9.724E-07,0.0208157896995544,0.198947180062532,
,,,-9.72200000000001E-07,0.0208157896995544,0.19777563191019,
,,,-9.72E-07,0.0208157896995544,0.197440903866664,
,,,-9.71800000000001E-07,-0.0461298227310181,0.198445087997243,
,,,-9.716E-07,0.0208157896995544,0.198110359953716,
,,,-9.71400000000001E-07,0.087761402130127,0.198612452019006,
,,,-9.712E-07,0.0208157896995544,0.197608267888427,
,,,-9.71000000000001E-07,-0.0461298227310181,0.19777563191019,
,,,-9.708E-07,0.087761402130127,0.19827772397548,
,,,-9.70600000000001E-07,0.0208157896995544,0.198612452019006,
,,,-9.704E-07,-0.0461298227310181,0.198445087997243,
,,,-9.702E-07,-0.113075435161591,0.19777563191019,
,,,-9.7E-07,0.0208157896995544,0.198612452019006,
,,,-9.698E-07,-0.0461298227310181,0.197608267888427,
,,,-9.696E-07,0.087761402130127,0.19827772397548,
,,,-9.694E-07,-0.113075435161591,0.198110359953716,
,,,-9.692E-07,-0.0461298227310181,0.19827772397548,
,,,-9.69E-07,0.087761402130127,0.198110359953716,
,,,-9.688E-07,0.087761402130127,0.197608267888427,
,,,-9.686E-07,-0.0461298227310181,0.198110359953716,
,,,-9.684E-07,0.087761402130127,0.197942995931953,
,,,-9.682E-07,-0.0461298227310181,0.19827772397548,
,,,-9.68E-07,-0.0461298227310181,0.19827772397548,
,,,-9.678E-07,0.0208157896995544,0.19827772397548,
,,,-9.676E-07,-0.0461298227310181,0.198779816040769,
,,,-9.674E-07,0.0208157896995544,0.198947180062532,
,,,-9.67200000000001E-07,0.0208157896995544,0.197942995931953,
,,,-9.67E-07,-0.0461298227310181,0.199114544084296,
,,,-9.66800000000001E-07,0.0208157896995544,0.198110359953716,
,,,-9.666E-07,0.087761402130127,0.197942995931953,
,,,-9.66400000000001E-07,0.0208157896995544,0.197440903866664,
,,,-9.662E-07,0.0208157896995544,0.198445087997243,
,,,-9.66000000000001E-07,-0.0461298227310181,0.197608267888427,
,,,-9.658E-07,-0.0461298227310181,0.198110359953716,
,,,-9.65600000000001E-07,0.087761402130127,0.198947180062532,
,,,-9.654E-07,0.0208157896995544,0.197608267888427,
,,,-9.65200000000001E-07,0.0208157896995544,0.197440903866664,
,,,-9.65E-07,0.0208157896995544,0.198445087997243,
,,,-9.648E-07,0.154707014560699,0.197942995931953,
,,,-9.646E-07,-0.0461298227310181,0.197608267888427,
,,,-9.644E-07,0.087761402130127,0.198110359953716,
,,,-9.642E-07,-0.0461298227310181,0.19777563191019,
,,,-9.64E-07,0.0208157896995544,0.1972735398449,
,,,-9.638E-07,0.0208157896995544,0.197942995931953,
,,,-9.636E-07,0.0208157896995544,0.198110359953716,
,,,-9.634E-07,-0.0461298227310181,0.19827772397548,
,,,-9.632E-07,-0.0461298227310181,0.1972735398449,
,,,-9.63E-07,-0.180021047592163,0.198445087997243,
,,,-9.628E-07,0.0208157896995544,0.197608267888427,
,,,-9.626E-07,0.0208157896995544,0.19827772397548,
,,,-9.624E-07,0.0208157896995544,0.197106175823137,
,,,-9.622E-07,-0.0461298227310181,0.197942995931953,
,,,-9.62E-07,0.0208157896995544,0.1972735398449,
,,,-9.61800000000001E-07,-0.0461298227310181,0.19777563191019,
,,,-9.616E-07,0.087761402130127,0.1972735398449,
,,,-9.61400000000001E-07,-0.0461298227310181,0.198110359953716,
,,,-9.612E-07,-0.0461298227310181,0.197440903866664,
,,,-9.61000000000001E-07,-0.0461298227310181,0.196436719736084,
,,,-9.608E-07,0.0208157896995544,0.196938811801374,
,,,-9.60600000000001E-07,0.0208157896995544,0.197106175823137,
,,,-9.604E-07,0.087761402130127,0.197608267888427,
,,,-9.60200000000001E-07,0.0208157896995544,0.197608267888427,
,,,-9.6E-07,-0.113075435161591,0.197942995931953,
,,,-9.59800000000001E-07,0.087761402130127,0.197440903866664,
,,,-9.596E-07,-0.0461298227310181,0.1972735398449,
,,,-9.59400000000001E-07,-0.0461298227310181,0.1972735398449,
,,,-9.592E-07,0.0208157896995544,0.197942995931953,
,,,-9.59E-07,0.0208157896995544,0.197942995931953,
,,,-9.588E-07,0.0208157896995544,0.197608267888427,
,,,-9.586E-07,0.0208157896995544,0.1972735398449,
,,,-9.584E-07,0.0208157896995544,0.197608267888427,
,,,-9.582E-07,-0.0461298227310181,0.197106175823137,
,,,-9.58E-07,0.087761402130127,0.197106175823137,
,,,-9.578E-07,0.0208157896995544,0.197440903866664,
,,,-9.576E-07,-0.113075435161591,0.197106175823137,
,,,-9.574E-07,-0.0461298227310181,0.196938811801374,
,,,-9.572E-07,0.0208157896995544,0.196604083757848,
,,,-9.57E-07,-0.0461298227310181,0.197608267888427,
,,,-9.568E-07,0.154707014560699,0.197440903866664,
,,,-9.566E-07,-0.0461298227310181,0.196771447779611,
,,,-9.564E-07,-0.113075435161591,0.197608267888427,
,,,-9.562E-07,0.0208157896995544,0.197106175823137,
,,,-9.56000000000001E-07,0.0208157896995544,0.197440903866664,
,,,-9.558E-07,-0.113075435161591,0.196938811801374,
,,,-9.55600000000001E-07,0.087761402130127,0.1972735398449,
,,,-9.554E-07,-0.0461298227310181,0.197440903866664,
,,,-9.55200000000001E-07,-0.0461298227310181,0.196938811801374,
,,,-9.55E-07,0.0208157896995544,0.196771447779611,
,,,-9.54800000000001E-07,0.0208157896995544,0.197440903866664,
,,,-9.546E-07,-0.0461298227310181,0.197440903866664,
,,,-9.54400000000001E-07,0.087761402130127,0.1972735398449,
,,,-9.542E-07,0.0208157896995544,0.197440903866664,
,,,-9.54000000000001E-07,0.087761402130127,0.1972735398449,
,,,-9.538E-07,0.0208157896995544,0.197608267888427,
,,,-9.536E-07,0.0208157896995544,0.197106175823137,
,,,-9.534E-07,0.0208157896995544,0.1972735398449,
,,,-9.532E-07,0.0208157896995544,0.197106175823137,
,,,-9.53E-07,-0.0461298227310181,0.197106175823137,
,,,-9.528E-07,0.0208157896995544,0.197440903866664,
,,,-9.526E-07,0.0208157896995544,0.197440903866664,
,,,-9.524E-07,-0.0461298227310181,0.196938811801374,
,,,-9.522E-07,0.154707014560699,0.197608267888427,
,,,-9.52E-07,0.087761402130127,0.1972735398449,
,,,-9.518E-07,-0.0461298227310181,0.197106175823137,
,,,-9.516E-07,0.087761402130127,0.1972735398449,
,,,-9.514E-07,-0.0461298227310181,0.197440903866664,
,,,-9.512E-07,-0.0461298227310181,0.197608267888427,
,,,-9.51E-07,0.087761402130127,0.1972735398449,
,,,-9.508E-07,-0.113075435161591,0.19777563191019,
,,,-9.506E-07,0.0208157896995544,0.197440903866664,
,,,-9.504E-07,0.087761402130127,0.196938811801374,
,,,-9.50200000000001E-07,-0.0461298227310181,0.196771447779611,
,,,-9.5E-07,0.0208157896995544,0.197106175823137,
,,,-9.49800000000001E-07,0.087761402130127,0.197440903866664,
,,,-9.496E-07,0.0208157896995544,0.197106175823137,
,,,-9.49400000000001E-07,0.087761402130127,0.197106175823137,
,,,-9.492E-07,0.0208157896995544,0.197106175823137,
,,,-9.49000000000001E-07,-0.0461298227310181,0.196938811801374,
,,,-9.488E-07,0.087761402130127,0.197106175823137,
,,,-9.48600000000001E-07,0.0208157896995544,0.197106175823137,
,,,-9.484E-07,0.0208157896995544,0.196604083757848,
,,,-9.48200000000001E-07,-0.113075435161591,0.196771447779611,
,,,-9.48E-07,0.087761402130127,0.196938811801374,
,,,-9.478E-07,0.087761402130127,0.1972735398449,
,,,-9.476E-07,0.0208157896995544,0.196269355714321,
,,,-9.474E-07,0.0208157896995544,0.1972735398449,
,,,-9.472E-07,-0.0461298227310181,0.196771447779611,
,,,-9.47E-07,0.087761402130127,0.196604083757848,
,,,-9.468E-07,0.0208157896995544,0.196938811801374,
,,,-9.466E-07,-0.0461298227310181,0.197106175823137,
,,,-9.464E-07,0.087761402130127,0.196604083757848,
,,,-9.462E-07,0.0208157896995544,0.196938811801374,
,,,-9.46E-07,0.0208157896995544,0.196938811801374,
,,,-9.458E-07,-0.0461298227310181,0.196771447779611,
,,,-9.456E-07,0.154707014560699,0.196604083757848,
,,,-9.454E-07,-0.0461298227310181,0.196604083757848,
,,,-9.452E-07,0.0208157896995544,0.196101991692558,
,,,-9.45E-07,0.087761402130127,0.196436719736084,
,,,-9.44800000000001E-07,-0.0461298227310181,0.196938811801374,
,,,-9.446E-07,-0.0461298227310181,0.196604083757848,
,,,-9.44400000000001E-07,-0.0461298227310181,0.196771447779611,
,,,-9.442E-07,0.0208157896995544,0.196938811801374,
,,,-9.44000000000001E-07,0.087761402130127,0.197440903866664,
,,,-9.438E-07,-0.113075435161591,0.196436719736084,
,,,-9.43600000000001E-07,-0.0461298227310181,0.196771447779611,
,,,-9.434E-07,0.0208157896995544,0.197106175823137,
,,,-9.43200000000001E-07,-0.0461298227310181,0.196269355714321,
,,,-9.43E-07,-0.113075435161591,0.196604083757848,
,,,-9.42800000000001E-07,-0.0461298227310181,0.196436719736084,
,,,-9.426E-07,-0.0461298227310181,0.196771447779611,
,,,-9.42400000000001E-07,0.0208157896995544,0.196938811801374,
,,,-9.422E-07,-0.0461298227310181,0.19777563191019,
,,,-9.42E-07,0.0208157896995544,0.197106175823137,
,,,-9.418E-07,-0.0461298227310181,0.196436719736084,
,,,-9.416E-07,0.087761402130127,0.1972735398449,
,,,-9.414E-07,0.0208157896995544,0.197106175823137,
,,,-9.412E-07,0.087761402130127,0.197106175823137,
,,,-9.41E-07,0.0208157896995544,0.196604083757848,
,,,-9.408E-07,0.087761402130127,0.196101991692558,
,,,-9.406E-07,0.087761402130127,0.1972735398449,
,,,-9.404E-07,0.0208157896995544,0.196436719736084,
,,,-9.402E-07,0.0208157896995544,0.196436719736084,
,,,-9.4E-07,0.0208157896995544,0.196938811801374,
,,,-9.398E-07,0.0208157896995544,0.1972735398449,
,,,-9.396E-07,0.0208157896995544,0.197106175823137,
,,,-9.394E-07,0.087761402130127,0.1972735398449,
,,,-9.392E-07,0.087761402130127,0.196604083757848,
,,,-9.39000000000001E-07,-0.0461298227310181,0.196269355714321,
,,,-9.388E-07,0.154707014560699,0.196101991692558,
,,,-9.38600000000001E-07,0.0208157896995544,0.196771447779611,
,,,-9.384E-07,0.0208157896995544,0.197440903866664,
,,,-9.38200000000001E-07,0.0208157896995544,0.196604083757848,
,,,-9.38E-07,0.0208157896995544,0.196771447779611,
,,,-9.37800000000001E-07,0.0208157896995544,0.196938811801374,
,,,-9.376E-07,0.154707014560699,0.1972735398449,
,,,-9.37400000000001E-07,-0.113075435161591,0.197106175823137,
,,,-9.372E-07,-0.113075435161591,0.196938811801374,
,,,-9.37000000000001E-07,0.087761402130127,0.1972735398449,
,,,-9.368E-07,0.087761402130127,0.196771447779611,
,,,-9.366E-07,-0.0461298227310181,0.196938811801374,
,,,-9.364E-07,-0.0461298227310181,0.196938811801374,
,,,-9.362E-07,0.0208157896995544,0.196101991692558,
,,,-9.36E-07,-0.0461298227310181,0.196604083757848,
,,,-9.358E-07,-0.113075435161591,0.196938811801374,
,,,-9.356E-07,-0.0461298227310181,0.196938811801374,
,,,-9.354E-07,-0.0461298227310181,0.196604083757848,
,,,-9.352E-07,0.087761402130127,0.1972735398449,
,,,-9.35E-07,0.087761402130127,0.196938811801374,
,,,-9.348E-07,0.087761402130127,0.196771447779611,
,,,-9.346E-07,0.087761402130127,0.196771447779611,
,,,-9.344E-07,0.0208157896995544,0.196269355714321,
,,,-9.342E-07,0.0208157896995544,0.196604083757848,
,,,-9.34E-07,0.0208157896995544,0.196604083757848,
,,,-9.338E-07,0.0208157896995544,0.197106175823137,
,,,-9.33600000000001E-07,0.0208157896995544,0.197106175823137,
,,,-9.334E-07,-0.113075435161591,0.196269355714321,
,,,-9.33200000000001E-07,0.0208157896995544,0.1972735398449,
,,,-9.33E-07,0.0208157896995544,0.197440903866664,
,,,-9.32800000000001E-07,0.0208157896995544,0.196771447779611,
,,,-9.326E-07,0.0208157896995544,0.1972735398449,
,,,-9.32400000000001E-07,0.0208157896995544,0.1972735398449,
,,,-9.322E-07,-0.113075435161591,0.1972735398449,
,,,-9.32000000000001E-07,0.0208157896995544,0.196436719736084,
,,,-9.318E-07,-0.0461298227310181,0.197440903866664,
,,,-9.31600000000001E-07,-0.0461298227310181,0.197608267888427,
,,,-9.314E-07,-0.0461298227310181,0.1972735398449,
,,,-9.31200000000001E-07,0.154707014560699,0.196771447779611,
,,,-9.31E-07,-0.0461298227310181,0.1972735398449,
,,,-9.308E-07,-0.113075435161591,0.1972735398449,
,,,-9.306E-07,0.0208157896995544,0.196269355714321,
,,,-9.304E-07,0.0208157896995544,0.196771447779611,
,,,-9.302E-07,-0.0461298227310181,0.196604083757848,
,,,-9.3E-07,0.0208157896995544,0.196604083757848,
,,,-9.298E-07,-0.0461298227310181,0.196771447779611,
,,,-9.296E-07,-0.0461298227310181,0.196269355714321,
,,,-9.294E-07,-0.113075435161591,0.197106175823137,
,,,-9.292E-07,0.0208157896995544,0.196604083757848,
,,,-9.29E-07,0.0208157896995544,0.196771447779611,
,,,-9.288E-07,0.0208157896995544,0.197106175823137,
,,,-9.286E-07,-0.0461298227310181,0.197106175823137,
,,,-9.284E-07,0.0208157896995544,0.196604083757848,
,,,-9.282E-07,0.0208157896995544,0.197106175823137,
,,,-9.28E-07,-0.0461298227310181,0.1972735398449,
,,,-9.27800000000001E-07,0.0208157896995544,0.196436719736084,
,,,-9.276E-07,-0.0461298227310181,0.1972735398449,
,,,-9.27400000000001E-07,-0.0461298227310181,0.1972735398449,
,,,-9.272E-07,-0.0461298227310181,0.1972735398449,
,,,-9.27000000000001E-07,-0.0461298227310181,0.196771447779611,
,,,-9.268E-07,0.0208157896995544,0.197440903866664,
,,,-9.26600000000001E-07,0.087761402130127,0.197106175823137,
,,,-9.264E-07,0.087761402130127,0.197106175823137,
,,,-9.26200000000001E-07,-0.0461298227310181,0.197440903866664,
,,,-9.26E-07,0.0208157896995544,0.196938811801374,
,,,-9.25800000000001E-07,-0.0461298227310181,0.197608267888427,
,,,-9.256E-07,-0.0461298227310181,0.19777563191019,
,,,-9.254E-07,0.0208157896995544,0.196604083757848,
,,,-9.252E-07,0.0208157896995544,0.196771447779611,
,,,-9.25E-07,0.087761402130127,0.196938811801374,
,,,-9.248E-07,0.0208157896995544,0.1972735398449,
,,,-9.246E-07,-0.0461298227310181,0.196771447779611,
,,,-9.244E-07,0.0208157896995544,0.197440903866664,
,,,-9.242E-07,0.0208157896995544,0.197440903866664,
,,,-9.24E-07,0.0208157896995544,0.196269355714321,
,,,-9.238E-07,0.087761402130127,0.1972735398449,
,,,-9.236E-07,0.0208157896995544,0.197106175823137,
,,,-9.234E-07,-0.0461298227310181,0.197440903866664,
,,,-9.232E-07,-0.0461298227310181,0.197106175823137,
,,,-9.23E-07,-0.0461298227310181,0.197608267888427,
,,,-9.228E-07,0.0208157896995544,0.196938811801374,
,,,-9.226E-07,0.0208157896995544,0.197440903866664,
,,,-9.224E-07,0.0208157896995544,0.197608267888427,
,,,-9.222E-07,0.0208157896995544,0.1972735398449,
,,,-9.22000000000001E-07,0.154707014560699,0.197106175823137,
,,,-9.218E-07,0.0208157896995544,0.196938811801374,
,,,-9.21600000000001E-07,-0.0461298227310181,0.196771447779611,
,,,-9.214E-07,0.087761402130127,0.197608267888427,
,,,-9.21200000000001E-07,-0.0461298227310181,0.197106175823137,
,,,-9.21E-07,0.0208157896995544,0.1972735398449,
,,,-9.20800000000001E-07,0.087761402130127,0.196938811801374,
,,,-9.206E-07,-0.0461298227310181,0.197440903866664,
,,,-9.20400000000001E-07,0.0208157896995544,0.196604083757848,
,,,-9.202E-07,-0.0461298227310181,0.1972735398449,
,,,-9.20000000000001E-07,0.154707014560699,0.197106175823137,
,,,-9.198E-07,0.0208157896995544,0.196604083757848,
,,,-9.196E-07,0.0208157896995544,0.197106175823137,
,,,-9.194E-07,0.0208157896995544,0.197440903866664,
,,,-9.192E-07,-0.113075435161591,0.196771447779611,
,,,-9.19E-07,-0.113075435161591,0.196771447779611,
,,,-9.188E-07,0.0208157896995544,0.1972735398449,
,,,-9.186E-07,0.087761402130127,0.197106175823137,
,,,-9.184E-07,0.087761402130127,0.196436719736084,
,,,-9.182E-07,-0.0461298227310181,0.1972735398449,
,,,-9.18E-07,0.0208157896995544,0.19777563191019,
,,,-9.178E-07,0.0208157896995544,0.197440903866664,
,,,-9.176E-07,0.0208157896995544,0.195934627670795,
,,,-9.174E-07,-0.0461298227310181,0.196938811801374,
,,,-9.172E-07,-0.0461298227310181,0.1972735398449,
,,,-9.17E-07,-0.0461298227310181,0.197106175823137,
,,,-9.168E-07,0.0208157896995544,0.197106175823137,
,,,-9.16600000000001E-07,-0.0461298227310181,0.1972735398449,
,,,-9.164E-07,-0.0461298227310181,0.197106175823137,
,,,-9.16200000000001E-07,-0.0461298227310181,0.197106175823137,
,,,-9.16E-07,0.087761402130127,0.196938811801374,
,,,-9.15800000000001E-07,-0.0461298227310181,0.196771447779611,
,,,-9.156E-07,0.0208157896995544,0.196771447779611,
,,,-9.15400000000001E-07,-0.0461298227310181,0.1972735398449,
,,,-9.152E-07,-0.0461298227310181,0.196771447779611,
,,,-9.15000000000001E-07,0.0208157896995544,0.196771447779611,
,,,-9.148E-07,0.0208157896995544,0.196938811801374,
,,,-9.14600000000001E-07,0.0208157896995544,0.197608267888427,
,,,-9.144E-07,0.087761402130127,0.196938811801374,
,,,-9.14200000000001E-07,-0.113075435161591,0.196771447779611,
,,,-9.14E-07,-0.0461298227310181,0.196938811801374,
,,,-9.138E-07,0.087761402130127,0.197608267888427,
,,,-9.136E-07,0.087761402130127,0.196771447779611,
,,,-9.134E-07,-0.0461298227310181,0.196938811801374,
,,,-9.132E-07,-0.0461298227310181,0.19777563191019,
,,,-9.13E-07,-0.0461298227310181,0.197106175823137,
,,,-9.128E-07,0.0208157896995544,0.196436719736084,
,,,-9.126E-07,-0.0461298227310181,0.196938811801374,
,,,-9.124E-07,0.0208157896995544,0.197608267888427,
,,,-9.122E-07,0.087761402130127,0.196771447779611,
,,,-9.12E-07,0.087761402130127,0.1972735398449,
,,,-9.118E-07,-0.113075435161591,0.1972735398449,
,,,-9.116E-07,0.0208157896995544,0.196938811801374,
,,,-9.114E-07,0.087761402130127,0.196938811801374,
,,,-9.112E-07,-0.0461298227310181,0.197942995931953,
,,,-9.11E-07,-0.0461298227310181,0.196938811801374,
,,,-9.10800000000001E-07,0.087761402130127,0.196269355714321,
,,,-9.106E-07,-0.0461298227310181,0.196771447779611,
,,,-9.10400000000001E-07,0.0208157896995544,0.197106175823137,
,,,-9.102E-07,-0.0461298227310181,0.197440903866664,
,,,-9.10000000000001E-07,0.0208157896995544,0.197608267888427,
,,,-9.098E-07,-0.0461298227310181,0.196436719736084,
,,,-9.09600000000001E-07,0.087761402130127,0.196604083757848,
,,,-9.094E-07,0.0208157896995544,0.1972735398449,
,,,-9.09200000000001E-07,0.154707014560699,0.19777563191019,
,,,-9.09E-07,-0.0461298227310181,0.1972735398449,
,,,-9.08800000000001E-07,-0.0461298227310181,0.197106175823137,
,,,-9.086E-07,0.087761402130127,0.197106175823137,
,,,-9.084E-07,0.0208157896995544,0.1972735398449,
,,,-9.082E-07,0.087761402130127,0.196604083757848,
,,,-9.08E-07,0.087761402130127,0.196938811801374,
,,,-9.078E-07,0.087761402130127,0.197440903866664,
,,,-9.076E-07,0.0208157896995544,0.197440903866664,
,,,-9.074E-07,0.087761402130127,0.1972735398449,
,,,-9.072E-07,0.087761402130127,0.197608267888427,
,,,-9.07E-07,0.0208157896995544,0.196938811801374,
,,,-9.068E-07,0.087761402130127,0.196436719736084,
,,,-9.066E-07,-0.0461298227310181,0.197440903866664,
,,,-9.064E-07,-0.0461298227310181,0.197440903866664,
,,,-9.062E-07,0.0208157896995544,0.196771447779611,
,,,-9.06E-07,0.0208157896995544,0.197106175823137,
,,,-9.058E-07,0.087761402130127,0.197106175823137,
,,,-9.056E-07,0.087761402130127,0.196604083757848,
,,,-9.05400000000001E-07,-0.113075435161591,0.196771447779611,
,,,-9.052E-07,0.0208157896995544,0.197106175823137,
,,,-9.05000000000001E-07,0.0208157896995544,0.196436719736084,
,,,-9.048E-07,-0.113075435161591,0.196101991692558,
,,,-9.04600000000001E-07,-0.0461298227310181,0.196938811801374,
,,,-9.044E-07,0.0208157896995544,0.196771447779611,
,,,-9.04200000000001E-07,-0.0461298227310181,0.197106175823137,
,,,-9.04E-07,0.0208157896995544,0.197440903866664,
,,,-9.03800000000001E-07,0.0208157896995544,0.197440903866664,
,,,-9.036E-07,0.0208157896995544,0.196436719736084,
,,,-9.03400000000001E-07,-0.0461298227310181,0.196938811801374,
,,,-9.032E-07,0.0208157896995544,0.196938811801374,
,,,-9.03000000000001E-07,0.0208157896995544,0.196604083757848,
,,,-9.028E-07,0.087761402130127,0.196604083757848,
,,,-9.026E-07,0.0208157896995544,0.19777563191019,
,,,-9.024E-07,-0.0461298227310181,0.196771447779611,
,,,-9.022E-07,0.087761402130127,0.1972735398449,
,,,-9.02E-07,0.0208157896995544,0.196938811801374,
,,,-9.018E-07,0.0208157896995544,0.196604083757848,
,,,-9.016E-07,0.0208157896995544,0.1972735398449,
,,,-9.014E-07,-0.0461298227310181,0.197106175823137,
,,,-9.012E-07,0.0208157896995544,0.196938811801374,
,,,-9.01E-07,0.0208157896995544,0.196938811801374,
,,,-9.008E-07,0.0208157896995544,0.196436719736084,
,,,-9.006E-07,-0.0461298227310181,0.198110359953716,
,,,-9.004E-07,0.0208157896995544,0.197440903866664,
,,,-9.002E-07,0.0208157896995544,0.197440903866664,
,,,-9E-07,-0.0461298227310181,0.197106175823137,
,,,-8.998E-07,0.0208157896995544,0.197440903866664,
,,,-8.99600000000001E-07,0.0208157896995544,0.197608267888427,
,,,-8.994E-07,-0.0461298227310181,0.197608267888427,
,,,-8.99200000000001E-07,0.087761402130127,0.197106175823137,
,,,-8.99E-07,-0.0461298227310181,0.196604083757848,
,,,-8.98800000000001E-07,0.0208157896995544,0.196771447779611,
,,,-8.986E-07,0.087761402130127,0.196938811801374,
,,,-8.98400000000001E-07,0.0208157896995544,0.197106175823137,
,,,-8.982E-07,-0.0461298227310181,0.196269355714321,
,,,-8.98000000000001E-07,-0.0461298227310181,0.197106175823137,
,,,-8.978E-07,-0.0461298227310181,0.196938811801374,
,,,-8.97600000000001E-07,-0.0461298227310181,0.196938811801374,
,,,-8.974E-07,0.0208157896995544,0.196436719736084,
,,,-8.972E-07,-0.113075435161591,0.197106175823137,
,,,-8.97E-07,0.0208157896995544,0.196938811801374,
,,,-8.968E-07,0.087761402130127,0.196938811801374,
,,,-8.966E-07,0.0208157896995544,0.196938811801374,
,,,-8.964E-07,0.087761402130127,0.196938811801374,
,,,-8.962E-07,-0.0461298227310181,0.196938811801374,
,,,-8.96E-07,-0.0461298227310181,0.196604083757848,
,,,-8.958E-07,0.0208157896995544,0.1972735398449,
,,,-8.956E-07,-0.0461298227310181,0.1972735398449,
,,,-8.954E-07,0.0208157896995544,0.196269355714321,
,,,-8.952E-07,0.0208157896995544,0.197440903866664,
,,,-8.95E-07,0.0208157896995544,0.1972735398449,
,,,-8.948E-07,0.0208157896995544,0.1972735398449,
,,,-8.946E-07,-0.0461298227310181,0.197608267888427,
,,,-8.944E-07,0.154707014560699,0.1972735398449,
,,,-8.942E-07,-0.0461298227310181,0.196938811801374,
,,,-8.94E-07,-0.0461298227310181,0.196771447779611,
,,,-8.93800000000001E-07,-0.0461298227310181,0.197106175823137,
,,,-8.936E-07,-0.0461298227310181,0.1972735398449,
,,,-8.93400000000001E-07,-0.0461298227310181,0.196938811801374,
,,,-8.932E-07,-0.0461298227310181,0.197106175823137,
,,,-8.93000000000001E-07,0.087761402130127,0.197942995931953,
,,,-8.928E-07,0.087761402130127,0.198110359953716,
,,,-8.92600000000001E-07,-0.0461298227310181,0.196604083757848,
,,,-8.924E-07,-0.0461298227310181,0.197440903866664,
,,,-8.92200000000001E-07,0.0208157896995544,0.19777563191019,
,,,-8.92E-07,0.0208157896995544,0.196269355714321,
,,,-8.91800000000001E-07,-0.0461298227310181,0.1972735398449,
,,,-8.916E-07,-0.0461298227310181,0.197440903866664,
,,,-8.914E-07,-0.0461298227310181,0.196604083757848,
,,,-8.912E-07,0.0208157896995544,0.197608267888427,
,,,-8.91E-07,-0.113075435161591,0.197942995931953,
,,,-8.908E-07,0.0208157896995544,0.197106175823137,
,,,-8.906E-07,0.0208157896995544,0.197608267888427,
,,,-8.904E-07,0.087761402130127,0.197440903866664,
,,,-8.902E-07,0.0208157896995544,0.197942995931953,
,,,-8.9E-07,0.0208157896995544,0.19777563191019,
,,,-8.898E-07,0.0208157896995544,0.19827772397548,
,,,-8.896E-07,-0.0461298227310181,0.197440903866664,
,,,-8.894E-07,0.0208157896995544,0.196771447779611,
,,,-8.892E-07,-0.0461298227310181,0.197106175823137,
,,,-8.89E-07,-0.0461298227310181,0.197608267888427,
,,,-8.888E-07,0.0208157896995544,0.197440903866664,
,,,-8.886E-07,-0.0461298227310181,0.197942995931953,
,,,-8.88400000000001E-07,0.0208157896995544,0.196771447779611,
,,,-8.882E-07,0.0208157896995544,0.197608267888427,
,,,-8.88000000000001E-07,0.0208157896995544,0.1972735398449,
,,,-8.878E-07,-0.0461298227310181,0.197608267888427,
,,,-8.87600000000001E-07,-0.0461298227310181,0.197608267888427,
,,,-8.874E-07,0.0208157896995544,0.197440903866664,
,,,-8.87200000000001E-07,-0.0461298227310181,0.198110359953716,
,,,-8.87E-07,0.0208157896995544,0.197440903866664,
,,,-8.86800000000001E-07,-0.113075435161591,0.197608267888427,
,,,-8.866E-07,0.0208157896995544,0.19827772397548,
,,,-8.86400000000001E-07,-0.0461298227310181,0.1972735398449,
,,,-8.862E-07,-0.113075435161591,0.197106175823137,
,,,-8.86000000000001E-07,0.0208157896995544,0.197440903866664,
,,,-8.858E-07,0.0208157896995544,0.197942995931953,
,,,-8.856E-07,0.0208157896995544,0.1972735398449,
,,,-8.854E-07,-0.0461298227310181,0.19777563191019,
,,,-8.852E-07,0.0208157896995544,0.197440903866664,
,,,-8.85E-07,0.0208157896995544,0.196938811801374,
,,,-8.848E-07,0.0208157896995544,0.197440903866664,
,,,-8.846E-07,-0.113075435161591,0.197942995931953,
,,,-8.844E-07,-0.0461298227310181,0.197440903866664,
,,,-8.842E-07,-0.0461298227310181,0.197440903866664,
,,,-8.84E-07,0.087761402130127,0.197942995931953,
,,,-8.838E-07,0.0208157896995544,0.19777563191019,
,,,-8.836E-07,0.0208157896995544,0.197440903866664,
,,,-8.834E-07,-0.0461298227310181,0.197440903866664,
,,,-8.832E-07,0.0208157896995544,0.1972735398449,
,,,-8.83E-07,0.087761402130127,0.197440903866664,
,,,-8.828E-07,-0.113075435161591,0.1972735398449,
,,,-8.82600000000001E-07,-0.0461298227310181,0.1972735398449,
,,,-8.824E-07,0.0208157896995544,0.197942995931953,
,,,-8.82200000000001E-07,-0.0461298227310181,0.197106175823137,
,,,-8.82E-07,-0.0461298227310181,0.197608267888427,
,,,-8.81800000000001E-07,0.0208157896995544,0.197608267888427,
,,,-8.816E-07,0.087761402130127,0.1972735398449,
,,,-8.81400000000001E-07,-0.113075435161591,0.1972735398449,
,,,-8.812E-07,-0.0461298227310181,0.197440903866664,
,,,-8.81000000000001E-07,0.087761402130127,0.197106175823137,
,,,-8.808E-07,-0.0461298227310181,0.196938811801374,
,,,-8.80600000000001E-07,-0.0461298227310181,0.1972735398449,
,,,-8.804E-07,0.0208157896995544,0.196604083757848,
,,,-8.802E-07,-0.0461298227310181,0.197440903866664,
,,,-8.8E-07,0.0208157896995544,0.197942995931953,
,,,-8.798E-07,-0.0461298227310181,0.196938811801374,
,,,-8.796E-07,-0.0461298227310181,0.197608267888427,
,,,-8.794E-07,0.0208157896995544,0.197106175823137,
,,,-8.792E-07,0.0208157896995544,0.196269355714321,
,,,-8.79E-07,0.0208157896995544,0.197106175823137,
,,,-8.788E-07,0.0208157896995544,0.196771447779611,
,,,-8.786E-07,-0.0461298227310181,0.197106175823137,
,,,-8.784E-07,0.0208157896995544,0.196938811801374,
,,,-8.782E-07,-0.0461298227310181,0.1972735398449,
,,,-8.78E-07,0.087761402130127,0.196604083757848,
,,,-8.778E-07,-0.0461298227310181,0.196771447779611,
,,,-8.776E-07,0.0208157896995544,0.197608267888427,
,,,-8.774E-07,0.0208157896995544,0.197106175823137,
,,,-8.77200000000001E-07,0.0208157896995544,0.196938811801374,
,,,-8.77E-07,-0.0461298227310181,0.197106175823137,
,,,-8.76800000000001E-07,0.0208157896995544,0.1972735398449,
,,,-8.766E-07,0.087761402130127,0.196938811801374,
,,,-8.76400000000001E-07,-0.113075435161591,0.19777563191019,
,,,-8.762E-07,0.0208157896995544,0.197106175823137,
,,,-8.76000000000001E-07,0.0208157896995544,0.197106175823137,
,,,-8.758E-07,-0.113075435161591,0.197608267888427,
,,,-8.75600000000001E-07,0.0208157896995544,0.197608267888427,
,,,-8.754E-07,0.0208157896995544,0.197440903866664,
,,,-8.75200000000001E-07,0.0208157896995544,0.197106175823137,
,,,-8.75E-07,-0.0461298227310181,0.197440903866664,
,,,-8.74800000000001E-07,-0.0461298227310181,0.197440903866664,
,,,-8.746E-07,-0.0461298227310181,0.197106175823137,
,,,-8.744E-07,-0.0461298227310181,0.1972735398449,
,,,-8.742E-07,0.0208157896995544,0.197942995931953,
,,,-8.74E-07,-0.0461298227310181,0.197608267888427,
,,,-8.738E-07,-0.0461298227310181,0.197440903866664,
,,,-8.736E-07,0.0208157896995544,0.198445087997243,
,,,-8.734E-07,-0.113075435161591,0.19777563191019,
,,,-8.732E-07,-0.113075435161591,0.1972735398449,
,,,-8.73E-07,0.0208157896995544,0.19777563191019,
,,,-8.728E-07,0.0208157896995544,0.197942995931953,
,,,-8.726E-07,-0.0461298227310181,0.19777563191019,
,,,-8.724E-07,-0.0461298227310181,0.197942995931953,
,,,-8.722E-07,0.0208157896995544,0.19827772397548,
,,,-8.72E-07,-0.113075435161591,0.19777563191019,
,,,-8.718E-07,0.087761402130127,0.19827772397548,
,,,-8.716E-07,0.0208157896995544,0.198110359953716,
,,,-8.71400000000001E-07,-0.113075435161591,0.197440903866664,
,,,-8.712E-07,0.087761402130127,0.197942995931953,
,,,-8.71000000000001E-07,0.0208157896995544,0.19777563191019,
,,,-8.708E-07,0.087761402130127,0.19827772397548,
,,,-8.70600000000001E-07,0.087761402130127,0.19827772397548,
,,,-8.704E-07,0.0208157896995544,0.19777563191019,
,,,-8.70200000000001E-07,0.0208157896995544,0.198779816040769,
,,,-8.7E-07,-0.113075435161591,0.198110359953716,
,,,-8.69800000000001E-07,-0.113075435161591,0.19777563191019,
,,,-8.696E-07,0.087761402130127,0.19827772397548,
,,,-8.69400000000001E-07,-0.0461298227310181,0.19777563191019,
,,,-8.692E-07,-0.113075435161591,0.19827772397548,
,,,-8.69E-07,0.087761402130127,0.197942995931953,
,,,-8.688E-07,0.0208157896995544,0.197942995931953,
,,,-8.686E-07,-0.113075435161591,0.19827772397548,
,,,-8.684E-07,0.0208157896995544,0.197942995931953,
,,,-8.682E-07,0.087761402130127,0.19827772397548,
,,,-8.68E-07,-0.0461298227310181,0.198612452019006,
,,,-8.678E-07,-0.0461298227310181,0.198779816040769,
,,,-8.676E-07,0.0208157896995544,0.197608267888427,
,,,-8.674E-07,0.087761402130127,0.198445087997243,
,,,-8.672E-07,0.087761402130127,0.197942995931953,
,,,-8.67E-07,-0.0461298227310181,0.197942995931953,
,,,-8.668E-07,-0.0461298227310181,0.197106175823137,
,,,-8.666E-07,-0.0461298227310181,0.197440903866664,
,,,-8.664E-07,-0.0461298227310181,0.197608267888427,
,,,-8.662E-07,-0.113075435161591,0.1972735398449,
,,,-8.66E-07,-0.0461298227310181,0.196771447779611,
,,,-8.658E-07,-0.0461298227310181,0.196938811801374,
,,,-8.65600000000001E-07,0.087761402130127,0.197106175823137,
,,,-8.654E-07,-0.113075435161591,0.1972735398449,
,,,-8.65200000000001E-07,-0.0461298227310181,0.197440903866664,
,,,-8.65E-07,0.0208157896995544,0.196604083757848,
,,,-8.64800000000001E-07,-0.0461298227310181,0.196938811801374,
,,,-8.646E-07,-0.0461298227310181,0.196771447779611,
,,,-8.64400000000001E-07,0.087761402130127,0.1972735398449,
,,,-8.642E-07,-0.0461298227310181,0.1972735398449,
,,,-8.64000000000001E-07,-0.113075435161591,0.196771447779611,
,,,-8.638E-07,0.087761402130127,0.197106175823137,
,,,-8.63600000000001E-07,-0.113075435161591,0.19777563191019,
,,,-8.634E-07,-0.0461298227310181,0.196938811801374,
,,,-8.632E-07,0.087761402130127,0.197106175823137,
,,,-8.63E-07,-0.0461298227310181,0.1972735398449,
,,,-8.628E-07,-0.0461298227310181,0.196771447779611,
,,,-8.626E-07,-0.113075435161591,0.196604083757848,
,,,-8.624E-07,0.0208157896995544,0.1972735398449,
,,,-8.622E-07,-0.0461298227310181,0.197106175823137,
,,,-8.62E-07,0.087761402130127,0.196269355714321,
,,,-8.618E-07,0.0208157896995544,0.196436719736084,
,,,-8.616E-07,-0.113075435161591,0.196771447779611,
,,,-8.614E-07,0.0208157896995544,0.197440903866664,
,,,-8.612E-07,0.0208157896995544,0.196436719736084,
,,,-8.61E-07,-0.0461298227310181,0.196771447779611,
,,,-8.608E-07,0.087761402130127,0.196604083757848,
,,,-8.606E-07,-0.113075435161591,0.195934627670795,
,,,-8.604E-07,-0.113075435161591,0.197440903866664,
,,,-8.60200000000001E-07,0.0208157896995544,0.196604083757848,
,,,-8.6E-07,0.087761402130127,0.1972735398449,
,,,-8.59800000000001E-07,-0.113075435161591,0.196269355714321,
,,,-8.596E-07,-0.0461298227310181,0.196436719736084,
,,,-8.59400000000001E-07,-0.0461298227310181,0.196771447779611,
,,,-8.592E-07,0.0208157896995544,0.196436719736084,
,,,-8.59000000000001E-07,-0.0461298227310181,0.196604083757848,
,,,-8.588E-07,0.0208157896995544,0.196436719736084,
,,,-8.58600000000001E-07,0.0208157896995544,0.196938811801374,
,,,-8.584E-07,0.0208157896995544,0.196101991692558,
,,,-8.58200000000001E-07,-0.0461298227310181,0.196604083757848,
,,,-8.58E-07,0.0208157896995544,0.195934627670795,
,,,-8.578E-07,0.0208157896995544,0.196771447779611,
,,,-8.576E-07,-0.0461298227310181,0.196938811801374,
,,,-8.574E-07,0.0208157896995544,0.195934627670795,
,,,-8.572E-07,-0.0461298227310181,0.196436719736084,
,,,-8.57E-07,-0.0461298227310181,0.196771447779611,
,,,-8.568E-07,-0.0461298227310181,0.197106175823137,
,,,-8.566E-07,-0.0461298227310181,0.196436719736084,
,,,-8.564E-07,0.0208157896995544,0.1972735398449,
,,,-8.562E-07,0.0208157896995544,0.1972735398449,
,,,-8.56E-07,0.0208157896995544,0.197942995931953,
,,,-8.558E-07,0.0208157896995544,0.196604083757848,
,,,-8.556E-07,0.087761402130127,0.197106175823137,
,,,-8.554E-07,-0.0461298227310181,0.19827772397548,
,,,-8.552E-07,-0.113075435161591,0.197106175823137,
,,,-8.55E-07,-0.0461298227310181,0.197608267888427,
,,,-8.548E-07,0.0208157896995544,0.197608267888427,
,,,-8.546E-07,0.0208157896995544,0.19827772397548,
,,,-8.54400000000001E-07,0.0208157896995544,0.197942995931953,
,,,-8.542E-07,-0.113075435161591,0.197440903866664,
,,,-8.54000000000001E-07,-0.0461298227310181,0.197440903866664,
,,,-8.538E-07,0.0208157896995544,0.197440903866664,
,,,-8.53600000000001E-07,0.0208157896995544,0.196938811801374,
,,,-8.534E-07,-0.0461298227310181,0.197440903866664,
,,,-8.53200000000001E-07,-0.0461298227310181,0.198110359953716,
,,,-8.53E-07,-0.113075435161591,0.197106175823137,
,,,-8.52800000000001E-07,0.0208157896995544,0.196604083757848,
,,,-8.526E-07,-0.0461298227310181,0.197106175823137,
,,,-8.52400000000001E-07,-0.0461298227310181,0.19777563191019,
,,,-8.522E-07,-0.0461298227310181,0.1972735398449,
,,,-8.52E-07,0.0208157896995544,0.196604083757848,
,,,-8.518E-07,0.0208157896995544,0.197106175823137,
,,,-8.516E-07,0.087761402130127,0.196771447779611,
,,,-8.514E-07,0.0208157896995544,0.196436719736084,
,,,-8.512E-07,-0.0461298227310181,0.197440903866664,
,,,-8.51E-07,0.087761402130127,0.196938811801374,
,,,-8.508E-07,0.0208157896995544,0.196604083757848,
,,,-8.506E-07,-0.0461298227310181,0.196938811801374,
,,,-8.504E-07,0.087761402130127,0.197106175823137,
,,,-8.502E-07,-0.113075435161591,0.196604083757848,
,,,-8.5E-07,0.0208157896995544,0.1972735398449,
,,,-8.498E-07,0.0208157896995544,0.1972735398449,
,,,-8.496E-07,0.087761402130127,0.196604083757848,
,,,-8.494E-07,0.0208157896995544,0.197106175823137,
,,,-8.492E-07,0.0208157896995544,0.196604083757848,
,,,-8.49000000000001E-07,0.0208157896995544,0.196436719736084,
,,,-8.488E-07,-0.0461298227310181,0.196604083757848,
,,,-8.48600000000001E-07,-0.0461298227310181,0.197440903866664,
,,,-8.484E-07,0.0208157896995544,0.196604083757848,
,,,-8.48200000000001E-07,0.0208157896995544,0.196771447779611,
,,,-8.48E-07,0.087761402130127,0.196938811801374,
,,,-8.47800000000001E-07,-0.0461298227310181,0.196436719736084,
,,,-8.476E-07,-0.0461298227310181,0.196269355714321,
,,,-8.47400000000001E-07,0.087761402130127,0.1972735398449,
,,,-8.472E-07,0.087761402130127,0.196101991692558,
,,,-8.47000000000001E-07,-0.113075435161591,0.196771447779611,
,,,-8.468E-07,0.0208157896995544,0.1972735398449,
,,,-8.46600000000001E-07,-0.0461298227310181,0.196604083757848,
,,,-8.464E-07,-0.0461298227310181,0.196436719736084,
,,,-8.462E-07,-0.0461298227310181,0.195934627670795,
,,,-8.46E-07,0.0208157896995544,0.196436719736084,
,,,-8.458E-07,-0.0461298227310181,0.196771447779611,
,,,-8.456E-07,-0.0461298227310181,0.196938811801374,
,,,-8.454E-07,0.087761402130127,0.196269355714321,
,,,-8.452E-07,0.087761402130127,0.196269355714321,
,,,-8.45E-07,-0.0461298227310181,0.196101991692558,
,,,-8.448E-07,-0.0461298227310181,0.196101991692558,
,,,-8.446E-07,0.154707014560699,0.196771447779611,
,,,-8.444E-07,-0.0461298227310181,0.196101991692558,
,,,-8.442E-07,0.0208157896995544,0.195599899627268,
,,,-8.44E-07,0.154707014560699,0.196436719736084,
,,,-8.438E-07,-0.0461298227310181,0.195934627670795,
,,,-8.436E-07,-0.113075435161591,0.195934627670795,
,,,-8.434E-07,-0.0461298227310181,0.195934627670795,
,,,-8.43200000000001E-07,0.087761402130127,0.195432535605505,
,,,-8.43E-07,0.0208157896995544,0.195767263649032,
,,,-8.42800000000001E-07,-0.0461298227310181,0.195934627670795,
,,,-8.426E-07,0.0208157896995544,0.196269355714321,
,,,-8.42400000000001E-07,0.0208157896995544,0.196101991692558,
,,,-8.422E-07,-0.0461298227310181,0.196269355714321,
,,,-8.42000000000001E-07,-0.113075435161591,0.195934627670795,
,,,-8.418E-07,-0.0461298227310181,0.196269355714321,
,,,-8.41600000000001E-07,0.0208157896995544,0.195767263649032,
,,,-8.414E-07,-0.113075435161591,0.195767263649032,
,,,-8.41200000000001E-07,0.0208157896995544,0.195599899627268,
,,,-8.41E-07,0.087761402130127,0.195767263649032,
,,,-8.408E-07,0.0208157896995544,0.195934627670795,
,,,-8.406E-07,-0.0461298227310181,0.195599899627268,
,,,-8.404E-07,0.087761402130127,0.195432535605505,
,,,-8.402E-07,0.0208157896995544,0.196101991692558,
,,,-8.4E-07,-0.0461298227310181,0.196269355714321,
,,,-8.398E-07,0.0208157896995544,0.195767263649032,
,,,-8.396E-07,0.087761402130127,0.195599899627268,
,,,-8.394E-07,-0.0461298227310181,0.195432535605505,
,,,-8.392E-07,0.0208157896995544,0.194930443540215,
,,,-8.39E-07,-0.0461298227310181,0.195599899627268,
,,,-8.388E-07,0.154707014560699,0.196101991692558,
,,,-8.386E-07,0.087761402130127,0.195767263649032,
,,,-8.384E-07,0.0208157896995544,0.195432535605505,
,,,-8.382E-07,0.087761402130127,0.196101991692558,
,,,-8.38E-07,0.0208157896995544,0.196436719736084,
,,,-8.378E-07,-0.0461298227310181,0.195934627670795,
,,,-8.376E-07,0.087761402130127,0.195432535605505,
,,,-8.37400000000001E-07,0.087761402130127,0.196436719736084,
,,,-8.372E-07,0.0208157896995544,0.196269355714321,
,,,-8.37000000000001E-07,-0.0461298227310181,0.196436719736084,
,,,-8.368E-07,0.087761402130127,0.196101991692558,
,,,-8.36600000000001E-07,-0.113075435161591,0.196938811801374,
,,,-8.364E-07,0.087761402130127,0.195934627670795,
,,,-8.36200000000001E-07,-0.0461298227310181,0.195934627670795,
,,,-8.36E-07,-0.0461298227310181,0.197106175823137,
,,,-8.35800000000001E-07,-0.0461298227310181,0.196604083757848,
,,,-8.356E-07,0.0208157896995544,0.195934627670795,
,,,-8.35400000000001E-07,-0.113075435161591,0.196101991692558,
,,,-8.352E-07,0.0208157896995544,0.196269355714321,
,,,-8.35E-07,-0.0461298227310181,0.195432535605505,
,,,-8.348E-07,0.0208157896995544,0.196436719736084,
,,,-8.346E-07,0.0208157896995544,0.196436719736084,
,,,-8.344E-07,0.0208157896995544,0.196436719736084,
,,,-8.342E-07,-0.0461298227310181,0.196101991692558,
,,,-8.34E-07,0.0208157896995544,0.196436719736084,
,,,-8.338E-07,-0.113075435161591,0.196604083757848,
,,,-8.336E-07,0.087761402130127,0.195767263649032,
,,,-8.334E-07,-0.113075435161591,0.195432535605505,
,,,-8.332E-07,0.0208157896995544,0.196436719736084,
,,,-8.33E-07,-0.113075435161591,0.195934627670795,
,,,-8.328E-07,0.0208157896995544,0.196771447779611,
,,,-8.326E-07,0.0208157896995544,0.195934627670795,
,,,-8.324E-07,0.087761402130127,0.196101991692558,
,,,-8.322E-07,0.0208157896995544,0.195767263649032,
,,,-8.32000000000001E-07,-0.0461298227310181,0.195097807561979,
,,,-8.318E-07,0.0208157896995544,0.196269355714321,
,,,-8.31600000000001E-07,-0.0461298227310181,0.196436719736084,
,,,-8.314E-07,-0.0461298227310181,0.195934627670795,
,,,-8.31200000000001E-07,0.087761402130127,0.196269355714321,
,,,-8.31E-07,-0.113075435161591,0.195934627670795,
,,,-8.30800000000001E-07,-0.0461298227310181,0.195265171583742,
,,,-8.306E-07,0.0208157896995544,0.195934627670795,
,,,-8.30400000000001E-07,0.087761402130127,0.195599899627268,
,,,-8.302E-07,-0.0461298227310181,0.196269355714321,
,,,-8.30000000000001E-07,0.0208157896995544,0.195934627670795,
,,,-8.298E-07,0.0208157896995544,0.196101991692558,
,,,-8.296E-07,-0.0461298227310181,0.195934627670795,
,,,-8.294E-07,-0.113075435161591,0.195599899627268,
,,,-8.292E-07,-0.113075435161591,0.196269355714321,
,,,-8.29E-07,0.0208157896995544,0.196101991692558,
,,,-8.288E-07,0.0208157896995544,0.195599899627268,
,,,-8.286E-07,-0.113075435161591,0.196101991692558,
,,,-8.284E-07,0.0208157896995544,0.195767263649032,
,,,-8.282E-07,-0.0461298227310181,0.195934627670795,
,,,-8.28E-07,-0.0461298227310181,0.196269355714321,
,,,-8.278E-07,-0.0461298227310181,0.196436719736084,
,,,-8.276E-07,-0.0461298227310181,0.196101991692558,
,,,-8.274E-07,-0.0461298227310181,0.196269355714321,
,,,-8.272E-07,0.0208157896995544,0.196604083757848,
,,,-8.27E-07,-0.0461298227310181,0.196436719736084,
,,,-8.268E-07,-0.0461298227310181,0.196436719736084,
,,,-8.266E-07,0.0208157896995544,0.196101991692558,
,,,-8.264E-07,0.0208157896995544,0.196101991692558,
,,,-8.26200000000001E-07,-0.0461298227310181,0.196771447779611,
,,,-8.26E-07,0.087761402130127,0.196938811801374,
,,,-8.25800000000001E-07,0.0208157896995544,0.195934627670795,
,,,-8.256E-07,0.0208157896995544,0.196269355714321,
,,,-8.25400000000001E-07,0.087761402130127,0.196269355714321,
,,,-8.252E-07,-0.0461298227310181,0.196436719736084,
,,,-8.25000000000001E-07,0.0208157896995544,0.195767263649032,
,,,-8.248E-07,-0.0461298227310181,0.196269355714321,
,,,-8.24600000000001E-07,-0.113075435161591,0.196604083757848,
,,,-8.244E-07,0.0208157896995544,0.197106175823137,
,,,-8.24200000000001E-07,0.0208157896995544,0.196101991692558,
,,,-8.24E-07,0.087761402130127,0.196771447779611,
,,,-8.238E-07,0.0208157896995544,0.196436719736084,
,,,-8.236E-07,-0.0461298227310181,0.196436719736084,
,,,-8.234E-07,-0.0461298227310181,0.196436719736084,
,,,-8.232E-07,-0.0461298227310181,0.196269355714321,
,,,-8.23E-07,-0.0461298227310181,0.196269355714321,
,,,-8.228E-07,-0.0461298227310181,0.196771447779611,
,,,-8.226E-07,0.0208157896995544,0.196436719736084,
,,,-8.224E-07,0.087761402130127,0.196101991692558,
,,,-8.222E-07,-0.113075435161591,0.195599899627268,
,,,-8.22E-07,-0.0461298227310181,0.196269355714321,
,,,-8.218E-07,0.0208157896995544,0.196771447779611,
,,,-8.216E-07,-0.0461298227310181,0.196101991692558,
,,,-8.214E-07,-0.0461298227310181,0.195934627670795,
,,,-8.212E-07,0.0208157896995544,0.196101991692558,
,,,-8.21E-07,-0.0461298227310181,0.196436719736084,
,,,-8.20800000000001E-07,-0.0461298227310181,0.196436719736084,
,,,-8.206E-07,0.0208157896995544,0.196604083757848,
,,,-8.20400000000001E-07,0.0208157896995544,0.196436719736084,
,,,-8.202E-07,-0.113075435161591,0.196604083757848,
,,,-8.20000000000001E-07,0.0208157896995544,0.196604083757848,
,,,-8.198E-07,0.0208157896995544,0.196269355714321,
,,,-8.19600000000001E-07,0.0208157896995544,0.196101991692558,
,,,-8.194E-07,0.0208157896995544,0.196604083757848,
,,,-8.19200000000001E-07,-0.0461298227310181,0.195599899627268,
,,,-8.19E-07,0.0208157896995544,0.196604083757848,
,,,-8.18800000000001E-07,0.0208157896995544,0.196436719736084,
,,,-8.186E-07,0.0208157896995544,0.195934627670795,
,,,-8.18400000000001E-07,0.0208157896995544,0.196269355714321,
,,,-8.182E-07,-0.113075435161591,0.196771447779611,
,,,-8.18E-07,-0.0461298227310181,0.196436719736084,
,,,-8.178E-07,-0.0461298227310181,0.196436719736084,
,,,-8.176E-07,0.154707014560699,0.1972735398449,
,,,-8.174E-07,-0.0461298227310181,0.196101991692558,
,,,-8.172E-07,-0.113075435161591,0.196436719736084,
,,,-8.17E-07,-0.0461298227310181,0.196771447779611,
,,,-8.168E-07,0.0208157896995544,0.196604083757848,
,,,-8.166E-07,-0.113075435161591,0.196938811801374,
,,,-8.164E-07,0.0208157896995544,0.196101991692558,
,,,-8.162E-07,0.0208157896995544,0.196771447779611,
,,,-8.16E-07,0.0208157896995544,0.197106175823137,
,,,-8.158E-07,-0.113075435161591,0.196771447779611,
,,,-8.156E-07,-0.0461298227310181,0.196771447779611,
,,,-8.154E-07,0.0208157896995544,0.197106175823137,
,,,-8.152E-07,0.0208157896995544,0.196269355714321,
,,,-8.15000000000001E-07,-0.0461298227310181,0.196436719736084,
,,,-8.148E-07,0.0208157896995544,0.196771447779611,
,,,-8.14600000000001E-07,-0.0461298227310181,0.197106175823137,
,,,-8.144E-07,-0.0461298227310181,0.196604083757848,
,,,-8.14200000000001E-07,0.0208157896995544,0.197106175823137,
,,,-8.14E-07,0.0208157896995544,0.196938811801374,
,,,-8.13800000000001E-07,0.0208157896995544,0.196938811801374,
,,,-8.136E-07,0.087761402130127,0.196604083757848,
,,,-8.13400000000001E-07,-0.0461298227310181,0.196938811801374,
,,,-8.132E-07,0.0208157896995544,0.196938811801374,
,,,-8.13000000000001E-07,0.0208157896995544,0.196938811801374,
,,,-8.128E-07,-0.0461298227310181,0.196938811801374,
,,,-8.126E-07,0.087761402130127,0.196436719736084,
,,,-8.124E-07,0.0208157896995544,0.196436719736084,
,,,-8.122E-07,0.0208157896995544,0.196604083757848,
,,,-8.12E-07,0.0208157896995544,0.196771447779611,
,,,-8.118E-07,0.0208157896995544,0.196436719736084,
,,,-8.116E-07,0.0208157896995544,0.196269355714321,
,,,-8.114E-07,-0.0461298227310181,0.196938811801374,
,,,-8.112E-07,0.087761402130127,0.197106175823137,
,,,-8.11E-07,0.0208157896995544,0.196938811801374,
,,,-8.108E-07,0.0208157896995544,0.197440903866664,
,,,-8.106E-07,-0.0461298227310181,0.1972735398449,
,,,-8.104E-07,0.0208157896995544,0.196771447779611,
,,,-8.102E-07,0.0208157896995544,0.197106175823137,
,,,-8.1E-07,-0.0461298227310181,0.196771447779611,
,,,-8.098E-07,0.0208157896995544,0.1972735398449,
,,,-8.096E-07,-0.0461298227310181,0.196771447779611,
,,,-8.094E-07,-0.113075435161591,0.196771447779611,
,,,-8.09200000000001E-07,0.0208157896995544,0.197106175823137,
,,,-8.09E-07,0.087761402130127,0.1972735398449,
,,,-8.08800000000001E-07,0.0208157896995544,0.196604083757848,
,,,-8.086E-07,-0.0461298227310181,0.196436719736084,
,,,-8.08400000000001E-07,0.0208157896995544,0.1972735398449,
,,,-8.082E-07,-0.0461298227310181,0.197106175823137,
,,,-8.08000000000001E-07,-0.0461298227310181,0.196938811801374,
,,,-8.078E-07,0.0208157896995544,0.196771447779611,
,,,-8.07600000000001E-07,-0.0461298227310181,0.196938811801374,
,,,-8.074E-07,-0.0461298227310181,0.196938811801374,
,,,-8.07200000000001E-07,0.0208157896995544,0.197942995931953,
,,,-8.07E-07,0.0208157896995544,0.196938811801374,
,,,-8.068E-07,0.087761402130127,0.196771447779611,
,,,-8.066E-07,0.0208157896995544,0.197440903866664,
,,,-8.064E-07,0.0208157896995544,0.197608267888427,
,,,-8.062E-07,0.0208157896995544,0.19777563191019,
,,,-8.06E-07,-0.0461298227310181,0.198110359953716,
,,,-8.058E-07,-0.0461298227310181,0.19777563191019,
,,,-8.056E-07,0.087761402130127,0.19827772397548,
,,,-8.054E-07,-0.0461298227310181,0.197106175823137,
,,,-8.052E-07,0.0208157896995544,0.1972735398449,
,,,-8.05E-07,0.087761402130127,0.197608267888427,
,,,-8.048E-07,0.154707014560699,0.197608267888427,
,,,-8.046E-07,0.0208157896995544,0.19777563191019,
,,,-8.044E-07,-0.0461298227310181,0.197608267888427,
,,,-8.042E-07,0.0208157896995544,0.19777563191019,
,,,-8.04E-07,-0.0461298227310181,0.196938811801374,
,,,-8.03800000000001E-07,-0.0461298227310181,0.197106175823137,
,,,-8.036E-07,0.0208157896995544,0.198110359953716,
,,,-8.03400000000001E-07,-0.0461298227310181,0.196938811801374,
,,,-8.032E-07,0.087761402130127,0.197106175823137,
,,,-8.03000000000001E-07,0.0208157896995544,0.197608267888427,
,,,-8.028E-07,0.0208157896995544,0.19777563191019,
,,,-8.02600000000001E-07,0.087761402130127,0.197440903866664,
,,,-8.024E-07,0.0208157896995544,0.197608267888427,
,,,-8.02200000000001E-07,-0.113075435161591,0.197106175823137,
,,,-8.02E-07,-0.0461298227310181,0.197608267888427,
,,,-8.01800000000001E-07,-0.0461298227310181,0.197440903866664,
,,,-8.016E-07,0.0208157896995544,0.197608267888427,
,,,-8.014E-07,0.0208157896995544,0.197942995931953,
,,,-8.012E-07,0.0208157896995544,0.197608267888427,
,,,-8.01E-07,0.0208157896995544,0.197942995931953,
,,,-8.008E-07,0.0208157896995544,0.1972735398449,
,,,-8.006E-07,0.087761402130127,0.1972735398449,
,,,-8.004E-07,0.087761402130127,0.1972735398449,
,,,-8.002E-07,0.0208157896995544,0.196938811801374,
,,,-8E-07,-0.0461298227310181,0.197106175823137,
,,,-7.998E-07,0.087761402130127,0.1972735398449,
,,,-7.996E-07,-0.0461298227310181,0.197440903866664,
,,,-7.994E-07,0.0208157896995544,0.197106175823137,
,,,-7.992E-07,0.0208157896995544,0.197942995931953,
,,,-7.99E-07,-0.0461298227310181,0.197440903866664,
,,,-7.988E-07,0.0208157896995544,0.196604083757848,
,,,-7.986E-07,-0.0461298227310181,0.197440903866664,
,,,-7.984E-07,0.0208157896995544,0.197608267888427,
,,,-7.982E-07,-0.0461298227310181,0.197106175823137,
,,,-7.98000000000001E-07,0.087761402130127,0.197106175823137,
,,,-7.978E-07,-0.0461298227310181,0.197608267888427,
,,,-7.97600000000001E-07,-0.0461298227310181,0.196771447779611,
,,,-7.974E-07,0.0208157896995544,0.197106175823137,
,,,-7.97200000000001E-07,-0.113075435161591,0.1972735398449,
,,,-7.97E-07,0.0208157896995544,0.197608267888427,
,,,-7.96800000000001E-07,0.0208157896995544,0.197608267888427,
,,,-7.966E-07,-0.113075435161591,0.196938811801374,
,,,-7.96400000000001E-07,0.0208157896995544,0.196771447779611,
,,,-7.962E-07,0.0208157896995544,0.197440903866664,
,,,-7.96000000000001E-07,-0.113075435161591,0.197440903866664,
,,,-7.958E-07,-0.0461298227310181,0.1972735398449,
,,,-7.956E-07,0.087761402130127,0.19777563191019,
,,,-7.954E-07,-0.0461298227310181,0.19777563191019,
,,,-7.952E-07,0.0208157896995544,0.197608267888427,
,,,-7.95E-07,-0.113075435161591,0.197106175823137,
,,,-7.948E-07,0.0208157896995544,0.1972735398449,
,,,-7.946E-07,-0.0461298227310181,0.197440903866664,
,,,-7.944E-07,0.087761402130127,0.197106175823137,
,,,-7.942E-07,0.0208157896995544,0.19777563191019,
,,,-7.94E-07,0.221652626991272,0.197440903866664,
,,,-7.938E-07,0.0208157896995544,0.196938811801374,
,,,-7.936E-07,-0.0461298227310181,0.197608267888427,
,,,-7.934E-07,0.087761402130127,0.19827772397548,
,,,-7.932E-07,0.0208157896995544,0.197106175823137,
,,,-7.93E-07,-0.0461298227310181,0.197608267888427,
,,,-7.928E-07,0.087761402130127,0.1972735398449,
,,,-7.92600000000001E-07,0.087761402130127,0.196938811801374,
,,,-7.924E-07,-0.113075435161591,0.1972735398449,
,,,-7.92200000000001E-07,-0.0461298227310181,0.197106175823137,
,,,-7.92E-07,0.0208157896995544,0.1972735398449,
,,,-7.91800000000001E-07,-0.0461298227310181,0.197440903866664,
,,,-7.916E-07,-0.0461298227310181,0.197106175823137,
,,,-7.91400000000001E-07,-0.0461298227310181,0.197106175823137,
,,,-7.912E-07,0.0208157896995544,0.196938811801374,
,,,-7.91000000000001E-07,-0.0461298227310181,0.196771447779611,
,,,-7.908E-07,-0.113075435161591,0.1972735398449,
,,,-7.90600000000001E-07,-0.0461298227310181,0.1972735398449,
,,,-7.904E-07,0.087761402130127,0.196771447779611,
,,,-7.90200000000001E-07,-0.0461298227310181,0.1972735398449,
,,,-7.9E-07,-0.0461298227310181,0.197440903866664,
,,,-7.898E-07,0.087761402130127,0.196938811801374,
,,,-7.896E-07,0.0208157896995544,0.196771447779611,
,,,-7.894E-07,-0.113075435161591,0.197440903866664,
,,,-7.892E-07,0.087761402130127,0.196771447779611,
,,,-7.89E-07,-0.0461298227310181,0.1972735398449,
,,,-7.888E-07,-0.0461298227310181,0.197106175823137,
,,,-7.886E-07,0.0208157896995544,0.19777563191019,
,,,-7.884E-07,0.087761402130127,0.196771447779611,
,,,-7.882E-07,-0.113075435161591,0.196771447779611,
,,,-7.88E-07,0.087761402130127,0.197106175823137,
,,,-7.878E-07,0.0208157896995544,0.196938811801374,
,,,-7.876E-07,0.087761402130127,0.1972735398449,
,,,-7.874E-07,0.0208157896995544,0.197106175823137,
,,,-7.872E-07,-0.0461298227310181,0.198110359953716,
,,,-7.87E-07,0.087761402130127,0.1972735398449,
,,,-7.86800000000001E-07,-0.113075435161591,0.197440903866664,
,,,-7.866E-07,-0.113075435161591,0.197608267888427,
,,,-7.86400000000001E-07,0.0208157896995544,0.197608267888427,
,,,-7.862E-07,-0.0461298227310181,0.197106175823137,
,,,-7.86000000000001E-07,-0.0461298227310181,0.196436719736084,
,,,-7.858E-07,-0.0461298227310181,0.1972735398449,
,,,-7.85600000000001E-07,0.154707014560699,0.1972735398449,
,,,-7.854E-07,-0.113075435161591,0.197608267888427,
,,,-7.85200000000001E-07,0.0208157896995544,0.197608267888427,
,,,-7.85E-07,0.0208157896995544,0.197608267888427,
,,,-7.84800000000001E-07,0.0208157896995544,0.197106175823137,
,,,-7.846E-07,-0.0461298227310181,0.196938811801374,
,,,-7.844E-07,-0.113075435161591,0.197106175823137,
,,,-7.842E-07,0.0208157896995544,0.19777563191019,
,,,-7.84E-07,0.0208157896995544,0.19777563191019,
,,,-7.838E-07,-0.113075435161591,0.196938811801374,
,,,-7.836E-07,0.0208157896995544,0.19777563191019,
,,,-7.834E-07,0.087761402130127,0.197106175823137,
,,,-7.832E-07,-0.0461298227310181,0.197106175823137,
,,,-7.83E-07,-0.0461298227310181,0.196938811801374,
,,,-7.828E-07,0.0208157896995544,0.197608267888427,
,,,-7.826E-07,-0.0461298227310181,0.197106175823137,
,,,-7.824E-07,-0.113075435161591,0.197608267888427,
,,,-7.822E-07,0.0208157896995544,0.196771447779611,
,,,-7.82E-07,-0.0461298227310181,0.196436719736084,
,,,-7.818E-07,-0.0461298227310181,0.196269355714321,
,,,-7.816E-07,0.0208157896995544,0.196938811801374,
,,,-7.814E-07,0.087761402130127,0.197608267888427,
,,,-7.812E-07,0.087761402130127,0.196938811801374,
,,,-7.81000000000001E-07,0.0208157896995544,0.196771447779611,
,,,-7.808E-07,-0.0461298227310181,0.196604083757848,
,,,-7.80600000000001E-07,0.0208157896995544,0.196436719736084,
,,,-7.804E-07,-0.0461298227310181,0.196269355714321,
,,,-7.80200000000001E-07,0.087761402130127,0.195934627670795,
,,,-7.8E-07,0.0208157896995544,0.196771447779611,
,,,-7.79800000000001E-07,-0.113075435161591,0.196938811801374,
,,,-7.796E-07,-0.0461298227310181,0.197106175823137,
,,,-7.79400000000001E-07,-0.0461298227310181,0.1972735398449,
,,,-7.792E-07,-0.0461298227310181,0.197440903866664,
,,,-7.79000000000001E-07,-0.0461298227310181,0.195934627670795,
,,,-7.788E-07,0.0208157896995544,0.1972735398449,
,,,-7.786E-07,0.0208157896995544,0.196604083757848,
,,,-7.784E-07,0.0208157896995544,0.195767263649032,
,,,-7.782E-07,-0.0461298227310181,0.197440903866664,
,,,-7.78E-07,-0.113075435161591,0.196604083757848,
,,,-7.778E-07,-0.0461298227310181,0.196436719736084,
,,,-7.776E-07,0.0208157896995544,0.196604083757848,
,,,-7.774E-07,-0.0461298227310181,0.196436719736084,
,,,-7.772E-07,-0.113075435161591,0.196771447779611,
,,,-7.77E-07,0.0208157896995544,0.197106175823137,
,,,-7.768E-07,0.0208157896995544,0.196938811801374,
,,,-7.766E-07,-0.0461298227310181,0.196604083757848,
,,,-7.764E-07,0.0208157896995544,0.197106175823137,
,,,-7.762E-07,-0.0461298227310181,0.196771447779611,
,,,-7.76E-07,-0.0461298227310181,0.197106175823137,
,,,-7.758E-07,-0.0461298227310181,0.197440903866664,
,,,-7.75600000000001E-07,0.087761402130127,0.1972735398449,
,,,-7.754E-07,-0.0461298227310181,0.197608267888427,
,,,-7.75200000000001E-07,0.0208157896995544,0.197608267888427,
,,,-7.75E-07,-0.0461298227310181,0.197440903866664,
,,,-7.74800000000001E-07,0.087761402130127,0.196604083757848,
,,,-7.746E-07,0.0208157896995544,0.1972735398449,
,,,-7.74400000000001E-07,0.0208157896995544,0.1972735398449,
,,,-7.742E-07,-0.0461298227310181,0.197440903866664,
,,,-7.74000000000001E-07,-0.180021047592163,0.197106175823137,
,,,-7.738E-07,0.087761402130127,0.197106175823137,
,,,-7.73600000000001E-07,0.087761402130127,0.196938811801374,
,,,-7.734E-07,0.0208157896995544,0.196436719736084,
,,,-7.732E-07,0.0208157896995544,0.196604083757848,
,,,-7.73E-07,-0.0461298227310181,0.196938811801374,
,,,-7.728E-07,0.0208157896995544,0.1972735398449,
,,,-7.726E-07,-0.113075435161591,0.196771447779611,
,,,-7.724E-07,0.0208157896995544,0.196771447779611,
,,,-7.722E-07,-0.0461298227310181,0.197106175823137,
,,,-7.72E-07,0.0208157896995544,0.196269355714321,
,,,-7.718E-07,0.0208157896995544,0.196771447779611,
,,,-7.716E-07,0.0208157896995544,0.197608267888427,
,,,-7.714E-07,-0.113075435161591,0.1972735398449,
,,,-7.712E-07,-0.0461298227310181,0.196101991692558,
,,,-7.71E-07,-0.0461298227310181,0.196604083757848,
,,,-7.708E-07,0.0208157896995544,0.196604083757848,
,,,-7.706E-07,0.0208157896995544,0.195599899627268,
,,,-7.704E-07,0.0208157896995544,0.196101991692558,
,,,-7.702E-07,-0.0461298227310181,0.1972735398449,
,,,-7.7E-07,-0.113075435161591,0.196604083757848,
,,,-7.69800000000001E-07,-0.0461298227310181,0.196269355714321,
,,,-7.696E-07,0.0208157896995544,0.197106175823137,
,,,-7.69400000000001E-07,-0.0461298227310181,0.195767263649032,
,,,-7.692E-07,-0.0461298227310181,0.196436719736084,
,,,-7.69000000000001E-07,-0.113075435161591,0.196604083757848,
,,,-7.688E-07,0.0208157896995544,0.196938811801374,
,,,-7.68600000000001E-07,0.0208157896995544,0.195767263649032,
,,,-7.684E-07,0.087761402130127,0.1972735398449,
,,,-7.68200000000001E-07,0.0208157896995544,0.196436719736084,
,,,-7.68E-07,-0.0461298227310181,0.197106175823137,
,,,-7.67800000000001E-07,0.087761402130127,0.1972735398449,
,,,-7.676E-07,-0.0461298227310181,0.197106175823137,
,,,-7.674E-07,0.0208157896995544,0.196604083757848,
,,,-7.672E-07,0.0208157896995544,0.196604083757848,
,,,-7.67E-07,-0.0461298227310181,0.197440903866664,
,,,-7.668E-07,0.0208157896995544,0.196604083757848,
,,,-7.666E-07,-0.0461298227310181,0.197440903866664,
,,,-7.664E-07,0.0208157896995544,0.197608267888427,
,,,-7.662E-07,-0.0461298227310181,0.196938811801374,
,,,-7.66E-07,0.087761402130127,0.196269355714321,
,,,-7.658E-07,-0.0461298227310181,0.197440903866664,
,,,-7.656E-07,0.0208157896995544,0.196771447779611,
,,,-7.654E-07,0.0208157896995544,0.1972735398449,
,,,-7.652E-07,-0.113075435161591,0.197608267888427,
,,,-7.65E-07,0.0208157896995544,0.1972735398449,
,,,-7.648E-07,0.087761402130127,0.196604083757848,
,,,-7.646E-07,-0.0461298227310181,0.196938811801374,
,,,-7.64400000000001E-07,-0.113075435161591,0.196938811801374,
,,,-7.642E-07,0.087761402130127,0.196604083757848,
,,,-7.64000000000001E-07,0.0208157896995544,0.197440903866664,
,,,-7.638E-07,-0.113075435161591,0.195934627670795,
,,,-7.63600000000001E-07,0.087761402130127,0.196604083757848,
,,,-7.634E-07,-0.0461298227310181,0.196771447779611,
,,,-7.63200000000001E-07,-0.0461298227310181,0.196436719736084,
,,,-7.63E-07,-0.0461298227310181,0.196771447779611,
,,,-7.62800000000001E-07,0.0208157896995544,0.196604083757848,
,,,-7.626E-07,-0.113075435161591,0.195934627670795,
,,,-7.62400000000001E-07,0.087761402130127,0.195767263649032,
,,,-7.622E-07,0.087761402130127,0.196436719736084,
,,,-7.62000000000001E-07,0.0208157896995544,0.196436719736084,
,,,-7.618E-07,-0.0461298227310181,0.196436719736084,
,,,-7.616E-07,-0.0461298227310181,0.196771447779611,
,,,-7.614E-07,0.0208157896995544,0.196269355714321,
,,,-7.612E-07,-0.0461298227310181,0.196604083757848,
,,,-7.61E-07,0.0208157896995544,0.196771447779611,
,,,-7.608E-07,0.0208157896995544,0.196269355714321,
,,,-7.606E-07,-0.0461298227310181,0.195767263649032,
,,,-7.604E-07,-0.0461298227310181,0.195934627670795,
,,,-7.602E-07,0.0208157896995544,0.195767263649032,
,,,-7.6E-07,0.087761402130127,0.196101991692558,
,,,-7.598E-07,-0.113075435161591,0.197106175823137,
,,,-7.596E-07,0.087761402130127,0.196938811801374,
,,,-7.594E-07,0.087761402130127,0.196436719736084,
,,,-7.592E-07,-0.0461298227310181,0.196269355714321,
,,,-7.59E-07,-0.0461298227310181,0.196436719736084,
,,,-7.588E-07,0.0208157896995544,0.195934627670795,
,,,-7.58600000000001E-07,0.087761402130127,0.196938811801374,
,,,-7.584E-07,0.0208157896995544,0.196771447779611,
,,,-7.58200000000001E-07,-0.113075435161591,0.196436719736084,
,,,-7.58E-07,-0.0461298227310181,0.196771447779611,
,,,-7.57800000000001E-07,0.0208157896995544,0.197106175823137,
,,,-7.576E-07,0.0208157896995544,0.196269355714321,
,,,-7.57400000000001E-07,-0.0461298227310181,0.19777563191019,
,,,-7.572E-07,-0.0461298227310181,0.197440903866664,
,,,-7.57000000000001E-07,-0.0461298227310181,0.197608267888427,
,,,-7.568E-07,0.087761402130127,0.197106175823137,
,,,-7.56600000000001E-07,-0.0461298227310181,0.197440903866664,
,,,-7.564E-07,0.0208157896995544,0.196771447779611,
,,,-7.562E-07,-0.0461298227310181,0.196938811801374,
,,,-7.56E-07,0.0208157896995544,0.197440903866664,
,,,-7.558E-07,0.0208157896995544,0.1972735398449,
,,,-7.556E-07,0.0208157896995544,0.196938811801374,
,,,-7.554E-07,-0.0461298227310181,0.197440903866664,
,,,-7.552E-07,-0.0461298227310181,0.196771447779611,
,,,-7.55E-07,0.0208157896995544,0.197106175823137,
,,,-7.548E-07,0.0208157896995544,0.197106175823137,
,,,-7.546E-07,0.087761402130127,0.196604083757848,
,,,-7.544E-07,0.0208157896995544,0.196771447779611,
,,,-7.542E-07,-0.113075435161591,0.196269355714321,
,,,-7.54E-07,0.0208157896995544,0.196604083757848,
,,,-7.538E-07,0.0208157896995544,0.197106175823137,
,,,-7.536E-07,0.154707014560699,0.196269355714321,
,,,-7.534E-07,0.0208157896995544,0.196604083757848,
,,,-7.532E-07,0.0208157896995544,0.196269355714321,
,,,-7.53E-07,-0.0461298227310181,0.196269355714321,
,,,-7.52800000000001E-07,-0.0461298227310181,0.195934627670795,
,,,-7.526E-07,0.0208157896995544,0.196938811801374,
,,,-7.52400000000001E-07,-0.113075435161591,0.196436719736084,
,,,-7.522E-07,-0.0461298227310181,0.196771447779611,
,,,-7.52000000000001E-07,0.087761402130127,0.196604083757848,
,,,-7.518E-07,-0.0461298227310181,0.196938811801374,
,,,-7.51600000000001E-07,0.0208157896995544,0.196771447779611,
,,,-7.514E-07,0.0208157896995544,0.196436719736084,
,,,-7.51200000000001E-07,0.0208157896995544,0.197106175823137,
,,,-7.51E-07,-0.0461298227310181,0.197106175823137,
,,,-7.50800000000001E-07,-0.0461298227310181,0.197106175823137,
,,,-7.506E-07,0.0208157896995544,0.1972735398449,
,,,-7.504E-07,0.0208157896995544,0.1972735398449,
,,,-7.502E-07,0.0208157896995544,0.196604083757848,
,,,-7.5E-07,-0.0461298227310181,0.196604083757848,
,,,-7.498E-07,-0.113075435161591,0.197608267888427,
,,,-7.496E-07,0.087761402130127,0.197440903866664,
,,,-7.494E-07,0.087761402130127,0.197942995931953,
,,,-7.492E-07,0.087761402130127,0.197608267888427,
,,,-7.49E-07,0.0208157896995544,0.197942995931953,
,,,-7.488E-07,0.0208157896995544,0.196771447779611,
,,,-7.486E-07,0.087761402130127,0.1972735398449,
,,,-7.484E-07,-0.0461298227310181,0.19777563191019,
,,,-7.482E-07,-0.0461298227310181,0.197608267888427,
,,,-7.48E-07,0.0208157896995544,0.196604083757848,
,,,-7.478E-07,0.0208157896995544,0.19777563191019,
,,,-7.476E-07,-0.113075435161591,0.19777563191019,
,,,-7.47400000000001E-07,0.0208157896995544,0.197608267888427,
,,,-7.472E-07,0.154707014560699,0.197608267888427,
,,,-7.47000000000001E-07,-0.0461298227310181,0.197608267888427,
,,,-7.468E-07,-0.113075435161591,0.197106175823137,
,,,-7.46600000000001E-07,0.154707014560699,0.197106175823137,
,,,-7.464E-07,0.0208157896995544,0.196771447779611,
,,,-7.46200000000001E-07,-0.0461298227310181,0.196101991692558,
,,,-7.46E-07,0.0208157896995544,0.196771447779611,
,,,-7.45800000000001E-07,0.087761402130127,0.196604083757848,
,,,-7.456E-07,0.0208157896995544,0.196101991692558,
,,,-7.45400000000001E-07,-0.113075435161591,0.195934627670795,
,,,-7.452E-07,0.0208157896995544,0.196269355714321,
,,,-7.45E-07,0.0208157896995544,0.195934627670795,
,,,-7.448E-07,0.0208157896995544,0.195934627670795,
,,,-7.446E-07,-0.0461298227310181,0.196269355714321,
,,,-7.444E-07,0.0208157896995544,0.196101991692558,
,,,-7.442E-07,0.0208157896995544,0.195767263649032,
,,,-7.44E-07,-0.0461298227310181,0.195934627670795,
,,,-7.438E-07,0.0208157896995544,0.195432535605505,
,,,-7.436E-07,0.087761402130127,0.196101991692558,
,,,-7.434E-07,0.0208157896995544,0.196101991692558,
,,,-7.432E-07,0.087761402130127,0.196604083757848,
,,,-7.43E-07,0.0208157896995544,0.195934627670795,
,,,-7.428E-07,0.0208157896995544,0.196269355714321,
,,,-7.426E-07,0.0208157896995544,0.196269355714321,
,,,-7.424E-07,0.087761402130127,0.195097807561979,
,,,-7.422E-07,0.0208157896995544,0.195265171583742,
,,,-7.42E-07,-0.0461298227310181,0.196101991692558,
,,,-7.418E-07,0.0208157896995544,0.195432535605505,
,,,-7.41600000000001E-07,0.0208157896995544,0.196269355714321,
,,,-7.414E-07,-0.0461298227310181,0.196771447779611,
,,,-7.41200000000001E-07,0.0208157896995544,0.195934627670795,
,,,-7.41E-07,0.0208157896995544,0.196771447779611,
,,,-7.40800000000001E-07,0.087761402130127,0.196436719736084,
,,,-7.406E-07,0.0208157896995544,0.197106175823137,
,,,-7.40400000000001E-07,0.0208157896995544,0.195934627670795,
,,,-7.402E-07,0.0208157896995544,0.196771447779611,
,,,-7.40000000000001E-07,0.0208157896995544,0.196771447779611,
,,,-7.398E-07,0.087761402130127,0.197440903866664,
,,,-7.39600000000001E-07,-0.0461298227310181,0.196771447779611,
,,,-7.394E-07,0.0208157896995544,0.196604083757848,
,,,-7.392E-07,0.0208157896995544,0.197440903866664,
,,,-7.39E-07,-0.113075435161591,0.196604083757848,
,,,-7.388E-07,0.0208157896995544,0.195767263649032,
,,,-7.386E-07,0.087761402130127,0.196938811801374,
,,,-7.384E-07,0.0208157896995544,0.1972735398449,
,,,-7.382E-07,-0.0461298227310181,0.196269355714321,
,,,-7.38E-07,0.0208157896995544,0.197106175823137,
,,,-7.378E-07,-0.0461298227310181,0.197608267888427,
,,,-7.376E-07,0.0208157896995544,0.196436719736084,
,,,-7.374E-07,0.0208157896995544,0.1972735398449,
,,,-7.372E-07,0.087761402130127,0.196436719736084,
,,,-7.37E-07,-0.0461298227310181,0.196604083757848,
,,,-7.368E-07,0.0208157896995544,0.196604083757848,
,,,-7.366E-07,0.0208157896995544,0.196938811801374,
,,,-7.364E-07,0.087761402130127,0.196101991692558,
,,,-7.36200000000001E-07,-0.0461298227310181,0.196269355714321,
,,,-7.36E-07,0.0208157896995544,0.197106175823137,
,,,-7.35800000000001E-07,0.087761402130127,0.196771447779611,
,,,-7.356E-07,0.0208157896995544,0.1972735398449,
,,,-7.35400000000001E-07,0.0208157896995544,0.196771447779611,
,,,-7.352E-07,0.0208157896995544,0.196938811801374,
,,,-7.35000000000001E-07,-0.0461298227310181,0.196604083757848,
,,,-7.348E-07,0.0208157896995544,0.196269355714321,
,,,-7.34600000000001E-07,-0.0461298227310181,0.196938811801374,
,,,-7.344E-07,0.0208157896995544,0.196604083757848,
,,,-7.34200000000001E-07,-0.0461298227310181,0.196604083757848,
,,,-7.34E-07,0.154707014560699,0.196436719736084,
,,,-7.33800000000001E-07,-0.0461298227310181,0.196436719736084,
,,,-7.336E-07,0.0208157896995544,0.1972735398449,
,,,-7.334E-07,-0.0461298227310181,0.196604083757848,
,,,-7.332E-07,0.0208157896995544,0.196604083757848,
,,,-7.33E-07,-0.0461298227310181,0.196771447779611,
,,,-7.328E-07,0.0208157896995544,0.197608267888427,
,,,-7.326E-07,-0.0461298227310181,0.1972735398449,
,,,-7.324E-07,-0.0461298227310181,0.197106175823137,
,,,-7.322E-07,-0.0461298227310181,0.197106175823137,
,,,-7.32E-07,0.0208157896995544,0.19777563191019,
,,,-7.318E-07,-0.0461298227310181,0.197106175823137,
,,,-7.316E-07,0.0208157896995544,0.19777563191019,
,,,-7.314E-07,-0.0461298227310181,0.197942995931953,
,,,-7.312E-07,0.0208157896995544,0.196604083757848,
,,,-7.31E-07,0.087761402130127,0.196938811801374,
,,,-7.308E-07,-0.0461298227310181,0.197942995931953,
,,,-7.306E-07,0.0208157896995544,0.197608267888427,
,,,-7.30400000000001E-07,0.0208157896995544,0.197106175823137,
,,,-7.302E-07,0.0208157896995544,0.196938811801374,
,,,-7.30000000000001E-07,0.154707014560699,0.196938811801374,
,,,-7.298E-07,0.087761402130127,0.197106175823137,
,,,-7.29600000000001E-07,-0.0461298227310181,0.197106175823137,
,,,-7.294E-07,0.087761402130127,0.197440903866664,
,,,-7.29200000000001E-07,0.087761402130127,0.196604083757848,
,,,-7.29E-07,-0.0461298227310181,0.196938811801374,
,,,-7.28800000000001E-07,0.087761402130127,0.1972735398449,
,,,-7.286E-07,0.0208157896995544,0.197608267888427,
,,,-7.28400000000001E-07,-0.0461298227310181,0.196938811801374,
,,,-7.282E-07,-0.0461298227310181,0.196938811801374,
,,,-7.28E-07,0.154707014560699,0.197106175823137,
,,,-7.278E-07,0.0208157896995544,0.196604083757848,
,,,-7.276E-07,0.087761402130127,0.197106175823137,
,,,-7.274E-07,0.0208157896995544,0.196938811801374,
,,,-7.272E-07,0.0208157896995544,0.196938811801374,
,,,-7.27E-07,-0.113075435161591,0.196771447779611,
,,,-7.268E-07,-0.113075435161591,0.196436719736084,
,,,-7.266E-07,0.087761402130127,0.196436719736084,
,,,-7.264E-07,0.0208157896995544,0.1972735398449,
,,,-7.262E-07,-0.0461298227310181,0.196269355714321,
,,,-7.26E-07,0.0208157896995544,0.196771447779611,
,,,-7.258E-07,0.0208157896995544,0.196771447779611,
,,,-7.256E-07,0.0208157896995544,0.196436719736084,
,,,-7.254E-07,-0.0461298227310181,0.195599899627268,
,,,-7.252E-07,0.154707014560699,0.196269355714321,
,,,-7.25E-07,-0.0461298227310181,0.196436719736084,
,,,-7.248E-07,-0.113075435161591,0.196269355714321,
,,,-7.24600000000001E-07,0.087761402130127,0.196771447779611,
,,,-7.244E-07,0.0208157896995544,0.196771447779611,
,,,-7.24200000000001E-07,-0.0461298227310181,0.197106175823137,
,,,-7.24E-07,0.087761402130127,0.196938811801374,
,,,-7.23800000000001E-07,0.087761402130127,0.196101991692558,
,,,-7.236E-07,0.087761402130127,0.196771447779611,
,,,-7.23400000000001E-07,0.0208157896995544,0.196938811801374,
,,,-7.232E-07,0.087761402130127,0.196938811801374,
,,,-7.23000000000001E-07,0.087761402130127,0.197106175823137,
,,,-7.228E-07,0.0208157896995544,0.19777563191019,
,,,-7.22600000000001E-07,0.0208157896995544,0.197440903866664,
,,,-7.224E-07,0.0208157896995544,0.19777563191019,
,,,-7.222E-07,-0.0461298227310181,0.197608267888427,
,,,-7.22E-07,-0.0461298227310181,0.197608267888427,
,,,-7.218E-07,0.087761402130127,0.197440903866664,
,,,-7.216E-07,0.087761402130127,0.197608267888427,
,,,-7.214E-07,-0.113075435161591,0.197440903866664,
,,,-7.212E-07,0.0208157896995544,0.197942995931953,
,,,-7.21E-07,0.0208157896995544,0.19777563191019,
,,,-7.208E-07,-0.0461298227310181,0.198110359953716,
,,,-7.206E-07,0.0208157896995544,0.197942995931953,
,,,-7.204E-07,0.0208157896995544,0.197608267888427,
,,,-7.202E-07,0.087761402130127,0.19827772397548,
,,,-7.2E-07,0.221652626991272,0.19777563191019,
,,,-7.198E-07,-0.113075435161591,0.197106175823137,
,,,-7.196E-07,0.0208157896995544,0.197942995931953,
,,,-7.194E-07,0.087761402130127,0.197608267888427,
,,,-7.19200000000001E-07,0.0208157896995544,0.197608267888427,
,,,-7.19E-07,-0.0461298227310181,0.197106175823137,
,,,-7.18800000000001E-07,0.087761402130127,0.19777563191019,
,,,-7.186E-07,0.0208157896995544,0.19777563191019,
,,,-7.18400000000001E-07,-0.0461298227310181,0.196938811801374,
,,,-7.182E-07,-0.0461298227310181,0.19777563191019,
,,,-7.18000000000001E-07,0.0208157896995544,0.19777563191019,
,,,-7.178E-07,-0.0461298227310181,0.197440903866664,
,,,-7.17600000000001E-07,0.087761402130127,0.197942995931953,
,,,-7.174E-07,0.087761402130127,0.19777563191019,
,,,-7.17200000000001E-07,0.087761402130127,0.19777563191019,
,,,-7.17E-07,0.0208157896995544,0.197440903866664,
,,,-7.168E-07,0.0208157896995544,0.197106175823137,
,,,-7.166E-07,0.087761402130127,0.196938811801374,
,,,-7.164E-07,-0.0461298227310181,0.196938811801374,
,,,-7.162E-07,0.087761402130127,0.197942995931953,
,,,-7.16E-07,0.0208157896995544,0.19777563191019,
,,,-7.158E-07,0.0208157896995544,0.1972735398449,
,,,-7.156E-07,0.087761402130127,0.197440903866664,
,,,-7.154E-07,0.0208157896995544,0.197440903866664,
,,,-7.152E-07,0.154707014560699,0.1972735398449,
,,,-7.15E-07,0.0208157896995544,0.197440903866664,
,,,-7.148E-07,0.0208157896995544,0.197942995931953,
,,,-7.146E-07,-0.0461298227310181,0.19777563191019,
,,,-7.144E-07,-0.0461298227310181,0.198445087997243,
,,,-7.142E-07,-0.0461298227310181,0.197440903866664,
,,,-7.14E-07,0.0208157896995544,0.19827772397548,
,,,-7.138E-07,0.0208157896995544,0.197440903866664,
,,,-7.136E-07,0.0208157896995544,0.19777563191019,
,,,-7.13400000000001E-07,-0.113075435161591,0.197106175823137,
,,,-7.132E-07,-0.0461298227310181,0.197106175823137,
,,,-7.13000000000001E-07,0.0208157896995544,0.197440903866664,
,,,-7.128E-07,0.0208157896995544,0.197942995931953,
,,,-7.12600000000001E-07,-0.0461298227310181,0.196938811801374,
,,,-7.124E-07,-0.0461298227310181,0.1972735398449,
,,,-7.12200000000001E-07,-0.113075435161591,0.197942995931953,
,,,-7.12E-07,-0.0461298227310181,0.196938811801374,
,,,-7.11800000000001E-07,0.0208157896995544,0.19777563191019,
,,,-7.116E-07,-0.0461298227310181,0.19777563191019,
,,,-7.11400000000001E-07,-0.0461298227310181,0.196771447779611,
,,,-7.112E-07,0.087761402130127,0.1972735398449,
,,,-7.11E-07,-0.0461298227310181,0.197608267888427,
,,,-7.108E-07,-0.0461298227310181,0.19777563191019,
,,,-7.106E-07,0.0208157896995544,0.1972735398449,
,,,-7.104E-07,-0.0461298227310181,0.197106175823137,
,,,-7.102E-07,0.0208157896995544,0.1972735398449,
,,,-7.1E-07,-0.0461298227310181,0.197106175823137,
,,,-7.098E-07,-0.0461298227310181,0.196771447779611,
,,,-7.096E-07,-0.113075435161591,0.196771447779611,
,,,-7.094E-07,0.0208157896995544,0.196771447779611,
,,,-7.092E-07,0.0208157896995544,0.197106175823137,
,,,-7.09E-07,0.0208157896995544,0.197608267888427,
,,,-7.088E-07,0.087761402130127,0.1972735398449,
,,,-7.086E-07,0.0208157896995544,0.1972735398449,
,,,-7.084E-07,-0.0461298227310181,0.197106175823137,
,,,-7.082E-07,-0.0461298227310181,0.196771447779611,
,,,-7.08000000000001E-07,-0.0461298227310181,0.197106175823137,
,,,-7.078E-07,0.0208157896995544,0.196771447779611,
,,,-7.07600000000001E-07,0.0208157896995544,0.19827772397548,
,,,-7.074E-07,0.087761402130127,0.196938811801374,
,,,-7.07200000000001E-07,0.0208157896995544,0.197440903866664,
,,,-7.07E-07,-0.113075435161591,0.1972735398449,
,,,-7.06800000000001E-07,-0.0461298227310181,0.197440903866664,
,,,-7.066E-07,0.087761402130127,0.196938811801374,
,,,-7.06400000000001E-07,-0.0461298227310181,0.197106175823137,
,,,-7.062E-07,-0.113075435161591,0.197440903866664,
,,,-7.06000000000001E-07,-0.0461298227310181,0.197106175823137,
,,,-7.058E-07,-0.0461298227310181,0.197440903866664,
,,,-7.056E-07,0.0208157896995544,0.197440903866664,
,,,-7.054E-07,-0.0461298227310181,0.196771447779611,
,,,-7.052E-07,-0.0461298227310181,0.197106175823137,
,,,-7.05E-07,-0.0461298227310181,0.197106175823137,
,,,-7.048E-07,0.087761402130127,0.196938811801374,
,,,-7.046E-07,0.0208157896995544,0.197608267888427,
,,,-7.044E-07,0.087761402130127,0.197942995931953,
,,,-7.042E-07,-0.0461298227310181,0.196771447779611,
,,,-7.04E-07,-0.0461298227310181,0.197440903866664,
,,,-7.038E-07,0.0208157896995544,0.197440903866664,
,,,-7.036E-07,-0.113075435161591,0.197106175823137,
,,,-7.034E-07,-0.0461298227310181,0.197440903866664,
,,,-7.032E-07,0.087761402130127,0.19777563191019,
,,,-7.03E-07,0.0208157896995544,0.196938811801374,
,,,-7.028E-07,-0.0461298227310181,0.197608267888427,
,,,-7.026E-07,-0.0461298227310181,0.198110359953716,
,,,-7.024E-07,0.087761402130127,0.197106175823137,
,,,-7.02200000000001E-07,-0.0461298227310181,0.197440903866664,
,,,-7.02E-07,0.0208157896995544,0.197608267888427,
,,,-7.01800000000001E-07,0.0208157896995544,0.19777563191019,
,,,-7.016E-07,-0.113075435161591,0.196771447779611,
,,,-7.01400000000001E-07,0.0208157896995544,0.197106175823137,
,,,-7.012E-07,0.0208157896995544,0.197440903866664,
,,,-7.01000000000001E-07,0.0208157896995544,0.197942995931953,
,,,-7.008E-07,0.087761402130127,0.1972735398449,
,,,-7.00600000000001E-07,-0.113075435161591,0.1972735398449,
,,,-7.004E-07,-0.113075435161591,0.197440903866664,
,,,-7.00200000000001E-07,0.154707014560699,0.197440903866664,
,,,-7E-07,0.0208157896995544,0.197440903866664,
,,,-6.998E-07,-0.113075435161591,0.197440903866664,
,,,-6.996E-07,-0.0461298227310181,0.197440903866664,
,,,-6.994E-07,0.087761402130127,0.197942995931953,
,,,-6.992E-07,-0.0461298227310181,0.196771447779611,
,,,-6.99E-07,-0.113075435161591,0.197608267888427,
,,,-6.988E-07,0.0208157896995544,0.19777563191019,
,,,-6.986E-07,-0.0461298227310181,0.197440903866664,
,,,-6.984E-07,0.087761402130127,0.196938811801374,
,,,-6.982E-07,0.0208157896995544,0.197440903866664,
,,,-6.98E-07,0.0208157896995544,0.196771447779611,
,,,-6.978E-07,0.087761402130127,0.1972735398449,
,,,-6.976E-07,-0.0461298227310181,0.1972735398449,
,,,-6.974E-07,0.0208157896995544,0.196604083757848,
,,,-6.972E-07,-0.0461298227310181,0.196771447779611,
,,,-6.97E-07,0.087761402130127,0.197106175823137,
,,,-6.968E-07,0.0208157896995544,0.196436719736084,
,,,-6.966E-07,-0.113075435161591,0.196938811801374,
,,,-6.96400000000001E-07,-0.0461298227310181,0.196938811801374,
,,,-6.962E-07,0.087761402130127,0.197106175823137,
,,,-6.96000000000001E-07,0.0208157896995544,0.197106175823137,
,,,-6.958E-07,-0.113075435161591,0.196771447779611,
,,,-6.95600000000001E-07,0.0208157896995544,0.196269355714321,
,,,-6.954E-07,0.087761402130127,0.197608267888427,
,,,-6.95200000000001E-07,0.0208157896995544,0.197608267888427,
,,,-6.95E-07,-0.0461298227310181,0.196771447779611,
,,,-6.94800000000001E-07,-0.113075435161591,0.1972735398449,
,,,-6.946E-07,-0.0461298227310181,0.19777563191019,
,,,-6.94400000000001E-07,-0.0461298227310181,0.1972735398449,
,,,-6.942E-07,-0.180021047592163,0.196938811801374,
,,,-6.94E-07,0.0208157896995544,0.197608267888427,
,,,-6.938E-07,0.0208157896995544,0.196436719736084,
,,,-6.936E-07,-0.0461298227310181,0.1972735398449,
,,,-6.934E-07,-0.0461298227310181,0.19777563191019,
,,,-6.932E-07,0.0208157896995544,0.1972735398449,
,,,-6.93E-07,-0.0461298227310181,0.19777563191019,
,,,-6.928E-07,-0.0461298227310181,0.197608267888427,
,,,-6.926E-07,-0.0461298227310181,0.19777563191019,
,,,-6.924E-07,-0.0461298227310181,0.19777563191019,
,,,-6.922E-07,-0.0461298227310181,0.1972735398449,
,,,-6.92E-07,0.0208157896995544,0.197106175823137,
,,,-6.918E-07,-0.0461298227310181,0.196604083757848,
,,,-6.916E-07,0.087761402130127,0.196771447779611,
,,,-6.914E-07,0.0208157896995544,0.1972735398449,
,,,-6.912E-07,0.0208157896995544,0.197106175823137,
,,,-6.91000000000001E-07,-0.0461298227310181,0.196604083757848,
,,,-6.908E-07,-0.0461298227310181,0.197106175823137,
,,,-6.90600000000001E-07,0.154707014560699,0.196269355714321,
,,,-6.904E-07,-0.0461298227310181,0.196771447779611,
,,,-6.90200000000001E-07,-0.0461298227310181,0.196604083757848,
,,,-6.9E-07,0.0208157896995544,0.196436719736084,
,,,-6.89800000000001E-07,0.0208157896995544,0.196101991692558,
,,,-6.896E-07,0.154707014560699,0.196101991692558,
,,,-6.89400000000001E-07,-0.0461298227310181,0.196436719736084,
,,,-6.892E-07,0.087761402130127,0.196771447779611,
,,,-6.89000000000001E-07,0.0208157896995544,0.196436719736084,
,,,-6.888E-07,-0.113075435161591,0.195934627670795,
,,,-6.886E-07,-0.0461298227310181,0.196938811801374,
,,,-6.884E-07,-0.113075435161591,0.195934627670795,
,,,-6.882E-07,-0.0461298227310181,0.196604083757848,
,,,-6.88E-07,0.154707014560699,0.196436719736084,
,,,-6.878E-07,-0.0461298227310181,0.196101991692558,
,,,-6.876E-07,-0.0461298227310181,0.195934627670795,
,,,-6.874E-07,0.0208157896995544,0.196101991692558,
,,,-6.872E-07,0.0208157896995544,0.196771447779611,
,,,-6.87E-07,-0.113075435161591,0.197106175823137,
,,,-6.868E-07,0.0208157896995544,0.195432535605505,
,,,-6.866E-07,-0.0461298227310181,0.195934627670795,
,,,-6.864E-07,-0.0461298227310181,0.196604083757848,
,,,-6.862E-07,-0.113075435161591,0.196771447779611,
,,,-6.86E-07,0.087761402130127,0.195767263649032,
,,,-6.858E-07,0.0208157896995544,0.196604083757848,
,,,-6.856E-07,0.087761402130127,0.196604083757848,
,,,-6.854E-07,-0.0461298227310181,0.196269355714321,
,,,-6.85200000000001E-07,0.087761402130127,0.196938811801374,
,,,-6.85E-07,0.0208157896995544,0.196938811801374,
,,,-6.84800000000001E-07,-0.0461298227310181,0.196604083757848,
,,,-6.846E-07,0.0208157896995544,0.196436719736084,
,,,-6.84400000000001E-07,0.0208157896995544,0.196436719736084,
,,,-6.842E-07,-0.0461298227310181,0.195934627670795,
,,,-6.84000000000001E-07,0.0208157896995544,0.1972735398449,
,,,-6.838E-07,-0.0461298227310181,0.197608267888427,
,,,-6.83600000000001E-07,0.0208157896995544,0.196604083757848,
,,,-6.834E-07,0.0208157896995544,0.1972735398449,
,,,-6.83200000000001E-07,0.0208157896995544,0.196938811801374,
,,,-6.83E-07,-0.113075435161591,0.196771447779611,
,,,-6.828E-07,0.0208157896995544,0.197106175823137,
,,,-6.826E-07,0.0208157896995544,0.196771447779611,
,,,-6.824E-07,-0.0461298227310181,0.196771447779611,
,,,-6.822E-07,0.0208157896995544,0.196938811801374,
,,,-6.82E-07,0.0208157896995544,0.1972735398449,
,,,-6.818E-07,0.0208157896995544,0.197106175823137,
,,,-6.816E-07,-0.0461298227310181,0.197106175823137,
,,,-6.814E-07,-0.113075435161591,0.196604083757848,
,,,-6.812E-07,0.0208157896995544,0.196938811801374,
,,,-6.81E-07,0.087761402130127,0.196938811801374,
,,,-6.808E-07,0.0208157896995544,0.196771447779611,
,,,-6.806E-07,-0.0461298227310181,0.196771447779611,
,,,-6.804E-07,0.0208157896995544,0.196938811801374,
,,,-6.802E-07,-0.0461298227310181,0.196771447779611,
,,,-6.8E-07,-0.0461298227310181,0.1972735398449,
,,,-6.79800000000001E-07,-0.0461298227310181,0.196938811801374,
,,,-6.796E-07,0.0208157896995544,0.197440903866664,
,,,-6.79400000000001E-07,-0.0461298227310181,0.197608267888427,
,,,-6.792E-07,0.087761402130127,0.196771447779611,
,,,-6.79000000000001E-07,0.0208157896995544,0.196604083757848,
,,,-6.788E-07,0.0208157896995544,0.196771447779611,
,,,-6.78600000000001E-07,0.0208157896995544,0.1972735398449,
,,,-6.784E-07,0.087761402130127,0.196938811801374,
,,,-6.78200000000001E-07,0.0208157896995544,0.196938811801374,
,,,-6.78E-07,0.087761402130127,0.1972735398449,
,,,-6.77800000000001E-07,-0.0461298227310181,0.196938811801374,
,,,-6.776E-07,0.0208157896995544,0.1972735398449,
,,,-6.774E-07,0.0208157896995544,0.1972735398449,
,,,-6.772E-07,0.0208157896995544,0.197106175823137,
,,,-6.77E-07,0.0208157896995544,0.196604083757848,
,,,-6.768E-07,0.154707014560699,0.1972735398449,
,,,-6.766E-07,-0.0461298227310181,0.197106175823137,
,,,-6.764E-07,-0.0461298227310181,0.196771447779611,
,,,-6.762E-07,0.0208157896995544,0.196771447779611,
,,,-6.76E-07,-0.0461298227310181,0.196771447779611,
,,,-6.758E-07,0.0208157896995544,0.196436719736084,
,,,-6.756E-07,0.0208157896995544,0.195934627670795,
,,,-6.754E-07,0.087761402130127,0.196938811801374,
,,,-6.752E-07,0.087761402130127,0.19777563191019,
,,,-6.75E-07,-0.113075435161591,0.196771447779611,
,,,-6.748E-07,-0.0461298227310181,0.197106175823137,
,,,-6.746E-07,0.087761402130127,0.1972735398449,
,,,-6.744E-07,0.087761402130127,0.196604083757848,
,,,-6.742E-07,-0.0461298227310181,0.196771447779611,
,,,-6.74000000000001E-07,-0.0461298227310181,0.19777563191019,
,,,-6.738E-07,0.0208157896995544,0.196436719736084,
,,,-6.73600000000001E-07,0.0208157896995544,0.196269355714321,
,,,-6.734E-07,-0.0461298227310181,0.196938811801374,
,,,-6.73200000000001E-07,0.0208157896995544,0.196604083757848,
,,,-6.73E-07,0.0208157896995544,0.196436719736084,
,,,-6.72800000000001E-07,0.087761402130127,0.197106175823137,
,,,-6.726E-07,-0.0461298227310181,0.196604083757848,
,,,-6.72400000000001E-07,0.0208157896995544,0.196436719736084,
,,,-6.722E-07,0.0208157896995544,0.195934627670795,
,,,-6.72000000000001E-07,-0.0461298227310181,0.196101991692558,
,,,-6.718E-07,0.087761402130127,0.196269355714321,
,,,-6.716E-07,-0.0461298227310181,0.196436719736084,
,,,-6.714E-07,0.0208157896995544,0.195934627670795,
,,,-6.712E-07,0.0208157896995544,0.196269355714321,
,,,-6.71E-07,-0.0461298227310181,0.195934627670795,
,,,-6.708E-07,0.0208157896995544,0.196436719736084,
,,,-6.706E-07,0.087761402130127,0.195767263649032,
,,,-6.704E-07,0.0208157896995544,0.1972735398449,
,,,-6.702E-07,-0.0461298227310181,0.196938811801374,
,,,-6.7E-07,0.0208157896995544,0.195767263649032,
,,,-6.698E-07,0.0208157896995544,0.195599899627268,
,,,-6.696E-07,-0.0461298227310181,0.196436719736084,
,,,-6.694E-07,-0.113075435161591,0.195934627670795,
,,,-6.692E-07,0.0208157896995544,0.196604083757848,
,,,-6.69E-07,0.087761402130127,0.196604083757848,
,,,-6.688E-07,0.0208157896995544,0.196436719736084,
,,,-6.686E-07,-0.0461298227310181,0.196771447779611,
,,,-6.684E-07,0.087761402130127,0.197608267888427,
,,,-6.68200000000001E-07,0.087761402130127,0.196604083757848,
,,,-6.68E-07,0.0208157896995544,0.196771447779611,
,,,-6.67800000000001E-07,-0.0461298227310181,0.197440903866664,
,,,-6.676E-07,0.0208157896995544,0.196604083757848,
,,,-6.67400000000001E-07,0.0208157896995544,0.196604083757848,
,,,-6.672E-07,0.0208157896995544,0.197106175823137,
,,,-6.67000000000001E-07,0.0208157896995544,0.196771447779611,
,,,-6.668E-07,0.0208157896995544,0.197608267888427,
,,,-6.66600000000001E-07,-0.0461298227310181,0.196938811801374,
,,,-6.664E-07,0.0208157896995544,0.196938811801374,
,,,-6.66200000000001E-07,0.087761402130127,0.197106175823137,
,,,-6.66E-07,0.087761402130127,0.196436719736084,
,,,-6.658E-07,0.0208157896995544,0.1972735398449,
,,,-6.656E-07,0.0208157896995544,0.196604083757848,
,,,-6.654E-07,0.087761402130127,0.196938811801374,
,,,-6.652E-07,0.0208157896995544,0.197106175823137,
,,,-6.65E-07,-0.0461298227310181,0.196436719736084,
,,,-6.648E-07,0.0208157896995544,0.196938811801374,
,,,-6.646E-07,-0.0461298227310181,0.196938811801374,
,,,-6.644E-07,-0.0461298227310181,0.19777563191019,
,,,-6.642E-07,0.087761402130127,0.197106175823137,
,,,-6.64E-07,-0.0461298227310181,0.1972735398449,
,,,-6.638E-07,0.0208157896995544,0.196938811801374,
,,,-6.636E-07,0.0208157896995544,0.196938811801374,
,,,-6.634E-07,0.0208157896995544,0.197440903866664,
,,,-6.632E-07,0.0208157896995544,0.197440903866664,
,,,-6.63E-07,-0.0461298227310181,0.197440903866664,
,,,-6.62800000000001E-07,0.0208157896995544,0.19777563191019,
,,,-6.626E-07,-0.0461298227310181,0.197106175823137,
,,,-6.62400000000001E-07,0.087761402130127,0.197106175823137,
,,,-6.622E-07,-0.0461298227310181,0.1972735398449,
,,,-6.62000000000001E-07,0.087761402130127,0.197440903866664,
,,,-6.618E-07,0.0208157896995544,0.197608267888427,
,,,-6.61600000000001E-07,0.0208157896995544,0.197106175823137,
,,,-6.614E-07,-0.0461298227310181,0.196436719736084,
,,,-6.61200000000001E-07,0.087761402130127,0.196938811801374,
,,,-6.61E-07,-0.0461298227310181,0.197440903866664,
,,,-6.60800000000001E-07,0.0208157896995544,0.197440903866664,
,,,-6.606E-07,-0.113075435161591,0.197106175823137,
,,,-6.604E-07,0.0208157896995544,0.196604083757848,
,,,-6.602E-07,-0.0461298227310181,0.196771447779611,
,,,-6.6E-07,0.0208157896995544,0.196938811801374,
,,,-6.598E-07,-0.0461298227310181,0.196771447779611,
,,,-6.596E-07,0.087761402130127,0.196938811801374,
,,,-6.594E-07,0.0208157896995544,0.197106175823137,
,,,-6.592E-07,0.0208157896995544,0.196604083757848,
,,,-6.59E-07,0.087761402130127,0.196771447779611,
,,,-6.588E-07,-0.0461298227310181,0.197106175823137,
,,,-6.586E-07,0.087761402130127,0.196604083757848,
,,,-6.584E-07,0.087761402130127,0.196771447779611,
,,,-6.582E-07,-0.113075435161591,0.196269355714321,
,,,-6.58E-07,0.0208157896995544,0.196604083757848,
,,,-6.578E-07,0.087761402130127,0.196771447779611,
,,,-6.576E-07,0.154707014560699,0.196938811801374,
,,,-6.574E-07,0.0208157896995544,0.196771447779611,
,,,-6.572E-07,0.0208157896995544,0.196938811801374,
,,,-6.57000000000001E-07,0.0208157896995544,0.196604083757848,
,,,-6.568E-07,-0.0461298227310181,0.196771447779611,
,,,-6.56600000000001E-07,-0.0461298227310181,0.196938811801374,
,,,-6.564E-07,-0.0461298227310181,0.196771447779611,
,,,-6.56200000000001E-07,0.0208157896995544,0.196269355714321,
,,,-6.56E-07,0.087761402130127,0.196604083757848,
,,,-6.55800000000001E-07,-0.113075435161591,0.196101991692558,
,,,-6.556E-07,0.0208157896995544,0.195934627670795,
,,,-6.55400000000001E-07,0.087761402130127,0.196938811801374,
,,,-6.552E-07,0.0208157896995544,0.196938811801374,
,,,-6.55000000000001E-07,-0.0461298227310181,0.196436719736084,
,,,-6.548E-07,-0.0461298227310181,0.196101991692558,
,,,-6.546E-07,0.0208157896995544,0.196938811801374,
,,,-6.544E-07,0.0208157896995544,0.196604083757848,
,,,-6.542E-07,-0.0461298227310181,0.196938811801374,
,,,-6.54E-07,0.154707014560699,0.196771447779611,
,,,-6.538E-07,0.0208157896995544,0.196269355714321,
,,,-6.536E-07,0.0208157896995544,0.195767263649032,
,,,-6.534E-07,0.087761402130127,0.196269355714321,
,,,-6.532E-07,0.154707014560699,0.196101991692558,
,,,-6.53E-07,-0.0461298227310181,0.195767263649032,
,,,-6.528E-07,0.0208157896995544,0.196604083757848,
,,,-6.526E-07,0.154707014560699,0.196436719736084,
,,,-6.524E-07,-0.0461298227310181,0.196604083757848,
,,,-6.522E-07,-0.0461298227310181,0.195934627670795,
,,,-6.52E-07,0.087761402130127,0.196269355714321,
,,,-6.518E-07,0.0208157896995544,0.196269355714321,
,,,-6.51600000000001E-07,0.0208157896995544,0.196771447779611,
,,,-6.514E-07,0.087761402130127,0.197106175823137,
,,,-6.51200000000001E-07,0.087761402130127,0.197106175823137,
,,,-6.51E-07,0.0208157896995544,0.197106175823137,
,,,-6.50800000000001E-07,0.0208157896995544,0.1972735398449,
,,,-6.506E-07,0.0208157896995544,0.1972735398449,
,,,-6.50400000000001E-07,-0.0461298227310181,0.196436719736084,
,,,-6.502E-07,0.0208157896995544,0.197106175823137,
,,,-6.50000000000001E-07,0.0208157896995544,0.197440903866664,
,,,-6.498E-07,-0.0461298227310181,0.196771447779611,
,,,-6.49600000000001E-07,0.087761402130127,0.197440903866664,
,,,-6.494E-07,0.0208157896995544,0.196771447779611,
,,,-6.492E-07,0.0208157896995544,0.197608267888427,
,,,-6.49E-07,0.0208157896995544,0.197106175823137,
,,,-6.488E-07,0.0208157896995544,0.196938811801374,
,,,-6.486E-07,-0.113075435161591,0.197106175823137,
,,,-6.484E-07,-0.0461298227310181,0.19777563191019,
,,,-6.482E-07,-0.0461298227310181,0.197106175823137,
,,,-6.48E-07,0.0208157896995544,0.197106175823137,
,,,-6.478E-07,-0.0461298227310181,0.197106175823137,
,,,-6.476E-07,0.087761402130127,0.197440903866664,
,,,-6.474E-07,0.0208157896995544,0.197440903866664,
,,,-6.472E-07,0.0208157896995544,0.197942995931953,
,,,-6.47E-07,-0.0461298227310181,0.196938811801374,
,,,-6.468E-07,0.087761402130127,0.197942995931953,
,,,-6.466E-07,0.0208157896995544,0.19827772397548,
,,,-6.464E-07,-0.0461298227310181,0.19777563191019,
,,,-6.462E-07,0.087761402130127,0.196938811801374,
,,,-6.46E-07,0.0208157896995544,0.1972735398449,
,,,-6.45800000000001E-07,0.0208157896995544,0.197942995931953,
,,,-6.456E-07,0.0208157896995544,0.197106175823137,
,,,-6.45400000000001E-07,0.0208157896995544,0.1972735398449,
,,,-6.452E-07,0.0208157896995544,0.1972735398449,
,,,-6.45000000000001E-07,-0.0461298227310181,0.19827772397548,
,,,-6.448E-07,-0.0461298227310181,0.1972735398449,
,,,-6.44600000000001E-07,0.0208157896995544,0.196604083757848,
,,,-6.444E-07,0.0208157896995544,0.196771447779611,
,,,-6.44200000000001E-07,0.0208157896995544,0.197106175823137,
,,,-6.44E-07,-0.0461298227310181,0.196269355714321,
,,,-6.43800000000001E-07,0.0208157896995544,0.197608267888427,
,,,-6.436E-07,-0.113075435161591,0.197608267888427,
,,,-6.434E-07,0.087761402130127,0.1972735398449,
,,,-6.432E-07,0.0208157896995544,0.197106175823137,
,,,-6.43E-07,-0.0461298227310181,0.19777563191019,
,,,-6.428E-07,-0.0461298227310181,0.196938811801374,
,,,-6.426E-07,0.087761402130127,0.197106175823137,
,,,-6.424E-07,0.087761402130127,0.197440903866664,
,,,-6.422E-07,-0.113075435161591,0.1972735398449,
,,,-6.42E-07,-0.0461298227310181,0.197942995931953,
,,,-6.418E-07,0.0208157896995544,0.197608267888427,
,,,-6.416E-07,0.087761402130127,0.196938811801374,
,,,-6.414E-07,-0.0461298227310181,0.196938811801374,
,,,-6.412E-07,0.087761402130127,0.197608267888427,
,,,-6.41E-07,0.0208157896995544,0.196604083757848,
,,,-6.408E-07,0.0208157896995544,0.196604083757848,
,,,-6.406E-07,0.0208157896995544,0.196938811801374,
,,,-6.404E-07,0.087761402130127,0.197106175823137,
,,,-6.402E-07,0.0208157896995544,0.197440903866664,
,,,-6.40000000000001E-07,0.0208157896995544,0.19777563191019,
,,,-6.398E-07,0.0208157896995544,0.197440903866664,
,,,-6.39600000000001E-07,-0.113075435161591,0.196604083757848,
,,,-6.394E-07,0.0208157896995544,0.197440903866664,
,,,-6.39200000000001E-07,0.0208157896995544,0.197440903866664,
,,,-6.39E-07,-0.113075435161591,0.1972735398449,
,,,-6.38800000000001E-07,0.0208157896995544,0.196771447779611,
,,,-6.386E-07,0.0208157896995544,0.1972735398449,
,,,-6.38400000000001E-07,-0.0461298227310181,0.197440903866664,
,,,-6.382E-07,-0.0461298227310181,0.196436719736084,
,,,-6.38000000000001E-07,0.0208157896995544,0.197106175823137,
,,,-6.378E-07,0.087761402130127,0.196436719736084,
,,,-6.376E-07,-0.0461298227310181,0.196436719736084,
,,,-6.374E-07,-0.0461298227310181,0.1972735398449,
,,,-6.372E-07,0.0208157896995544,0.197440903866664,
,,,-6.37E-07,0.087761402130127,0.197440903866664,
,,,-6.368E-07,0.087761402130127,0.196771447779611,
,,,-6.366E-07,0.0208157896995544,0.196269355714321,
,,,-6.364E-07,0.0208157896995544,0.196938811801374,
,,,-6.362E-07,0.0208157896995544,0.196938811801374,
,,,-6.36E-07,0.0208157896995544,0.196938811801374,
,,,-6.358E-07,-0.0461298227310181,0.196101991692558,
,,,-6.356E-07,0.0208157896995544,0.196436719736084,
,,,-6.354E-07,-0.0461298227310181,0.196604083757848,
,,,-6.352E-07,0.0208157896995544,0.196604083757848,
,,,-6.35E-07,-0.0461298227310181,0.196938811801374,
,,,-6.348E-07,-0.0461298227310181,0.197440903866664,
,,,-6.34600000000001E-07,-0.0461298227310181,0.196436719736084,
,,,-6.344E-07,0.087761402130127,0.196269355714321,
,,,-6.34200000000001E-07,0.0208157896995544,0.196771447779611,
,,,-6.34E-07,0.087761402130127,0.197106175823137,
,,,-6.33800000000001E-07,0.0208157896995544,0.196771447779611,
,,,-6.336E-07,0.0208157896995544,0.196436719736084,
,,,-6.33400000000001E-07,0.0208157896995544,0.19777563191019,
,,,-6.332E-07,-0.0461298227310181,0.196938811801374,
,,,-6.33000000000001E-07,-0.0461298227310181,0.196101991692558,
,,,-6.328E-07,0.087761402130127,0.196269355714321,
,,,-6.32600000000001E-07,-0.0461298227310181,0.196938811801374,
,,,-6.324E-07,0.087761402130127,0.196604083757848,
,,,-6.322E-07,0.0208157896995544,0.196269355714321,
,,,-6.32E-07,0.087761402130127,0.197106175823137,
,,,-6.318E-07,-0.0461298227310181,0.196604083757848,
,,,-6.316E-07,0.0208157896995544,0.196771447779611,
,,,-6.314E-07,-0.0461298227310181,0.197440903866664,
,,,-6.312E-07,-0.0461298227310181,0.197106175823137,
,,,-6.31E-07,0.087761402130127,0.1972735398449,
,,,-6.308E-07,0.0208157896995544,0.197440903866664,
,,,-6.306E-07,-0.0461298227310181,0.196938811801374,
,,,-6.304E-07,-0.0461298227310181,0.197440903866664,
,,,-6.302E-07,-0.113075435161591,0.196604083757848,
,,,-6.3E-07,0.087761402130127,0.196771447779611,
,,,-6.298E-07,0.0208157896995544,0.196938811801374,
,,,-6.296E-07,-0.0461298227310181,0.196771447779611,
,,,-6.294E-07,-0.0461298227310181,0.197440903866664,
,,,-6.292E-07,0.0208157896995544,0.196938811801374,
,,,-6.29E-07,-0.0461298227310181,0.197106175823137,
,,,-6.28800000000001E-07,0.0208157896995544,0.197608267888427,
,,,-6.286E-07,0.0208157896995544,0.197942995931953,
,,,-6.28400000000001E-07,0.0208157896995544,0.1972735398449,
,,,-6.282E-07,-0.113075435161591,0.197440903866664,
,,,-6.28000000000001E-07,0.087761402130127,0.1972735398449,
,,,-6.278E-07,0.0208157896995544,0.196771447779611,
,,,-6.27600000000001E-07,0.154707014560699,0.197608267888427,
,,,-6.274E-07,0.0208157896995544,0.19827772397548,
,,,-6.27200000000001E-07,0.0208157896995544,0.1972735398449,
,,,-6.27E-07,0.154707014560699,0.19777563191019,
,,,-6.26800000000001E-07,0.087761402130127,0.197440903866664,
,,,-6.266E-07,0.0208157896995544,0.197106175823137,
,,,-6.264E-07,0.0208157896995544,0.198110359953716,
,,,-6.262E-07,0.0208157896995544,0.19777563191019,
,,,-6.26E-07,0.087761402130127,0.196771447779611,
,,,-6.258E-07,0.0208157896995544,0.197608267888427,
,,,-6.256E-07,0.087761402130127,0.197608267888427,
,,,-6.254E-07,0.0208157896995544,0.196771447779611,
,,,-6.252E-07,0.0208157896995544,0.196604083757848,
,,,-6.25E-07,0.0208157896995544,0.196938811801374,
,,,-6.248E-07,-0.0461298227310181,0.197106175823137,
,,,-6.246E-07,-0.0461298227310181,0.1972735398449,
,,,-6.244E-07,0.0208157896995544,0.1972735398449,
,,,-6.242E-07,-0.0461298227310181,0.19777563191019,
,,,-6.24E-07,0.154707014560699,0.197106175823137,
,,,-6.238E-07,0.0208157896995544,0.19777563191019,
,,,-6.236E-07,0.0208157896995544,0.196938811801374,
,,,-6.23400000000001E-07,-0.0461298227310181,0.1972735398449,
,,,-6.232E-07,0.087761402130127,0.196604083757848,
,,,-6.23000000000001E-07,0.0208157896995544,0.196938811801374,
,,,-6.228E-07,-0.0461298227310181,0.196771447779611,
,,,-6.22600000000001E-07,0.0208157896995544,0.197106175823137,
,,,-6.224E-07,0.0208157896995544,0.196436719736084,
,,,-6.22200000000001E-07,-0.113075435161591,0.1972735398449,
,,,-6.22E-07,0.0208157896995544,0.196771447779611,
,,,-6.21800000000001E-07,-0.0461298227310181,0.196938811801374,
,,,-6.216E-07,-0.0461298227310181,0.1972735398449,
,,,-6.21400000000001E-07,0.0208157896995544,0.197942995931953,
,,,-6.212E-07,0.087761402130127,0.196938811801374,
,,,-6.21E-07,0.087761402130127,0.196938811801374,
,,,-6.208E-07,-0.0461298227310181,0.1972735398449,
,,,-6.206E-07,-0.0461298227310181,0.197440903866664,
,,,-6.204E-07,-0.0461298227310181,0.197608267888427,
,,,-6.202E-07,0.0208157896995544,0.197106175823137,
,,,-6.2E-07,0.087761402130127,0.197440903866664,
,,,-6.198E-07,-0.0461298227310181,0.196604083757848,
,,,-6.196E-07,0.0208157896995544,0.1972735398449,
,,,-6.194E-07,0.0208157896995544,0.19777563191019,
,,,-6.192E-07,0.154707014560699,0.197106175823137,
,,,-6.19E-07,0.0208157896995544,0.196436719736084,
,,,-6.188E-07,0.0208157896995544,0.1972735398449,
,,,-6.186E-07,0.0208157896995544,0.1972735398449,
,,,-6.184E-07,0.0208157896995544,0.197106175823137,
,,,-6.182E-07,0.0208157896995544,0.1972735398449,
,,,-6.18E-07,0.0208157896995544,0.197608267888427,
,,,-6.178E-07,-0.0461298227310181,0.19777563191019,
,,,-6.17600000000001E-07,0.0208157896995544,0.196604083757848,
,,,-6.174E-07,-0.113075435161591,0.196604083757848,
,,,-6.17200000000001E-07,0.154707014560699,0.197106175823137,
,,,-6.17E-07,0.0208157896995544,0.196771447779611,
,,,-6.16800000000001E-07,0.0208157896995544,0.196938811801374,
,,,-6.166E-07,-0.0461298227310181,0.196604083757848,
,,,-6.16400000000001E-07,0.0208157896995544,0.196436719736084,
,,,-6.162E-07,-0.0461298227310181,0.196604083757848,
,,,-6.16000000000001E-07,0.0208157896995544,0.196771447779611,
,,,-6.158E-07,0.0208157896995544,0.197106175823137,
,,,-6.15600000000001E-07,0.0208157896995544,0.197106175823137,
,,,-6.154E-07,-0.113075435161591,0.196604083757848,
,,,-6.152E-07,0.087761402130127,0.196938811801374,
,,,-6.15E-07,0.0208157896995544,0.197608267888427,
,,,-6.148E-07,0.0208157896995544,0.196436719736084,
,,,-6.146E-07,0.0208157896995544,0.196604083757848,
,,,-6.144E-07,0.0208157896995544,0.196604083757848,
,,,-6.142E-07,-0.0461298227310181,0.1972735398449,
,,,-6.14E-07,0.0208157896995544,0.196269355714321,
,,,-6.138E-07,0.087761402130127,0.196604083757848,
,,,-6.136E-07,0.0208157896995544,0.197106175823137,
,,,-6.134E-07,0.0208157896995544,0.195767263649032,
,,,-6.132E-07,0.0208157896995544,0.196938811801374,
,,,-6.13E-07,0.087761402130127,0.1972735398449,
,,,-6.128E-07,0.154707014560699,0.196771447779611,
,,,-6.126E-07,-0.0461298227310181,0.196269355714321,
,,,-6.124E-07,0.0208157896995544,0.197106175823137,
,,,-6.122E-07,0.0208157896995544,0.197106175823137,
,,,-6.12E-07,-0.113075435161591,0.197106175823137,
,,,-6.11800000000001E-07,-0.0461298227310181,0.196604083757848,
,,,-6.116E-07,0.0208157896995544,0.197608267888427,
,,,-6.11400000000001E-07,-0.0461298227310181,0.196938811801374,
,,,-6.112E-07,0.087761402130127,0.19777563191019,
,,,-6.11000000000001E-07,-0.0461298227310181,0.196771447779611,
,,,-6.108E-07,-0.0461298227310181,0.196771447779611,
,,,-6.10600000000001E-07,0.087761402130127,0.196938811801374,
,,,-6.104E-07,-0.0461298227310181,0.196604083757848,
,,,-6.10200000000001E-07,-0.0461298227310181,0.196771447779611,
,,,-6.1E-07,0.0208157896995544,0.196436719736084,
,,,-6.09800000000001E-07,-0.113075435161591,0.197440903866664,
,,,-6.096E-07,0.0208157896995544,0.197608267888427,
,,,-6.094E-07,0.087761402130127,0.196771447779611,
,,,-6.092E-07,0.087761402130127,0.196938811801374,
,,,-6.09E-07,-0.0461298227310181,0.197608267888427,
,,,-6.088E-07,0.0208157896995544,0.197608267888427,
,,,-6.086E-07,0.0208157896995544,0.1972735398449,
,,,-6.084E-07,0.087761402130127,0.197106175823137,
,,,-6.082E-07,0.0208157896995544,0.196771447779611,
,,,-6.08E-07,0.0208157896995544,0.196938811801374,
,,,-6.078E-07,0.0208157896995544,0.197608267888427,
,,,-6.076E-07,-0.0461298227310181,0.197106175823137,
,,,-6.074E-07,-0.0461298227310181,0.197106175823137,
,,,-6.072E-07,0.0208157896995544,0.197440903866664,
,,,-6.07E-07,0.0208157896995544,0.1972735398449,
,,,-6.068E-07,0.0208157896995544,0.197608267888427,
,,,-6.066E-07,0.0208157896995544,0.197106175823137,
,,,-6.06400000000001E-07,0.0208157896995544,0.197440903866664,
,,,-6.062E-07,-0.113075435161591,0.196771447779611,
,,,-6.06000000000001E-07,0.087761402130127,0.1972735398449,
,,,-6.058E-07,0.087761402130127,0.1972735398449,
,,,-6.05600000000001E-07,-0.0461298227310181,0.196604083757848,
,,,-6.054E-07,-0.113075435161591,0.196269355714321,
,,,-6.05200000000001E-07,-0.113075435161591,0.197440903866664,
,,,-6.05E-07,0.0208157896995544,0.1972735398449,
,,,-6.04800000000001E-07,0.0208157896995544,0.197106175823137,
,,,-6.046E-07,-0.0461298227310181,0.196436719736084,
,,,-6.04400000000001E-07,0.0208157896995544,0.196436719736084,
,,,-6.042E-07,0.0208157896995544,0.197106175823137,
,,,-6.04E-07,0.0208157896995544,0.197106175823137,
,,,-6.038E-07,-0.0461298227310181,0.196771447779611,
,,,-6.036E-07,0.0208157896995544,0.196938811801374,
,,,-6.034E-07,0.0208157896995544,0.19777563191019,
,,,-6.032E-07,0.0208157896995544,0.196938811801374,
,,,-6.03E-07,-0.0461298227310181,0.196771447779611,
,,,-6.028E-07,-0.0461298227310181,0.196938811801374,
,,,-6.026E-07,0.0208157896995544,0.196604083757848,
,,,-6.024E-07,0.087761402130127,0.197608267888427,
,,,-6.022E-07,-0.0461298227310181,0.197608267888427,
,,,-6.02E-07,0.087761402130127,0.196771447779611,
,,,-6.018E-07,0.0208157896995544,0.197608267888427,
,,,-6.016E-07,0.0208157896995544,0.196938811801374,
,,,-6.014E-07,0.0208157896995544,0.1972735398449,
,,,-6.012E-07,-0.113075435161591,0.196771447779611,
,,,-6.01E-07,0.0208157896995544,0.196938811801374,
,,,-6.008E-07,0.087761402130127,0.196771447779611,
,,,-6.00600000000001E-07,-0.0461298227310181,0.196604083757848,
,,,-6.004E-07,-0.0461298227310181,0.197106175823137,
,,,-6.00200000000001E-07,0.0208157896995544,0.196771447779611,
,,,-6E-07,0.087761402130127,0.196771447779611,
,,,-5.99800000000001E-07,0.0208157896995544,0.197106175823137,
,,,-5.996E-07,0.0208157896995544,0.196101991692558,
,,,-5.99400000000001E-07,-0.0461298227310181,0.197440903866664,
,,,-5.992E-07,-0.0461298227310181,0.197106175823137,
,,,-5.99000000000001E-07,0.087761402130127,0.196771447779611,
,,,-5.988E-07,-0.113075435161591,0.196269355714321,
,,,-5.98600000000001E-07,-0.0461298227310181,0.197440903866664,
,,,-5.984E-07,0.087761402130127,0.196604083757848,
,,,-5.982E-07,-0.0461298227310181,0.196771447779611,
,,,-5.98E-07,-0.0461298227310181,0.197106175823137,
,,,-5.978E-07,0.0208157896995544,0.196604083757848,
,,,-5.976E-07,0.0208157896995544,0.196101991692558,
,,,-5.974E-07,0.0208157896995544,0.1972735398449,
,,,-5.972E-07,-0.0461298227310181,0.196436719736084,
,,,-5.97E-07,-0.0461298227310181,0.196938811801374,
,,,-5.968E-07,0.087761402130127,0.196269355714321,
,,,-5.966E-07,-0.0461298227310181,0.196604083757848,
,,,-5.964E-07,-0.0461298227310181,0.196938811801374,
,,,-5.962E-07,0.0208157896995544,0.196436719736084,
,,,-5.96E-07,0.0208157896995544,0.196101991692558,
,,,-5.958E-07,-0.113075435161591,0.195767263649032,
,,,-5.956E-07,0.0208157896995544,0.196604083757848,
,,,-5.954E-07,0.087761402130127,0.196101991692558,
,,,-5.95200000000001E-07,0.0208157896995544,0.196101991692558,
,,,-5.95E-07,0.154707014560699,0.196938811801374,
,,,-5.94800000000001E-07,-0.0461298227310181,0.196604083757848,
,,,-5.946E-07,0.087761402130127,0.195767263649032,
,,,-5.94400000000001E-07,0.154707014560699,0.195934627670795,
,,,-5.942E-07,0.0208157896995544,0.196269355714321,
,,,-5.94000000000001E-07,-0.0461298227310181,0.196101991692558,
,,,-5.938E-07,0.0208157896995544,0.196101991692558,
,,,-5.93600000000001E-07,0.087761402130127,0.196101991692558,
,,,-5.934E-07,-0.0461298227310181,0.196771447779611,
,,,-5.93200000000001E-07,0.0208157896995544,0.196436719736084,
,,,-5.93E-07,0.087761402130127,0.196269355714321,
,,,-5.928E-07,0.0208157896995544,0.197608267888427,
,,,-5.926E-07,0.0208157896995544,0.196938811801374,
,,,-5.924E-07,-0.113075435161591,0.196604083757848,
,,,-5.922E-07,0.0208157896995544,0.196436719736084,
,,,-5.92E-07,0.0208157896995544,0.196604083757848,
,,,-5.918E-07,-0.113075435161591,0.196604083757848,
,,,-5.916E-07,0.0208157896995544,0.196771447779611,
,,,-5.914E-07,0.087761402130127,0.196938811801374,
,,,-5.912E-07,0.0208157896995544,0.196604083757848,
,,,-5.91E-07,-0.0461298227310181,0.197440903866664,
,,,-5.908E-07,0.0208157896995544,0.196771447779611,
,,,-5.906E-07,-0.0461298227310181,0.197106175823137,
,,,-5.904E-07,0.0208157896995544,0.196604083757848,
,,,-5.902E-07,0.0208157896995544,0.196938811801374,
,,,-5.9E-07,0.0208157896995544,0.197608267888427,
,,,-5.898E-07,-0.0461298227310181,0.196101991692558,
,,,-5.896E-07,-0.0461298227310181,0.196771447779611,
,,,-5.89400000000001E-07,0.0208157896995544,0.197106175823137,
,,,-5.892E-07,0.0208157896995544,0.196938811801374,
,,,-5.89000000000001E-07,0.0208157896995544,0.197106175823137,
,,,-5.888E-07,0.0208157896995544,0.196771447779611,
,,,-5.88600000000001E-07,0.0208157896995544,0.196938811801374,
,,,-5.884E-07,-0.0461298227310181,0.196938811801374,
,,,-5.88200000000001E-07,0.087761402130127,0.196269355714321,
,,,-5.88E-07,0.087761402130127,0.196938811801374,
,,,-5.87800000000001E-07,-0.113075435161591,0.197106175823137,
,,,-5.876E-07,-0.113075435161591,0.197608267888427,
,,,-5.87400000000001E-07,0.087761402130127,0.196771447779611,
,,,-5.872E-07,0.0208157896995544,0.196938811801374,
,,,-5.87E-07,-0.0461298227310181,0.197106175823137,
,,,-5.868E-07,0.087761402130127,0.197106175823137,
,,,-5.866E-07,0.0208157896995544,0.197440903866664,
,,,-5.864E-07,-0.113075435161591,0.196771447779611,
,,,-5.862E-07,0.0208157896995544,0.1972735398449,
,,,-5.86E-07,0.0208157896995544,0.1972735398449,
,,,-5.858E-07,-0.0461298227310181,0.1972735398449,
,,,-5.856E-07,0.087761402130127,0.197608267888427,
,,,-5.854E-07,-0.0461298227310181,0.1972735398449,
,,,-5.852E-07,-0.0461298227310181,0.196938811801374,
,,,-5.85E-07,0.087761402130127,0.196938811801374,
,,,-5.848E-07,0.087761402130127,0.196771447779611,
,,,-5.846E-07,-0.0461298227310181,0.197440903866664,
,,,-5.844E-07,-0.0461298227310181,0.19777563191019,
,,,-5.842E-07,-0.0461298227310181,0.197440903866664,
,,,-5.84E-07,0.0208157896995544,0.19777563191019,
,,,-5.838E-07,-0.0461298227310181,0.197106175823137,
,,,-5.83600000000001E-07,-0.0461298227310181,0.196269355714321,
,,,-5.834E-07,0.0208157896995544,0.196938811801374,
,,,-5.83200000000001E-07,0.0208157896995544,0.197440903866664,
,,,-5.83E-07,0.0208157896995544,0.1972735398449,
,,,-5.82800000000001E-07,0.087761402130127,0.196436719736084,
,,,-5.826E-07,-0.0461298227310181,0.196938811801374,
,,,-5.82400000000001E-07,-0.0461298227310181,0.196269355714321,
,,,-5.822E-07,0.087761402130127,0.196771447779611,
,,,-5.82000000000001E-07,-0.113075435161591,0.196604083757848,
,,,-5.818E-07,-0.180021047592163,0.196436719736084,
,,,-5.81600000000001E-07,0.087761402130127,0.196604083757848,
,,,-5.814E-07,-0.113075435161591,0.196938811801374,
,,,-5.812E-07,0.0208157896995544,0.1972735398449,
,,,-5.81E-07,0.087761402130127,0.196604083757848,
,,,-5.808E-07,0.087761402130127,0.196604083757848,
,,,-5.806E-07,-0.0461298227310181,0.196938811801374,
,,,-5.804E-07,0.0208157896995544,0.196269355714321,
,,,-5.802E-07,0.0208157896995544,0.196436719736084,
,,,-5.8E-07,-0.0461298227310181,0.196269355714321,
,,,-5.798E-07,0.0208157896995544,0.195934627670795,
,,,-5.796E-07,0.0208157896995544,0.196771447779611,
,,,-5.794E-07,-0.0461298227310181,0.196771447779611,
,,,-5.792E-07,0.0208157896995544,0.196938811801374,
,,,-5.79E-07,0.0208157896995544,0.196436719736084,
,,,-5.788E-07,0.0208157896995544,0.196269355714321,
,,,-5.786E-07,0.087761402130127,0.196938811801374,
,,,-5.784E-07,0.0208157896995544,0.196269355714321,
,,,-5.78200000000001E-07,-0.113075435161591,0.196101991692558,
,,,-5.78E-07,0.0208157896995544,0.196436719736084,
,,,-5.77800000000001E-07,0.087761402130127,0.195767263649032,
,,,-5.776E-07,-0.0461298227310181,0.196269355714321,
,,,-5.77400000000001E-07,-0.113075435161591,0.196604083757848,
,,,-5.772E-07,0.0208157896995544,0.196436719736084,
,,,-5.77000000000001E-07,0.0208157896995544,0.196771447779611,
,,,-5.768E-07,0.087761402130127,0.196938811801374,
,,,-5.76600000000001E-07,0.0208157896995544,0.196436719736084,
,,,-5.764E-07,0.0208157896995544,0.195934627670795,
,,,-5.76200000000001E-07,0.087761402130127,0.196604083757848,
,,,-5.76E-07,-0.0461298227310181,0.197106175823137,
,,,-5.758E-07,0.087761402130127,0.196436719736084,
,,,-5.756E-07,-0.113075435161591,0.196269355714321,
,,,-5.754E-07,0.087761402130127,0.197106175823137,
,,,-5.752E-07,0.0208157896995544,0.196771447779611,
,,,-5.75E-07,-0.113075435161591,0.196269355714321,
,,,-5.748E-07,0.0208157896995544,0.196604083757848,
,,,-5.746E-07,0.0208157896995544,0.196604083757848,
,,,-5.744E-07,0.0208157896995544,0.196436719736084,
,,,-5.742E-07,0.0208157896995544,0.1972735398449,
,,,-5.74E-07,0.0208157896995544,0.196604083757848,
,,,-5.738E-07,0.0208157896995544,0.196771447779611,
,,,-5.736E-07,-0.0461298227310181,0.196771447779611,
,,,-5.734E-07,-0.0461298227310181,0.196269355714321,
,,,-5.732E-07,0.0208157896995544,0.196436719736084,
,,,-5.73E-07,0.0208157896995544,0.196771447779611,
,,,-5.728E-07,0.087761402130127,0.196938811801374,
,,,-5.726E-07,-0.0461298227310181,0.196436719736084,
,,,-5.72400000000001E-07,-0.0461298227310181,0.196269355714321,
,,,-5.722E-07,0.0208157896995544,0.196771447779611,
,,,-5.72000000000001E-07,0.0208157896995544,0.196604083757848,
,,,-5.718E-07,-0.0461298227310181,0.196101991692558,
,,,-5.71600000000001E-07,-0.0461298227310181,0.196436719736084,
,,,-5.714E-07,0.0208157896995544,0.196771447779611,
,,,-5.71200000000001E-07,-0.0461298227310181,0.195934627670795,
,,,-5.71E-07,-0.0461298227310181,0.196101991692558,
,,,-5.70800000000001E-07,-0.0461298227310181,0.196269355714321,
,,,-5.706E-07,-0.0461298227310181,0.196938811801374,
,,,-5.70400000000001E-07,0.0208157896995544,0.196101991692558,
,,,-5.702E-07,0.0208157896995544,0.1972735398449,
,,,-5.7E-07,0.087761402130127,0.196771447779611,
,,,-5.698E-07,-0.0461298227310181,0.196771447779611,
,,,-5.696E-07,0.0208157896995544,0.196436719736084,
,,,-5.694E-07,0.0208157896995544,0.196604083757848,
,,,-5.692E-07,-0.0461298227310181,0.195767263649032,
,,,-5.69E-07,-0.0461298227310181,0.196604083757848,
,,,-5.688E-07,0.087761402130127,0.197106175823137,
,,,-5.686E-07,-0.0461298227310181,0.196938811801374,
,,,-5.684E-07,0.0208157896995544,0.196101991692558,
,,,-5.682E-07,-0.0461298227310181,0.197106175823137,
,,,-5.68E-07,0.087761402130127,0.197440903866664,
,,,-5.678E-07,0.0208157896995544,0.197106175823137,
,,,-5.676E-07,0.0208157896995544,0.197106175823137,
,,,-5.674E-07,0.0208157896995544,0.197106175823137,
,,,-5.672E-07,0.0208157896995544,0.196938811801374,
,,,-5.67000000000001E-07,-0.0461298227310181,0.196938811801374,
,,,-5.668E-07,0.0208157896995544,0.196938811801374,
,,,-5.66600000000001E-07,-0.0461298227310181,0.196269355714321,
,,,-5.664E-07,0.0208157896995544,0.197608267888427,
,,,-5.66200000000001E-07,-0.0461298227310181,0.196604083757848,
,,,-5.66E-07,0.0208157896995544,0.196771447779611,
,,,-5.65800000000001E-07,0.0208157896995544,0.196771447779611,
,,,-5.656E-07,0.0208157896995544,0.196604083757848,
,,,-5.65400000000001E-07,-0.0461298227310181,0.197106175823137,
,,,-5.652E-07,0.0208157896995544,0.196269355714321,
,,,-5.65000000000001E-07,-0.0461298227310181,0.197106175823137,
,,,-5.648E-07,0.154707014560699,0.196771447779611,
,,,-5.646E-07,0.0208157896995544,0.196771447779611,
,,,-5.644E-07,-0.0461298227310181,0.196269355714321,
,,,-5.642E-07,-0.0461298227310181,0.196938811801374,
,,,-5.64E-07,0.087761402130127,0.196604083757848,
,,,-5.638E-07,0.087761402130127,0.196604083757848,
,,,-5.636E-07,0.087761402130127,0.197106175823137,
,,,-5.634E-07,0.0208157896995544,0.196938811801374,
,,,-5.632E-07,0.0208157896995544,0.196771447779611,
,,,-5.63E-07,0.087761402130127,0.196269355714321,
,,,-5.628E-07,-0.0461298227310181,0.196436719736084,
,,,-5.626E-07,-0.0461298227310181,0.195767263649032,
,,,-5.624E-07,0.087761402130127,0.197106175823137,
,,,-5.622E-07,-0.0461298227310181,0.196938811801374,
,,,-5.62E-07,0.0208157896995544,0.196269355714321,
,,,-5.618E-07,-0.0461298227310181,0.196101991692558,
,,,-5.616E-07,0.154707014560699,0.196938811801374,
,,,-5.614E-07,0.0208157896995544,0.196101991692558,
,,,-5.61200000000001E-07,-0.0461298227310181,0.196101991692558,
,,,-5.61E-07,0.0208157896995544,0.196101991692558,
,,,-5.60800000000001E-07,0.0208157896995544,0.195767263649032,
,,,-5.606E-07,-0.113075435161591,0.196101991692558,
,,,-5.60400000000001E-07,-0.113075435161591,0.196269355714321,
,,,-5.602E-07,0.087761402130127,0.196101991692558,
,,,-5.60000000000001E-07,0.087761402130127,0.195934627670795,
,,,-5.598E-07,-0.113075435161591,0.195599899627268,
,,,-5.59600000000001E-07,0.0208157896995544,0.196604083757848,
,,,-5.594E-07,0.087761402130127,0.196436719736084,
,,,-5.59200000000001E-07,0.0208157896995544,0.195934627670795,
,,,-5.59E-07,-0.0461298227310181,0.196938811801374,
,,,-5.588E-07,0.087761402130127,0.196269355714321,
,,,-5.586E-07,-0.0461298227310181,0.196269355714321,
,,,-5.584E-07,-0.0461298227310181,0.196269355714321,
,,,-5.582E-07,0.0208157896995544,0.196604083757848,
,,,-5.58E-07,-0.0461298227310181,0.196436719736084,
,,,-5.578E-07,-0.113075435161591,0.196771447779611,
,,,-5.576E-07,0.0208157896995544,0.196771447779611,
,,,-5.574E-07,-0.0461298227310181,0.196938811801374,
,,,-5.572E-07,0.087761402130127,0.196604083757848,
,,,-5.57E-07,0.0208157896995544,0.196938811801374,
,,,-5.568E-07,0.087761402130127,0.196436719736084,
,,,-5.566E-07,0.087761402130127,0.196269355714321,
,,,-5.564E-07,0.0208157896995544,0.197106175823137,
,,,-5.562E-07,-0.0461298227310181,0.196771447779611,
,,,-5.56E-07,0.0208157896995544,0.196604083757848,
,,,-5.558E-07,-0.0461298227310181,0.196604083757848,
,,,-5.556E-07,0.0208157896995544,0.196938811801374,
,,,-5.55400000000001E-07,-0.0461298227310181,0.196604083757848,
,,,-5.552E-07,0.154707014560699,0.197106175823137,
,,,-5.55000000000001E-07,-0.0461298227310181,0.197106175823137,
,,,-5.548E-07,-0.0461298227310181,0.196604083757848,
,,,-5.54600000000001E-07,-0.0461298227310181,0.196771447779611,
,,,-5.544E-07,-0.0461298227310181,0.196604083757848,
,,,-5.54200000000001E-07,-0.0461298227310181,0.196604083757848,
,,,-5.54E-07,-0.113075435161591,0.196771447779611,
,,,-5.53800000000001E-07,0.0208157896995544,0.196771447779611,
,,,-5.536E-07,0.087761402130127,0.197106175823137,
,,,-5.53400000000001E-07,-0.113075435161591,0.197440903866664,
,,,-5.532E-07,-0.0461298227310181,0.196938811801374,
,,,-5.53E-07,0.087761402130127,0.196269355714321,
,,,-5.528E-07,0.0208157896995544,0.197106175823137,
,,,-5.526E-07,-0.0461298227310181,0.196269355714321,
,,,-5.524E-07,0.0208157896995544,0.196269355714321,
,,,-5.522E-07,-0.0461298227310181,0.196604083757848,
,,,-5.52E-07,0.0208157896995544,0.197106175823137,
,,,-5.518E-07,-0.0461298227310181,0.196101991692558,
,,,-5.516E-07,-0.0461298227310181,0.196101991692558,
,,,-5.514E-07,0.0208157896995544,0.196771447779611,
,,,-5.512E-07,0.087761402130127,0.196269355714321,
,,,-5.51E-07,-0.0461298227310181,0.196604083757848,
,,,-5.508E-07,0.0208157896995544,0.195934627670795,
,,,-5.506E-07,0.0208157896995544,0.196771447779611,
,,,-5.504E-07,-0.113075435161591,0.195934627670795,
,,,-5.502E-07,-0.0461298227310181,0.195767263649032,
,,,-5.50000000000001E-07,0.0208157896995544,0.196101991692558,
,,,-5.498E-07,-0.0461298227310181,0.195934627670795,
,,,-5.49600000000001E-07,0.087761402130127,0.196938811801374,
,,,-5.494E-07,-0.0461298227310181,0.196101991692558,
,,,-5.49200000000001E-07,0.0208157896995544,0.196771447779611,
,,,-5.49E-07,0.087761402130127,0.196436719736084,
,,,-5.48800000000001E-07,0.154707014560699,0.196604083757848,
,,,-5.486E-07,0.0208157896995544,0.196436719736084,
,,,-5.48400000000001E-07,0.087761402130127,0.196604083757848,
,,,-5.482E-07,-0.0461298227310181,0.195767263649032,
,,,-5.48000000000001E-07,-0.0461298227310181,0.196101991692558,
,,,-5.478E-07,0.0208157896995544,0.196269355714321,
,,,-5.476E-07,-0.113075435161591,0.196436719736084,
,,,-5.474E-07,-0.0461298227310181,0.196436719736084,
,,,-5.472E-07,0.087761402130127,0.197440903866664,
,,,-5.47E-07,-0.0461298227310181,0.196101991692558,
,,,-5.468E-07,0.087761402130127,0.195934627670795,
,,,-5.466E-07,0.087761402130127,0.196604083757848,
,,,-5.464E-07,0.0208157896995544,0.196771447779611,
,,,-5.462E-07,-0.113075435161591,0.196604083757848,
,,,-5.46E-07,0.0208157896995544,0.196771447779611,
,,,-5.458E-07,0.0208157896995544,0.197106175823137,
,,,-5.456E-07,0.0208157896995544,0.196938811801374,
,,,-5.454E-07,-0.0461298227310181,0.196604083757848,
,,,-5.452E-07,0.0208157896995544,0.196938811801374,
,,,-5.45E-07,0.0208157896995544,0.196604083757848,
,,,-5.448E-07,0.0208157896995544,0.196771447779611,
,,,-5.446E-07,-0.113075435161591,0.197608267888427,
,,,-5.444E-07,0.154707014560699,0.196604083757848,
,,,-5.44200000000001E-07,0.0208157896995544,0.196938811801374,
,,,-5.44E-07,-0.0461298227310181,0.196269355714321,
,,,-5.43800000000001E-07,0.154707014560699,0.196604083757848,
,,,-5.436E-07,-0.0461298227310181,0.196604083757848,
,,,-5.43400000000001E-07,-0.0461298227310181,0.196269355714321,
,,,-5.432E-07,0.087761402130127,0.196604083757848,
,,,-5.43000000000001E-07,0.087761402130127,0.196771447779611,
,,,-5.428E-07,-0.0461298227310181,0.196101991692558,
,,,-5.42600000000001E-07,0.0208157896995544,0.196269355714321,
,,,-5.424E-07,0.087761402130127,0.195934627670795,
,,,-5.42200000000001E-07,-0.0461298227310181,0.196269355714321,
,,,-5.42E-07,-0.0461298227310181,0.197106175823137,
,,,-5.418E-07,0.087761402130127,0.196604083757848,
,,,-5.416E-07,0.0208157896995544,0.196269355714321,
,,,-5.414E-07,0.0208157896995544,0.197106175823137,
,,,-5.412E-07,-0.0461298227310181,0.196436719736084,
,,,-5.41E-07,0.087761402130127,0.195934627670795,
,,,-5.408E-07,0.087761402130127,0.196101991692558,
,,,-5.406E-07,-0.113075435161591,0.196269355714321,
,,,-5.404E-07,0.0208157896995544,0.196771447779611,
,,,-5.402E-07,0.0208157896995544,0.195934627670795,
,,,-5.4E-07,0.0208157896995544,0.196604083757848,
,,,-5.398E-07,-0.0461298227310181,0.196269355714321,
,,,-5.396E-07,0.087761402130127,0.196269355714321,
,,,-5.394E-07,-0.0461298227310181,0.196771447779611,
,,,-5.392E-07,0.087761402130127,0.196436719736084,
,,,-5.39E-07,0.0208157896995544,0.196101991692558,
,,,-5.38800000000001E-07,-0.0461298227310181,0.196938811801374,
,,,-5.386E-07,-0.0461298227310181,0.196938811801374,
,,,-5.38400000000001E-07,0.0208157896995544,0.196938811801374,
,,,-5.382E-07,0.0208157896995544,0.196938811801374,
,,,-5.38000000000001E-07,0.154707014560699,0.196771447779611,
,,,-5.378E-07,0.0208157896995544,0.196771447779611,
,,,-5.37600000000001E-07,-0.0461298227310181,0.196771447779611,
,,,-5.374E-07,0.154707014560699,0.197106175823137,
,,,-5.37200000000001E-07,0.087761402130127,0.196938811801374,
,,,-5.37E-07,0.0208157896995544,0.196436719736084,
,,,-5.36800000000001E-07,0.0208157896995544,0.197440903866664,
,,,-5.366E-07,-0.0461298227310181,0.196604083757848,
,,,-5.364E-07,0.0208157896995544,0.197106175823137,
,,,-5.362E-07,0.0208157896995544,0.196771447779611,
,,,-5.36E-07,0.154707014560699,0.197608267888427,
,,,-5.358E-07,-0.0461298227310181,0.1972735398449,
,,,-5.356E-07,0.0208157896995544,0.1972735398449,
,,,-5.354E-07,0.087761402130127,0.196436719736084,
,,,-5.352E-07,-0.0461298227310181,0.196771447779611,
,,,-5.35E-07,-0.0461298227310181,0.19777563191019,
,,,-5.348E-07,-0.113075435161591,0.196604083757848,
,,,-5.346E-07,-0.0461298227310181,0.196436719736084,
,,,-5.344E-07,0.087761402130127,0.196604083757848,
,,,-5.342E-07,-0.113075435161591,0.196436719736084,
,,,-5.34E-07,0.0208157896995544,0.196604083757848,
,,,-5.338E-07,-0.0461298227310181,0.196938811801374,
,,,-5.336E-07,0.0208157896995544,0.197106175823137,
,,,-5.334E-07,-0.0461298227310181,0.196938811801374,
,,,-5.332E-07,-0.0461298227310181,0.1972735398449,
,,,-5.33000000000001E-07,-0.0461298227310181,0.196604083757848,
,,,-5.328E-07,0.0208157896995544,0.196938811801374,
,,,-5.32600000000001E-07,-0.0461298227310181,0.196938811801374,
,,,-5.324E-07,0.0208157896995544,0.196938811801374,
,,,-5.32200000000001E-07,-0.0461298227310181,0.196938811801374,
,,,-5.32E-07,0.154707014560699,0.196604083757848,
,,,-5.31800000000001E-07,0.087761402130127,0.196436719736084,
,,,-5.316E-07,0.0208157896995544,0.196436719736084,
,,,-5.31400000000001E-07,0.0208157896995544,0.196771447779611,
,,,-5.312E-07,0.0208157896995544,0.197106175823137,
,,,-5.31000000000001E-07,0.087761402130127,0.197440903866664,
,,,-5.308E-07,-0.0461298227310181,0.197106175823137,
,,,-5.306E-07,0.087761402130127,0.196604083757848,
,,,-5.304E-07,0.0208157896995544,0.196938811801374,
,,,-5.302E-07,-0.0461298227310181,0.196771447779611,
,,,-5.3E-07,0.0208157896995544,0.197106175823137,
,,,-5.298E-07,0.0208157896995544,0.196771447779611,
,,,-5.296E-07,0.0208157896995544,0.196604083757848,
,,,-5.294E-07,-0.0461298227310181,0.197608267888427,
,,,-5.292E-07,0.087761402130127,0.196269355714321,
,,,-5.29E-07,-0.0461298227310181,0.196436719736084,
,,,-5.288E-07,-0.0461298227310181,0.196269355714321,
,,,-5.286E-07,0.087761402130127,0.196771447779611,
,,,-5.284E-07,-0.0461298227310181,0.196604083757848,
,,,-5.282E-07,0.0208157896995544,0.1972735398449,
,,,-5.28E-07,0.0208157896995544,0.1972735398449,
,,,-5.278E-07,-0.0461298227310181,0.1972735398449,
,,,-5.276E-07,-0.0461298227310181,0.1972735398449,
,,,-5.274E-07,0.0208157896995544,0.197106175823137,
,,,-5.27200000000001E-07,0.0208157896995544,0.196771447779611,
,,,-5.27E-07,-0.0461298227310181,0.1972735398449,
,,,-5.26800000000001E-07,0.0208157896995544,0.197608267888427,
,,,-5.266E-07,-0.0461298227310181,0.19777563191019,
,,,-5.26400000000001E-07,0.0208157896995544,0.197106175823137,
,,,-5.262E-07,0.0208157896995544,0.197440903866664,
,,,-5.26000000000001E-07,0.0208157896995544,0.197440903866664,
,,,-5.258E-07,-0.113075435161591,0.196938811801374,
,,,-5.25600000000001E-07,0.0208157896995544,0.197106175823137,
,,,-5.254E-07,0.0208157896995544,0.1972735398449,
,,,-5.252E-07,0.0208157896995544,0.196436719736084,
,,,-5.25E-07,0.0208157896995544,0.196938811801374,
,,,-5.248E-07,-0.0461298227310181,0.196938811801374,
,,,-5.246E-07,0.087761402130127,0.196771447779611,
,,,-5.244E-07,0.0208157896995544,0.196938811801374,
,,,-5.242E-07,-0.0461298227310181,0.196436719736084,
,,,-5.24E-07,0.087761402130127,0.196938811801374,
,,,-5.238E-07,0.0208157896995544,0.1972735398449,
,,,-5.236E-07,-0.113075435161591,0.196771447779611,
,,,-5.234E-07,0.0208157896995544,0.196269355714321,
,,,-5.232E-07,0.087761402130127,0.197106175823137,
,,,-5.23E-07,-0.0461298227310181,0.196604083757848,
,,,-5.228E-07,0.087761402130127,0.196771447779611,
,,,-5.226E-07,0.087761402130127,0.196436719736084,
,,,-5.224E-07,0.0208157896995544,0.196604083757848,
,,,-5.222E-07,-0.0461298227310181,0.197440903866664,
,,,-5.22E-07,0.0208157896995544,0.196938811801374,
,,,-5.21800000000001E-07,0.0208157896995544,0.196604083757848,
,,,-5.216E-07,0.0208157896995544,0.1972735398449,
,,,-5.21400000000001E-07,-0.113075435161591,0.196604083757848,
,,,-5.212E-07,-0.113075435161591,0.196604083757848,
,,,-5.21000000000001E-07,0.087761402130127,0.196604083757848,
,,,-5.208E-07,0.0208157896995544,0.196771447779611,
,,,-5.20600000000001E-07,-0.0461298227310181,0.196938811801374,
,,,-5.204E-07,0.0208157896995544,0.197608267888427,
,,,-5.20200000000001E-07,0.087761402130127,0.197942995931953,
,,,-5.2E-07,-0.0461298227310181,0.197440903866664,
,,,-5.19800000000001E-07,-0.0461298227310181,0.1972735398449,
,,,-5.196E-07,0.0208157896995544,0.197942995931953,
,,,-5.194E-07,-0.0461298227310181,0.19827772397548,
,,,-5.192E-07,0.087761402130127,0.196938811801374,
,,,-5.19E-07,0.0208157896995544,0.19777563191019,
,,,-5.188E-07,0.087761402130127,0.19777563191019,
,,,-5.186E-07,0.0208157896995544,0.197440903866664,
,,,-5.184E-07,0.0208157896995544,0.197942995931953,
,,,-5.182E-07,0.0208157896995544,0.198445087997243,
,,,-5.18E-07,-0.0461298227310181,0.19777563191019,
,,,-5.178E-07,-0.0461298227310181,0.197440903866664,
,,,-5.176E-07,-0.0461298227310181,0.198110359953716,
,,,-5.174E-07,-0.0461298227310181,0.197440903866664,
,,,-5.172E-07,0.0208157896995544,0.197942995931953,
,,,-5.17E-07,0.0208157896995544,0.197608267888427,
,,,-5.168E-07,0.0208157896995544,0.197608267888427,
,,,-5.166E-07,-0.0461298227310181,0.197440903866664,
,,,-5.164E-07,0.087761402130127,0.197608267888427,
,,,-5.162E-07,0.0208157896995544,0.19777563191019,
,,,-5.16000000000001E-07,0.087761402130127,0.1972735398449,
,,,-5.158E-07,-0.0461298227310181,0.197440903866664,
,,,-5.15600000000001E-07,0.0208157896995544,0.1972735398449,
,,,-5.154E-07,-0.0461298227310181,0.197608267888427,
,,,-5.15200000000001E-07,0.087761402130127,0.19777563191019,
,,,-5.15E-07,-0.0461298227310181,0.1972735398449,
,,,-5.14800000000001E-07,-0.0461298227310181,0.19777563191019,
,,,-5.146E-07,-0.0461298227310181,0.196938811801374,
,,,-5.14400000000001E-07,0.0208157896995544,0.197106175823137,
,,,-5.142E-07,-0.0461298227310181,0.196938811801374,
,,,-5.14000000000001E-07,0.087761402130127,0.197608267888427,
,,,-5.138E-07,-0.0461298227310181,0.198110359953716,
,,,-5.136E-07,0.0208157896995544,0.197440903866664,
,,,-5.134E-07,-0.0461298227310181,0.197440903866664,
,,,-5.132E-07,0.0208157896995544,0.197440903866664,
,,,-5.13E-07,0.0208157896995544,0.196604083757848,
,,,-5.128E-07,0.0208157896995544,0.196604083757848,
,,,-5.126E-07,0.087761402130127,0.197440903866664,
,,,-5.124E-07,0.087761402130127,0.197106175823137,
,,,-5.122E-07,-0.0461298227310181,0.196938811801374,
,,,-5.12E-07,-0.0461298227310181,0.196771447779611,
,,,-5.118E-07,0.0208157896995544,0.196938811801374,
,,,-5.116E-07,-0.0461298227310181,0.196938811801374,
,,,-5.114E-07,-0.0461298227310181,0.197106175823137,
,,,-5.112E-07,0.0208157896995544,0.1972735398449,
,,,-5.11E-07,-0.0461298227310181,0.196604083757848,
,,,-5.108E-07,0.0208157896995544,0.196269355714321,
,,,-5.10600000000001E-07,-0.0461298227310181,0.197106175823137,
,,,-5.104E-07,0.087761402130127,0.196604083757848,
,,,-5.10200000000001E-07,0.087761402130127,0.195934627670795,
,,,-5.1E-07,0.0208157896995544,0.197106175823137,
,,,-5.09800000000001E-07,-0.0461298227310181,0.197106175823137,
,,,-5.096E-07,-0.0461298227310181,0.196938811801374,
,,,-5.09400000000001E-07,0.0208157896995544,0.196938811801374,
,,,-5.092E-07,0.0208157896995544,0.1972735398449,
,,,-5.09000000000001E-07,-0.0461298227310181,0.1972735398449,
,,,-5.088E-07,0.087761402130127,0.196938811801374,
,,,-5.08600000000001E-07,-0.0461298227310181,0.196938811801374,
,,,-5.084E-07,0.0208157896995544,0.197106175823137,
,,,-5.082E-07,0.0208157896995544,0.196938811801374,
,,,-5.08E-07,0.087761402130127,0.197608267888427,
,,,-5.078E-07,-0.0461298227310181,0.196771447779611,
,,,-5.076E-07,0.087761402130127,0.197106175823137,
,,,-5.074E-07,0.0208157896995544,0.1972735398449,
,,,-5.072E-07,-0.0461298227310181,0.197440903866664,
,,,-5.07E-07,-0.113075435161591,0.196938811801374,
,,,-5.068E-07,0.0208157896995544,0.196436719736084,
,,,-5.066E-07,-0.0461298227310181,0.197106175823137,
,,,-5.064E-07,0.0208157896995544,0.196771447779611,
,,,-5.062E-07,0.0208157896995544,0.196771447779611,
,,,-5.06E-07,0.154707014560699,0.196269355714321,
,,,-5.058E-07,-0.0461298227310181,0.197106175823137,
,,,-5.056E-07,-0.0461298227310181,0.196269355714321,
,,,-5.054E-07,0.087761402130127,0.195934627670795,
,,,-5.052E-07,-0.0461298227310181,0.196436719736084,
,,,-5.05E-07,-0.0461298227310181,0.196269355714321,
,,,-5.04800000000001E-07,0.087761402130127,0.196436719736084,
,,,-5.046E-07,-0.113075435161591,0.196938811801374,
,,,-5.04400000000001E-07,0.0208157896995544,0.196938811801374,
,,,-5.042E-07,-0.0461298227310181,0.197106175823137,
,,,-5.04000000000001E-07,0.087761402130127,0.196436719736084,
,,,-5.038E-07,-0.0461298227310181,0.196269355714321,
,,,-5.03600000000001E-07,0.0208157896995544,0.196771447779611,
,,,-5.034E-07,0.0208157896995544,0.196436719736084,
,,,-5.03200000000001E-07,-0.0461298227310181,0.196436719736084,
,,,-5.03E-07,0.0208157896995544,0.196436719736084,
,,,-5.02800000000001E-07,-0.0461298227310181,0.196604083757848,
,,,-5.026E-07,0.0208157896995544,0.196604083757848,
,,,-5.024E-07,0.0208157896995544,0.197608267888427,
,,,-5.022E-07,-0.113075435161591,0.196604083757848,
,,,-5.02E-07,0.0208157896995544,0.196771447779611,
,,,-5.018E-07,0.0208157896995544,0.196938811801374,
,,,-5.016E-07,0.0208157896995544,0.197106175823137,
,,,-5.014E-07,-0.113075435161591,0.197440903866664,
,,,-5.012E-07,0.0208157896995544,0.197608267888427,
,,,-5.01E-07,-0.0461298227310181,0.196938811801374,
,,,-5.008E-07,0.0208157896995544,0.196938811801374,
,,,-5.006E-07,-0.0461298227310181,0.197106175823137,
,,,-5.004E-07,0.0208157896995544,0.1972735398449,
,,,-5.002E-07,-0.0461298227310181,0.196938811801374,
,,,-5E-07,0.087761402130127,0.196938811801374,
,,,-4.998E-07,0.0208157896995544,0.196938811801374,
,,,-4.996E-07,0.087761402130127,0.196771447779611,
,,,-4.994E-07,0.087761402130127,0.197440903866664,
,,,-4.992E-07,0.0208157896995544,0.197608267888427,
,,,-4.99000000000001E-07,0.0208157896995544,0.196771447779611,
,,,-4.988E-07,-0.0461298227310181,0.197440903866664,
,,,-4.98600000000001E-07,0.0208157896995544,0.197106175823137,
,,,-4.984E-07,0.087761402130127,0.196771447779611,
,,,-4.98200000000001E-07,-0.0461298227310181,0.196771447779611,
,,,-4.98E-07,-0.0461298227310181,0.1972735398449,
,,,-4.97800000000001E-07,0.0208157896995544,0.197106175823137,
,,,-4.976E-07,0.0208157896995544,0.196938811801374,
,,,-4.97400000000001E-07,-0.0461298227310181,0.197106175823137,
,,,-4.972E-07,-0.0461298227310181,0.1972735398449,
,,,-4.97E-07,0.087761402130127,0.196771447779611,
,,,-4.968E-07,-0.0461298227310181,0.196436719736084,
,,,-4.966E-07,-0.113075435161591,0.196771447779611,
,,,-4.964E-07,0.0208157896995544,0.197608267888427,
,,,-4.962E-07,0.087761402130127,0.1972735398449,
,,,-4.96E-07,-0.0461298227310181,0.197106175823137,
,,,-4.958E-07,-0.180021047592163,0.196269355714321,
,,,-4.956E-07,0.0208157896995544,0.196938811801374,
,,,-4.954E-07,0.087761402130127,0.196938811801374,
,,,-4.952E-07,0.0208157896995544,0.196101991692558,
,,,-4.95E-07,-0.0461298227310181,0.196604083757848,
,,,-4.948E-07,0.0208157896995544,0.196604083757848,
,,,-4.946E-07,-0.0461298227310181,0.196604083757848,
,,,-4.944E-07,0.0208157896995544,0.196269355714321,
,,,-4.942E-07,0.087761402130127,0.196604083757848,
,,,-4.94E-07,0.0208157896995544,0.196269355714321,
,,,-4.938E-07,-0.113075435161591,0.196436719736084,
,,,-4.93600000000001E-07,0.087761402130127,0.197106175823137,
,,,-4.934E-07,-0.113075435161591,0.196101991692558,
,,,-4.93200000000001E-07,0.087761402130127,0.196771447779611,
,,,-4.93E-07,-0.0461298227310181,0.196436719736084,
,,,-4.92800000000001E-07,0.0208157896995544,0.196604083757848,
,,,-4.926E-07,0.0208157896995544,0.196269355714321,
,,,-4.92400000000001E-07,-0.113075435161591,0.196604083757848,
,,,-4.922E-07,-0.0461298227310181,0.196269355714321,
,,,-4.92000000000001E-07,0.0208157896995544,0.196436719736084,
,,,-4.918E-07,0.0208157896995544,0.196771447779611,
,,,-4.91600000000001E-07,0.0208157896995544,0.195934627670795,
,,,-4.914E-07,0.154707014560699,0.195934627670795,
,,,-4.912E-07,0.154707014560699,0.196938811801374,
,,,-4.91E-07,-0.113075435161591,0.196604083757848,
,,,-4.908E-07,0.0208157896995544,0.196269355714321,
,,,-4.906E-07,0.0208157896995544,0.195432535605505,
,,,-4.904E-07,-0.0461298227310181,0.196771447779611,
,,,-4.902E-07,-0.0461298227310181,0.196604083757848,
,,,-4.9E-07,-0.0461298227310181,0.195934627670795,
,,,-4.898E-07,-0.0461298227310181,0.196269355714321,
,,,-4.896E-07,-0.0461298227310181,0.196938811801374,
,,,-4.894E-07,-0.0461298227310181,0.195934627670795,
,,,-4.892E-07,-0.0461298227310181,0.196938811801374,
,,,-4.89E-07,0.0208157896995544,0.196938811801374,
,,,-4.888E-07,0.0208157896995544,0.196604083757848,
,,,-4.886E-07,-0.0461298227310181,0.196938811801374,
,,,-4.884E-07,-0.0461298227310181,0.196938811801374,
,,,-4.882E-07,-0.0461298227310181,0.196269355714321,
,,,-4.88E-07,0.087761402130127,0.196938811801374,
,,,-4.87800000000001E-07,-0.0461298227310181,0.196436719736084,
,,,-4.876E-07,-0.0461298227310181,0.197106175823137,
,,,-4.87400000000001E-07,0.0208157896995544,0.196938811801374,
,,,-4.872E-07,0.0208157896995544,0.196604083757848,
,,,-4.87000000000001E-07,0.0208157896995544,0.196436719736084,
,,,-4.868E-07,0.087761402130127,0.197106175823137,
,,,-4.86600000000001E-07,0.087761402130127,0.196604083757848,
,,,-4.864E-07,0.087761402130127,0.196269355714321,
,,,-4.86200000000001E-07,0.0208157896995544,0.196604083757848,
,,,-4.86E-07,0.087761402130127,0.196604083757848,
,,,-4.85800000000001E-07,0.087761402130127,0.196938811801374,
,,,-4.856E-07,-0.0461298227310181,0.196771447779611,
,,,-4.854E-07,-0.0461298227310181,0.197106175823137,
,,,-4.852E-07,0.0208157896995544,0.196604083757848,
,,,-4.85E-07,-0.0461298227310181,0.196436719736084,
,,,-4.848E-07,0.087761402130127,0.196604083757848,
,,,-4.846E-07,0.0208157896995544,0.196604083757848,
,,,-4.844E-07,-0.0461298227310181,0.196604083757848,
,,,-4.842E-07,0.0208157896995544,0.197106175823137,
,,,-4.84E-07,-0.0461298227310181,0.196938811801374,
,,,-4.838E-07,-0.0461298227310181,0.197106175823137,
,,,-4.836E-07,-0.113075435161591,0.196938811801374,
,,,-4.834E-07,0.0208157896995544,0.196771447779611,
,,,-4.832E-07,0.087761402130127,0.196938811801374,
,,,-4.83E-07,-0.0461298227310181,0.196604083757848,
,,,-4.828E-07,-0.113075435161591,0.196938811801374,
,,,-4.826E-07,0.0208157896995544,0.196771447779611,
,,,-4.82400000000001E-07,0.0208157896995544,0.196269355714321,
,,,-4.822E-07,-0.113075435161591,0.196436719736084,
,,,-4.82000000000001E-07,0.0208157896995544,0.197106175823137,
,,,-4.818E-07,-0.0461298227310181,0.197440903866664,
,,,-4.81600000000001E-07,-0.113075435161591,0.196101991692558,
,,,-4.814E-07,-0.113075435161591,0.1972735398449,
,,,-4.81200000000001E-07,0.0208157896995544,0.197440903866664,
,,,-4.81E-07,-0.0461298227310181,0.196938811801374,
,,,-4.80800000000001E-07,-0.0461298227310181,0.196771447779611,
,,,-4.806E-07,0.0208157896995544,0.197106175823137,
,,,-4.80400000000001E-07,0.0208157896995544,0.196604083757848,
,,,-4.802E-07,-0.0461298227310181,0.196771447779611,
,,,-4.8E-07,-0.0461298227310181,0.1972735398449,
,,,-4.798E-07,0.087761402130127,0.196604083757848,
,,,-4.796E-07,-0.0461298227310181,0.197440903866664,
,,,-4.794E-07,-0.0461298227310181,0.196771447779611,
,,,-4.792E-07,0.0208157896995544,0.196938811801374,
,,,-4.79E-07,0.0208157896995544,0.196938811801374,
,,,-4.788E-07,0.0208157896995544,0.196938811801374,
,,,-4.786E-07,0.0208157896995544,0.197106175823137,
,,,-4.784E-07,0.154707014560699,0.1972735398449,
,,,-4.782E-07,-0.113075435161591,0.1972735398449,
,,,-4.78E-07,-0.0461298227310181,0.196436719736084,
,,,-4.778E-07,0.0208157896995544,0.196436719736084,
,,,-4.776E-07,-0.0461298227310181,0.197440903866664,
,,,-4.774E-07,-0.0461298227310181,0.196604083757848,
,,,-4.772E-07,0.0208157896995544,0.197440903866664,
,,,-4.77E-07,-0.0461298227310181,0.196938811801374,
,,,-4.768E-07,0.0208157896995544,0.1972735398449,
,,,-4.76600000000001E-07,-0.0461298227310181,0.196771447779611,
,,,-4.764E-07,0.0208157896995544,0.196938811801374,
,,,-4.76200000000001E-07,0.087761402130127,0.196436719736084,
,,,-4.76E-07,0.087761402130127,0.197440903866664,
,,,-4.75800000000001E-07,0.0208157896995544,0.196604083757848,
,,,-4.756E-07,-0.0461298227310181,0.196771447779611,
,,,-4.75400000000001E-07,-0.113075435161591,0.1972735398449,
,,,-4.752E-07,0.0208157896995544,0.196938811801374,
,,,-4.75000000000001E-07,0.0208157896995544,0.196604083757848,
,,,-4.748E-07,-0.0461298227310181,0.197106175823137,
,,,-4.74600000000001E-07,-0.0461298227310181,0.196269355714321,
,,,-4.744E-07,0.0208157896995544,0.197608267888427,
,,,-4.742E-07,-0.0461298227310181,0.196938811801374,
,,,-4.74E-07,0.087761402130127,0.196771447779611,
,,,-4.738E-07,0.0208157896995544,0.1972735398449,
,,,-4.736E-07,-0.0461298227310181,0.196938811801374,
,,,-4.734E-07,0.0208157896995544,0.196938811801374,
,,,-4.732E-07,0.0208157896995544,0.197942995931953,
,,,-4.73E-07,-0.0461298227310181,0.196938811801374,
,,,-4.728E-07,-0.0461298227310181,0.196604083757848,
,,,-4.726E-07,0.0208157896995544,0.196771447779611,
,,,-4.724E-07,-0.0461298227310181,0.197440903866664,
,,,-4.722E-07,-0.0461298227310181,0.197106175823137,
,,,-4.72E-07,0.087761402130127,0.197440903866664,
,,,-4.718E-07,-0.0461298227310181,0.197106175823137,
,,,-4.716E-07,0.0208157896995544,0.197608267888427,
,,,-4.714E-07,-0.0461298227310181,0.1972735398449,
,,,-4.712E-07,0.0208157896995544,0.196604083757848,
,,,-4.71E-07,0.0208157896995544,0.197608267888427,
,,,-4.70800000000001E-07,0.0208157896995544,0.197440903866664,
,,,-4.706E-07,0.0208157896995544,0.1972735398449,
,,,-4.70400000000001E-07,0.087761402130127,0.196436719736084,
,,,-4.702E-07,-0.0461298227310181,0.196771447779611,
,,,-4.70000000000001E-07,0.0208157896995544,0.197106175823137,
,,,-4.698E-07,0.087761402130127,0.197440903866664,
,,,-4.69600000000001E-07,0.0208157896995544,0.196269355714321,
,,,-4.694E-07,-0.113075435161591,0.197440903866664,
,,,-4.69200000000001E-07,0.087761402130127,0.196604083757848,
,,,-4.69E-07,-0.0461298227310181,0.196604083757848,
,,,-4.688E-07,0.0208157896995544,0.1972735398449,
,,,-4.686E-07,-0.0461298227310181,0.19777563191019,
,,,-4.684E-07,0.0208157896995544,0.197440903866664,
,,,-4.682E-07,-0.0461298227310181,0.1972735398449,
,,,-4.68E-07,0.087761402130127,0.19777563191019,
,,,-4.678E-07,-0.0461298227310181,0.196771447779611,
,,,-4.676E-07,0.0208157896995544,0.196436719736084,
,,,-4.674E-07,-0.0461298227310181,0.196771447779611,
,,,-4.672E-07,-0.0461298227310181,0.197106175823137,
,,,-4.67E-07,0.0208157896995544,0.195767263649032,
,,,-4.668E-07,0.087761402130127,0.196604083757848,
,,,-4.666E-07,0.087761402130127,0.196604083757848,
,,,-4.664E-07,0.0208157896995544,0.196604083757848,
,,,-4.662E-07,-0.0461298227310181,0.196938811801374,
,,,-4.66E-07,0.0208157896995544,0.1972735398449,
,,,-4.658E-07,0.0208157896995544,0.196938811801374,
,,,-4.656E-07,0.087761402130127,0.197106175823137,
,,,-4.65400000000001E-07,-0.0461298227310181,0.196938811801374,
,,,-4.652E-07,-0.0461298227310181,0.196771447779611,
,,,-4.65000000000001E-07,0.0208157896995544,0.1972735398449,
,,,-4.648E-07,-0.0461298227310181,0.196771447779611,
,,,-4.64600000000001E-07,0.0208157896995544,0.1972735398449,
,,,-4.644E-07,0.0208157896995544,0.197608267888427,
,,,-4.64200000000001E-07,-0.0461298227310181,0.197942995931953,
,,,-4.64E-07,0.0208157896995544,0.1972735398449,
,,,-4.63800000000001E-07,-0.0461298227310181,0.196771447779611,
,,,-4.636E-07,-0.113075435161591,0.197106175823137,
,,,-4.63400000000001E-07,0.087761402130127,0.19777563191019,
,,,-4.632E-07,0.087761402130127,0.196771447779611,
,,,-4.63E-07,-0.113075435161591,0.197440903866664,
,,,-4.628E-07,-0.0461298227310181,0.197106175823137,
,,,-4.626E-07,-0.113075435161591,0.1972735398449,
,,,-4.624E-07,-0.0461298227310181,0.196604083757848,
,,,-4.622E-07,-0.113075435161591,0.197608267888427,
,,,-4.62E-07,0.0208157896995544,0.197440903866664,
,,,-4.618E-07,-0.0461298227310181,0.197608267888427,
,,,-4.616E-07,-0.0461298227310181,0.1972735398449,
,,,-4.614E-07,-0.113075435161591,0.197942995931953,
,,,-4.612E-07,0.0208157896995544,0.197440903866664,
,,,-4.61E-07,0.0208157896995544,0.197440903866664,
,,,-4.608E-07,-0.0461298227310181,0.196771447779611,
,,,-4.606E-07,0.154707014560699,0.197608267888427,
,,,-4.604E-07,0.0208157896995544,0.196604083757848,
,,,-4.602E-07,-0.0461298227310181,0.196269355714321,
,,,-4.6E-07,-0.0461298227310181,0.1972735398449,
,,,-4.598E-07,-0.0461298227310181,0.1972735398449,
,,,-4.59600000000001E-07,0.0208157896995544,0.197440903866664,
,,,-4.594E-07,-0.0461298227310181,0.198110359953716,
,,,-4.59200000000001E-07,0.154707014560699,0.1972735398449,
,,,-4.59E-07,-0.0461298227310181,0.19777563191019,
,,,-4.58800000000001E-07,0.087761402130127,0.196604083757848,
,,,-4.586E-07,-0.0461298227310181,0.196771447779611,
,,,-4.58400000000001E-07,-0.113075435161591,0.1972735398449,
,,,-4.582E-07,-0.0461298227310181,0.197440903866664,
,,,-4.58000000000001E-07,0.0208157896995544,0.196604083757848,
,,,-4.578E-07,0.0208157896995544,0.1972735398449,
,,,-4.57600000000001E-07,0.087761402130127,0.197440903866664,
,,,-4.574E-07,-0.113075435161591,0.196771447779611,
,,,-4.572E-07,-0.0461298227310181,0.197440903866664,
,,,-4.57E-07,0.0208157896995544,0.1972735398449,
,,,-4.568E-07,0.0208157896995544,0.19777563191019,
,,,-4.566E-07,-0.180021047592163,0.197608267888427,
,,,-4.564E-07,0.0208157896995544,0.1972735398449,
,,,-4.562E-07,-0.0461298227310181,0.19777563191019,
,,,-4.56E-07,-0.113075435161591,0.197440903866664,
,,,-4.558E-07,0.0208157896995544,0.1972735398449,
,,,-4.556E-07,-0.0461298227310181,0.19777563191019,
,,,-4.554E-07,-0.113075435161591,0.196771447779611,
,,,-4.552E-07,0.087761402130127,0.197440903866664,
,,,-4.55E-07,0.0208157896995544,0.196938811801374,
,,,-4.548E-07,0.0208157896995544,0.196604083757848,
,,,-4.546E-07,0.087761402130127,0.196771447779611,
,,,-4.544E-07,0.0208157896995544,0.196938811801374,
,,,-4.54200000000001E-07,0.087761402130127,0.197106175823137,
,,,-4.54E-07,0.0208157896995544,0.196938811801374,
,,,-4.53800000000001E-07,0.0208157896995544,0.196938811801374,
,,,-4.536E-07,0.087761402130127,0.196938811801374,
,,,-4.53400000000001E-07,-0.0461298227310181,0.196101991692558,
,,,-4.532E-07,-0.0461298227310181,0.196101991692558,
,,,-4.53000000000001E-07,0.0208157896995544,0.196604083757848,
,,,-4.528E-07,0.154707014560699,0.196938811801374,
,,,-4.52600000000001E-07,-0.113075435161591,0.1972735398449,
,,,-4.524E-07,0.087761402130127,0.1972735398449,
,,,-4.52200000000001E-07,-0.0461298227310181,0.19827772397548,
,,,-4.52E-07,-0.0461298227310181,0.197440903866664,
,,,-4.518E-07,0.0208157896995544,0.197942995931953,
,,,-4.516E-07,-0.113075435161591,0.197440903866664,
,,,-4.514E-07,-0.0461298227310181,0.19777563191019,
,,,-4.512E-07,0.087761402130127,0.19777563191019,
,,,-4.51E-07,-0.0461298227310181,0.196269355714321,
,,,-4.508E-07,-0.0461298227310181,0.196938811801374,
,,,-4.506E-07,0.087761402130127,0.196938811801374,
,,,-4.504E-07,0.0208157896995544,0.196269355714321,
,,,-4.502E-07,-0.113075435161591,0.196604083757848,
,,,-4.5E-07,-0.0461298227310181,0.196604083757848,
,,,-4.498E-07,0.0208157896995544,0.196938811801374,
,,,-4.496E-07,-0.0461298227310181,0.197106175823137,
,,,-4.494E-07,-0.0461298227310181,0.197106175823137,
,,,-4.492E-07,-0.0461298227310181,0.196938811801374,
,,,-4.49E-07,-0.0461298227310181,0.196938811801374,
,,,-4.488E-07,-0.0461298227310181,0.196938811801374,
,,,-4.486E-07,-0.0461298227310181,0.197440903866664,
,,,-4.48400000000001E-07,0.087761402130127,0.196938811801374,
,,,-4.482E-07,0.0208157896995544,0.1972735398449,
,,,-4.48000000000001E-07,-0.0461298227310181,0.197608267888427,
,,,-4.478E-07,0.0208157896995544,0.196436719736084,
,,,-4.47600000000001E-07,-0.0461298227310181,0.196604083757848,
,,,-4.474E-07,0.0208157896995544,0.196938811801374,
,,,-4.47200000000001E-07,0.0208157896995544,0.1972735398449,
,,,-4.47E-07,-0.113075435161591,0.196771447779611,
,,,-4.46800000000001E-07,-0.0461298227310181,0.197440903866664,
,,,-4.466E-07,-0.0461298227310181,0.1972735398449,
,,,-4.46400000000001E-07,0.154707014560699,0.196604083757848,
,,,-4.462E-07,-0.0461298227310181,0.196938811801374,
,,,-4.46E-07,-0.0461298227310181,0.196938811801374,
,,,-4.458E-07,0.0208157896995544,0.1972735398449,
,,,-4.456E-07,0.0208157896995544,0.196436719736084,
,,,-4.454E-07,0.0208157896995544,0.196604083757848,
,,,-4.452E-07,-0.0461298227310181,0.196604083757848,
,,,-4.45E-07,0.087761402130127,0.196938811801374,
,,,-4.448E-07,0.0208157896995544,0.197106175823137,
,,,-4.446E-07,-0.113075435161591,0.197106175823137,
,,,-4.444E-07,0.0208157896995544,0.1972735398449,
,,,-4.442E-07,0.0208157896995544,0.196604083757848,
,,,-4.44E-07,0.0208157896995544,0.197942995931953,
,,,-4.438E-07,0.0208157896995544,0.197942995931953,
,,,-4.436E-07,-0.0461298227310181,0.197440903866664,
,,,-4.434E-07,0.0208157896995544,0.197942995931953,
,,,-4.432E-07,-0.0461298227310181,0.198110359953716,
,,,-4.43E-07,0.0208157896995544,0.19827772397548,
,,,-4.428E-07,0.087761402130127,0.19827772397548,
,,,-4.42600000000001E-07,0.0208157896995544,0.197608267888427,
,,,-4.424E-07,0.087761402130127,0.1972735398449,
,,,-4.42200000000001E-07,-0.0461298227310181,0.19777563191019,
,,,-4.42E-07,-0.0461298227310181,0.196938811801374,
,,,-4.41800000000001E-07,0.0208157896995544,0.1972735398449,
,,,-4.416E-07,0.0208157896995544,0.197942995931953,
,,,-4.41400000000001E-07,0.087761402130127,0.196771447779611,
,,,-4.412E-07,-0.0461298227310181,0.196938811801374,
,,,-4.41000000000001E-07,0.154707014560699,0.197106175823137,
,,,-4.408E-07,0.0208157896995544,0.1972735398449,
,,,-4.406E-07,-0.0461298227310181,0.196771447779611,
,,,-4.404E-07,0.0208157896995544,0.196771447779611,
,,,-4.402E-07,0.0208157896995544,0.197608267888427,
,,,-4.4E-07,0.154707014560699,0.197942995931953,
,,,-4.398E-07,-0.0461298227310181,0.1972735398449,
,,,-4.396E-07,-0.0461298227310181,0.197106175823137,
,,,-4.394E-07,0.0208157896995544,0.197106175823137,
,,,-4.392E-07,0.0208157896995544,0.197608267888427,
,,,-4.39E-07,-0.0461298227310181,0.1972735398449,
,,,-4.388E-07,0.0208157896995544,0.196771447779611,
,,,-4.386E-07,-0.0461298227310181,0.19777563191019,
,,,-4.384E-07,0.0208157896995544,0.19777563191019,
,,,-4.382E-07,-0.0461298227310181,0.196771447779611,
,,,-4.38E-07,0.0208157896995544,0.197440903866664,
,,,-4.378E-07,0.0208157896995544,0.19777563191019,
,,,-4.376E-07,0.0208157896995544,0.196269355714321,
,,,-4.374E-07,-0.113075435161591,0.196938811801374,
,,,-4.37200000000001E-07,-0.0461298227310181,0.197440903866664,
,,,-4.37E-07,-0.0461298227310181,0.197440903866664,
,,,-4.36800000000001E-07,0.0208157896995544,0.197106175823137,
,,,-4.366E-07,-0.0461298227310181,0.197440903866664,
,,,-4.36400000000001E-07,-0.0461298227310181,0.196604083757848,
,,,-4.362E-07,-0.0461298227310181,0.196938811801374,
,,,-4.36000000000001E-07,0.087761402130127,0.196938811801374,
,,,-4.358E-07,-0.0461298227310181,0.197608267888427,
,,,-4.35600000000001E-07,0.0208157896995544,0.196938811801374,
,,,-4.354E-07,0.087761402130127,0.197106175823137,
,,,-4.35200000000001E-07,-0.0461298227310181,0.19777563191019,
,,,-4.35E-07,0.0208157896995544,0.19777563191019,
,,,-4.348E-07,-0.0461298227310181,0.197106175823137,
,,,-4.346E-07,0.0208157896995544,0.197942995931953,
,,,-4.344E-07,0.0208157896995544,0.19777563191019,
,,,-4.342E-07,0.0208157896995544,0.198110359953716,
,,,-4.34E-07,-0.0461298227310181,0.198110359953716,
,,,-4.338E-07,0.0208157896995544,0.197440903866664,
,,,-4.336E-07,0.087761402130127,0.197608267888427,
,,,-4.334E-07,-0.0461298227310181,0.197440903866664,
,,,-4.332E-07,0.0208157896995544,0.1972735398449,
,,,-4.33E-07,0.0208157896995544,0.196938811801374,
,,,-4.328E-07,0.0208157896995544,0.197106175823137,
,,,-4.326E-07,0.0208157896995544,0.197440903866664,
,,,-4.324E-07,0.0208157896995544,0.1972735398449,
,,,-4.322E-07,0.087761402130127,0.197106175823137,
,,,-4.32E-07,0.087761402130127,0.197106175823137,
,,,-4.318E-07,-0.113075435161591,0.196771447779611,
,,,-4.316E-07,0.0208157896995544,0.1972735398449,
,,,-4.31400000000001E-07,0.0208157896995544,0.19777563191019,
,,,-4.312E-07,0.0208157896995544,0.197106175823137,
,,,-4.31000000000001E-07,-0.0461298227310181,0.197608267888427,
,,,-4.308E-07,0.087761402130127,0.19777563191019,
,,,-4.30600000000001E-07,-0.0461298227310181,0.197608267888427,
,,,-4.304E-07,0.0208157896995544,0.196938811801374,
,,,-4.30200000000001E-07,0.087761402130127,0.1972735398449,
,,,-4.3E-07,-0.0461298227310181,0.196938811801374,
,,,-4.29800000000001E-07,0.0208157896995544,0.1972735398449,
,,,-4.296E-07,0.087761402130127,0.196771447779611,
,,,-4.29400000000001E-07,-0.0461298227310181,0.196771447779611,
,,,-4.292E-07,0.087761402130127,0.196771447779611,
,,,-4.29E-07,0.087761402130127,0.196771447779611,
,,,-4.288E-07,0.0208157896995544,0.197608267888427,
,,,-4.286E-07,0.0208157896995544,0.196938811801374,
,,,-4.284E-07,0.0208157896995544,0.196604083757848,
,,,-4.282E-07,0.087761402130127,0.196771447779611,
,,,-4.28E-07,-0.0461298227310181,0.196938811801374,
,,,-4.278E-07,-0.0461298227310181,0.196436719736084,
,,,-4.276E-07,0.0208157896995544,0.196436719736084,
,,,-4.274E-07,-0.0461298227310181,0.196938811801374,
,,,-4.272E-07,0.087761402130127,0.196604083757848,
,,,-4.27E-07,0.0208157896995544,0.1972735398449,
,,,-4.268E-07,0.0208157896995544,0.197608267888427,
,,,-4.266E-07,0.0208157896995544,0.196604083757848,
,,,-4.264E-07,-0.0461298227310181,0.196938811801374,
,,,-4.262E-07,-0.0461298227310181,0.1972735398449,
,,,-4.26000000000001E-07,-0.113075435161591,0.1972735398449,
,,,-4.258E-07,0.0208157896995544,0.1972735398449,
,,,-4.25600000000001E-07,0.0208157896995544,0.197942995931953,
,,,-4.254E-07,-0.0461298227310181,0.196436719736084,
,,,-4.25200000000001E-07,0.0208157896995544,0.196436719736084,
,,,-4.25E-07,0.0208157896995544,0.197106175823137,
,,,-4.24800000000001E-07,0.0208157896995544,0.197106175823137,
,,,-4.246E-07,-0.0461298227310181,0.197106175823137,
,,,-4.24400000000001E-07,0.087761402130127,0.196938811801374,
,,,-4.242E-07,0.0208157896995544,0.197440903866664,
,,,-4.24000000000001E-07,0.0208157896995544,0.197608267888427,
,,,-4.238E-07,-0.0461298227310181,0.196771447779611,
,,,-4.236E-07,-0.0461298227310181,0.196269355714321,
,,,-4.234E-07,-0.0461298227310181,0.196269355714321,
,,,-4.232E-07,0.087761402130127,0.197440903866664,
,,,-4.23E-07,-0.0461298227310181,0.1972735398449,
,,,-4.228E-07,0.087761402130127,0.196771447779611,
,,,-4.226E-07,0.0208157896995544,0.1972735398449,
,,,-4.224E-07,0.0208157896995544,0.197106175823137,
,,,-4.222E-07,0.0208157896995544,0.197440903866664,
,,,-4.22E-07,-0.0461298227310181,0.1972735398449,
,,,-4.218E-07,0.087761402130127,0.196771447779611,
,,,-4.216E-07,0.0208157896995544,0.1972735398449,
,,,-4.214E-07,-0.113075435161591,0.196436719736084,
,,,-4.212E-07,0.0208157896995544,0.196604083757848,
,,,-4.21E-07,0.0208157896995544,0.197608267888427,
,,,-4.208E-07,0.087761402130127,0.197106175823137,
,,,-4.206E-07,-0.0461298227310181,0.196938811801374,
,,,-4.204E-07,0.0208157896995544,0.196604083757848,
,,,-4.20200000000001E-07,0.0208157896995544,0.196604083757848,
,,,-4.2E-07,-0.113075435161591,0.196101991692558,
,,,-4.19800000000001E-07,0.0208157896995544,0.197106175823137,
,,,-4.196E-07,0.0208157896995544,0.19777563191019,
,,,-4.19400000000001E-07,0.0208157896995544,0.196938811801374,
,,,-4.192E-07,0.087761402130127,0.197440903866664,
,,,-4.19000000000001E-07,-0.0461298227310181,0.196771447779611,
,,,-4.188E-07,-0.0461298227310181,0.196938811801374,
,,,-4.18600000000001E-07,0.154707014560699,0.196771447779611,
,,,-4.184E-07,0.0208157896995544,0.197440903866664,
,,,-4.18200000000001E-07,-0.0461298227310181,0.197608267888427,
,,,-4.18E-07,0.0208157896995544,0.197440903866664,
,,,-4.178E-07,-0.113075435161591,0.1972735398449,
,,,-4.176E-07,-0.0461298227310181,0.197440903866664,
,,,-4.174E-07,0.0208157896995544,0.196938811801374,
,,,-4.172E-07,0.0208157896995544,0.196771447779611,
,,,-4.17E-07,-0.113075435161591,0.197608267888427,
,,,-4.168E-07,0.087761402130127,0.197106175823137,
,,,-4.166E-07,0.0208157896995544,0.196771447779611,
,,,-4.164E-07,0.087761402130127,0.197106175823137,
,,,-4.162E-07,0.0208157896995544,0.197440903866664,
,,,-4.16E-07,0.0208157896995544,0.196604083757848,
,,,-4.158E-07,0.0208157896995544,0.196269355714321,
,,,-4.156E-07,-0.0461298227310181,0.196436719736084,
,,,-4.154E-07,0.0208157896995544,0.196938811801374,
,,,-4.152E-07,-0.0461298227310181,0.197608267888427,
,,,-4.15E-07,-0.113075435161591,0.1972735398449,
,,,-4.148E-07,0.0208157896995544,0.196604083757848,
,,,-4.146E-07,0.0208157896995544,0.197106175823137,
,,,-4.14400000000001E-07,0.0208157896995544,0.196771447779611,
,,,-4.142E-07,-0.0461298227310181,0.197106175823137,
,,,-4.14000000000001E-07,0.087761402130127,0.197106175823137,
,,,-4.138E-07,-0.0461298227310181,0.196604083757848,
,,,-4.13600000000001E-07,0.0208157896995544,0.195934627670795,
,,,-4.134E-07,0.0208157896995544,0.197106175823137,
,,,-4.13200000000001E-07,-0.0461298227310181,0.197440903866664,
,,,-4.13E-07,0.0208157896995544,0.196771447779611,
,,,-4.12800000000001E-07,0.0208157896995544,0.196938811801374,
,,,-4.126E-07,-0.113075435161591,0.196771447779611,
,,,-4.124E-07,0.0208157896995544,0.197106175823137,
,,,-4.122E-07,0.087761402130127,0.196938811801374,
,,,-4.12E-07,0.0208157896995544,0.197106175823137,
,,,-4.118E-07,-0.0461298227310181,0.197106175823137,
,,,-4.116E-07,0.0208157896995544,0.196771447779611,
,,,-4.114E-07,0.0208157896995544,0.196938811801374,
,,,-4.112E-07,-0.0461298227310181,0.1972735398449,
,,,-4.11E-07,-0.113075435161591,0.196436719736084,
,,,-4.108E-07,0.0208157896995544,0.195599899627268,
,,,-4.106E-07,0.0208157896995544,0.196269355714321,
,,,-4.104E-07,-0.0461298227310181,0.197106175823137,
,,,-4.102E-07,0.087761402130127,0.196604083757848,
,,,-4.1E-07,0.087761402130127,0.196101991692558,
,,,-4.098E-07,-0.0461298227310181,0.196101991692558,
,,,-4.096E-07,-0.0461298227310181,0.195767263649032,
,,,-4.094E-07,0.154707014560699,0.195767263649032,
,,,-4.092E-07,-0.0461298227310181,0.196604083757848,
,,,-4.09000000000001E-07,-0.0461298227310181,0.196938811801374,
,,,-4.088E-07,-0.0461298227310181,0.197106175823137,
,,,-4.08600000000001E-07,0.0208157896995544,0.196604083757848,
,,,-4.084E-07,0.0208157896995544,0.196604083757848,
,,,-4.08200000000001E-07,0.0208157896995544,0.195934627670795,
,,,-4.08E-07,0.087761402130127,0.196604083757848,
,,,-4.07800000000001E-07,-0.0461298227310181,0.196771447779611,
,,,-4.076E-07,0.087761402130127,0.196771447779611,
,,,-4.07400000000001E-07,-0.0461298227310181,0.196101991692558,
,,,-4.072E-07,-0.0461298227310181,0.195934627670795,
,,,-4.07000000000001E-07,0.0208157896995544,0.196771447779611,
,,,-4.068E-07,0.0208157896995544,0.196604083757848,
,,,-4.066E-07,-0.0461298227310181,0.196604083757848,
,,,-4.064E-07,-0.0461298227310181,0.196771447779611,
,,,-4.062E-07,-0.113075435161591,0.196604083757848,
,,,-4.06E-07,0.0208157896995544,0.196436719736084,
,,,-4.058E-07,0.0208157896995544,0.196101991692558,
,,,-4.056E-07,0.0208157896995544,0.196771447779611,
,,,-4.054E-07,-0.0461298227310181,0.196436719736084,
,,,-4.052E-07,-0.0461298227310181,0.196436719736084,
,,,-4.05E-07,-0.0461298227310181,0.1972735398449,
,,,-4.048E-07,0.0208157896995544,0.197608267888427,
,,,-4.046E-07,0.0208157896995544,0.196771447779611,
,,,-4.044E-07,-0.0461298227310181,0.196604083757848,
,,,-4.042E-07,-0.113075435161591,0.196101991692558,
,,,-4.04E-07,0.0208157896995544,0.196269355714321,
,,,-4.038E-07,-0.0461298227310181,0.1972735398449,
,,,-4.036E-07,0.087761402130127,0.196436719736084,
,,,-4.034E-07,0.0208157896995544,0.196604083757848,
,,,-4.03200000000001E-07,0.0208157896995544,0.196771447779611,
,,,-4.03E-07,0.0208157896995544,0.196771447779611,
,,,-4.02800000000001E-07,0.0208157896995544,0.196436719736084,
,,,-4.026E-07,0.0208157896995544,0.196436719736084,
,,,-4.02400000000001E-07,0.087761402130127,0.197106175823137,
,,,-4.022E-07,-0.113075435161591,0.196269355714321,
,,,-4.02000000000001E-07,-0.0461298227310181,0.197106175823137,
,,,-4.018E-07,0.0208157896995544,0.197608267888427,
,,,-4.01600000000001E-07,0.087761402130127,0.196771447779611,
,,,-4.014E-07,-0.0461298227310181,0.196604083757848,
,,,-4.01200000000001E-07,0.087761402130127,0.196604083757848,
,,,-4.01E-07,0.0208157896995544,0.196436719736084,
,,,-4.008E-07,0.0208157896995544,0.196771447779611,
,,,-4.006E-07,-0.0461298227310181,0.196771447779611,
,,,-4.004E-07,0.0208157896995544,0.196771447779611,
,,,-4.002E-07,0.154707014560699,0.196938811801374,
,,,-4E-07,-0.0461298227310181,0.196938811801374,
,,,-3.998E-07,-0.113075435161591,0.1972735398449,
,,,-3.996E-07,0.0208157896995544,0.196771447779611,
,,,-3.994E-07,0.154707014560699,0.196938811801374,
,,,-3.992E-07,0.0208157896995544,0.196771447779611,
,,,-3.99E-07,-0.113075435161591,0.196938811801374,
,,,-3.988E-07,-0.0461298227310181,0.196938811801374,
,,,-3.986E-07,-0.0461298227310181,0.196938811801374,
,,,-3.984E-07,0.0208157896995544,0.196938811801374,
,,,-3.982E-07,0.0208157896995544,0.197440903866664,
,,,-3.98E-07,0.0208157896995544,0.197106175823137,
,,,-3.97800000000001E-07,-0.113075435161591,0.197106175823137,
,,,-3.976E-07,0.087761402130127,0.196604083757848,
,,,-3.97400000000001E-07,0.0208157896995544,0.196771447779611,
,,,-3.972E-07,0.087761402130127,0.1972735398449,
,,,-3.97000000000001E-07,0.0208157896995544,0.196938811801374,
,,,-3.968E-07,-0.0461298227310181,0.196604083757848,
,,,-3.96600000000001E-07,0.087761402130127,0.1972735398449,
,,,-3.964E-07,-0.0461298227310181,0.197440903866664,
,,,-3.96200000000001E-07,0.087761402130127,0.1972735398449,
,,,-3.96E-07,-0.0461298227310181,0.196938811801374,
,,,-3.95800000000001E-07,-0.0461298227310181,0.196436719736084,
,,,-3.956E-07,0.087761402130127,0.197106175823137,
,,,-3.954E-07,0.087761402130127,0.197440903866664,
,,,-3.952E-07,0.0208157896995544,0.197106175823137,
,,,-3.95E-07,-0.0461298227310181,0.197106175823137,
,,,-3.948E-07,-0.0461298227310181,0.1972735398449,
,,,-3.946E-07,0.0208157896995544,0.196771447779611,
,,,-3.944E-07,-0.0461298227310181,0.196604083757848,
,,,-3.942E-07,0.0208157896995544,0.197106175823137,
,,,-3.94E-07,0.0208157896995544,0.196604083757848,
,,,-3.938E-07,-0.0461298227310181,0.197106175823137,
,,,-3.936E-07,0.0208157896995544,0.1972735398449,
,,,-3.934E-07,-0.113075435161591,0.196269355714321,
,,,-3.932E-07,0.0208157896995544,0.196269355714321,
,,,-3.93E-07,0.0208157896995544,0.196938811801374,
,,,-3.928E-07,0.0208157896995544,0.196771447779611,
,,,-3.926E-07,-0.0461298227310181,0.197106175823137,
,,,-3.924E-07,0.0208157896995544,0.196269355714321,
,,,-3.922E-07,-0.0461298227310181,0.197106175823137,
,,,-3.92000000000001E-07,0.0208157896995544,0.196771447779611,
,,,-3.918E-07,-0.0461298227310181,0.196938811801374,
,,,-3.91600000000001E-07,0.0208157896995544,0.196436719736084,
,,,-3.914E-07,-0.113075435161591,0.196771447779611,
,,,-3.91200000000001E-07,0.087761402130127,0.197106175823137,
,,,-3.91E-07,0.087761402130127,0.196101991692558,
,,,-3.90800000000001E-07,0.0208157896995544,0.197106175823137,
,,,-3.906E-07,-0.0461298227310181,0.196436719736084,
,,,-3.90400000000001E-07,0.0208157896995544,0.196604083757848,
,,,-3.902E-07,0.0208157896995544,0.196771447779611,
,,,-3.90000000000001E-07,-0.113075435161591,0.196269355714321,
,,,-3.898E-07,-0.0461298227310181,0.196938811801374,
,,,-3.896E-07,0.0208157896995544,0.197440903866664,
,,,-3.894E-07,-0.0461298227310181,0.196771447779611,
,,,-3.892E-07,0.0208157896995544,0.196101991692558,
,,,-3.89E-07,-0.0461298227310181,0.196938811801374,
,,,-3.888E-07,0.0208157896995544,0.197106175823137,
,,,-3.886E-07,0.0208157896995544,0.195934627670795,
,,,-3.884E-07,0.0208157896995544,0.196604083757848,
,,,-3.882E-07,-0.0461298227310181,0.196269355714321,
,,,-3.88E-07,-0.0461298227310181,0.196101991692558,
,,,-3.878E-07,-0.0461298227310181,0.196436719736084,
,,,-3.876E-07,-0.180021047592163,0.196771447779611,
,,,-3.874E-07,-0.0461298227310181,0.196938811801374,
,,,-3.872E-07,0.087761402130127,0.196771447779611,
,,,-3.87E-07,-0.180021047592163,0.196938811801374,
,,,-3.868E-07,-0.0461298227310181,0.196938811801374,
,,,-3.866E-07,0.0208157896995544,0.196269355714321,
,,,-3.864E-07,0.0208157896995544,0.196269355714321,
,,,-3.86200000000001E-07,-0.0461298227310181,0.196436719736084,
,,,-3.86E-07,0.0208157896995544,0.196436719736084,
,,,-3.85800000000001E-07,-0.0461298227310181,0.196938811801374,
,,,-3.856E-07,0.087761402130127,0.196604083757848,
,,,-3.85400000000001E-07,0.0208157896995544,0.196436719736084,
,,,-3.852E-07,0.0208157896995544,0.196436719736084,
,,,-3.85000000000001E-07,-0.113075435161591,0.196269355714321,
,,,-3.848E-07,0.087761402130127,0.196938811801374,
,,,-3.84600000000001E-07,0.0208157896995544,0.197106175823137,
,,,-3.844E-07,0.0208157896995544,0.1972735398449,
,,,-3.842E-07,0.0208157896995544,0.196771447779611,
,,,-3.84E-07,-0.0461298227310181,0.196938811801374,
,,,-3.838E-07,0.087761402130127,0.1972735398449,
,,,-3.836E-07,-0.0461298227310181,0.196604083757848,
,,,-3.834E-07,0.0208157896995544,0.196269355714321,
,,,-3.832E-07,0.0208157896995544,0.1972735398449,
,,,-3.83E-07,0.0208157896995544,0.196771447779611,
,,,-3.828E-07,0.087761402130127,0.197106175823137,
,,,-3.826E-07,0.0208157896995544,0.197106175823137,
,,,-3.824E-07,0.087761402130127,0.196771447779611,
,,,-3.822E-07,-0.0461298227310181,0.196938811801374,
,,,-3.82E-07,-0.0461298227310181,0.1972735398449,
,,,-3.818E-07,-0.0461298227310181,0.197440903866664,
,,,-3.816E-07,0.0208157896995544,0.197106175823137,
,,,-3.814E-07,-0.0461298227310181,0.196101991692558,
,,,-3.812E-07,-0.113075435161591,0.197440903866664,
,,,-3.81E-07,0.0208157896995544,0.196269355714321,
,,,-3.80800000000001E-07,0.087761402130127,0.197106175823137,
,,,-3.806E-07,-0.113075435161591,0.197608267888427,
,,,-3.80400000000001E-07,0.0208157896995544,0.19777563191019,
,,,-3.802E-07,0.087761402130127,0.1972735398449,
,,,-3.80000000000001E-07,0.0208157896995544,0.197106175823137,
,,,-3.798E-07,-0.0461298227310181,0.196938811801374,
,,,-3.79600000000001E-07,-0.0461298227310181,0.197106175823137,
,,,-3.794E-07,-0.0461298227310181,0.1972735398449,
,,,-3.79200000000001E-07,0.0208157896995544,0.197106175823137,
,,,-3.79E-07,-0.113075435161591,0.196604083757848,
,,,-3.78800000000001E-07,-0.113075435161591,0.197440903866664,
,,,-3.786E-07,-0.0461298227310181,0.196771447779611,
,,,-3.784E-07,0.0208157896995544,0.196604083757848,
,,,-3.782E-07,-0.0461298227310181,0.196771447779611,
,,,-3.78E-07,0.087761402130127,0.197106175823137,
,,,-3.778E-07,0.087761402130127,0.196938811801374,
,,,-3.776E-07,-0.0461298227310181,0.196771447779611,
,,,-3.774E-07,0.0208157896995544,0.196604083757848,
,,,-3.772E-07,0.0208157896995544,0.196604083757848,
,,,-3.77E-07,-0.0461298227310181,0.196604083757848,
,,,-3.768E-07,-0.0461298227310181,0.196269355714321,
,,,-3.766E-07,-0.113075435161591,0.197440903866664,
,,,-3.764E-07,0.0208157896995544,0.196604083757848,
,,,-3.762E-07,0.0208157896995544,0.196604083757848,
,,,-3.76E-07,0.0208157896995544,0.1972735398449,
,,,-3.758E-07,-0.0461298227310181,0.1972735398449,
,,,-3.756E-07,0.0208157896995544,0.196771447779611,
,,,-3.754E-07,0.0208157896995544,0.197440903866664,
,,,-3.752E-07,-0.113075435161591,0.19777563191019,
,,,-3.75000000000001E-07,0.0208157896995544,0.197106175823137,
,,,-3.748E-07,0.0208157896995544,0.197106175823137,
,,,-3.74600000000001E-07,-0.0461298227310181,0.197440903866664,
,,,-3.744E-07,0.0208157896995544,0.196604083757848,
,,,-3.74200000000001E-07,-0.113075435161591,0.196771447779611,
,,,-3.74E-07,-0.0461298227310181,0.197106175823137,
,,,-3.73800000000001E-07,0.0208157896995544,0.196436719736084,
,,,-3.736E-07,0.0208157896995544,0.197106175823137,
,,,-3.73400000000001E-07,0.0208157896995544,0.196938811801374,
,,,-3.732E-07,0.0208157896995544,0.197106175823137,
,,,-3.73E-07,0.0208157896995544,0.196771447779611,
,,,-3.728E-07,-0.0461298227310181,0.197106175823137,
,,,-3.726E-07,-0.0461298227310181,0.1972735398449,
,,,-3.724E-07,0.0208157896995544,0.196771447779611,
,,,-3.722E-07,-0.0461298227310181,0.196771447779611,
,,,-3.72E-07,-0.113075435161591,0.196938811801374,
,,,-3.718E-07,0.0208157896995544,0.196436719736084,
,,,-3.716E-07,0.087761402130127,0.196604083757848,
,,,-3.714E-07,0.0208157896995544,0.196436719736084,
,,,-3.712E-07,-0.0461298227310181,0.197106175823137,
,,,-3.71E-07,0.154707014560699,0.196604083757848,
,,,-3.708E-07,-0.113075435161591,0.196604083757848,
,,,-3.706E-07,-0.0461298227310181,0.196436719736084,
,,,-3.704E-07,0.087761402130127,0.197106175823137,
,,,-3.702E-07,-0.0461298227310181,0.196938811801374,
,,,-3.7E-07,0.0208157896995544,0.196269355714321,
,,,-3.698E-07,0.0208157896995544,0.1972735398449,
,,,-3.69600000000001E-07,0.087761402130127,0.196436719736084,
,,,-3.694E-07,-0.0461298227310181,0.195934627670795,
,,,-3.69200000000001E-07,0.0208157896995544,0.1972735398449,
,,,-3.69E-07,0.087761402130127,0.197106175823137,
,,,-3.68800000000001E-07,-0.0461298227310181,0.196436719736084,
,,,-3.686E-07,0.0208157896995544,0.196436719736084,
,,,-3.68400000000001E-07,-0.0461298227310181,0.196436719736084,
,,,-3.682E-07,0.087761402130127,0.196436719736084,
,,,-3.68000000000001E-07,0.087761402130127,0.1972735398449,
,,,-3.678E-07,-0.113075435161591,0.196771447779611,
,,,-3.67600000000001E-07,-0.113075435161591,0.196771447779611,
,,,-3.674E-07,0.087761402130127,0.196436719736084,
,,,-3.672E-07,0.0208157896995544,0.196604083757848,
,,,-3.67E-07,-0.113075435161591,0.196604083757848,
,,,-3.668E-07,0.0208157896995544,0.197106175823137,
,,,-3.666E-07,0.0208157896995544,0.196938811801374,
,,,-3.664E-07,-0.0461298227310181,0.196101991692558,
,,,-3.662E-07,-0.0461298227310181,0.196771447779611,
,,,-3.66E-07,0.0208157896995544,0.195934627670795,
,,,-3.658E-07,-0.0461298227310181,0.196269355714321,
,,,-3.656E-07,0.0208157896995544,0.196436719736084,
,,,-3.654E-07,0.0208157896995544,0.197106175823137,
,,,-3.652E-07,0.087761402130127,0.1972735398449,
,,,-3.65E-07,-0.0461298227310181,0.196938811801374,
,,,-3.648E-07,-0.0461298227310181,0.196436719736084,
,,,-3.646E-07,0.087761402130127,0.197106175823137,
,,,-3.644E-07,-0.0461298227310181,0.197106175823137,
,,,-3.642E-07,0.0208157896995544,0.196938811801374,
,,,-3.64E-07,0.0208157896995544,0.196436719736084,
,,,-3.63800000000001E-07,-0.113075435161591,0.196604083757848,
,,,-3.636E-07,0.0208157896995544,0.196269355714321,
,,,-3.63400000000001E-07,0.087761402130127,0.197106175823137,
,,,-3.632E-07,0.0208157896995544,0.196938811801374,
,,,-3.63000000000001E-07,-0.0461298227310181,0.196436719736084,
,,,-3.628E-07,-0.0461298227310181,0.196604083757848,
,,,-3.62600000000001E-07,0.0208157896995544,0.196604083757848,
,,,-3.624E-07,-0.0461298227310181,0.196771447779611,
,,,-3.62200000000001E-07,-0.0461298227310181,0.197440903866664,
,,,-3.62E-07,-0.113075435161591,0.1972735398449,
,,,-3.61800000000001E-07,-0.113075435161591,0.196938811801374,
,,,-3.616E-07,0.087761402130127,0.1972735398449,
,,,-3.614E-07,-0.0461298227310181,0.196771447779611,
,,,-3.612E-07,0.0208157896995544,0.197106175823137,
,,,-3.61E-07,0.087761402130127,0.196771447779611,
,,,-3.608E-07,0.0208157896995544,0.197106175823137,
,,,-3.606E-07,-0.113075435161591,0.196938811801374,
,,,-3.604E-07,0.0208157896995544,0.196269355714321,
,,,-3.602E-07,0.0208157896995544,0.197106175823137,
,,,-3.6E-07,-0.0461298227310181,0.197106175823137,
,,,-3.598E-07,0.087761402130127,0.197608267888427,
,,,-3.596E-07,0.0208157896995544,0.196771447779611,
,,,-3.594E-07,0.0208157896995544,0.196771447779611,
,,,-3.592E-07,0.0208157896995544,0.196604083757848,
,,,-3.59E-07,0.0208157896995544,0.196604083757848,
,,,-3.588E-07,0.087761402130127,0.196938811801374,
,,,-3.586E-07,0.0208157896995544,0.197106175823137,
,,,-3.584E-07,0.0208157896995544,0.196604083757848,
,,,-3.582E-07,0.087761402130127,0.196436719736084,
,,,-3.58000000000001E-07,-0.0461298227310181,0.197106175823137,
,,,-3.578E-07,-0.0461298227310181,0.1972735398449,
,,,-3.57600000000001E-07,0.0208157896995544,0.196771447779611,
,,,-3.574E-07,0.0208157896995544,0.196771447779611,
,,,-3.57200000000001E-07,0.0208157896995544,0.196771447779611,
,,,-3.57E-07,0.0208157896995544,0.197106175823137,
,,,-3.56800000000001E-07,0.087761402130127,0.196604083757848,
,,,-3.566E-07,-0.0461298227310181,0.196604083757848,
,,,-3.56400000000001E-07,-0.113075435161591,0.196269355714321,
,,,-3.562E-07,0.087761402130127,0.196436719736084,
,,,-3.56E-07,-0.0461298227310181,0.196604083757848,
,,,-3.558E-07,0.0208157896995544,0.196771447779611,
,,,-3.556E-07,-0.0461298227310181,0.197440903866664,
,,,-3.554E-07,-0.113075435161591,0.197608267888427,
,,,-3.552E-07,0.087761402130127,0.196436719736084,
,,,-3.55E-07,-0.113075435161591,0.196604083757848,
,,,-3.548E-07,0.0208157896995544,0.196604083757848,
,,,-3.546E-07,0.0208157896995544,0.196604083757848,
,,,-3.544E-07,0.0208157896995544,0.196269355714321,
,,,-3.542E-07,-0.0461298227310181,0.196269355714321,
,,,-3.54E-07,-0.0461298227310181,0.196771447779611,
,,,-3.538E-07,0.0208157896995544,0.197440903866664,
,,,-3.536E-07,-0.113075435161591,0.196771447779611,
,,,-3.534E-07,0.0208157896995544,0.196436719736084,
,,,-3.532E-07,0.0208157896995544,0.196269355714321,
,,,-3.53E-07,0.0208157896995544,0.196938811801374,
,,,-3.528E-07,0.087761402130127,0.196269355714321,
,,,-3.52600000000001E-07,0.0208157896995544,0.196436719736084,
,,,-3.524E-07,0.0208157896995544,0.196771447779611,
,,,-3.52200000000001E-07,0.0208157896995544,0.196436719736084,
,,,-3.52E-07,0.0208157896995544,0.196269355714321,
,,,-3.51800000000001E-07,0.087761402130127,0.195934627670795,
,,,-3.516E-07,-0.0461298227310181,0.196771447779611,
,,,-3.51400000000001E-07,-0.0461298227310181,0.196604083757848,
,,,-3.512E-07,0.0208157896995544,0.196604083757848,
,,,-3.51000000000001E-07,-0.0461298227310181,0.196604083757848,
,,,-3.508E-07,-0.0461298227310181,0.197106175823137,
,,,-3.50600000000001E-07,0.0208157896995544,0.197106175823137,
,,,-3.504E-07,0.154707014560699,0.1972735398449,
,,,-3.502E-07,-0.113075435161591,0.196604083757848,
,,,-3.5E-07,0.0208157896995544,0.196938811801374,
,,,-3.498E-07,0.087761402130127,0.196436719736084,
,,,-3.496E-07,-0.113075435161591,0.196771447779611,
,,,-3.494E-07,-0.0461298227310181,0.197106175823137,
,,,-3.492E-07,0.0208157896995544,0.197440903866664,
,,,-3.49E-07,0.0208157896995544,0.196938811801374,
,,,-3.488E-07,0.0208157896995544,0.196771447779611,
,,,-3.486E-07,-0.0461298227310181,0.196938811801374,
,,,-3.484E-07,-0.0461298227310181,0.1972735398449,
,,,-3.482E-07,0.0208157896995544,0.1972735398449,
,,,-3.48E-07,-0.0461298227310181,0.197106175823137,
,,,-3.478E-07,-0.0461298227310181,0.197440903866664,
,,,-3.476E-07,-0.0461298227310181,0.19777563191019,
,,,-3.474E-07,-0.0461298227310181,0.196771447779611,
,,,-3.472E-07,-0.0461298227310181,0.196604083757848,
,,,-3.47E-07,-0.0461298227310181,0.197106175823137,
,,,-3.46800000000001E-07,0.0208157896995544,0.197440903866664,
,,,-3.466E-07,0.0208157896995544,0.196604083757848,
,,,-3.46400000000001E-07,0.0208157896995544,0.196604083757848,
,,,-3.462E-07,0.087761402130127,0.1972735398449,
,,,-3.46000000000001E-07,0.0208157896995544,0.196771447779611,
,,,-3.458E-07,-0.113075435161591,0.196938811801374,
,,,-3.45600000000001E-07,0.087761402130127,0.196938811801374,
,,,-3.454E-07,0.0208157896995544,0.196604083757848,
,,,-3.45200000000001E-07,-0.0461298227310181,0.196938811801374,
,,,-3.45E-07,0.087761402130127,0.196938811801374,
,,,-3.448E-07,0.087761402130127,0.196269355714321,
,,,-3.446E-07,-0.0461298227310181,0.196771447779611,
,,,-3.444E-07,0.0208157896995544,0.197106175823137,
,,,-3.442E-07,0.0208157896995544,0.196269355714321,
,,,-3.44E-07,0.087761402130127,0.1972735398449,
,,,-3.438E-07,-0.113075435161591,0.197106175823137,
,,,-3.436E-07,0.087761402130127,0.196101991692558,
,,,-3.434E-07,0.0208157896995544,0.196101991692558,
,,,-3.432E-07,-0.113075435161591,0.195934627670795,
,,,-3.43E-07,0.0208157896995544,0.196771447779611,
,,,-3.428E-07,0.0208157896995544,0.197106175823137,
,,,-3.426E-07,0.0208157896995544,0.196938811801374,
,,,-3.424E-07,0.0208157896995544,0.196604083757848,
,,,-3.422E-07,-0.0461298227310181,0.196436719736084,
,,,-3.42E-07,-0.0461298227310181,0.1972735398449,
,,,-3.418E-07,0.0208157896995544,0.196269355714321,
,,,-3.416E-07,0.0208157896995544,0.196604083757848,
,,,-3.41400000000001E-07,-0.0461298227310181,0.1972735398449,
,,,-3.412E-07,-0.0461298227310181,0.196436719736084,
,,,-3.41000000000001E-07,-0.0461298227310181,0.196771447779611,
,,,-3.408E-07,0.0208157896995544,0.1972735398449,
,,,-3.40600000000001E-07,-0.113075435161591,0.196771447779611,
,,,-3.404E-07,0.087761402130127,0.197440903866664,
,,,-3.40200000000001E-07,-0.0461298227310181,0.196938811801374,
,,,-3.4E-07,0.087761402130127,0.196436719736084,
,,,-3.39800000000001E-07,0.0208157896995544,0.19777563191019,
,,,-3.396E-07,0.0208157896995544,0.197106175823137,
,,,-3.39400000000001E-07,0.087761402130127,0.196436719736084,
,,,-3.392E-07,0.0208157896995544,0.197106175823137,
,,,-3.39E-07,0.087761402130127,0.197440903866664,
,,,-3.388E-07,0.0208157896995544,0.196604083757848,
,,,-3.386E-07,0.0208157896995544,0.196771447779611,
,,,-3.384E-07,0.087761402130127,0.1972735398449,
,,,-3.382E-07,-0.0461298227310181,0.196771447779611,
,,,-3.38E-07,-0.0461298227310181,0.197106175823137,
,,,-3.378E-07,0.087761402130127,0.197440903866664,
,,,-3.376E-07,0.087761402130127,0.197106175823137,
,,,-3.374E-07,-0.0461298227310181,0.197106175823137,
,,,-3.372E-07,-0.0461298227310181,0.1972735398449,
,,,-3.37E-07,-0.0461298227310181,0.196604083757848,
,,,-3.368E-07,0.0208157896995544,0.196938811801374,
,,,-3.366E-07,0.0208157896995544,0.196938811801374,
,,,-3.364E-07,-0.113075435161591,0.197106175823137,
,,,-3.362E-07,-0.113075435161591,0.1972735398449,
,,,-3.36E-07,-0.0461298227310181,0.1972735398449,
,,,-3.358E-07,-0.113075435161591,0.196436719736084,
,,,-3.35600000000001E-07,-0.0461298227310181,0.196604083757848,
,,,-3.354E-07,0.0208157896995544,0.196436719736084,
,,,-3.35200000000001E-07,0.0208157896995544,0.196771447779611,
,,,-3.35E-07,-0.113075435161591,0.1972735398449,
,,,-3.34800000000001E-07,0.0208157896995544,0.196938811801374,
,,,-3.346E-07,-0.0461298227310181,0.196938811801374,
,,,-3.34400000000001E-07,0.0208157896995544,0.196938811801374,
,,,-3.342E-07,-0.0461298227310181,0.196771447779611,
,,,-3.34000000000001E-07,-0.0461298227310181,0.196604083757848,
,,,-3.338E-07,-0.113075435161591,0.196771447779611,
,,,-3.33600000000001E-07,0.0208157896995544,0.196269355714321,
,,,-3.334E-07,0.0208157896995544,0.1972735398449,
,,,-3.332E-07,0.154707014560699,0.196938811801374,
,,,-3.33E-07,0.087761402130127,0.196604083757848,
,,,-3.328E-07,0.087761402130127,0.1972735398449,
,,,-3.326E-07,0.087761402130127,0.197608267888427,
,,,-3.324E-07,-0.0461298227310181,0.196604083757848,
,,,-3.322E-07,0.0208157896995544,0.196771447779611,
,,,-3.32E-07,0.0208157896995544,0.197106175823137,
,,,-3.318E-07,-0.113075435161591,0.196101991692558,
,,,-3.316E-07,-0.0461298227310181,0.196604083757848,
,,,-3.314E-07,0.154707014560699,0.196604083757848,
,,,-3.312E-07,0.087761402130127,0.196771447779611,
,,,-3.31E-07,-0.0461298227310181,0.196771447779611,
,,,-3.308E-07,0.0208157896995544,0.196269355714321,
,,,-3.306E-07,0.0208157896995544,0.196101991692558,
,,,-3.304E-07,-0.0461298227310181,0.196604083757848,
,,,-3.302E-07,-0.0461298227310181,0.196604083757848,
,,,-3.3E-07,-0.0461298227310181,0.196771447779611,
,,,-3.29800000000001E-07,0.0208157896995544,0.1972735398449,
,,,-3.296E-07,0.087761402130127,0.196604083757848,
,,,-3.29400000000001E-07,0.0208157896995544,0.196101991692558,
,,,-3.292E-07,-0.0461298227310181,0.196604083757848,
,,,-3.29000000000001E-07,0.0208157896995544,0.196269355714321,
,,,-3.288E-07,0.0208157896995544,0.195934627670795,
,,,-3.28600000000001E-07,-0.113075435161591,0.196436719736084,
,,,-3.284E-07,0.0208157896995544,0.196269355714321,
,,,-3.28200000000001E-07,-0.0461298227310181,0.196604083757848,
,,,-3.28E-07,-0.0461298227310181,0.197440903866664,
,,,-3.278E-07,-0.0461298227310181,0.196604083757848,
,,,-3.276E-07,0.0208157896995544,0.196938811801374,
,,,-3.274E-07,-0.0461298227310181,0.196101991692558,
,,,-3.272E-07,0.087761402130127,0.196436719736084,
,,,-3.27E-07,-0.0461298227310181,0.197106175823137,
,,,-3.268E-07,0.0208157896995544,0.196604083757848,
,,,-3.266E-07,0.0208157896995544,0.196771447779611,
,,,-3.264E-07,0.0208157896995544,0.196604083757848,
,,,-3.262E-07,0.0208157896995544,0.196604083757848,
,,,-3.26E-07,-0.0461298227310181,0.197106175823137,
,,,-3.258E-07,0.0208157896995544,0.196771447779611,
,,,-3.256E-07,0.0208157896995544,0.195934627670795,
,,,-3.254E-07,0.0208157896995544,0.196771447779611,
,,,-3.252E-07,-0.113075435161591,0.196604083757848,
,,,-3.25E-07,0.0208157896995544,0.196938811801374,
,,,-3.248E-07,0.087761402130127,0.196101991692558,
,,,-3.246E-07,0.0208157896995544,0.196269355714321,
,,,-3.24400000000001E-07,0.154707014560699,0.196604083757848,
,,,-3.242E-07,0.0208157896995544,0.197440903866664,
,,,-3.24000000000001E-07,-0.0461298227310181,0.196101991692558,
,,,-3.238E-07,-0.0461298227310181,0.196269355714321,
,,,-3.23600000000001E-07,-0.113075435161591,0.197440903866664,
,,,-3.234E-07,0.0208157896995544,0.196101991692558,
,,,-3.23200000000001E-07,0.087761402130127,0.196101991692558,
,,,-3.23E-07,-0.0461298227310181,0.196269355714321,
,,,-3.22800000000001E-07,-0.0461298227310181,0.196269355714321,
,,,-3.226E-07,0.0208157896995544,0.196938811801374,
,,,-3.22400000000001E-07,0.0208157896995544,0.196938811801374,
,,,-3.222E-07,-0.113075435161591,0.196938811801374,
,,,-3.22E-07,0.0208157896995544,0.196436719736084,
,,,-3.218E-07,0.087761402130127,0.196604083757848,
,,,-3.216E-07,0.0208157896995544,0.196436719736084,
,,,-3.214E-07,-0.113075435161591,0.196938811801374,
,,,-3.212E-07,0.0208157896995544,0.195934627670795,
,,,-3.21E-07,-0.0461298227310181,0.196436719736084,
,,,-3.208E-07,0.087761402130127,0.196771447779611,
,,,-3.206E-07,0.0208157896995544,0.1972735398449,
,,,-3.204E-07,0.087761402130127,0.196604083757848,
,,,-3.202E-07,0.0208157896995544,0.197106175823137,
,,,-3.2E-07,-0.0461298227310181,0.196101991692558,
,,,-3.198E-07,0.0208157896995544,0.197440903866664,
,,,-3.196E-07,0.0208157896995544,0.196604083757848,
,,,-3.194E-07,0.0208157896995544,0.196771447779611,
,,,-3.192E-07,0.0208157896995544,0.196604083757848,
,,,-3.19E-07,0.0208157896995544,0.196269355714321,
,,,-3.188E-07,0.087761402130127,0.195934627670795,
,,,-3.18600000000001E-07,0.0208157896995544,0.196604083757848,
,,,-3.184E-07,0.154707014560699,0.197106175823137,
,,,-3.18200000000001E-07,-0.0461298227310181,0.1972735398449,
,,,-3.18E-07,-0.0461298227310181,0.197106175823137,
,,,-3.17800000000001E-07,0.0208157896995544,0.196604083757848,
,,,-3.176E-07,-0.113075435161591,0.196101991692558,
,,,-3.17400000000001E-07,-0.0461298227310181,0.196436719736084,
,,,-3.172E-07,0.0208157896995544,0.1972735398449,
,,,-3.17000000000001E-07,0.0208157896995544,0.196604083757848,
,,,-3.168E-07,-0.0461298227310181,0.196269355714321,
,,,-3.166E-07,-0.113075435161591,0.196269355714321,
,,,-3.164E-07,0.0208157896995544,0.197608267888427,
,,,-3.162E-07,0.0208157896995544,0.196938811801374,
,,,-3.16E-07,-0.113075435161591,0.196771447779611,
,,,-3.158E-07,-0.113075435161591,0.196436719736084,
,,,-3.156E-07,-0.0461298227310181,0.196604083757848,
,,,-3.154E-07,-0.0461298227310181,0.1972735398449,
,,,-3.152E-07,0.0208157896995544,0.197106175823137,
,,,-3.15E-07,0.0208157896995544,0.196771447779611,
,,,-3.148E-07,0.0208157896995544,0.196604083757848,
,,,-3.146E-07,-0.113075435161591,0.196938811801374,
,,,-3.144E-07,0.087761402130127,0.196604083757848,
,,,-3.142E-07,0.087761402130127,0.196938811801374,
,,,-3.14E-07,0.087761402130127,0.196604083757848,
,,,-3.138E-07,-0.113075435161591,0.196771447779611,
,,,-3.136E-07,0.0208157896995544,0.196269355714321,
,,,-3.134E-07,0.087761402130127,0.196771447779611,
,,,-3.13200000000001E-07,-0.113075435161591,0.196269355714321,
,,,-3.13E-07,-0.0461298227310181,0.196101991692558,
,,,-3.12800000000001E-07,0.0208157896995544,0.196269355714321,
,,,-3.126E-07,-0.0461298227310181,0.195767263649032,
,,,-3.12400000000001E-07,-0.113075435161591,0.195934627670795,
,,,-3.122E-07,0.0208157896995544,0.196269355714321,
,,,-3.12000000000001E-07,0.087761402130127,0.196604083757848,
,,,-3.118E-07,-0.113075435161591,0.195934627670795,
,,,-3.11600000000001E-07,-0.0461298227310181,0.196436719736084,
,,,-3.114E-07,0.0208157896995544,0.196436719736084,
,,,-3.11200000000001E-07,-0.0461298227310181,0.196771447779611,
,,,-3.11E-07,-0.0461298227310181,0.197106175823137,
,,,-3.108E-07,-0.113075435161591,0.196604083757848,
,,,-3.106E-07,-0.0461298227310181,0.196938811801374,
,,,-3.104E-07,0.087761402130127,0.196101991692558,
,,,-3.102E-07,-0.0461298227310181,0.196938811801374,
,,,-3.1E-07,0.0208157896995544,0.196938811801374,
,,,-3.098E-07,0.087761402130127,0.196436719736084,
,,,-3.096E-07,0.0208157896995544,0.196269355714321,
,,,-3.094E-07,-0.0461298227310181,0.196101991692558,
,,,-3.092E-07,0.087761402130127,0.196604083757848,
,,,-3.09E-07,-0.0461298227310181,0.196436719736084,
,,,-3.088E-07,0.087761402130127,0.196771447779611,
,,,-3.086E-07,0.0208157896995544,0.1972735398449,
,,,-3.084E-07,0.0208157896995544,0.197106175823137,
,,,-3.082E-07,-0.0461298227310181,0.196938811801374,
,,,-3.08E-07,0.087761402130127,0.196771447779611,
,,,-3.078E-07,-0.113075435161591,0.197440903866664,
,,,-3.076E-07,0.087761402130127,0.196938811801374,
,,,-3.07400000000001E-07,0.0208157896995544,0.196436719736084,
,,,-3.072E-07,-0.0461298227310181,0.196604083757848,
,,,-3.07000000000001E-07,-0.0461298227310181,0.196604083757848,
,,,-3.068E-07,-0.113075435161591,0.196436719736084,
,,,-3.06600000000001E-07,0.087761402130127,0.197106175823137,
,,,-3.064E-07,0.0208157896995544,0.196938811801374,
,,,-3.06200000000001E-07,0.0208157896995544,0.196269355714321,
,,,-3.06E-07,0.154707014560699,0.196604083757848,
,,,-3.05800000000001E-07,0.0208157896995544,0.1972735398449,
,,,-3.056E-07,0.087761402130127,0.197106175823137,
,,,-3.05400000000001E-07,0.0208157896995544,0.195934627670795,
,,,-3.052E-07,-0.0461298227310181,0.197608267888427,
,,,-3.05E-07,0.0208157896995544,0.196771447779611,
,,,-3.048E-07,0.0208157896995544,0.196101991692558,
,,,-3.046E-07,0.0208157896995544,0.196771447779611,
,,,-3.044E-07,-0.0461298227310181,0.196771447779611,
,,,-3.042E-07,0.0208157896995544,0.197440903866664,
,,,-3.04E-07,0.087761402130127,0.196938811801374,
,,,-3.038E-07,-0.0461298227310181,0.197106175823137,
,,,-3.036E-07,0.0208157896995544,0.195767263649032,
,,,-3.034E-07,0.087761402130127,0.197106175823137,
,,,-3.032E-07,0.0208157896995544,0.196771447779611,
,,,-3.03E-07,-0.0461298227310181,0.196938811801374,
,,,-3.028E-07,-0.0461298227310181,0.196604083757848,
,,,-3.026E-07,-0.0461298227310181,0.196938811801374,
,,,-3.024E-07,0.0208157896995544,0.196604083757848,
,,,-3.022E-07,-0.0461298227310181,0.196101991692558,
,,,-3.02E-07,-0.0461298227310181,0.197106175823137,
,,,-3.018E-07,0.0208157896995544,0.1972735398449,
,,,-3.01600000000001E-07,0.0208157896995544,0.196938811801374,
,,,-3.014E-07,-0.0461298227310181,0.196771447779611,
,,,-3.01200000000001E-07,0.087761402130127,0.196436719736084,
,,,-3.01E-07,0.0208157896995544,0.196938811801374,
,,,-3.00800000000001E-07,-0.0461298227310181,0.196771447779611,
,,,-3.006E-07,0.0208157896995544,0.1972735398449,
,,,-3.00400000000001E-07,0.087761402130127,0.196604083757848,
,,,-3.002E-07,-0.0461298227310181,0.196938811801374,
,,,-3.00000000000001E-07,-0.113075435161591,0.197440903866664,
,,,-2.998E-07,-0.0461298227310181,0.196938811801374,
,,,-2.996E-07,-0.0461298227310181,0.196269355714321,
,,,-2.994E-07,0.0208157896995544,0.197106175823137,
,,,-2.992E-07,0.087761402130127,0.196938811801374,
,,,-2.99E-07,-0.0461298227310181,0.196938811801374,
,,,-2.988E-07,-0.0461298227310181,0.196604083757848,
,,,-2.986E-07,0.0208157896995544,0.196771447779611,
,,,-2.984E-07,0.0208157896995544,0.196604083757848,
,,,-2.982E-07,-0.0461298227310181,0.196436719736084,
,,,-2.98E-07,-0.0461298227310181,0.197440903866664,
,,,-2.978E-07,0.0208157896995544,0.196771447779611,
,,,-2.976E-07,0.087761402130127,0.197608267888427,
,,,-2.974E-07,-0.113075435161591,0.196436719736084,
,,,-2.972E-07,0.0208157896995544,0.196771447779611,
,,,-2.97E-07,0.087761402130127,0.197106175823137,
,,,-2.968E-07,-0.0461298227310181,0.196269355714321,
,,,-2.966E-07,-0.180021047592163,0.196938811801374,
,,,-2.964E-07,0.0208157896995544,0.196938811801374,
,,,-2.96200000000001E-07,-0.0461298227310181,0.197106175823137,
,,,-2.96E-07,0.0208157896995544,0.196436719736084,
,,,-2.95800000000001E-07,-0.0461298227310181,0.19777563191019,
,,,-2.956E-07,-0.0461298227310181,0.1972735398449,
,,,-2.95400000000001E-07,-0.0461298227310181,0.197106175823137,
,,,-2.952E-07,0.0208157896995544,0.196604083757848,
,,,-2.95000000000001E-07,-0.0461298227310181,0.197440903866664,
,,,-2.948E-07,0.0208157896995544,0.197106175823137,
,,,-2.94600000000001E-07,-0.0461298227310181,0.196604083757848,
,,,-2.944E-07,-0.0461298227310181,0.196269355714321,
,,,-2.94200000000001E-07,0.0208157896995544,0.197608267888427,
,,,-2.94E-07,0.0208157896995544,0.196436719736084,
,,,-2.938E-07,0.087761402130127,0.196604083757848,
,,,-2.936E-07,0.087761402130127,0.1972735398449,
,,,-2.934E-07,-0.0461298227310181,0.197106175823137,
,,,-2.932E-07,-0.113075435161591,0.196604083757848,
,,,-2.93E-07,-0.0461298227310181,0.197106175823137,
,,,-2.928E-07,0.0208157896995544,0.196771447779611,
,,,-2.926E-07,0.0208157896995544,0.196938811801374,
,,,-2.924E-07,0.0208157896995544,0.196771447779611,
,,,-2.922E-07,0.0208157896995544,0.196436719736084,
,,,-2.92E-07,0.087761402130127,0.196604083757848,
,,,-2.918E-07,-0.0461298227310181,0.196771447779611,
,,,-2.916E-07,0.0208157896995544,0.196771447779611,
,,,-2.914E-07,0.0208157896995544,0.196436719736084,
,,,-2.912E-07,-0.0461298227310181,0.197106175823137,
,,,-2.91E-07,-0.0461298227310181,0.196938811801374,
,,,-2.908E-07,-0.0461298227310181,0.196771447779611,
,,,-2.906E-07,-0.0461298227310181,0.196436719736084,
,,,-2.90400000000001E-07,0.0208157896995544,0.197106175823137,
,,,-2.902E-07,-0.113075435161591,0.196938811801374,
,,,-2.90000000000001E-07,-0.0461298227310181,0.196604083757848,
,,,-2.898E-07,-0.0461298227310181,0.196269355714321,
,,,-2.89600000000001E-07,0.087761402130127,0.1972735398449,
,,,-2.894E-07,-0.113075435161591,0.197608267888427,
,,,-2.89200000000001E-07,-0.113075435161591,0.1972735398449,
,,,-2.89E-07,0.0208157896995544,0.196771447779611,
,,,-2.88800000000001E-07,-0.0461298227310181,0.196436719736084,
,,,-2.886E-07,0.0208157896995544,0.19777563191019,
,,,-2.884E-07,0.087761402130127,0.197440903866664,
,,,-2.882E-07,-0.0461298227310181,0.197608267888427,
,,,-2.88E-07,0.0208157896995544,0.196938811801374,
,,,-2.878E-07,0.0208157896995544,0.196604083757848,
,,,-2.876E-07,-0.0461298227310181,0.196771447779611,
,,,-2.874E-07,-0.0461298227310181,0.196604083757848,
,,,-2.872E-07,0.0208157896995544,0.196771447779611,
,,,-2.87E-07,-0.0461298227310181,0.196938811801374,
,,,-2.868E-07,-0.0461298227310181,0.1972735398449,
,,,-2.866E-07,0.0208157896995544,0.196604083757848,
,,,-2.864E-07,0.087761402130127,0.196604083757848,
,,,-2.862E-07,0.0208157896995544,0.1972735398449,
,,,-2.86E-07,0.0208157896995544,0.196269355714321,
,,,-2.858E-07,0.087761402130127,0.197106175823137,
,,,-2.856E-07,-0.113075435161591,0.196604083757848,
,,,-2.854E-07,-0.0461298227310181,0.1972735398449,
,,,-2.852E-07,-0.113075435161591,0.196938811801374,
,,,-2.85000000000001E-07,0.087761402130127,0.196938811801374,
,,,-2.848E-07,0.0208157896995544,0.196269355714321,
,,,-2.84600000000001E-07,-0.0461298227310181,0.196938811801374,
,,,-2.844E-07,0.0208157896995544,0.197106175823137,
,,,-2.84200000000001E-07,0.0208157896995544,0.197106175823137,
,,,-2.84E-07,0.0208157896995544,0.196771447779611,
,,,-2.83800000000001E-07,-0.113075435161591,0.196101991692558,
,,,-2.836E-07,0.0208157896995544,0.197106175823137,
,,,-2.83400000000001E-07,-0.0461298227310181,0.196604083757848,
,,,-2.832E-07,-0.113075435161591,0.196771447779611,
,,,-2.83000000000001E-07,-0.0461298227310181,0.197106175823137,
,,,-2.828E-07,0.0208157896995544,0.197106175823137,
,,,-2.826E-07,-0.113075435161591,0.196604083757848,
,,,-2.824E-07,0.0208157896995544,0.196771447779611,
,,,-2.822E-07,0.087761402130127,0.197106175823137,
,,,-2.82E-07,0.0208157896995544,0.197106175823137,
,,,-2.818E-07,0.0208157896995544,0.196604083757848,
,,,-2.816E-07,0.0208157896995544,0.196938811801374,
,,,-2.814E-07,0.0208157896995544,0.197106175823137,
,,,-2.812E-07,-0.0461298227310181,0.196436719736084,
,,,-2.81E-07,0.0208157896995544,0.196269355714321,
,,,-2.808E-07,0.0208157896995544,0.196938811801374,
,,,-2.806E-07,-0.0461298227310181,0.196604083757848,
,,,-2.804E-07,0.0208157896995544,0.196771447779611,
,,,-2.802E-07,0.0208157896995544,0.196771447779611,
,,,-2.8E-07,0.087761402130127,0.196771447779611,
,,,-2.798E-07,-0.0461298227310181,0.196771447779611,
,,,-2.796E-07,-0.0461298227310181,0.197106175823137,
,,,-2.794E-07,0.0208157896995544,0.196938811801374,
,,,-2.79200000000001E-07,-0.0461298227310181,0.196938811801374,
,,,-2.79E-07,-0.0461298227310181,0.196604083757848,
,,,-2.78800000000001E-07,0.0208157896995544,0.1972735398449,
,,,-2.786E-07,-0.0461298227310181,0.1972735398449,
,,,-2.78400000000001E-07,-0.0461298227310181,0.198110359953716,
,,,-2.782E-07,-0.0461298227310181,0.196604083757848,
,,,-2.78000000000001E-07,-0.0461298227310181,0.196436719736084,
,,,-2.778E-07,-0.113075435161591,0.196604083757848,
,,,-2.77600000000001E-07,0.0208157896995544,0.196771447779611,
,,,-2.774E-07,-0.0461298227310181,0.196771447779611,
,,,-2.77200000000001E-07,0.0208157896995544,0.1972735398449,
,,,-2.77E-07,-0.113075435161591,0.197106175823137,
,,,-2.768E-07,0.0208157896995544,0.196771447779611,
,,,-2.766E-07,-0.0461298227310181,0.196938811801374,
,,,-2.764E-07,-0.0461298227310181,0.197608267888427,
,,,-2.762E-07,0.0208157896995544,0.196771447779611,
,,,-2.76E-07,0.087761402130127,0.197440903866664,
,,,-2.758E-07,0.0208157896995544,0.197608267888427,
,,,-2.756E-07,0.0208157896995544,0.1972735398449,
,,,-2.754E-07,0.0208157896995544,0.196938811801374,
,,,-2.752E-07,-0.0461298227310181,0.196938811801374,
,,,-2.75E-07,0.087761402130127,0.1972735398449,
,,,-2.748E-07,-0.0461298227310181,0.197440903866664,
,,,-2.746E-07,0.0208157896995544,0.197440903866664,
,,,-2.744E-07,0.0208157896995544,0.196938811801374,
,,,-2.742E-07,-0.113075435161591,0.1972735398449,
,,,-2.74E-07,-0.0461298227310181,0.197106175823137,
,,,-2.738E-07,-0.0461298227310181,0.197106175823137,
,,,-2.736E-07,0.0208157896995544,0.196604083757848,
,,,-2.73400000000001E-07,-0.0461298227310181,0.196604083757848,
,,,-2.732E-07,0.087761402130127,0.196101991692558,
,,,-2.73000000000001E-07,0.0208157896995544,0.196436719736084,
,,,-2.728E-07,-0.0461298227310181,0.196938811801374,
,,,-2.72600000000001E-07,-0.113075435161591,0.196269355714321,
,,,-2.724E-07,-0.0461298227310181,0.196604083757848,
,,,-2.72200000000001E-07,0.0208157896995544,0.196604083757848,
,,,-2.72E-07,0.087761402130127,0.1972735398449,
,,,-2.71800000000001E-07,-0.113075435161591,0.196771447779611,
,,,-2.716E-07,-0.113075435161591,0.196771447779611,
,,,-2.714E-07,0.0208157896995544,0.1972735398449,
,,,-2.712E-07,0.0208157896995544,0.196771447779611,
,,,-2.71E-07,-0.0461298227310181,0.197440903866664,
,,,-2.708E-07,0.0208157896995544,0.196604083757848,
,,,-2.706E-07,-0.0461298227310181,0.196771447779611,
,,,-2.704E-07,-0.0461298227310181,0.196436719736084,
,,,-2.702E-07,-0.0461298227310181,0.196938811801374,
,,,-2.7E-07,0.0208157896995544,0.197106175823137,
,,,-2.698E-07,-0.0461298227310181,0.1972735398449,
,,,-2.696E-07,0.087761402130127,0.196938811801374,
,,,-2.694E-07,0.0208157896995544,0.197608267888427,
,,,-2.692E-07,0.087761402130127,0.196604083757848,
,,,-2.69E-07,-0.0461298227310181,0.196938811801374,
,,,-2.688E-07,0.0208157896995544,0.196938811801374,
,,,-2.686E-07,-0.0461298227310181,0.1972735398449,
,,,-2.684E-07,0.0208157896995544,0.19777563191019,
,,,-2.682E-07,-0.0461298227310181,0.196938811801374,
,,,-2.68000000000001E-07,0.0208157896995544,0.196436719736084,
,,,-2.678E-07,-0.0461298227310181,0.196604083757848,
,,,-2.67600000000001E-07,-0.0461298227310181,0.197608267888427,
,,,-2.674E-07,0.0208157896995544,0.196938811801374,
,,,-2.67200000000001E-07,0.087761402130127,0.197608267888427,
,,,-2.67E-07,0.0208157896995544,0.197942995931953,
,,,-2.66800000000001E-07,0.0208157896995544,0.197440903866664,
,,,-2.666E-07,-0.0461298227310181,0.197440903866664,
,,,-2.66400000000001E-07,-0.180021047592163,0.197608267888427,
,,,-2.662E-07,-0.113075435161591,0.1972735398449,
,,,-2.66000000000001E-07,-0.0461298227310181,0.197440903866664,
,,,-2.658E-07,-0.0461298227310181,0.1972735398449,
,,,-2.656E-07,-0.0461298227310181,0.197608267888427,
,,,-2.654E-07,-0.180021047592163,0.196604083757848,
,,,-2.652E-07,0.0208157896995544,0.197106175823137,
,,,-2.65E-07,0.0208157896995544,0.196771447779611,
,,,-2.648E-07,-0.180021047592163,0.197106175823137,
,,,-2.646E-07,0.0208157896995544,0.196604083757848,
,,,-2.644E-07,0.0208157896995544,0.196938811801374,
,,,-2.642E-07,-0.0461298227310181,0.1972735398449,
,,,-2.64E-07,-0.0461298227310181,0.196938811801374,
,,,-2.638E-07,0.0208157896995544,0.1972735398449,
,,,-2.636E-07,-0.0461298227310181,0.197106175823137,
,,,-2.634E-07,-0.113075435161591,0.196938811801374,
,,,-2.632E-07,0.087761402130127,0.197942995931953,
,,,-2.63E-07,-0.0461298227310181,0.197106175823137,
,,,-2.628E-07,0.087761402130127,0.196604083757848,
,,,-2.626E-07,0.087761402130127,0.1972735398449,
,,,-2.624E-07,-0.0461298227310181,0.196771447779611,
,,,-2.62200000000001E-07,0.154707014560699,0.196604083757848,
,,,-2.62E-07,-0.0461298227310181,0.1972735398449,
,,,-2.61800000000001E-07,-0.113075435161591,0.197106175823137,
,,,-2.616E-07,0.0208157896995544,0.196436719736084,
,,,-2.61400000000001E-07,-0.0461298227310181,0.196771447779611,
,,,-2.612E-07,-0.0461298227310181,0.197106175823137,
,,,-2.61000000000001E-07,0.0208157896995544,0.1972735398449,
,,,-2.608E-07,0.154707014560699,0.196604083757848,
,,,-2.60600000000001E-07,0.0208157896995544,0.196771447779611,
,,,-2.604E-07,0.087761402130127,0.196938811801374,
,,,-2.602E-07,-0.0461298227310181,0.196938811801374,
,,,-2.6E-07,-0.0461298227310181,0.196101991692558,
,,,-2.598E-07,-0.0461298227310181,0.196771447779611,
,,,-2.596E-07,0.0208157896995544,0.196771447779611,
,,,-2.594E-07,0.0208157896995544,0.196938811801374,
,,,-2.592E-07,0.087761402130127,0.196771447779611,
,,,-2.59E-07,-0.0461298227310181,0.196771447779611,
,,,-2.588E-07,0.0208157896995544,0.1972735398449,
,,,-2.586E-07,0.0208157896995544,0.197106175823137,
,,,-2.584E-07,0.0208157896995544,0.196604083757848,
,,,-2.582E-07,-0.113075435161591,0.197106175823137,
,,,-2.58E-07,-0.0461298227310181,0.196771447779611,
,,,-2.578E-07,-0.0461298227310181,0.197608267888427,
,,,-2.576E-07,-0.0461298227310181,0.197608267888427,
,,,-2.574E-07,-0.0461298227310181,0.197106175823137,
,,,-2.572E-07,0.0208157896995544,0.197440903866664,
,,,-2.57E-07,-0.0461298227310181,0.197608267888427,
,,,-2.56800000000001E-07,0.0208157896995544,0.197106175823137,
,,,-2.566E-07,0.0208157896995544,0.197440903866664,
,,,-2.56400000000001E-07,0.087761402130127,0.197440903866664,
,,,-2.562E-07,-0.0461298227310181,0.1972735398449,
,,,-2.56000000000001E-07,-0.0461298227310181,0.1972735398449,
,,,-2.558E-07,0.0208157896995544,0.197608267888427,
,,,-2.55600000000001E-07,-0.0461298227310181,0.19777563191019,
,,,-2.554E-07,-0.0461298227310181,0.197440903866664,
,,,-2.55200000000001E-07,0.087761402130127,0.19777563191019,
,,,-2.55E-07,-0.113075435161591,0.197608267888427,
,,,-2.54800000000001E-07,0.0208157896995544,0.1972735398449,
,,,-2.546E-07,0.0208157896995544,0.197106175823137,
,,,-2.544E-07,0.0208157896995544,0.196771447779611,
,,,-2.542E-07,-0.113075435161591,0.19777563191019,
,,,-2.54E-07,0.0208157896995544,0.197106175823137,
,,,-2.538E-07,-0.0461298227310181,0.197440903866664,
,,,-2.536E-07,-0.0461298227310181,0.1972735398449,
,,,-2.534E-07,0.0208157896995544,0.196604083757848,
,,,-2.532E-07,-0.113075435161591,0.1972735398449,
,,,-2.53E-07,-0.0461298227310181,0.19777563191019,
,,,-2.528E-07,0.0208157896995544,0.1972735398449,
,,,-2.526E-07,-0.113075435161591,0.196604083757848,
,,,-2.524E-07,-0.0461298227310181,0.197440903866664,
,,,-2.522E-07,0.0208157896995544,0.197440903866664,
,,,-2.52E-07,-0.0461298227310181,0.197608267888427,
,,,-2.518E-07,-0.0461298227310181,0.196938811801374,
,,,-2.516E-07,0.0208157896995544,0.197440903866664,
,,,-2.514E-07,-0.0461298227310181,0.197440903866664,
,,,-2.512E-07,0.0208157896995544,0.197942995931953,
,,,-2.51000000000001E-07,-0.113075435161591,0.1972735398449,
,,,-2.508E-07,0.0208157896995544,0.197440903866664,
,,,-2.50600000000001E-07,-0.0461298227310181,0.198110359953716,
,,,-2.504E-07,0.0208157896995544,0.1972735398449,
,,,-2.50200000000001E-07,-0.0461298227310181,0.1972735398449,
,,,-2.5E-07,0.0208157896995544,0.1972735398449,
,,,-2.49800000000001E-07,0.0208157896995544,0.197608267888427,
,,,-2.496E-07,0.0208157896995544,0.197942995931953,
,,,-2.49400000000001E-07,0.0208157896995544,0.19777563191019,
,,,-2.492E-07,-0.0461298227310181,0.197608267888427,
,,,-2.49000000000001E-07,-0.0461298227310181,0.197608267888427,
,,,-2.488E-07,0.154707014560699,0.1972735398449,
,,,-2.486E-07,-0.113075435161591,0.197106175823137,
,,,-2.484E-07,-0.113075435161591,0.197106175823137,
,,,-2.482E-07,0.0208157896995544,0.197440903866664,
,,,-2.48E-07,0.087761402130127,0.197440903866664,
,,,-2.478E-07,-0.0461298227310181,0.1972735398449,
,,,-2.476E-07,0.0208157896995544,0.196604083757848,
,,,-2.474E-07,-0.113075435161591,0.197106175823137,
,,,-2.472E-07,-0.0461298227310181,0.196604083757848,
,,,-2.47E-07,-0.0461298227310181,0.196604083757848,
,,,-2.468E-07,-0.113075435161591,0.197608267888427,
,,,-2.466E-07,-0.0461298227310181,0.1972735398449,
,,,-2.464E-07,-0.0461298227310181,0.196938811801374,
,,,-2.462E-07,-0.0461298227310181,0.197440903866664,
,,,-2.46E-07,0.0208157896995544,0.196938811801374,
,,,-2.458E-07,-0.0461298227310181,0.197608267888427,
,,,-2.456E-07,-0.0461298227310181,0.197608267888427,
,,,-2.454E-07,-0.113075435161591,0.197106175823137,
,,,-2.45200000000001E-07,-0.0461298227310181,0.196771447779611,
,,,-2.45E-07,-0.0461298227310181,0.197106175823137,
,,,-2.44800000000001E-07,0.087761402130127,0.197608267888427,
,,,-2.446E-07,-0.113075435161591,0.197106175823137,
,,,-2.44400000000001E-07,-0.0461298227310181,0.197608267888427,
,,,-2.442E-07,-0.0461298227310181,0.197106175823137,
,,,-2.44000000000001E-07,0.0208157896995544,0.197106175823137,
,,,-2.438E-07,-0.0461298227310181,0.197608267888427,
,,,-2.43600000000001E-07,0.154707014560699,0.197106175823137,
,,,-2.434E-07,0.0208157896995544,0.197440903866664,
,,,-2.432E-07,-0.0461298227310181,0.197608267888427,
,,,-2.43E-07,0.0208157896995544,0.196938811801374,
,,,-2.428E-07,0.0208157896995544,0.197106175823137,
,,,-2.426E-07,-0.113075435161591,0.196436719736084,
,,,-2.424E-07,0.0208157896995544,0.1972735398449,
,,,-2.422E-07,-0.0461298227310181,0.196938811801374,
,,,-2.42E-07,-0.0461298227310181,0.196938811801374,
,,,-2.418E-07,0.0208157896995544,0.196604083757848,
,,,-2.416E-07,0.0208157896995544,0.197106175823137,
,,,-2.414E-07,0.0208157896995544,0.196269355714321,
,,,-2.412E-07,0.087761402130127,0.197440903866664,
,,,-2.41E-07,0.0208157896995544,0.197608267888427,
,,,-2.408E-07,-0.0461298227310181,0.197106175823137,
,,,-2.406E-07,0.0208157896995544,0.197440903866664,
,,,-2.404E-07,-0.113075435161591,0.196771447779611,
,,,-2.402E-07,0.0208157896995544,0.197106175823137,
,,,-2.4E-07,0.087761402130127,0.1972735398449,
,,,-2.39800000000001E-07,-0.113075435161591,0.197106175823137,
,,,-2.396E-07,-0.0461298227310181,0.196771447779611,
,,,-2.39400000000001E-07,0.087761402130127,0.1972735398449,
,,,-2.392E-07,0.0208157896995544,0.19777563191019,
,,,-2.39000000000001E-07,0.0208157896995544,0.1972735398449,
,,,-2.388E-07,0.0208157896995544,0.197440903866664,
,,,-2.38600000000001E-07,-0.0461298227310181,0.196771447779611,
,,,-2.384E-07,0.0208157896995544,0.197440903866664,
,,,-2.38200000000001E-07,-0.0461298227310181,0.1972735398449,
,,,-2.38E-07,-0.0461298227310181,0.196771447779611,
,,,-2.37800000000001E-07,-0.0461298227310181,0.196436719736084,
,,,-2.376E-07,0.087761402130127,0.196938811801374,
,,,-2.374E-07,-0.0461298227310181,0.19777563191019,
,,,-2.372E-07,0.0208157896995544,0.196436719736084,
,,,-2.37E-07,0.0208157896995544,0.196938811801374,
,,,-2.368E-07,-0.0461298227310181,0.197106175823137,
,,,-2.366E-07,0.087761402130127,0.1972735398449,
,,,-2.364E-07,-0.113075435161591,0.196938811801374,
,,,-2.362E-07,-0.0461298227310181,0.197106175823137,
,,,-2.36E-07,0.0208157896995544,0.197106175823137,
,,,-2.358E-07,-0.0461298227310181,0.196604083757848,
,,,-2.356E-07,0.0208157896995544,0.197440903866664,
,,,-2.354E-07,0.087761402130127,0.197440903866664,
,,,-2.352E-07,0.087761402130127,0.197106175823137,
,,,-2.35E-07,0.0208157896995544,0.197106175823137,
,,,-2.348E-07,0.0208157896995544,0.196604083757848,
,,,-2.346E-07,0.0208157896995544,0.197440903866664,
,,,-2.344E-07,-0.0461298227310181,0.196771447779611,
,,,-2.342E-07,0.0208157896995544,0.196771447779611,
,,,-2.34000000000001E-07,0.0208157896995544,0.196771447779611,
,,,-2.338E-07,0.0208157896995544,0.197440903866664,
,,,-2.33600000000001E-07,0.0208157896995544,0.197608267888427,
,,,-2.334E-07,-0.0461298227310181,0.196771447779611,
,,,-2.33200000000001E-07,0.087761402130127,0.196771447779611,
,,,-2.33E-07,-0.0461298227310181,0.196771447779611,
,,,-2.32800000000001E-07,0.0208157896995544,0.196938811801374,
,,,-2.326E-07,-0.113075435161591,0.196101991692558,
,,,-2.32400000000001E-07,-0.0461298227310181,0.197440903866664,
,,,-2.322E-07,-0.113075435161591,0.197440903866664,
,,,-2.32E-07,0.0208157896995544,0.1972735398449,
,,,-2.318E-07,0.0208157896995544,0.1972735398449,
,,,-2.316E-07,0.0208157896995544,0.197106175823137,
,,,-2.314E-07,-0.0461298227310181,0.197942995931953,
,,,-2.312E-07,-0.0461298227310181,0.1972735398449,
,,,-2.31E-07,-0.0461298227310181,0.197440903866664,
,,,-2.308E-07,0.154707014560699,0.197106175823137,
,,,-2.306E-07,-0.0461298227310181,0.197440903866664,
,,,-2.304E-07,0.0208157896995544,0.197440903866664,
,,,-2.302E-07,0.0208157896995544,0.1972735398449,
,,,-2.3E-07,-0.0461298227310181,0.1972735398449,
,,,-2.298E-07,-0.0461298227310181,0.196938811801374,
,,,-2.296E-07,0.0208157896995544,0.197106175823137,
,,,-2.294E-07,0.0208157896995544,0.1972735398449,
,,,-2.292E-07,0.0208157896995544,0.197440903866664,
,,,-2.29E-07,0.0208157896995544,0.196771447779611,
,,,-2.288E-07,0.0208157896995544,0.1972735398449,
,,,-2.28600000000001E-07,-0.0461298227310181,0.196938811801374,
,,,-2.284E-07,0.0208157896995544,0.196604083757848,
,,,-2.28200000000001E-07,-0.0461298227310181,0.197440903866664,
,,,-2.28E-07,0.0208157896995544,0.197942995931953,
,,,-2.27800000000001E-07,-0.0461298227310181,0.196436719736084,
,,,-2.276E-07,-0.113075435161591,0.197440903866664,
,,,-2.27400000000001E-07,0.0208157896995544,0.197608267888427,
,,,-2.272E-07,0.087761402130127,0.196938811801374,
,,,-2.27000000000001E-07,-0.113075435161591,0.196436719736084,
,,,-2.268E-07,0.0208157896995544,0.197942995931953,
,,,-2.26600000000001E-07,0.087761402130127,0.197106175823137,
,,,-2.264E-07,0.0208157896995544,0.198110359953716,
,,,-2.262E-07,-0.0461298227310181,0.196938811801374,
,,,-2.26E-07,0.087761402130127,0.197106175823137,
,,,-2.258E-07,0.0208157896995544,0.196771447779611,
,,,-2.256E-07,0.0208157896995544,0.197440903866664,
,,,-2.254E-07,0.0208157896995544,0.197608267888427,
,,,-2.252E-07,-0.0461298227310181,0.1972735398449,
,,,-2.25E-07,-0.0461298227310181,0.196938811801374,
,,,-2.248E-07,0.154707014560699,0.196938811801374,
,,,-2.246E-07,-0.0461298227310181,0.1972735398449,
,,,-2.244E-07,0.154707014560699,0.1972735398449,
,,,-2.242E-07,0.0208157896995544,0.197440903866664,
,,,-2.24E-07,0.0208157896995544,0.197440903866664,
,,,-2.238E-07,0.0208157896995544,0.196436719736084,
,,,-2.236E-07,0.0208157896995544,0.1972735398449,
,,,-2.234E-07,0.087761402130127,0.197106175823137,
,,,-2.232E-07,0.087761402130127,0.196771447779611,
,,,-2.23E-07,-0.0461298227310181,0.196604083757848,
,,,-2.22800000000001E-07,-0.0461298227310181,0.197106175823137,
,,,-2.226E-07,0.0208157896995544,0.196938811801374,
,,,-2.22400000000001E-07,0.154707014560699,0.196436719736084,
,,,-2.222E-07,0.0208157896995544,0.197106175823137,
,,,-2.22000000000001E-07,0.0208157896995544,0.196436719736084,
,,,-2.218E-07,0.0208157896995544,0.196771447779611,
,,,-2.21600000000001E-07,-0.0461298227310181,0.197106175823137,
,,,-2.214E-07,0.0208157896995544,0.1972735398449,
,,,-2.21200000000001E-07,-0.113075435161591,0.196101991692558,
,,,-2.21E-07,0.0208157896995544,0.196771447779611,
,,,-2.208E-07,0.0208157896995544,0.197106175823137,
,,,-2.206E-07,-0.0461298227310181,0.196269355714321,
,,,-2.204E-07,-0.0461298227310181,0.196771447779611,
,,,-2.202E-07,0.087761402130127,0.196938811801374,
,,,-2.2E-07,0.0208157896995544,0.196771447779611,
,,,-2.198E-07,-0.113075435161591,0.197106175823137,
,,,-2.196E-07,-0.0461298227310181,0.197106175823137,
,,,-2.194E-07,-0.0461298227310181,0.196604083757848,
,,,-2.192E-07,0.0208157896995544,0.196436719736084,
,,,-2.19E-07,-0.0461298227310181,0.196938811801374,
,,,-2.188E-07,0.087761402130127,0.196604083757848,
,,,-2.186E-07,0.0208157896995544,0.196604083757848,
,,,-2.184E-07,0.0208157896995544,0.197106175823137,
,,,-2.182E-07,-0.0461298227310181,0.1972735398449,
,,,-2.18E-07,0.087761402130127,0.196436719736084,
,,,-2.178E-07,-0.0461298227310181,0.196436719736084,
,,,-2.176E-07,0.087761402130127,0.197106175823137,
,,,-2.174E-07,0.0208157896995544,0.197608267888427,
,,,-2.172E-07,-0.0461298227310181,0.196938811801374,
,,,-2.17000000000001E-07,0.087761402130127,0.196604083757848,
,,,-2.168E-07,0.0208157896995544,0.1972735398449,
,,,-2.16600000000001E-07,-0.113075435161591,0.196604083757848,
,,,-2.164E-07,0.0208157896995544,0.196269355714321,
,,,-2.16200000000001E-07,0.087761402130127,0.197106175823137,
,,,-2.16E-07,0.087761402130127,0.196101991692558,
,,,-2.15800000000001E-07,-0.113075435161591,0.196604083757848,
,,,-2.156E-07,0.087761402130127,0.1972735398449,
,,,-2.15400000000001E-07,-0.0461298227310181,0.19777563191019,
,,,-2.152E-07,-0.0461298227310181,0.196101991692558,
,,,-2.15E-07,0.0208157896995544,0.1972735398449,
,,,-2.148E-07,0.0208157896995544,0.197106175823137,
,,,-2.146E-07,-0.0461298227310181,0.196938811801374,
,,,-2.144E-07,0.087761402130127,0.197440903866664,
,,,-2.142E-07,-0.113075435161591,0.1972735398449,
,,,-2.14E-07,0.0208157896995544,0.196604083757848,
,,,-2.138E-07,0.0208157896995544,0.1972735398449,
,,,-2.136E-07,0.0208157896995544,0.1972735398449,
,,,-2.134E-07,-0.0461298227310181,0.196771447779611,
,,,-2.132E-07,0.0208157896995544,0.197106175823137,
,,,-2.13E-07,-0.0461298227310181,0.197440903866664,
,,,-2.128E-07,-0.0461298227310181,0.196771447779611,
,,,-2.126E-07,-0.0461298227310181,0.196938811801374,
,,,-2.124E-07,0.0208157896995544,0.197106175823137,
,,,-2.122E-07,-0.0461298227310181,0.197608267888427,
,,,-2.12E-07,0.0208157896995544,0.196771447779611,
,,,-2.118E-07,0.087761402130127,0.197440903866664,
,,,-2.11600000000001E-07,0.154707014560699,0.196771447779611,
,,,-2.114E-07,0.0208157896995544,0.197106175823137,
,,,-2.11200000000001E-07,0.087761402130127,0.196436719736084,
,,,-2.11E-07,0.0208157896995544,0.197440903866664,
,,,-2.10800000000001E-07,0.0208157896995544,0.196604083757848,
,,,-2.106E-07,-0.0461298227310181,0.196101991692558,
,,,-2.10400000000001E-07,0.154707014560699,0.197440903866664,
,,,-2.102E-07,-0.0461298227310181,0.198110359953716,
,,,-2.10000000000001E-07,0.0208157896995544,0.196604083757848,
,,,-2.098E-07,0.154707014560699,0.197440903866664,
,,,-2.09600000000001E-07,0.0208157896995544,0.19827772397548,
,,,-2.094E-07,-0.0461298227310181,0.1972735398449,
,,,-2.092E-07,-0.0461298227310181,0.197440903866664,
,,,-2.09E-07,0.0208157896995544,0.197106175823137,
,,,-2.088E-07,-0.0461298227310181,0.197608267888427,
,,,-2.086E-07,-0.0461298227310181,0.19777563191019,
,,,-2.084E-07,0.0208157896995544,0.19777563191019,
,,,-2.082E-07,-0.113075435161591,0.1972735398449,
,,,-2.08E-07,0.087761402130127,0.19827772397548,
,,,-2.078E-07,-0.0461298227310181,0.19777563191019,
,,,-2.076E-07,0.0208157896995544,0.196938811801374,
,,,-2.074E-07,0.0208157896995544,0.1972735398449,
,,,-2.072E-07,0.0208157896995544,0.197942995931953,
,,,-2.07E-07,-0.0461298227310181,0.19777563191019,
,,,-2.068E-07,0.0208157896995544,0.197608267888427,
,,,-2.066E-07,-0.0461298227310181,0.197106175823137,
,,,-2.064E-07,0.0208157896995544,0.197608267888427,
,,,-2.062E-07,-0.0461298227310181,0.197440903866664,
,,,-2.06E-07,-0.0461298227310181,0.19777563191019,
,,,-2.05800000000001E-07,0.0208157896995544,0.1972735398449,
,,,-2.056E-07,0.087761402130127,0.1972735398449,
,,,-2.05400000000001E-07,0.0208157896995544,0.1972735398449,
,,,-2.052E-07,0.087761402130127,0.196604083757848,
,,,-2.05000000000001E-07,-0.0461298227310181,0.196938811801374,
,,,-2.048E-07,-0.0461298227310181,0.197440903866664,
,,,-2.04600000000001E-07,0.087761402130127,0.1972735398449,
,,,-2.044E-07,-0.0461298227310181,0.197106175823137,
,,,-2.04200000000001E-07,0.0208157896995544,0.196938811801374,
,,,-2.04E-07,0.087761402130127,0.197440903866664,
,,,-2.038E-07,-0.0461298227310181,0.196436719736084,
,,,-2.036E-07,-0.0461298227310181,0.1972735398449,
,,,-2.034E-07,0.087761402130127,0.1972735398449,
,,,-2.032E-07,0.087761402130127,0.196436719736084,
,,,-2.03E-07,-0.0461298227310181,0.196269355714321,
,,,-2.028E-07,0.087761402130127,0.197608267888427,
,,,-2.026E-07,0.0208157896995544,0.19777563191019,
,,,-2.024E-07,-0.0461298227310181,0.196269355714321,
,,,-2.022E-07,0.0208157896995544,0.196436719736084,
,,,-2.02E-07,0.0208157896995544,0.1972735398449,
,,,-2.018E-07,-0.0461298227310181,0.197440903866664,
,,,-2.016E-07,0.087761402130127,0.196436719736084,
,,,-2.014E-07,-0.113075435161591,0.196771447779611,
,,,-2.012E-07,0.0208157896995544,0.196938811801374,
,,,-2.01E-07,0.087761402130127,0.196771447779611,
,,,-2.008E-07,-0.0461298227310181,0.197106175823137,
,,,-2.006E-07,-0.0461298227310181,0.196938811801374,
,,,-2.00400000000001E-07,0.0208157896995544,0.1972735398449,
,,,-2.002E-07,0.0208157896995544,0.197942995931953,
,,,-2.00000000000001E-07,-0.0461298227310181,0.196604083757848,
,,,-1.998E-07,0.0208157896995544,0.196938811801374,
,,,-1.99600000000001E-07,0.0208157896995544,0.197106175823137,
,,,-1.994E-07,0.0208157896995544,0.197942995931953,
,,,-1.99200000000001E-07,0.087761402130127,0.197440903866664,
,,,-1.99E-07,0.0208157896995544,0.197440903866664,
,,,-1.98800000000001E-07,0.221652626991272,0.1972735398449,
,,,-1.986E-07,0.0208157896995544,0.197440903866664,
,,,-1.98400000000001E-07,0.0208157896995544,0.197440903866664,
,,,-1.982E-07,0.0208157896995544,0.196938811801374,
,,,-1.98E-07,-0.0461298227310181,0.19777563191019,
,,,-1.978E-07,0.087761402130127,0.197608267888427,
,,,-1.976E-07,0.0208157896995544,0.197440903866664,
,,,-1.974E-07,0.087761402130127,0.196771447779611,
,,,-1.972E-07,0.0208157896995544,0.1972735398449,
,,,-1.97E-07,0.0208157896995544,0.197440903866664,
,,,-1.968E-07,0.0208157896995544,0.197106175823137,
,,,-1.966E-07,0.0208157896995544,0.19777563191019,
,,,-1.964E-07,0.0208157896995544,0.197440903866664,
,,,-1.962E-07,0.087761402130127,0.197106175823137,
,,,-1.96E-07,0.0208157896995544,0.197106175823137,
,,,-1.958E-07,-0.0461298227310181,0.1972735398449,
,,,-1.956E-07,0.0208157896995544,0.197440903866664,
,,,-1.954E-07,0.0208157896995544,0.197440903866664,
,,,-1.952E-07,0.087761402130127,0.197608267888427,
,,,-1.95E-07,0.0208157896995544,0.1972735398449,
,,,-1.948E-07,-0.0461298227310181,0.19777563191019,
,,,-1.94600000000001E-07,0.0208157896995544,0.197440903866664,
,,,-1.944E-07,0.0208157896995544,0.196771447779611,
,,,-1.94200000000001E-07,0.0208157896995544,0.19777563191019,
,,,-1.94E-07,0.0208157896995544,0.197608267888427,
,,,-1.93800000000001E-07,0.0208157896995544,0.1972735398449,
,,,-1.936E-07,0.0208157896995544,0.197106175823137,
,,,-1.93400000000001E-07,0.087761402130127,0.1972735398449,
,,,-1.932E-07,-0.0461298227310181,0.198110359953716,
,,,-1.93000000000001E-07,-0.0461298227310181,0.197608267888427,
,,,-1.928E-07,0.154707014560699,0.197608267888427,
,,,-1.926E-07,0.087761402130127,0.19777563191019,
,,,-1.924E-07,0.087761402130127,0.1972735398449,
,,,-1.922E-07,0.087761402130127,0.197440903866664,
,,,-1.92E-07,0.0208157896995544,0.197608267888427,
,,,-1.918E-07,0.087761402130127,0.19827772397548,
,,,-1.916E-07,0.087761402130127,0.196938811801374,
,,,-1.914E-07,0.0208157896995544,0.197608267888427,
,,,-1.912E-07,0.0208157896995544,0.197942995931953,
,,,-1.91E-07,-0.113075435161591,0.197608267888427,
,,,-1.908E-07,0.0208157896995544,0.19777563191019,
,,,-1.906E-07,0.0208157896995544,0.197608267888427,
,,,-1.904E-07,0.154707014560699,0.1972735398449,
,,,-1.902E-07,-0.113075435161591,0.196771447779611,
,,,-1.9E-07,0.087761402130127,0.197608267888427,
,,,-1.898E-07,0.0208157896995544,0.197106175823137,
,,,-1.896E-07,-0.113075435161591,0.196771447779611,
,,,-1.894E-07,0.0208157896995544,0.196938811801374,
,,,-1.892E-07,0.0208157896995544,0.1972735398449,
,,,-1.89E-07,0.0208157896995544,0.1972735398449,
,,,-1.88800000000001E-07,0.087761402130127,0.19777563191019,
,,,-1.886E-07,-0.0461298227310181,0.196938811801374,
,,,-1.88400000000001E-07,0.0208157896995544,0.197608267888427,
,,,-1.882E-07,0.087761402130127,0.1972735398449,
,,,-1.88000000000001E-07,0.087761402130127,0.196771447779611,
,,,-1.878E-07,0.0208157896995544,0.196938811801374,
,,,-1.87600000000001E-07,0.0208157896995544,0.197440903866664,
,,,-1.874E-07,0.0208157896995544,0.197440903866664,
,,,-1.87200000000001E-07,0.0208157896995544,0.196938811801374,
,,,-1.87E-07,0.0208157896995544,0.197608267888427,
,,,-1.868E-07,0.0208157896995544,0.1972735398449,
,,,-1.866E-07,-0.0461298227310181,0.196938811801374,
,,,-1.864E-07,0.0208157896995544,0.196436719736084,
,,,-1.862E-07,0.0208157896995544,0.196938811801374,
,,,-1.86E-07,0.0208157896995544,0.197106175823137,
,,,-1.858E-07,0.0208157896995544,0.197106175823137,
,,,-1.856E-07,0.0208157896995544,0.196604083757848,
,,,-1.854E-07,0.0208157896995544,0.196604083757848,
,,,-1.852E-07,0.0208157896995544,0.197608267888427,
,,,-1.85E-07,0.087761402130127,0.196771447779611,
,,,-1.848E-07,-0.113075435161591,0.19777563191019,
,,,-1.846E-07,0.0208157896995544,0.196771447779611,
,,,-1.844E-07,0.0208157896995544,0.196938811801374,
,,,-1.842E-07,-0.113075435161591,0.196604083757848,
,,,-1.84E-07,0.154707014560699,0.196938811801374,
,,,-1.838E-07,-0.0461298227310181,0.1972735398449,
,,,-1.836E-07,0.0208157896995544,0.197608267888427,
,,,-1.83400000000001E-07,0.0208157896995544,0.196771447779611,
,,,-1.832E-07,0.0208157896995544,0.196938811801374,
,,,-1.83000000000001E-07,-0.0461298227310181,0.196604083757848,
,,,-1.828E-07,0.0208157896995544,0.197106175823137,
,,,-1.82600000000001E-07,0.0208157896995544,0.19777563191019,
,,,-1.824E-07,0.0208157896995544,0.1972735398449,
,,,-1.82200000000001E-07,-0.0461298227310181,0.195934627670795,
,,,-1.82E-07,0.0208157896995544,0.1972735398449,
,,,-1.81800000000001E-07,0.0208157896995544,0.197440903866664,
,,,-1.816E-07,0.0208157896995544,0.196771447779611,
,,,-1.814E-07,-0.0461298227310181,0.196771447779611,
,,,-1.812E-07,-0.0461298227310181,0.197440903866664,
,,,-1.81E-07,-0.0461298227310181,0.196938811801374,
,,,-1.808E-07,0.0208157896995544,0.197106175823137,
,,,-1.806E-07,-0.0461298227310181,0.196938811801374,
,,,-1.804E-07,-0.0461298227310181,0.196771447779611,
,,,-1.802E-07,0.0208157896995544,0.196938811801374,
,,,-1.8E-07,0.087761402130127,0.196938811801374,
,,,-1.798E-07,0.0208157896995544,0.197440903866664,
,,,-1.796E-07,0.0208157896995544,0.197106175823137,
,,,-1.794E-07,0.087761402130127,0.196604083757848,
,,,-1.792E-07,0.0208157896995544,0.1972735398449,
,,,-1.79E-07,0.154707014560699,0.1972735398449,
,,,-1.788E-07,-0.0461298227310181,0.1972735398449,
,,,-1.786E-07,0.087761402130127,0.196771447779611,
,,,-1.784E-07,0.0208157896995544,0.196938811801374,
,,,-1.782E-07,0.0208157896995544,0.196938811801374,
,,,-1.78E-07,0.087761402130127,0.196269355714321,
,,,-1.778E-07,-0.0461298227310181,0.1972735398449,
,,,-1.77600000000001E-07,0.087761402130127,0.197440903866664,
,,,-1.774E-07,-0.0461298227310181,0.197106175823137,
,,,-1.77200000000001E-07,0.0208157896995544,0.196938811801374,
,,,-1.77E-07,0.087761402130127,0.197106175823137,
,,,-1.76800000000001E-07,-0.0461298227310181,0.197942995931953,
,,,-1.766E-07,-0.0461298227310181,0.197106175823137,
,,,-1.76400000000001E-07,-0.113075435161591,0.197440903866664,
,,,-1.762E-07,-0.0461298227310181,0.197440903866664,
,,,-1.76000000000001E-07,0.087761402130127,0.197440903866664,
,,,-1.758E-07,-0.0461298227310181,0.197942995931953,
,,,-1.756E-07,0.0208157896995544,0.197440903866664,
,,,-1.754E-07,0.0208157896995544,0.196938811801374,
,,,-1.752E-07,0.0208157896995544,0.197440903866664,
,,,-1.75E-07,-0.0461298227310181,0.19777563191019,
,,,-1.748E-07,0.0208157896995544,0.197106175823137,
,,,-1.746E-07,-0.0461298227310181,0.197608267888427,
,,,-1.744E-07,-0.0461298227310181,0.197608267888427,
,,,-1.742E-07,-0.0461298227310181,0.197106175823137,
,,,-1.74E-07,0.0208157896995544,0.19777563191019,
,,,-1.738E-07,-0.113075435161591,0.197608267888427,
,,,-1.736E-07,0.0208157896995544,0.198110359953716,
,,,-1.734E-07,-0.0461298227310181,0.197440903866664,
,,,-1.732E-07,0.154707014560699,0.197440903866664,
,,,-1.73E-07,-0.0461298227310181,0.197440903866664,
,,,-1.728E-07,-0.0461298227310181,0.197608267888427,
,,,-1.726E-07,0.087761402130127,0.196604083757848,
,,,-1.724E-07,0.0208157896995544,0.197440903866664,
,,,-1.72200000000001E-07,-0.0461298227310181,0.196938811801374,
,,,-1.72E-07,0.087761402130127,0.1972735398449,
,,,-1.71800000000001E-07,-0.0461298227310181,0.197106175823137,
,,,-1.716E-07,-0.113075435161591,0.197106175823137,
,,,-1.71400000000001E-07,-0.0461298227310181,0.196269355714321,
,,,-1.712E-07,0.087761402130127,0.196771447779611,
,,,-1.71000000000001E-07,-0.113075435161591,0.197106175823137,
,,,-1.708E-07,-0.0461298227310181,0.1972735398449,
,,,-1.70600000000001E-07,0.0208157896995544,0.197106175823137,
,,,-1.704E-07,-0.0461298227310181,0.196604083757848,
,,,-1.70200000000001E-07,0.0208157896995544,0.1972735398449,
,,,-1.7E-07,0.0208157896995544,0.1972735398449,
,,,-1.698E-07,0.087761402130127,0.197106175823137,
,,,-1.696E-07,0.0208157896995544,0.19777563191019,
,,,-1.694E-07,-0.113075435161591,0.196938811801374,
,,,-1.692E-07,-0.0461298227310181,0.196938811801374,
,,,-1.69E-07,0.0208157896995544,0.1972735398449,
,,,-1.688E-07,0.0208157896995544,0.197106175823137,
,,,-1.686E-07,-0.0461298227310181,0.196604083757848,
,,,-1.684E-07,-0.0461298227310181,0.197608267888427,
,,,-1.682E-07,0.0208157896995544,0.197106175823137,
,,,-1.68E-07,-0.0461298227310181,0.196938811801374,
,,,-1.678E-07,0.0208157896995544,0.197440903866664,
,,,-1.676E-07,0.0208157896995544,0.197608267888427,
,,,-1.674E-07,-0.0461298227310181,0.196101991692558,
,,,-1.672E-07,0.0208157896995544,0.196604083757848,
,,,-1.67E-07,0.0208157896995544,0.1972735398449,
,,,-1.668E-07,0.154707014560699,0.196771447779611,
,,,-1.666E-07,-0.0461298227310181,0.196436719736084,
,,,-1.66400000000001E-07,0.0208157896995544,0.196436719736084,
,,,-1.662E-07,0.154707014560699,0.197106175823137,
,,,-1.66000000000001E-07,-0.0461298227310181,0.196604083757848,
,,,-1.658E-07,0.0208157896995544,0.197106175823137,
,,,-1.65600000000001E-07,0.087761402130127,0.196938811801374,
,,,-1.654E-07,-0.0461298227310181,0.196771447779611,
,,,-1.65200000000001E-07,-0.0461298227310181,0.196771447779611,
,,,-1.65E-07,0.087761402130127,0.197106175823137,
,,,-1.64800000000001E-07,0.0208157896995544,0.197608267888427,
,,,-1.646E-07,-0.0461298227310181,0.197608267888427,
,,,-1.644E-07,0.087761402130127,0.196604083757848,
,,,-1.642E-07,-0.0461298227310181,0.196604083757848,
,,,-1.64E-07,-0.0461298227310181,0.196436719736084,
,,,-1.638E-07,0.0208157896995544,0.197608267888427,
,,,-1.636E-07,0.0208157896995544,0.197106175823137,
,,,-1.634E-07,-0.0461298227310181,0.197440903866664,
,,,-1.632E-07,-0.0461298227310181,0.197106175823137,
,,,-1.63E-07,0.0208157896995544,0.196771447779611,
,,,-1.628E-07,0.0208157896995544,0.196269355714321,
,,,-1.626E-07,0.0208157896995544,0.196269355714321,
,,,-1.624E-07,0.0208157896995544,0.1972735398449,
,,,-1.622E-07,-0.0461298227310181,0.197106175823137,
,,,-1.62E-07,-0.0461298227310181,0.197106175823137,
,,,-1.618E-07,-0.0461298227310181,0.197106175823137,
,,,-1.616E-07,-0.0461298227310181,0.196604083757848,
,,,-1.614E-07,-0.0461298227310181,0.197106175823137,
,,,-1.612E-07,0.0208157896995544,0.197106175823137,
,,,-1.61E-07,-0.113075435161591,0.1972735398449,
,,,-1.608E-07,0.087761402130127,0.1972735398449,
,,,-1.60600000000001E-07,-0.0461298227310181,0.196604083757848,
,,,-1.604E-07,0.0208157896995544,0.196269355714321,
,,,-1.60200000000001E-07,0.087761402130127,0.197106175823137,
,,,-1.6E-07,0.0208157896995544,0.196101991692558,
,,,-1.59800000000001E-07,-0.0461298227310181,0.1972735398449,
,,,-1.596E-07,0.0208157896995544,0.196771447779611,
,,,-1.59400000000001E-07,0.0208157896995544,0.196938811801374,
,,,-1.592E-07,0.0208157896995544,0.196436719736084,
,,,-1.59000000000001E-07,-0.113075435161591,0.197106175823137,
,,,-1.588E-07,-0.0461298227310181,0.197608267888427,
,,,-1.586E-07,0.0208157896995544,0.196604083757848,
,,,-1.584E-07,0.087761402130127,0.196269355714321,
,,,-1.582E-07,0.0208157896995544,0.196436719736084,
,,,-1.58E-07,-0.0461298227310181,0.196771447779611,
,,,-1.578E-07,0.0208157896995544,0.1972735398449,
,,,-1.576E-07,-0.113075435161591,0.196938811801374,
,,,-1.574E-07,0.0208157896995544,0.197942995931953,
,,,-1.572E-07,0.0208157896995544,0.196938811801374,
,,,-1.57E-07,0.0208157896995544,0.196938811801374,
,,,-1.568E-07,0.087761402130127,0.197608267888427,
,,,-1.566E-07,-0.0461298227310181,0.1972735398449,
,,,-1.564E-07,0.0208157896995544,0.1972735398449,
,,,-1.562E-07,0.0208157896995544,0.196938811801374,
,,,-1.56E-07,0.087761402130127,0.197440903866664,
,,,-1.558E-07,-0.0461298227310181,0.19777563191019,
,,,-1.556E-07,-0.0461298227310181,0.197106175823137,
,,,-1.554E-07,0.0208157896995544,0.19777563191019,
,,,-1.55200000000001E-07,0.0208157896995544,0.196771447779611,
,,,-1.55E-07,-0.0461298227310181,0.196604083757848,
,,,-1.54800000000001E-07,0.0208157896995544,0.196938811801374,
,,,-1.546E-07,0.0208157896995544,0.196938811801374,
,,,-1.54400000000001E-07,0.0208157896995544,0.197608267888427,
,,,-1.542E-07,0.0208157896995544,0.197608267888427,
,,,-1.54000000000001E-07,0.087761402130127,0.196938811801374,
,,,-1.538E-07,0.0208157896995544,0.197106175823137,
,,,-1.53600000000001E-07,-0.180021047592163,0.196938811801374,
,,,-1.534E-07,0.0208157896995544,0.196938811801374,
,,,-1.532E-07,0.087761402130127,0.196771447779611,
,,,-1.53E-07,0.0208157896995544,0.197440903866664,
,,,-1.528E-07,0.0208157896995544,0.197106175823137,
,,,-1.526E-07,0.0208157896995544,0.196604083757848,
,,,-1.524E-07,0.0208157896995544,0.197440903866664,
,,,-1.522E-07,-0.0461298227310181,0.196938811801374,
,,,-1.52E-07,0.0208157896995544,0.196604083757848,
,,,-1.518E-07,0.0208157896995544,0.1972735398449,
,,,-1.516E-07,0.0208157896995544,0.197440903866664,
,,,-1.514E-07,0.0208157896995544,0.196771447779611,
,,,-1.512E-07,0.087761402130127,0.197106175823137,
,,,-1.51E-07,-0.0461298227310181,0.197440903866664,
,,,-1.508E-07,-0.113075435161591,0.1972735398449,
,,,-1.506E-07,0.0208157896995544,0.196771447779611,
,,,-1.504E-07,0.154707014560699,0.197440903866664,
,,,-1.502E-07,-0.0461298227310181,0.196604083757848,
,,,-1.5E-07,-0.0461298227310181,0.197440903866664,
,,,-1.498E-07,0.0208157896995544,0.197106175823137,
,,,-1.496E-07,0.0208157896995544,0.196938811801374,
,,,-1.49400000000001E-07,-0.0461298227310181,0.197608267888427,
,,,-1.492E-07,-0.0461298227310181,0.197608267888427,
,,,-1.49000000000001E-07,0.0208157896995544,0.197440903866664,
,,,-1.488E-07,0.0208157896995544,0.197440903866664,
,,,-1.48600000000001E-07,-0.0461298227310181,0.1972735398449,
,,,-1.484E-07,0.0208157896995544,0.1972735398449,
,,,-1.48200000000001E-07,0.0208157896995544,0.1972735398449,
,,,-1.48E-07,-0.0461298227310181,0.19777563191019,
,,,-1.47800000000001E-07,0.0208157896995544,0.1972735398449,
,,,-1.476E-07,0.087761402130127,0.1972735398449,
,,,-1.474E-07,-0.0461298227310181,0.1972735398449,
,,,-1.472E-07,0.0208157896995544,0.196436719736084,
,,,-1.47E-07,0.0208157896995544,0.196604083757848,
,,,-1.468E-07,-0.113075435161591,0.197106175823137,
,,,-1.466E-07,0.0208157896995544,0.196436719736084,
,,,-1.464E-07,0.0208157896995544,0.196604083757848,
,,,-1.462E-07,-0.0461298227310181,0.196938811801374,
,,,-1.46E-07,0.0208157896995544,0.197608267888427,
,,,-1.458E-07,0.087761402130127,0.196771447779611,
,,,-1.456E-07,0.154707014560699,0.1972735398449,
,,,-1.454E-07,-0.0461298227310181,0.196604083757848,
,,,-1.452E-07,-0.0461298227310181,0.197608267888427,
,,,-1.45E-07,0.0208157896995544,0.196604083757848,
,,,-1.448E-07,0.0208157896995544,0.197106175823137,
,,,-1.446E-07,0.0208157896995544,0.197440903866664,
,,,-1.444E-07,-0.0461298227310181,0.1972735398449,
,,,-1.442E-07,0.0208157896995544,0.1972735398449,
,,,-1.44000000000001E-07,0.087761402130127,0.197106175823137,
,,,-1.438E-07,-0.113075435161591,0.1972735398449,
,,,-1.43600000000001E-07,-0.0461298227310181,0.196938811801374,
,,,-1.434E-07,0.0208157896995544,0.196771447779611,
,,,-1.43200000000001E-07,-0.0461298227310181,0.197106175823137,
,,,-1.43E-07,-0.113075435161591,0.196938811801374,
,,,-1.42800000000001E-07,0.087761402130127,0.196771447779611,
,,,-1.426E-07,-0.0461298227310181,0.196604083757848,
,,,-1.42400000000001E-07,-0.0461298227310181,0.196604083757848,
,,,-1.422E-07,-0.0461298227310181,0.197942995931953,
,,,-1.42000000000001E-07,0.087761402130127,0.19777563191019,
,,,-1.418E-07,0.0208157896995544,0.196436719736084,
,,,-1.416E-07,0.0208157896995544,0.197106175823137,
,,,-1.414E-07,-0.0461298227310181,0.197608267888427,
,,,-1.412E-07,-0.0461298227310181,0.1972735398449,
,,,-1.41E-07,0.087761402130127,0.196771447779611,
,,,-1.408E-07,-0.0461298227310181,0.196604083757848,
,,,-1.406E-07,0.0208157896995544,0.197106175823137,
,,,-1.404E-07,-0.0461298227310181,0.197608267888427,
,,,-1.402E-07,0.0208157896995544,0.196604083757848,
,,,-1.4E-07,0.0208157896995544,0.196771447779611,
,,,-1.398E-07,-0.113075435161591,0.1972735398449,
,,,-1.396E-07,-0.0461298227310181,0.197440903866664,
,,,-1.394E-07,0.0208157896995544,0.196771447779611,
,,,-1.392E-07,0.087761402130127,0.197608267888427,
,,,-1.39E-07,-0.0461298227310181,0.197106175823137,
,,,-1.388E-07,-0.0461298227310181,0.196938811801374,
,,,-1.386E-07,0.087761402130127,0.196771447779611,
,,,-1.384E-07,-0.0461298227310181,0.196604083757848,
,,,-1.38200000000001E-07,-0.113075435161591,0.196604083757848,
,,,-1.38E-07,0.0208157896995544,0.196771447779611,
,,,-1.37800000000001E-07,0.0208157896995544,0.197106175823137,
,,,-1.376E-07,0.0208157896995544,0.197106175823137,
,,,-1.37400000000001E-07,-0.0461298227310181,0.195767263649032,
,,,-1.372E-07,-0.0461298227310181,0.196604083757848,
,,,-1.37000000000001E-07,0.0208157896995544,0.196938811801374,
,,,-1.368E-07,0.0208157896995544,0.196269355714321,
,,,-1.36600000000001E-07,-0.0461298227310181,0.196101991692558,
,,,-1.364E-07,0.087761402130127,0.196604083757848,
,,,-1.362E-07,0.0208157896995544,0.196604083757848,
,,,-1.36E-07,-0.0461298227310181,0.196101991692558,
,,,-1.358E-07,-0.0461298227310181,0.196101991692558,
,,,-1.356E-07,-0.0461298227310181,0.196771447779611,
,,,-1.354E-07,-0.180021047592163,0.196436719736084,
,,,-1.352E-07,-0.0461298227310181,0.196771447779611,
,,,-1.35E-07,-0.0461298227310181,0.196604083757848,
,,,-1.348E-07,0.087761402130127,0.196436719736084,
,,,-1.346E-07,0.0208157896995544,0.1972735398449,
,,,-1.344E-07,-0.0461298227310181,0.197106175823137,
,,,-1.342E-07,0.0208157896995544,0.197106175823137,
,,,-1.34E-07,-0.113075435161591,0.197440903866664,
,,,-1.338E-07,-0.0461298227310181,0.1972735398449,
,,,-1.336E-07,0.0208157896995544,0.196771447779611,
,,,-1.334E-07,-0.0461298227310181,0.196604083757848,
,,,-1.332E-07,0.0208157896995544,0.196938811801374,
,,,-1.33E-07,-0.0461298227310181,0.1972735398449,
,,,-1.328E-07,0.087761402130127,0.196938811801374,
,,,-1.326E-07,-0.0461298227310181,0.1972735398449,
,,,-1.32400000000001E-07,0.0208157896995544,0.196604083757848,
,,,-1.322E-07,-0.0461298227310181,0.196938811801374,
,,,-1.32000000000001E-07,-0.0461298227310181,0.196938811801374,
,,,-1.318E-07,-0.0461298227310181,0.197440903866664,
,,,-1.31600000000001E-07,-0.0461298227310181,0.197106175823137,
,,,-1.314E-07,0.087761402130127,0.196771447779611,
,,,-1.31200000000001E-07,0.087761402130127,0.197440903866664,
,,,-1.31E-07,-0.113075435161591,0.197440903866664,
,,,-1.30800000000001E-07,0.0208157896995544,0.1972735398449,
,,,-1.306E-07,0.0208157896995544,0.196771447779611,
,,,-1.304E-07,0.0208157896995544,0.197106175823137,
,,,-1.302E-07,-0.0461298227310181,0.197106175823137,
,,,-1.3E-07,0.0208157896995544,0.197440903866664,
,,,-1.298E-07,0.0208157896995544,0.1972735398449,
,,,-1.296E-07,0.0208157896995544,0.196938811801374,
,,,-1.294E-07,0.0208157896995544,0.196938811801374,
,,,-1.292E-07,0.0208157896995544,0.196938811801374,
,,,-1.29E-07,-0.0461298227310181,0.196771447779611,
,,,-1.288E-07,-0.0461298227310181,0.196771447779611,
,,,-1.286E-07,0.087761402130127,0.196771447779611,
,,,-1.284E-07,0.087761402130127,0.196938811801374,
,,,-1.282E-07,-0.0461298227310181,0.197106175823137,
,,,-1.28E-07,-0.113075435161591,0.197440903866664,
,,,-1.278E-07,0.087761402130127,0.196436719736084,
,,,-1.276E-07,0.087761402130127,0.197106175823137,
,,,-1.274E-07,0.0208157896995544,0.196436719736084,
,,,-1.272E-07,0.087761402130127,0.197440903866664,
,,,-1.27000000000001E-07,0.0208157896995544,0.196771447779611,
,,,-1.268E-07,-0.0461298227310181,0.196938811801374,
,,,-1.26600000000001E-07,0.0208157896995544,0.196436719736084,
,,,-1.264E-07,0.087761402130127,0.196269355714321,
,,,-1.26200000000001E-07,-0.0461298227310181,0.196604083757848,
,,,-1.26E-07,0.0208157896995544,0.196436719736084,
,,,-1.25800000000001E-07,-0.0461298227310181,0.196771447779611,
,,,-1.256E-07,-0.113075435161591,0.196269355714321,
,,,-1.25400000000001E-07,-0.0461298227310181,0.197440903866664,
,,,-1.252E-07,-0.113075435161591,0.196771447779611,
,,,-1.25E-07,0.0208157896995544,0.195934627670795,
,,,-1.248E-07,0.087761402130127,0.196604083757848,
,,,-1.246E-07,0.0208157896995544,0.195934627670795,
,,,-1.244E-07,0.0208157896995544,0.196269355714321,
,,,-1.242E-07,-0.0461298227310181,0.196604083757848,
,,,-1.24E-07,0.0208157896995544,0.195934627670795,
,,,-1.238E-07,-0.113075435161591,0.196771447779611,
,,,-1.236E-07,0.0208157896995544,0.196269355714321,
,,,-1.234E-07,-0.0461298227310181,0.197106175823137,
,,,-1.232E-07,0.0208157896995544,0.196436719736084,
,,,-1.23E-07,-0.113075435161591,0.196269355714321,
,,,-1.228E-07,-0.0461298227310181,0.195934627670795,
,,,-1.226E-07,0.0208157896995544,0.196771447779611,
,,,-1.224E-07,0.087761402130127,0.196938811801374,
,,,-1.222E-07,-0.0461298227310181,0.196938811801374,
,,,-1.22E-07,0.0208157896995544,0.196604083757848,
,,,-1.218E-07,0.0208157896995544,0.196604083757848,
,,,-1.216E-07,0.087761402130127,0.197440903866664,
,,,-1.214E-07,0.0208157896995544,0.196938811801374,
,,,-1.21200000000001E-07,-0.0461298227310181,0.196938811801374,
,,,-1.21E-07,0.0208157896995544,0.196771447779611,
,,,-1.20800000000001E-07,-0.0461298227310181,0.196938811801374,
,,,-1.206E-07,0.0208157896995544,0.196604083757848,
,,,-1.20400000000001E-07,0.0208157896995544,0.196771447779611,
,,,-1.202E-07,0.0208157896995544,0.196938811801374,
,,,-1.20000000000001E-07,0.087761402130127,0.197106175823137,
,,,-1.198E-07,-0.113075435161591,0.197440903866664,
,,,-1.19600000000001E-07,0.0208157896995544,0.196938811801374,
,,,-1.194E-07,-0.0461298227310181,0.196604083757848,
,,,-1.192E-07,0.0208157896995544,0.196938811801374,
,,,-1.19E-07,-0.0461298227310181,0.196771447779611,
,,,-1.188E-07,-0.0461298227310181,0.196771447779611,
,,,-1.186E-07,0.0208157896995544,0.196604083757848,
,,,-1.184E-07,0.0208157896995544,0.197106175823137,
,,,-1.182E-07,-0.0461298227310181,0.196269355714321,
,,,-1.18E-07,0.0208157896995544,0.197106175823137,
,,,-1.178E-07,0.0208157896995544,0.1972735398449,
,,,-1.176E-07,0.0208157896995544,0.196604083757848,
,,,-1.174E-07,0.0208157896995544,0.196269355714321,
,,,-1.172E-07,-0.0461298227310181,0.196771447779611,
,,,-1.17E-07,0.0208157896995544,0.196604083757848,
,,,-1.168E-07,-0.0461298227310181,0.196436719736084,
,,,-1.166E-07,-0.0461298227310181,0.196436719736084,
,,,-1.164E-07,0.0208157896995544,0.196269355714321,
,,,-1.162E-07,0.0208157896995544,0.196269355714321,
,,,-1.16E-07,0.087761402130127,0.196269355714321,
,,,-1.15800000000001E-07,-0.0461298227310181,0.196771447779611,
,,,-1.156E-07,0.154707014560699,0.196436719736084,
,,,-1.15400000000001E-07,0.0208157896995544,0.196436719736084,
,,,-1.152E-07,-0.0461298227310181,0.196269355714321,
,,,-1.15000000000001E-07,0.0208157896995544,0.196604083757848,
,,,-1.148E-07,0.0208157896995544,0.196604083757848,
,,,-1.14600000000001E-07,-0.0461298227310181,0.196771447779611,
,,,-1.144E-07,0.087761402130127,0.196938811801374,
,,,-1.14200000000001E-07,-0.0461298227310181,0.196269355714321,
,,,-1.14E-07,-0.0461298227310181,0.196436719736084,
,,,-1.13800000000001E-07,0.0208157896995544,0.197440903866664,
,,,-1.136E-07,0.0208157896995544,0.197440903866664,
,,,-1.134E-07,-0.0461298227310181,0.1972735398449,
,,,-1.132E-07,0.087761402130127,0.196938811801374,
,,,-1.13E-07,-0.0461298227310181,0.197608267888427,
,,,-1.128E-07,-0.0461298227310181,0.19777563191019,
,,,-1.126E-07,0.0208157896995544,0.197440903866664,
,,,-1.124E-07,0.0208157896995544,0.197440903866664,
,,,-1.122E-07,0.0208157896995544,0.196938811801374,
,,,-1.12E-07,0.087761402130127,0.1972735398449,
,,,-1.118E-07,-0.0461298227310181,0.197106175823137,
,,,-1.116E-07,-0.113075435161591,0.196938811801374,
,,,-1.114E-07,0.0208157896995544,0.196938811801374,
,,,-1.112E-07,0.0208157896995544,0.196938811801374,
,,,-1.11E-07,-0.113075435161591,0.196938811801374,
,,,-1.108E-07,-0.0461298227310181,0.1972735398449,
,,,-1.106E-07,-0.0461298227310181,0.196101991692558,
,,,-1.104E-07,-0.0461298227310181,0.196101991692558,
,,,-1.102E-07,-0.0461298227310181,0.196101991692558,
,,,-1.10000000000001E-07,0.0208157896995544,0.196604083757848,
,,,-1.098E-07,-0.0461298227310181,0.195265171583742,
,,,-1.09600000000001E-07,0.0208157896995544,0.196436719736084,
,,,-1.094E-07,-0.0461298227310181,0.196269355714321,
,,,-1.09200000000001E-07,0.087761402130127,0.195767263649032,
,,,-1.09E-07,-0.0461298227310181,0.196269355714321,
,,,-1.08800000000001E-07,-0.0461298227310181,0.196604083757848,
,,,-1.086E-07,0.087761402130127,0.196101991692558,
,,,-1.08400000000001E-07,-0.0461298227310181,0.196604083757848,
,,,-1.082E-07,0.0208157896995544,0.196436719736084,
,,,-1.08E-07,0.0208157896995544,0.196436719736084,
,,,-1.078E-07,0.0208157896995544,0.196604083757848,
,,,-1.076E-07,0.0208157896995544,0.196604083757848,
,,,-1.074E-07,-0.0461298227310181,0.196604083757848,
,,,-1.072E-07,0.154707014560699,0.195934627670795,
,,,-1.07E-07,0.0208157896995544,0.196436719736084,
,,,-1.068E-07,-0.0461298227310181,0.196269355714321,
,,,-1.066E-07,-0.0461298227310181,0.196436719736084,
,,,-1.064E-07,0.0208157896995544,0.196436719736084,
,,,-1.062E-07,-0.0461298227310181,0.196604083757848,
,,,-1.06E-07,0.0208157896995544,0.196938811801374,
,,,-1.058E-07,0.154707014560699,0.196938811801374,
,,,-1.056E-07,0.0208157896995544,0.196604083757848,
,,,-1.054E-07,-0.113075435161591,0.196771447779611,
,,,-1.052E-07,0.0208157896995544,0.196938811801374,
,,,-1.05E-07,0.0208157896995544,0.196436719736084,
,,,-1.048E-07,0.0208157896995544,0.196771447779611,
,,,-1.046E-07,-0.113075435161591,0.1972735398449,
,,,-1.044E-07,0.0208157896995544,0.1972735398449,
,,,-1.04200000000001E-07,0.0208157896995544,0.197106175823137,
,,,-1.04E-07,-0.0461298227310181,0.196269355714321,
,,,-1.03800000000001E-07,0.0208157896995544,0.196938811801374,
,,,-1.036E-07,0.0208157896995544,0.197440903866664,
,,,-1.03400000000001E-07,0.0208157896995544,0.196938811801374,
,,,-1.032E-07,0.087761402130127,0.197440903866664,
,,,-1.03000000000001E-07,0.0208157896995544,0.19777563191019,
,,,-1.028E-07,0.087761402130127,0.1972735398449,
,,,-1.02600000000001E-07,-0.0461298227310181,0.1972735398449,
,,,-1.024E-07,-0.0461298227310181,0.196938811801374,
,,,-1.022E-07,0.0208157896995544,0.1972735398449,
,,,-1.02E-07,-0.0461298227310181,0.196604083757848,
,,,-1.018E-07,0.0208157896995544,0.197106175823137,
,,,-1.016E-07,0.087761402130127,0.197608267888427,
,,,-1.014E-07,-0.0461298227310181,0.197106175823137,
,,,-1.012E-07,-0.0461298227310181,0.197440903866664,
,,,-1.01E-07,0.0208157896995544,0.19777563191019,
,,,-1.008E-07,0.154707014560699,0.1972735398449,
,,,-1.006E-07,0.0208157896995544,0.197440903866664,
,,,-1.004E-07,0.0208157896995544,0.1972735398449,
,,,-1.002E-07,0.087761402130127,0.19777563191019,
,,,-9.99999999999999E-08,-0.113075435161591,0.1972735398449,
,,,-9.98000000000003E-08,-0.113075435161591,0.197440903866664,
,,,-9.95999999999999E-08,-0.113075435161591,0.1972735398449,
,,,-9.94000000000003E-08,0.0208157896995544,0.196604083757848,
,,,-9.91999999999998E-08,0.087761402130127,0.196436719736084,
,,,-9.90000000000002E-08,-0.180021047592163,0.196436719736084,
,,,-9.88000000000006E-08,0.0208157896995544,0.196436719736084,
,,,-9.86000000000002E-08,0.0208157896995544,0.196436719736084,
,,,-9.84000000000006E-08,0.0208157896995544,0.197106175823137,
,,,-9.82000000000002E-08,-0.0461298227310181,0.197440903866664,
,,,-9.80000000000006E-08,0.0208157896995544,0.196604083757848,
,,,-9.78000000000001E-08,-0.113075435161591,0.197106175823137,
,,,-9.76000000000006E-08,-0.0461298227310181,0.196938811801374,
,,,-9.74000000000001E-08,0.0208157896995544,0.196604083757848,
,,,-9.72000000000005E-08,0.0208157896995544,0.196771447779611,
,,,-9.70000000000001E-08,-0.0461298227310181,0.196938811801374,
,,,-9.68000000000005E-08,0.0208157896995544,0.196269355714321,
,,,-9.66000000000001E-08,-0.0461298227310181,0.196771447779611,
,,,-9.64000000000005E-08,-0.0461298227310181,0.196938811801374,
,,,-9.62E-08,0.087761402130127,0.196604083757848,
,,,-9.60000000000004E-08,0.0208157896995544,0.196604083757848,
,,,-9.58E-08,-0.0461298227310181,0.196938811801374,
,,,-9.56000000000004E-08,-0.113075435161591,0.196436719736084,
,,,-9.54E-08,-0.0461298227310181,0.196604083757848,
,,,-9.52000000000004E-08,0.0208157896995544,0.197942995931953,
,,,-9.49999999999999E-08,0.0208157896995544,0.196101991692558,
,,,-9.48000000000003E-08,0.0208157896995544,0.196269355714321,
,,,-9.45999999999999E-08,0.0208157896995544,0.1972735398449,
,,,-9.44000000000003E-08,0.087761402130127,0.196938811801374,
,,,-9.41999999999999E-08,-0.113075435161591,0.196604083757848,
,,,-9.40000000000003E-08,0.087761402130127,0.196269355714321,
,,,-9.37999999999998E-08,0.087761402130127,0.196436719736084,
,,,-9.36000000000003E-08,-0.0461298227310181,0.195767263649032,
,,,-9.33999999999998E-08,-0.0461298227310181,0.196604083757848,
,,,-9.32000000000002E-08,-0.113075435161591,0.196938811801374,
,,,-9.30000000000006E-08,-0.0461298227310181,0.196269355714321,
,,,-9.28000000000002E-08,0.0208157896995544,0.196771447779611,
,,,-9.26000000000006E-08,-0.0461298227310181,0.196436719736084,
,,,-9.24000000000002E-08,-0.0461298227310181,0.196604083757848,
,,,-9.22000000000006E-08,0.087761402130127,0.196771447779611,
,,,-9.20000000000001E-08,-0.0461298227310181,0.196269355714321,
,,,-9.18000000000005E-08,-0.0461298227310181,0.196604083757848,
,,,-9.16000000000001E-08,-0.0461298227310181,0.196938811801374,
,,,-9.14000000000005E-08,-0.113075435161591,0.196771447779611,
,,,-9.12000000000001E-08,0.087761402130127,0.196269355714321,
,,,-9.10000000000005E-08,-0.0461298227310181,0.196604083757848,
,,,-9.08E-08,-0.113075435161591,0.196938811801374,
,,,-9.06000000000005E-08,-0.0461298227310181,0.196604083757848,
,,,-9.04E-08,0.0208157896995544,0.196771447779611,
,,,-9.02000000000004E-08,0.087761402130127,0.19777563191019,
,,,-9E-08,0.087761402130127,0.196938811801374,
,,,-8.98000000000004E-08,-0.0461298227310181,0.1972735398449,
,,,-8.96E-08,-0.0461298227310181,0.1972735398449,
,,,-8.94000000000004E-08,0.0208157896995544,0.197440903866664,
,,,-8.91999999999999E-08,0.087761402130127,0.197106175823137,
,,,-8.90000000000003E-08,0.0208157896995544,0.1972735398449,
,,,-8.87999999999999E-08,0.087761402130127,0.1972735398449,
,,,-8.86000000000003E-08,-0.0461298227310181,0.197440903866664,
,,,-8.83999999999999E-08,-0.0461298227310181,0.1972735398449,
,,,-8.82000000000003E-08,0.0208157896995544,0.197106175823137,
,,,-8.79999999999998E-08,0.0208157896995544,0.1972735398449,
,,,-8.78000000000002E-08,-0.0461298227310181,0.197440903866664,
,,,-8.76000000000007E-08,-0.0461298227310181,0.1972735398449,
,,,-8.74000000000002E-08,-0.0461298227310181,0.198110359953716,
,,,-8.72000000000006E-08,0.0208157896995544,0.1972735398449,
,,,-8.70000000000002E-08,-0.0461298227310181,0.197942995931953,
,,,-8.68000000000006E-08,-0.0461298227310181,0.198110359953716,
,,,-8.66000000000002E-08,-0.0461298227310181,0.19827772397548,
,,,-8.64000000000006E-08,0.087761402130127,0.197440903866664,
,,,-8.62000000000001E-08,-0.0461298227310181,0.197440903866664,
,,,-8.60000000000005E-08,0.0208157896995544,0.197942995931953,
,,,-8.58000000000001E-08,0.0208157896995544,0.197440903866664,
,,,-8.56000000000005E-08,0.087761402130127,0.197106175823137,
,,,-8.54000000000001E-08,-0.0461298227310181,0.196938811801374,
,,,-8.52000000000005E-08,-0.0461298227310181,0.198110359953716,
,,,-8.5E-08,-0.0461298227310181,0.197106175823137,
,,,-8.48000000000004E-08,0.0208157896995544,0.197608267888427,
,,,-8.46E-08,0.0208157896995544,0.19777563191019,
,,,-8.44000000000004E-08,-0.0461298227310181,0.197440903866664,
,,,-8.42E-08,0.0208157896995544,0.197608267888427,
,,,-8.40000000000004E-08,0.0208157896995544,0.197440903866664,
,,,-8.37999999999999E-08,0.0208157896995544,0.197440903866664,
,,,-8.36000000000004E-08,0.087761402130127,0.1972735398449,
,,,-8.33999999999999E-08,0.0208157896995544,0.1972735398449,
,,,-8.32000000000003E-08,0.0208157896995544,0.197608267888427,
,,,-8.29999999999999E-08,0.0208157896995544,0.197440903866664,
,,,-8.28000000000003E-08,-0.0461298227310181,0.19777563191019,
,,,-8.25999999999999E-08,-0.0461298227310181,0.197106175823137,
,,,-8.24000000000003E-08,-0.0461298227310181,0.1972735398449,
,,,-8.21999999999998E-08,-0.0461298227310181,0.197106175823137,
,,,-8.20000000000002E-08,-0.0461298227310181,0.1972735398449,
,,,-8.18000000000006E-08,0.087761402130127,0.196771447779611,
,,,-8.16000000000002E-08,0.087761402130127,0.196101991692558,
,,,-8.14000000000006E-08,-0.0461298227310181,0.19777563191019,
,,,-8.12000000000002E-08,0.0208157896995544,0.19777563191019,
,,,-8.10000000000006E-08,0.087761402130127,0.197608267888427,
,,,-8.08000000000001E-08,-0.0461298227310181,0.19777563191019,
,,,-8.06000000000006E-08,-0.113075435161591,0.197440903866664,
,,,-8.04000000000001E-08,0.0208157896995544,0.196938811801374,
,,,-8.02000000000005E-08,0.0208157896995544,0.196938811801374,
,,,-8.00000000000001E-08,0.087761402130127,0.197106175823137,
,,,-7.98000000000005E-08,-0.0461298227310181,0.1972735398449,
,,,-7.96000000000001E-08,0.087761402130127,0.196771447779611,
,,,-7.94000000000005E-08,0.0208157896995544,0.197106175823137,
,,,-7.92E-08,0.0208157896995544,0.196604083757848,
,,,-7.90000000000004E-08,-0.113075435161591,0.196771447779611,
,,,-7.88E-08,0.0208157896995544,0.196771447779611,
,,,-7.86000000000004E-08,-0.0461298227310181,0.196771447779611,
,,,-7.84E-08,-0.0461298227310181,0.197106175823137,
,,,-7.82000000000004E-08,-0.0461298227310181,0.1972735398449,
,,,-7.79999999999999E-08,-0.0461298227310181,0.197440903866664,
,,,-7.78000000000003E-08,0.0208157896995544,0.197440903866664,
,,,-7.75999999999999E-08,0.154707014560699,0.197106175823137,
,,,-7.74000000000003E-08,0.0208157896995544,0.197106175823137,
,,,-7.71999999999999E-08,0.0208157896995544,0.197440903866664,
,,,-7.70000000000003E-08,0.087761402130127,0.1972735398449,
,,,-7.67999999999998E-08,0.0208157896995544,0.196436719736084,
,,,-7.66000000000002E-08,0.087761402130127,0.196938811801374,
,,,-7.63999999999998E-08,-0.0461298227310181,0.197440903866664,
,,,-7.62000000000002E-08,0.0208157896995544,0.196771447779611,
,,,-7.60000000000006E-08,0.087761402130127,0.197106175823137,
,,,-7.58000000000002E-08,0.0208157896995544,0.1972735398449,
,,,-7.56000000000006E-08,0.0208157896995544,0.197106175823137,
,,,-7.54000000000002E-08,0.0208157896995544,0.196604083757848,
,,,-7.52000000000006E-08,0.087761402130127,0.196101991692558,
,,,-7.50000000000001E-08,-0.0461298227310181,0.197440903866664,
,,,-7.48000000000005E-08,0.0208157896995544,0.197106175823137,
,,,-7.46000000000001E-08,0.0208157896995544,0.197106175823137,
,,,-7.44000000000005E-08,-0.0461298227310181,0.196269355714321,
,,,-7.42000000000001E-08,0.0208157896995544,0.196938811801374,
,,,-7.40000000000005E-08,-0.0461298227310181,0.196771447779611,
,,,-7.38E-08,0.0208157896995544,0.196938811801374,
,,,-7.36000000000004E-08,0.087761402130127,0.196604083757848,
,,,-7.34E-08,-0.113075435161591,0.196604083757848,
,,,-7.32000000000004E-08,0.0208157896995544,0.196436719736084,
,,,-7.3E-08,-0.0461298227310181,0.195934627670795,
,,,-7.28000000000004E-08,0.0208157896995544,0.197942995931953,
,,,-7.25999999999999E-08,-0.0461298227310181,0.196938811801374,
,,,-7.24000000000004E-08,-0.0461298227310181,0.197106175823137,
,,,-7.21999999999999E-08,-0.0461298227310181,0.196938811801374,
,,,-7.20000000000003E-08,0.0208157896995544,0.196938811801374,
,,,-7.17999999999999E-08,-0.113075435161591,0.197608267888427,
,,,-7.16000000000003E-08,-0.0461298227310181,0.196436719736084,
,,,-7.13999999999999E-08,0.0208157896995544,0.197440903866664,
,,,-7.12000000000003E-08,0.0208157896995544,0.196436719736084,
,,,-7.09999999999998E-08,0.0208157896995544,0.197106175823137,
,,,-7.08000000000002E-08,0.154707014560699,0.196938811801374,
,,,-7.06000000000006E-08,0.0208157896995544,0.196938811801374,
,,,-7.04000000000002E-08,0.0208157896995544,0.197440903866664,
,,,-7.02000000000006E-08,0.087761402130127,0.197608267888427,
,,,-7.00000000000002E-08,-0.113075435161591,0.196938811801374,
,,,-6.98000000000006E-08,-0.0461298227310181,0.196101991692558,
,,,-6.96000000000001E-08,-0.0461298227310181,0.19777563191019,
,,,-6.94000000000006E-08,-0.0461298227310181,0.197106175823137,
,,,-6.92000000000001E-08,0.0208157896995544,0.196938811801374,
,,,-6.90000000000005E-08,0.0208157896995544,0.197608267888427,
,,,-6.88000000000001E-08,0.087761402130127,0.1972735398449,
,,,-6.86000000000005E-08,0.0208157896995544,0.197440903866664,
,,,-6.84000000000001E-08,0.0208157896995544,0.1972735398449,
,,,-6.82000000000005E-08,0.0208157896995544,0.198110359953716,
,,,-6.8E-08,-0.113075435161591,0.197608267888427,
,,,-6.78000000000004E-08,-0.0461298227310181,0.197608267888427,
,,,-6.76E-08,-0.0461298227310181,0.19777563191019,
,,,-6.74000000000004E-08,-0.0461298227310181,0.197608267888427,
,,,-6.72E-08,0.087761402130127,0.197942995931953,
,,,-6.70000000000004E-08,-0.113075435161591,0.197440903866664,
,,,-6.67999999999999E-08,0.0208157896995544,0.197440903866664,
,,,-6.66000000000003E-08,-0.0461298227310181,0.1972735398449,
,,,-6.63999999999999E-08,0.0208157896995544,0.197106175823137,
,,,-6.62000000000003E-08,-0.0461298227310181,0.19777563191019,
,,,-6.59999999999999E-08,0.0208157896995544,0.198110359953716,
,,,-6.58000000000003E-08,-0.0461298227310181,0.197942995931953,
,,,-6.55999999999998E-08,-0.0461298227310181,0.197608267888427,
,,,-6.54000000000003E-08,-0.0461298227310181,0.1972735398449,
,,,-6.51999999999998E-08,-0.0461298227310181,0.197608267888427,
,,,-6.50000000000002E-08,0.0208157896995544,0.19777563191019,
,,,-6.48000000000006E-08,0.087761402130127,0.196938811801374,
,,,-6.46000000000002E-08,0.0208157896995544,0.197440903866664,
,,,-6.44000000000006E-08,0.154707014560699,0.197106175823137,
,,,-6.42000000000002E-08,0.0208157896995544,0.197106175823137,
,,,-6.40000000000006E-08,0.0208157896995544,0.197106175823137,
,,,-6.38000000000001E-08,-0.0461298227310181,0.197942995931953,
,,,-6.36000000000005E-08,0.0208157896995544,0.196938811801374,
,,,-6.34000000000001E-08,-0.0461298227310181,0.196269355714321,
,,,-6.32000000000005E-08,0.0208157896995544,0.19777563191019,
,,,-6.30000000000001E-08,-0.113075435161591,0.196771447779611,
,,,-6.28000000000005E-08,-0.113075435161591,0.196436719736084,
,,,-6.26E-08,0.0208157896995544,0.196436719736084,
,,,-6.24000000000005E-08,0.0208157896995544,0.19777563191019,
,,,-6.22E-08,-0.0461298227310181,0.197106175823137,
,,,-6.20000000000004E-08,0.0208157896995544,0.196604083757848,
,,,-6.18E-08,-0.0461298227310181,0.1972735398449,
,,,-6.16000000000004E-08,-0.0461298227310181,0.197106175823137,
,,,-6.14E-08,-0.0461298227310181,0.197440903866664,
,,,-6.12000000000004E-08,-0.113075435161591,0.1972735398449,
,,,-6.09999999999999E-08,0.0208157896995544,0.1972735398449,
,,,-6.08000000000003E-08,0.087761402130127,0.197440903866664,
,,,-6.05999999999999E-08,-0.246966660022736,0.1972735398449,
,,,-6.04000000000003E-08,0.0208157896995544,0.197942995931953,
,,,-6.01999999999999E-08,0.087761402130127,0.198110359953716,
,,,-6.00000000000003E-08,0.0208157896995544,0.1972735398449,
,,,-5.97999999999998E-08,-0.0461298227310181,0.1972735398449,
,,,-5.96000000000002E-08,0.0208157896995544,0.198612452019006,
,,,-5.94000000000007E-08,-0.0461298227310181,0.197440903866664,
,,,-5.92000000000002E-08,-0.0461298227310181,0.197440903866664,
,,,-5.90000000000006E-08,-0.0461298227310181,0.197608267888427,
,,,-5.88000000000002E-08,-0.0461298227310181,0.196938811801374,
,,,-5.86000000000006E-08,-0.0461298227310181,0.1972735398449,
,,,-5.84000000000002E-08,0.087761402130127,0.197440903866664,
,,,-5.82000000000006E-08,0.0208157896995544,0.1972735398449,
,,,-5.80000000000001E-08,0.0208157896995544,0.197106175823137,
,,,-5.78000000000005E-08,-0.113075435161591,0.197440903866664,
,,,-5.76000000000001E-08,-0.0461298227310181,0.1972735398449,
,,,-5.74000000000005E-08,0.0208157896995544,0.196938811801374,
,,,-5.72000000000001E-08,-0.0461298227310181,0.196938811801374,
,,,-5.70000000000005E-08,-0.0461298227310181,0.197608267888427,
,,,-5.68E-08,0.0208157896995544,0.1972735398449,
,,,-5.66000000000004E-08,0.0208157896995544,0.1972735398449,
,,,-5.64E-08,-0.0461298227310181,0.197440903866664,
,,,-5.62000000000004E-08,-0.0461298227310181,0.197106175823137,
,,,-5.6E-08,0.087761402130127,0.197106175823137,
,,,-5.58000000000004E-08,-0.0461298227310181,0.195934627670795,
,,,-5.55999999999999E-08,0.0208157896995544,0.195934627670795,
,,,-5.54000000000004E-08,-0.0461298227310181,0.196436719736084,
,,,-5.51999999999999E-08,-0.113075435161591,0.196938811801374,
,,,-5.50000000000003E-08,-0.0461298227310181,0.195265171583742,
,,,-5.47999999999999E-08,-0.0461298227310181,0.196604083757848,
,,,-5.46000000000003E-08,-0.0461298227310181,0.196101991692558,
,,,-5.43999999999999E-08,0.0208157896995544,0.195767263649032,
,,,-5.42000000000003E-08,-0.0461298227310181,0.196101991692558,
,,,-5.39999999999998E-08,0.0208157896995544,0.195767263649032,
,,,-5.38000000000002E-08,-0.0461298227310181,0.196436719736084,
,,,-5.36000000000006E-08,0.0208157896995544,0.196436719736084,
,,,-5.34000000000002E-08,0.087761402130127,0.196101991692558,
,,,-5.32000000000006E-08,-0.0461298227310181,0.196771447779611,
,,,-5.30000000000002E-08,-0.0461298227310181,0.196436719736084,
,,,-5.28000000000006E-08,-0.0461298227310181,0.196269355714321,
,,,-5.26000000000001E-08,0.0208157896995544,0.196101991692558,
,,,-5.24000000000005E-08,0.0208157896995544,0.196604083757848,
,,,-5.22000000000001E-08,-0.113075435161591,0.196604083757848,
,,,-5.20000000000005E-08,0.0208157896995544,0.196436719736084,
,,,-5.18000000000001E-08,0.087761402130127,0.196101991692558,
,,,-5.16000000000005E-08,0.0208157896995544,0.196771447779611,
,,,-5.14000000000001E-08,0.087761402130127,0.197608267888427,
,,,-5.12000000000005E-08,-0.0461298227310181,0.196938811801374,
,,,-5.1E-08,0.0208157896995544,0.196938811801374,
,,,-5.08000000000004E-08,0.0208157896995544,0.197942995931953,
,,,-5.06E-08,0.0208157896995544,0.197440903866664,
,,,-5.04000000000004E-08,-0.0461298227310181,0.197608267888427,
,,,-5.02E-08,-0.113075435161591,0.197608267888427,
,,,-5.00000000000004E-08,-0.0461298227310181,0.197440903866664,
,,,-4.97999999999999E-08,0.0208157896995544,0.198110359953716,
,,,-4.96000000000003E-08,0.0208157896995544,0.197942995931953,
,,,-4.93999999999999E-08,-0.0461298227310181,0.197942995931953,
,,,-4.92000000000003E-08,0.0208157896995544,0.197608267888427,
,,,-4.89999999999999E-08,0.0208157896995544,0.19827772397548,
,,,-4.88000000000003E-08,-0.0461298227310181,0.19827772397548,
,,,-4.85999999999998E-08,-0.0461298227310181,0.198445087997243,
,,,-4.84000000000002E-08,0.0208157896995544,0.197942995931953,
,,,-4.81999999999998E-08,0.0208157896995544,0.19827772397548,
,,,-4.80000000000002E-08,-0.0461298227310181,0.198110359953716,
,,,-4.78000000000006E-08,-0.0461298227310181,0.19777563191019,
,,,-4.76000000000002E-08,0.0208157896995544,0.197440903866664,
,,,-4.74000000000006E-08,0.0208157896995544,0.19777563191019,
,,,-4.72000000000002E-08,0.0208157896995544,0.197608267888427,
,,,-4.70000000000006E-08,-0.0461298227310181,0.19777563191019,
,,,-4.68000000000001E-08,0.0208157896995544,0.197440903866664,
,,,-4.66000000000005E-08,-0.0461298227310181,0.1972735398449,
,,,-4.64000000000001E-08,0.087761402130127,0.197942995931953,
,,,-4.62000000000005E-08,-0.0461298227310181,0.19777563191019,
,,,-4.60000000000001E-08,0.0208157896995544,0.1972735398449,
,,,-4.58000000000005E-08,0.0208157896995544,0.196938811801374,
,,,-4.56E-08,0.087761402130127,0.197440903866664,
,,,-4.54000000000004E-08,0.0208157896995544,0.196436719736084,
,,,-4.52E-08,0.0208157896995544,0.196938811801374,
,,,-4.50000000000004E-08,0.087761402130127,0.197440903866664,
,,,-4.48E-08,0.0208157896995544,0.19777563191019,
,,,-4.46000000000004E-08,0.087761402130127,0.196771447779611,
,,,-4.43999999999999E-08,0.0208157896995544,0.198110359953716,
,,,-4.42000000000004E-08,0.0208157896995544,0.196938811801374,
,,,-4.39999999999999E-08,0.087761402130127,0.197608267888427,
,,,-4.38000000000003E-08,0.0208157896995544,0.1972735398449,
,,,-4.35999999999999E-08,-0.113075435161591,0.197608267888427,
,,,-4.34000000000003E-08,0.0208157896995544,0.197942995931953,
,,,-4.31999999999999E-08,0.221652626991272,0.1972735398449,
,,,-4.30000000000003E-08,-0.0461298227310181,0.197942995931953,
,,,-4.27999999999998E-08,0.087761402130127,0.197942995931953,
,,,-4.26000000000002E-08,0.087761402130127,0.19777563191019,
,,,-4.24000000000006E-08,-0.0461298227310181,0.197106175823137,
,,,-4.22000000000002E-08,-0.0461298227310181,0.1972735398449,
,,,-4.20000000000006E-08,0.0208157896995544,0.19777563191019,
,,,-4.18000000000002E-08,0.087761402130127,0.197440903866664,
,,,-4.16000000000006E-08,0.0208157896995544,0.197440903866664,
,,,-4.14000000000001E-08,-0.0461298227310181,0.19777563191019,
,,,-4.12000000000006E-08,-0.0461298227310181,0.19777563191019,
,,,-4.10000000000001E-08,0.0208157896995544,0.196604083757848,
,,,-4.08000000000005E-08,0.0208157896995544,0.197106175823137,
,,,-4.06000000000001E-08,-0.0461298227310181,0.197942995931953,
,,,-4.04000000000005E-08,0.0208157896995544,0.197608267888427,
,,,-4.02000000000001E-08,0.0208157896995544,0.197440903866664,
,,,-4.00000000000005E-08,0.0208157896995544,0.19827772397548,
,,,-3.98E-08,0.0208157896995544,0.197106175823137,
,,,-3.96000000000004E-08,0.0208157896995544,0.1972735398449,
,,,-3.94E-08,0.0208157896995544,0.197942995931953,
,,,-3.92000000000004E-08,0.087761402130127,0.1972735398449,
,,,-3.9E-08,0.0208157896995544,0.1972735398449,
,,,-3.88000000000004E-08,0.0208157896995544,0.197440903866664,
,,,-3.85999999999999E-08,0.0208157896995544,0.1972735398449,
,,,-3.84000000000003E-08,0.0208157896995544,0.196604083757848,
,,,-3.81999999999999E-08,0.087761402130127,0.196604083757848,
,,,-3.80000000000003E-08,-0.0461298227310181,0.197440903866664,
,,,-3.77999999999999E-08,-0.0461298227310181,0.1972735398449,
,,,-3.76000000000003E-08,0.0208157896995544,0.195934627670795,
,,,-3.73999999999998E-08,-0.0461298227310181,0.196938811801374,
,,,-3.72000000000003E-08,-0.0461298227310181,0.197106175823137,
,,,-3.69999999999998E-08,0.0208157896995544,0.196101991692558,
,,,-3.68000000000002E-08,0.0208157896995544,0.19777563191019,
,,,-3.66000000000006E-08,-0.0461298227310181,0.197608267888427,
,,,-3.64000000000002E-08,0.087761402130127,0.196604083757848,
,,,-3.62000000000006E-08,0.0208157896995544,0.195934627670795,
,,,-3.60000000000002E-08,-0.0461298227310181,0.1972735398449,
,,,-3.58000000000006E-08,0.0208157896995544,0.196771447779611,
,,,-3.56000000000001E-08,-0.113075435161591,0.196771447779611,
,,,-3.54000000000005E-08,-0.0461298227310181,0.196938811801374,
,,,-3.52000000000001E-08,0.0208157896995544,0.196604083757848,
,,,-3.50000000000005E-08,-0.113075435161591,0.196436719736084,
,,,-3.48000000000001E-08,-0.113075435161591,0.196436719736084,
,,,-3.46000000000005E-08,-0.0461298227310181,0.196771447779611,
,,,-3.44E-08,-0.0461298227310181,0.196101991692558,
,,,-3.42000000000005E-08,-0.0461298227310181,0.196771447779611,
,,,-3.4E-08,0.0208157896995544,0.196938811801374,
,,,-3.38000000000004E-08,-0.0461298227310181,0.197440903866664,
,,,-3.36E-08,-0.0461298227310181,0.196938811801374,
,,,-3.34000000000004E-08,0.0208157896995544,0.196771447779611,
,,,-3.32E-08,-0.0461298227310181,0.196604083757848,
,,,-3.30000000000004E-08,0.0208157896995544,0.1972735398449,
,,,-3.27999999999999E-08,-0.0461298227310181,0.197440903866664,
,,,-3.26000000000003E-08,-0.0461298227310181,0.196938811801374,
,,,-3.23999999999999E-08,0.0208157896995544,0.1972735398449,
,,,-3.22000000000003E-08,0.0208157896995544,0.197106175823137,
,,,-3.19999999999999E-08,-0.0461298227310181,0.196604083757848,
,,,-3.18000000000003E-08,0.087761402130127,0.197106175823137,
,,,-3.15999999999998E-08,-0.0461298227310181,0.196938811801374,
,,,-3.14000000000002E-08,-0.0461298227310181,0.19777563191019,
,,,-3.12000000000007E-08,0.087761402130127,0.197106175823137,
,,,-3.10000000000002E-08,-0.113075435161591,0.197440903866664,
,,,-3.08000000000006E-08,-0.0461298227310181,0.196771447779611,
,,,-3.06000000000002E-08,-0.0461298227310181,0.19777563191019,
,,,-3.04000000000006E-08,0.0208157896995544,0.1972735398449,
,,,-3.02000000000002E-08,0.0208157896995544,0.197106175823137,
,,,-3.00000000000006E-08,-0.0461298227310181,0.197106175823137,
,,,-2.98000000000001E-08,-0.0461298227310181,0.19827772397548,
,,,-2.96000000000005E-08,0.0208157896995544,0.196771447779611,
,,,-2.94000000000001E-08,0.0208157896995544,0.19777563191019,
,,,-2.92000000000005E-08,0.0208157896995544,0.19827772397548,
,,,-2.90000000000001E-08,0.0208157896995544,0.197608267888427,
,,,-2.88000000000005E-08,0.0208157896995544,0.197106175823137,
,,,-2.86E-08,-0.0461298227310181,0.19777563191019,
,,,-2.84000000000004E-08,0.0208157896995544,0.197942995931953,
,,,-2.82E-08,0.087761402130127,0.197942995931953,
,,,-2.80000000000004E-08,-0.0461298227310181,0.197440903866664,
,,,-2.78E-08,-0.113075435161591,0.1972735398449,
,,,-2.76000000000004E-08,-0.0461298227310181,0.197608267888427,
,,,-2.73999999999999E-08,-0.0461298227310181,0.197440903866664,
,,,-2.72000000000003E-08,-0.0461298227310181,0.19777563191019,
,,,-2.69999999999999E-08,-0.0461298227310181,0.197440903866664,
,,,-2.68000000000003E-08,0.0208157896995544,0.196938811801374,
,,,-2.65999999999999E-08,-0.0461298227310181,0.19827772397548,
,,,-2.64000000000003E-08,0.0208157896995544,0.19827772397548,
,,,-2.61999999999999E-08,-0.113075435161591,0.197942995931953,
,,,-2.60000000000003E-08,0.0208157896995544,0.197440903866664,
,,,-2.57999999999998E-08,-0.0461298227310181,0.197440903866664,
,,,-2.56000000000002E-08,0.0208157896995544,0.1972735398449,
,,,-2.54000000000006E-08,0.087761402130127,0.197608267888427,
,,,-2.52000000000002E-08,-0.0461298227310181,0.19777563191019,
,,,-2.50000000000006E-08,-0.0461298227310181,0.197942995931953,
,,,-2.48000000000002E-08,0.0208157896995544,0.197942995931953,
,,,-2.46000000000006E-08,-0.113075435161591,0.196938811801374,
,,,-2.44000000000001E-08,0.0208157896995544,0.19777563191019,
,,,-2.42000000000005E-08,0.0208157896995544,0.197942995931953,
,,,-2.40000000000001E-08,0.087761402130127,0.1972735398449,
,,,-2.38000000000005E-08,-0.0461298227310181,0.19777563191019,
,,,-2.36000000000001E-08,0.0208157896995544,0.19777563191019,
,,,-2.34000000000005E-08,0.087761402130127,0.198110359953716,
,,,-2.32E-08,-0.0461298227310181,0.198110359953716,
,,,-2.30000000000005E-08,-0.0461298227310181,0.19827772397548,
,,,-2.28E-08,-0.113075435161591,0.1972735398449,
,,,-2.26000000000004E-08,-0.0461298227310181,0.196938811801374,
,,,-2.24E-08,-0.0461298227310181,0.197106175823137,
,,,-2.22000000000004E-08,-0.113075435161591,0.197440903866664,
,,,-2.2E-08,-0.113075435161591,0.197440903866664,
,,,-2.18000000000004E-08,-0.0461298227310181,0.19827772397548,
,,,-2.15999999999999E-08,0.0208157896995544,0.197942995931953,
,,,-2.14000000000003E-08,0.087761402130127,0.1972735398449,
,,,-2.11999999999999E-08,-0.113075435161591,0.197106175823137,
,,,-2.10000000000003E-08,-0.0461298227310181,0.19777563191019,
,,,-2.07999999999999E-08,-0.0461298227310181,0.197440903866664,
,,,-2.06000000000003E-08,-0.113075435161591,0.19777563191019,
,,,-2.03999999999998E-08,-0.0461298227310181,0.1972735398449,
,,,-2.02000000000002E-08,-0.0461298227310181,0.196771447779611,
,,,-1.99999999999998E-08,0.154707014560699,0.1972735398449,
,,,-1.98000000000002E-08,-0.0461298227310181,0.19827772397548,
,,,-1.96000000000006E-08,0.087761402130127,0.197106175823137,
,,,-1.94000000000002E-08,0.0208157896995544,0.196938811801374,
,,,-1.92000000000006E-08,-0.0461298227310181,0.197106175823137,
,,,-1.90000000000002E-08,0.0208157896995544,0.196771447779611,
,,,-1.88000000000006E-08,0.0208157896995544,0.197106175823137,
,,,-1.86000000000001E-08,0.0208157896995544,0.196771447779611,
,,,-1.84000000000005E-08,0.0208157896995544,0.196771447779611,
,,,-1.82000000000001E-08,-0.0461298227310181,0.196436719736084,
,,,-1.80000000000005E-08,-0.0461298227310181,0.196771447779611,
,,,-1.78000000000001E-08,0.0208157896995544,0.197440903866664,
,,,-1.76000000000005E-08,0.154707014560699,0.196604083757848,
,,,-1.74E-08,-0.0461298227310181,0.197608267888427,
,,,-1.72000000000004E-08,0.087761402130127,0.197942995931953,
,,,-1.7E-08,0.087761402130127,0.197440903866664,
,,,-1.68000000000004E-08,-0.113075435161591,0.196771447779611,
,,,-1.66E-08,-0.0461298227310181,0.197106175823137,
,,,-1.64000000000004E-08,0.0208157896995544,0.196771447779611,
,,,-1.61999999999999E-08,-0.0461298227310181,0.195934627670795,
,,,-1.60000000000004E-08,0.0208157896995544,0.197106175823137,
,,,-1.57999999999999E-08,0.0208157896995544,0.196938811801374,
,,,-1.56000000000003E-08,-0.0461298227310181,0.196771447779611,
,,,-1.53999999999999E-08,0.0208157896995544,0.196101991692558,
,,,-1.52000000000003E-08,0.087761402130127,0.196436719736084,
,,,-1.49999999999999E-08,0.0208157896995544,0.197106175823137,
,,,-1.48000000000003E-08,0.0208157896995544,0.195934627670795,
,,,-1.45999999999998E-08,0.0208157896995544,0.196771447779611,
,,,-1.44000000000002E-08,0.087761402130127,0.1972735398449,
,,,-1.42000000000006E-08,0.0208157896995544,0.196436719736084,
,,,-1.40000000000002E-08,0.0208157896995544,0.196436719736084,
,,,-1.38000000000006E-08,0.0208157896995544,0.196436719736084,
,,,-1.36000000000002E-08,0.154707014560699,0.196604083757848,
,,,-1.34000000000006E-08,0.154707014560699,0.196436719736084,
,,,-1.32000000000001E-08,0.221652626991272,0.196771447779611,
,,,-1.30000000000006E-08,0.154707014560699,0.197106175823137,
,,,-1.28000000000001E-08,0.087761402130127,0.197106175823137,
,,,-1.26000000000005E-08,0.154707014560699,0.196938811801374,
,,,-1.24000000000001E-08,0.087761402130127,0.1972735398449,
,,,-1.22000000000005E-08,0.154707014560699,0.1972735398449,
,,,-1.20000000000001E-08,0.221652626991272,0.1972735398449,
,,,-1.18000000000005E-08,0.087761402130127,0.197608267888427,
,,,-1.16E-08,0.288598239421844,0.197106175823137,
,,,-1.14000000000004E-08,0.221652626991272,0.1972735398449,
,,,-1.12E-08,0.288598239421844,0.197608267888427,
,,,-1.10000000000004E-08,0.221652626991272,0.196938811801374,
,,,-1.08E-08,0.355543851852417,0.196604083757848,
,,,-1.06000000000004E-08,0.42248946428299,0.197106175823137,
,,,-1.03999999999999E-08,0.221652626991272,0.198110359953716,
,,,-1.02000000000003E-08,0.355543851852417,0.196771447779611,
,,,-9.9999999999999E-09,0.355543851852417,0.197608267888427,
,,,-9.80000000000031E-09,0.42248946428299,0.19777563191019,
,,,-9.59999999999987E-09,0.489435076713562,0.197608267888427,
,,,-9.40000000000028E-09,0.42248946428299,0.1972735398449,
,,,-9.19999999999984E-09,0.42248946428299,0.197106175823137,
,,,-9.00000000000025E-09,0.489435076713562,0.19777563191019,
,,,-8.79999999999981E-09,0.489435076713562,0.1972735398449,
,,,-8.60000000000022E-09,0.489435076713562,0.196938811801374,
,,,-8.40000000000063E-09,0.556380689144135,0.1972735398449,
,,,-8.20000000000019E-09,0.489435076713562,0.197440903866664,
,,,-8.0000000000006E-09,0.623326301574707,0.19777563191019,
,,,-7.80000000000016E-09,0.556380689144135,0.196604083757848,
,,,-7.60000000000057E-09,0.69027191400528,0.197440903866664,
,,,-7.40000000000013E-09,0.69027191400528,0.197942995931953,
,,,-7.20000000000054E-09,0.757217526435852,0.196604083757848,
,,,-7.0000000000001E-09,0.824163138866425,0.196771447779611,
,,,-6.80000000000051E-09,0.891108751296997,0.1972735398449,
,,,-6.60000000000007E-09,0.824163138866425,0.197106175823137,
,,,-6.40000000000048E-09,0.891108751296997,0.197440903866664,
,,,-6.20000000000004E-09,1.02499997615814,0.19777563191019,
,,,-6.00000000000045E-09,0.95805436372757,0.197106175823137,
,,,-5.80000000000001E-09,0.95805436372757,0.196938811801374,
,,,-5.60000000000042E-09,1.15889120101929,0.197106175823137,
,,,-5.39999999999998E-09,1.02499997615814,0.197106175823137,
,,,-5.20000000000039E-09,1.09194558858871,0.1972735398449,
,,,-4.99999999999995E-09,1.15889120101929,0.197106175823137,
,,,-4.80000000000036E-09,1.29278242588043,0.196771447779611,
,,,-4.59999999999992E-09,1.29278242588043,0.196604083757848,
,,,-4.40000000000033E-09,1.42667365074158,0.196604083757848,
,,,-4.19999999999989E-09,1.29278242588043,0.1972735398449,
,,,-4.0000000000003E-09,1.29278242588043,0.196938811801374,
,,,-3.79999999999986E-09,1.42667365074158,0.196938811801374,
,,,-3.60000000000027E-09,1.56056487560272,0.1972735398449,
,,,-3.39999999999983E-09,1.56056487560272,0.1972735398449,
,,,-3.20000000000024E-09,1.62751048803329,0.1972735398449,
,,,-3.00000000000065E-09,1.62751048803329,0.196938811801374,
,,,-2.80000000000021E-09,1.69445610046387,0.1972735398449,
,,,-2.60000000000062E-09,1.76140171289444,0.197440903866664,
,,,-2.40000000000018E-09,1.82834732532501,0.196604083757848,
,,,-2.20000000000059E-09,1.89529293775558,0.1972735398449,
,,,-2.00000000000015E-09,1.89529293775558,0.197106175823137,
,,,-1.80000000000056E-09,1.89529293775558,0.197106175823137,
,,,-1.60000000000012E-09,2.02918416261673,0.1972735398449,
,,,-1.40000000000053E-09,2.02918416261673,0.1972735398449,
,,,-1.20000000000009E-09,2.16307538747787,0.1972735398449,
,,,-1.0000000000005E-09,2.16307538747787,0.196101991692558,
,,,-8.0000000000006E-10,2.29696661233902,0.197106175823137,
,,,-6.00000000000469E-10,2.29696661233902,0.196771447779611,
,,,-4.0000000000003E-10,2.49780344963074,0.196771447779611,
,,,-2.00000000000439E-10,2.43085783720016,0.1972735398449,
,,,0,2.49780344963074,0.196269355714321,
,,,1.99999999999592E-10,2.56474906206131,0.196771447779611,
,,,4.0000000000003E-10,2.56474906206131,0.1972735398449,
,,,5.99999999999622E-10,2.69864028692245,0.1972735398449,
,,,8.0000000000006E-10,2.69864028692245,0.196604083757848,
,,,9.99999999999652E-10,2.63169467449188,0.197106175823137,
,,,1.20000000000009E-09,2.8325315117836,0.196938811801374,
,,,1.39999999999968E-09,2.76558589935303,0.1972735398449,
,,,1.60000000000012E-09,2.96642273664474,0.196771447779611,
,,,1.79999999999971E-09,2.96642273664474,0.196938811801374,
,,,2.00000000000015E-09,3.10031396150589,0.196771447779611,
,,,2.19999999999974E-09,3.10031396150589,0.196604083757848,
,,,2.40000000000018E-09,3.10031396150589,0.196604083757848,
,,,2.59999999999977E-09,3.10031396150589,0.196269355714321,
,,,2.79999999999936E-09,3.10031396150589,0.195934627670795,
,,,2.9999999999998E-09,3.30115079879761,0.196938811801374,
,,,3.19999999999939E-09,3.30115079879761,0.196938811801374,
,,,3.39999999999983E-09,3.30115079879761,0.196269355714321,
,,,3.59999999999942E-09,3.43504202365875,0.196771447779611,
,,,3.79999999999986E-09,3.36809641122818,0.196269355714321,
,,,3.99999999999945E-09,3.50198763608933,0.196269355714321,
,,,4.19999999999989E-09,3.43504202365875,0.197440903866664,
,,,4.39999999999948E-09,3.50198763608933,0.197106175823137,
,,,4.59999999999992E-09,3.50198763608933,0.196604083757848,
,,,4.79999999999951E-09,3.63587886095047,0.197106175823137,
,,,4.99999999999995E-09,3.5689332485199,0.197608267888427,
,,,5.19999999999954E-09,3.70282447338104,0.197440903866664,
,,,5.39999999999998E-09,3.63587886095047,0.19827772397548,
,,,5.59999999999957E-09,3.83671569824219,0.19777563191019,
,,,5.80000000000001E-09,3.76977008581162,0.197608267888427,
,,,5.9999999999996E-09,3.90366131067276,0.19777563191019,
,,,6.20000000000004E-09,3.83671569824219,0.197440903866664,
,,,6.39999999999963E-09,3.90366131067276,0.197942995931953,
,,,6.60000000000007E-09,3.97060692310333,0.198110359953716,
,,,6.79999999999966E-09,3.90366131067276,0.197608267888427,
,,,7.0000000000001E-09,3.90366131067276,0.197942995931953,
,,,7.19999999999969E-09,4.03755253553391,0.19827772397548,
,,,7.40000000000013E-09,3.97060692310333,0.197608267888427,
,,,7.59999999999972E-09,4.03755253553391,0.19777563191019,
,,,7.80000000000016E-09,4.03755253553391,0.19777563191019,
,,,7.99999999999975E-09,4.10449814796448,0.197942995931953,
,,,8.20000000000019E-09,4.03755253553391,0.197440903866664,
,,,8.39999999999978E-09,4.17144376039505,0.196771447779611,
,,,8.59999999999938E-09,4.10449814796448,0.196771447779611,
,,,8.79999999999981E-09,4.10449814796448,0.19827772397548,
,,,8.99999999999941E-09,4.10449814796448,0.197106175823137,
,,,9.19999999999984E-09,4.17144376039505,0.196771447779611,
,,,9.39999999999944E-09,4.17144376039505,0.1972735398449,
,,,9.59999999999987E-09,4.3053349852562,0.196938811801374,
,,,9.79999999999947E-09,4.10449814796448,0.196604083757848,
,,,9.9999999999999E-09,4.17144376039505,0.197106175823137,
,,,1.01999999999995E-08,4.10449814796448,0.196938811801374,
,,,1.03999999999999E-08,4.23838937282562,0.196269355714321,
,,,1.05999999999995E-08,4.17144376039505,0.1972735398449,
,,,1.08E-08,4.23838937282562,0.196938811801374,
,,,1.09999999999996E-08,4.10449814796448,0.1972735398449,
,,,1.12E-08,4.23838937282562,0.196771447779611,
,,,1.13999999999996E-08,4.10449814796448,0.197106175823137,
,,,1.16E-08,4.23838937282562,0.197106175823137,
,,,1.17999999999996E-08,4.10449814796448,0.196604083757848,
,,,1.20000000000001E-08,4.23838937282562,0.196938811801374,
,,,1.21999999999996E-08,4.23838937282562,0.196771447779611,
,,,1.24000000000001E-08,4.17144376039505,0.196938811801374,
,,,1.25999999999997E-08,4.10449814796448,0.196604083757848,
,,,1.28000000000001E-08,4.23838937282562,0.196938811801374,
,,,1.29999999999997E-08,4.23838937282562,0.196938811801374,
,,,1.32000000000001E-08,4.17144376039505,0.1972735398449,
,,,1.33999999999997E-08,4.10449814796448,0.198110359953716,
,,,1.36000000000002E-08,4.23838937282562,0.197608267888427,
,,,1.37999999999998E-08,4.10449814796448,0.196938811801374,
,,,1.39999999999994E-08,4.10449814796448,0.197106175823137,
,,,1.41999999999998E-08,4.03755253553391,0.19777563191019,
,,,1.43999999999994E-08,4.23838937282562,0.197608267888427,
,,,1.45999999999998E-08,4.03755253553391,0.1972735398449,
,,,1.47999999999994E-08,4.23838937282562,0.196938811801374,
,,,1.49999999999999E-08,4.03755253553391,0.197106175823137,
,,,1.51999999999994E-08,4.10449814796448,0.196771447779611,
,,,1.53999999999999E-08,3.97060692310333,0.197106175823137,
,,,1.55999999999995E-08,4.03755253553391,0.1972735398449,
,,,1.57999999999999E-08,3.97060692310333,0.197440903866664,
,,,1.59999999999995E-08,4.10449814796448,0.196604083757848,
,,,1.61999999999999E-08,3.97060692310333,0.196771447779611,
,,,1.63999999999995E-08,3.97060692310333,0.197440903866664,
,,,1.66E-08,3.97060692310333,0.197106175823137,
,,,1.67999999999996E-08,3.97060692310333,0.196604083757848,
,,,1.7E-08,3.90366131067276,0.197440903866664,
,,,1.71999999999996E-08,4.03755253553391,0.197106175823137,
,,,1.74E-08,3.97060692310333,0.196604083757848,
,,,1.75999999999996E-08,3.97060692310333,0.197106175823137,
,,,1.78000000000001E-08,3.83671569824219,0.196771447779611,
,,,1.79999999999997E-08,3.90366131067276,0.196771447779611,
,,,1.82000000000001E-08,3.83671569824219,0.197106175823137,
,,,1.83999999999997E-08,3.90366131067276,0.1972735398449,
,,,1.86000000000001E-08,3.83671569824219,0.197440903866664,
,,,1.87999999999997E-08,3.90366131067276,0.197106175823137,
,,,1.90000000000002E-08,3.76977008581162,0.196938811801374,
,,,1.91999999999997E-08,3.90366131067276,0.196604083757848,
,,,1.94000000000002E-08,3.83671569824219,0.196604083757848,
,,,1.95999999999998E-08,3.76977008581162,0.197608267888427,
,,,1.97999999999994E-08,3.70282447338104,0.197440903866664,
,,,1.99999999999998E-08,3.76977008581162,0.197608267888427,
,,,2.01999999999994E-08,3.63587886095047,0.196269355714321,
,,,2.03999999999998E-08,3.76977008581162,0.197608267888427,
,,,2.05999999999994E-08,3.76977008581162,0.1972735398449,
,,,2.07999999999999E-08,3.70282447338104,0.197106175823137,
,,,2.09999999999995E-08,3.70282447338104,0.197942995931953,
,,,2.11999999999999E-08,3.70282447338104,0.197942995931953,
,,,2.13999999999995E-08,3.5689332485199,0.19777563191019,
,,,2.15999999999999E-08,3.5689332485199,0.19827772397548,
,,,2.17999999999995E-08,3.63587886095047,0.19777563191019,
,,,2.2E-08,3.5689332485199,0.197608267888427,
,,,2.21999999999996E-08,3.5689332485199,0.198110359953716,
,,,2.24E-08,3.70282447338104,0.197106175823137,
,,,2.25999999999996E-08,3.50198763608933,0.197106175823137,
,,,2.28E-08,3.5689332485199,0.198612452019006,
,,,2.29999999999996E-08,3.63587886095047,0.19777563191019,
,,,2.32E-08,3.5689332485199,0.197106175823137,
,,,2.33999999999996E-08,3.50198763608933,0.197942995931953,
,,,2.36000000000001E-08,3.70282447338104,0.1972735398449,
,,,2.37999999999997E-08,3.50198763608933,0.197608267888427,
,,,2.40000000000001E-08,3.50198763608933,0.197608267888427,
,,,2.41999999999997E-08,3.50198763608933,0.197440903866664,
,,,2.44000000000001E-08,3.5689332485199,0.1972735398449,
,,,2.45999999999997E-08,3.36809641122818,0.197440903866664,
,,,2.48000000000002E-08,3.5689332485199,0.196604083757848,
,,,2.49999999999998E-08,3.63587886095047,0.197106175823137,
,,,2.51999999999994E-08,3.43504202365875,0.196771447779611,
,,,2.53999999999998E-08,3.50198763608933,0.197440903866664,
,,,2.55999999999994E-08,3.50198763608933,0.197440903866664,
,,,2.57999999999998E-08,3.5689332485199,0.197608267888427,
,,,2.59999999999994E-08,3.36809641122818,0.197106175823137,
,,,2.61999999999999E-08,3.43504202365875,0.197440903866664,
,,,2.63999999999994E-08,3.50198763608933,0.19777563191019,
,,,2.65999999999999E-08,3.36809641122818,0.1972735398449,
,,,2.67999999999995E-08,3.43504202365875,0.197106175823137,
,,,2.69999999999999E-08,3.43504202365875,0.1972735398449,
,,,2.71999999999995E-08,3.36809641122818,0.197106175823137,
,,,2.73999999999999E-08,3.36809641122818,0.1972735398449,
,,,2.75999999999995E-08,3.43504202365875,0.197106175823137,
,,,2.78E-08,3.43504202365875,0.197106175823137,
,,,2.79999999999996E-08,3.43504202365875,0.196771447779611,
,,,2.82E-08,3.43504202365875,0.197440903866664,
,,,2.83999999999996E-08,3.36809641122818,0.1972735398449,
,,,2.86E-08,3.43504202365875,0.19777563191019,
,,,2.87999999999996E-08,3.5689332485199,0.198110359953716,
,,,2.90000000000001E-08,3.36809641122818,0.196436719736084,
,,,2.91999999999997E-08,3.36809641122818,0.1972735398449,
,,,2.94000000000001E-08,3.43504202365875,0.197440903866664,
,,,2.95999999999997E-08,3.43504202365875,0.196604083757848,
,,,2.98000000000001E-08,3.36809641122818,0.196938811801374,
,,,2.99999999999997E-08,3.43504202365875,0.197440903866664,
,,,3.02000000000002E-08,3.36809641122818,0.197440903866664,
,,,3.03999999999997E-08,3.36809641122818,0.196604083757848,
,,,3.06000000000002E-08,3.43504202365875,0.19777563191019,
,,,3.07999999999998E-08,3.43504202365875,0.1972735398449,
,,,3.09999999999994E-08,3.43504202365875,0.197440903866664,
,,,3.11999999999998E-08,3.43504202365875,0.197440903866664,
,,,3.13999999999994E-08,3.36809641122818,0.197106175823137,
,,,3.15999999999998E-08,3.5689332485199,0.196604083757848,
,,,3.17999999999994E-08,3.43504202365875,0.196771447779611,
,,,3.19999999999999E-08,3.43504202365875,0.197106175823137,
,,,3.21999999999995E-08,3.43504202365875,0.197608267888427,
,,,3.23999999999999E-08,3.36809641122818,0.1972735398449,
,,,3.25999999999995E-08,3.36809641122818,0.196771447779611,
,,,3.27999999999999E-08,3.43504202365875,0.197608267888427,
,,,3.29999999999995E-08,3.43504202365875,0.1972735398449,
,,,3.32E-08,3.50198763608933,0.196604083757848,
,,,3.33999999999995E-08,3.36809641122818,0.1972735398449,
,,,3.36E-08,3.50198763608933,0.19777563191019,
,,,3.37999999999996E-08,3.43504202365875,0.197608267888427,
,,,3.4E-08,3.43504202365875,0.197440903866664,
,,,3.41999999999996E-08,3.36809641122818,0.197608267888427,
,,,3.44E-08,3.43504202365875,0.196938811801374,
,,,3.45999999999996E-08,3.43504202365875,0.1972735398449,
,,,3.48000000000001E-08,3.50198763608933,0.197942995931953,
,,,3.49999999999997E-08,3.5689332485199,0.19777563191019,
,,,3.52000000000001E-08,3.5689332485199,0.197440903866664,
,,,3.53999999999997E-08,3.36809641122818,0.197440903866664,
,,,3.56000000000001E-08,3.50198763608933,0.197608267888427,
,,,3.57999999999997E-08,3.50198763608933,0.1972735398449,
,,,3.60000000000002E-08,3.50198763608933,0.197608267888427,
,,,3.61999999999998E-08,3.36809641122818,0.19777563191019,
,,,3.64000000000002E-08,3.5689332485199,0.19827772397548,
,,,3.65999999999998E-08,3.43504202365875,0.1972735398449,
,,,3.67999999999994E-08,3.50198763608933,0.197942995931953,
,,,3.69999999999998E-08,3.43504202365875,0.19777563191019,
,,,3.71999999999994E-08,3.50198763608933,0.197440903866664,
,,,3.73999999999998E-08,3.50198763608933,0.197608267888427,
,,,3.75999999999994E-08,3.43504202365875,0.198110359953716,
,,,3.77999999999999E-08,3.5689332485199,0.196938811801374,
,,,3.79999999999995E-08,3.63587886095047,0.197440903866664,
,,,3.81999999999999E-08,3.5689332485199,0.198110359953716,
,,,3.83999999999995E-08,3.5689332485199,0.197440903866664,
,,,3.85999999999999E-08,3.63587886095047,0.197440903866664,
,,,3.87999999999995E-08,3.5689332485199,0.197608267888427,
,,,3.9E-08,3.50198763608933,0.197440903866664,
,,,3.91999999999996E-08,3.63587886095047,0.197942995931953,
,,,3.94E-08,3.5689332485199,0.197106175823137,
,,,3.95999999999996E-08,3.5689332485199,0.197942995931953,
,,,3.98E-08,3.63587886095047,0.197440903866664,
,,,3.99999999999996E-08,3.70282447338104,0.196938811801374,
,,,4.02000000000001E-08,3.5689332485199,0.198110359953716,
,,,4.03999999999996E-08,3.70282447338104,0.197608267888427,
,,,4.06000000000001E-08,3.63587886095047,0.197440903866664,
,,,4.07999999999997E-08,3.63587886095047,0.197440903866664,
,,,4.10000000000001E-08,3.63587886095047,0.1972735398449,
,,,4.11999999999997E-08,3.70282447338104,0.196938811801374,
,,,4.14000000000001E-08,3.63587886095047,0.197608267888427,
,,,4.15999999999997E-08,3.70282447338104,0.198110359953716,
,,,4.18000000000002E-08,3.63587886095047,0.19777563191019,
,,,4.19999999999998E-08,3.76977008581162,0.196771447779611,
,,,4.21999999999994E-08,3.76977008581162,0.197106175823137,
,,,4.23999999999998E-08,3.76977008581162,0.19777563191019,
,,,4.25999999999994E-08,3.70282447338104,0.197440903866664,
,,,4.27999999999998E-08,3.83671569824219,0.197942995931953,
,,,4.29999999999994E-08,3.76977008581162,0.197942995931953,
,,,4.31999999999999E-08,3.97060692310333,0.19777563191019,
,,,4.33999999999994E-08,3.70282447338104,0.197942995931953,
,,,4.35999999999999E-08,3.90366131067276,0.19777563191019,
,,,4.37999999999995E-08,3.76977008581162,0.1972735398449,
,,,4.39999999999999E-08,3.90366131067276,0.196938811801374,
,,,4.41999999999995E-08,3.97060692310333,0.1972735398449,
,,,4.43999999999999E-08,4.03755253553391,0.1972735398449,
,,,4.45999999999995E-08,3.83671569824219,0.197608267888427,
,,,4.48E-08,3.90366131067276,0.196938811801374,
,,,4.49999999999996E-08,4.03755253553391,0.197440903866664,
,,,4.52E-08,3.97060692310333,0.197106175823137,
,,,4.53999999999996E-08,3.97060692310333,0.197106175823137,
,,,4.56E-08,4.10449814796448,0.196938811801374,
,,,4.57999999999996E-08,3.97060692310333,0.1972735398449,
,,,4.60000000000001E-08,4.03755253553391,0.196269355714321,
,,,4.61999999999997E-08,4.03755253553391,0.196604083757848,
,,,4.64000000000001E-08,4.17144376039505,0.196938811801374,
,,,4.65999999999997E-08,4.03755253553391,0.196771447779611,
,,,4.68000000000001E-08,4.17144376039505,0.1972735398449,
,,,4.69999999999997E-08,4.17144376039505,0.1972735398449,
,,,4.72000000000002E-08,4.23838937282562,0.196771447779611,
,,,4.73999999999997E-08,4.10449814796448,0.196604083757848,
,,,4.76000000000002E-08,4.23838937282562,0.197106175823137,
,,,4.77999999999998E-08,4.3053349852562,0.197440903866664,
,,,4.79999999999994E-08,4.37228059768677,0.197440903866664,
,,,4.81999999999998E-08,4.3053349852562,0.197106175823137,
,,,4.83999999999994E-08,4.37228059768677,0.1972735398449,
,,,4.85999999999998E-08,4.3053349852562,0.196269355714321,
,,,4.87999999999994E-08,4.43922621011734,0.196938811801374,
,,,4.89999999999999E-08,4.43922621011734,0.1972735398449,
,,,4.91999999999995E-08,4.50617182254791,0.196436719736084,
,,,4.93999999999999E-08,4.3053349852562,0.196938811801374,
,,,4.95999999999995E-08,4.43922621011734,0.197106175823137,
,,,4.97999999999999E-08,4.43922621011734,0.1972735398449,
,,,4.99999999999995E-08,4.57311743497849,0.197106175823137,
,,,5.02E-08,4.50617182254791,0.196436719736084,
,,,5.03999999999996E-08,4.64006304740906,0.197608267888427,
,,,5.06E-08,4.70700865983963,0.196604083757848,
,,,5.07999999999996E-08,4.7739542722702,0.196269355714321,
,,,5.1E-08,4.7739542722702,0.1972735398449,
,,,5.11999999999996E-08,4.70700865983963,0.196604083757848,
,,,5.14000000000001E-08,4.84089988470078,0.1972735398449,
,,,5.15999999999996E-08,4.70700865983963,0.196938811801374,
,,,5.18000000000001E-08,4.7739542722702,0.196436719736084,
,,,5.19999999999997E-08,4.90784549713135,0.197608267888427,
,,,5.22000000000001E-08,4.90784549713135,0.196436719736084,
,,,5.23999999999997E-08,4.97479110956192,0.196269355714321,
,,,5.26000000000001E-08,4.90784549713135,0.1972735398449,
,,,5.27999999999997E-08,5.10868233442307,0.196938811801374,
,,,5.30000000000002E-08,5.04173672199249,0.196771447779611,
,,,5.31999999999998E-08,5.04173672199249,0.19777563191019,
,,,5.33999999999994E-08,5.04173672199249,0.196938811801374,
,,,5.35999999999998E-08,5.10868233442307,0.196938811801374,
,,,5.37999999999994E-08,5.10868233442307,0.197440903866664,
,,,5.39999999999998E-08,5.17562794685364,0.197440903866664,
,,,5.41999999999994E-08,5.17562794685364,0.1972735398449,
,,,5.43999999999999E-08,5.30951917171478,0.1972735398449,
,,,5.45999999999994E-08,5.10868233442307,0.1972735398449,
,,,5.47999999999999E-08,5.30951917171478,0.197608267888427,
,,,5.49999999999995E-08,5.24257355928421,0.197942995931953,
,,,5.51999999999999E-08,5.37646478414536,0.197106175823137,
,,,5.53999999999995E-08,5.37646478414536,0.197440903866664,
,,,5.55999999999999E-08,5.44341039657593,0.197440903866664,
,,,5.57999999999995E-08,5.30951917171478,0.197106175823137,
,,,5.6E-08,5.5103560090065,0.198110359953716,
,,,5.61999999999996E-08,5.44341039657593,0.1972735398449,
,,,5.64E-08,5.57730162143707,0.19777563191019,
,,,5.65999999999996E-08,5.5103560090065,0.197608267888427,
,,,5.68E-08,5.64424723386765,0.197942995931953,
,,,5.69999999999996E-08,5.5103560090065,0.19777563191019,
,,,5.72000000000001E-08,5.64424723386765,0.197608267888427,
,,,5.73999999999997E-08,5.64424723386765,0.19777563191019,
,,,5.76000000000001E-08,5.71119284629822,0.197106175823137,
,,,5.77999999999997E-08,5.71119284629822,0.196938811801374,
,,,5.80000000000001E-08,5.71119284629822,0.197608267888427,
,,,5.81999999999997E-08,5.71119284629822,0.197608267888427,
,,,5.84000000000002E-08,5.91202968358994,0.196771447779611,
,,,5.85999999999997E-08,5.77813845872879,0.19777563191019,
,,,5.88000000000002E-08,5.84508407115936,0.197106175823137,
,,,5.89999999999998E-08,5.84508407115936,0.1972735398449,
,,,5.91999999999994E-08,5.97897529602051,0.1972735398449,
,,,5.93999999999998E-08,5.97897529602051,0.19777563191019,
,,,5.95999999999994E-08,6.04592090845108,0.197608267888427,
,,,5.97999999999998E-08,6.04592090845108,0.197106175823137,
,,,5.99999999999994E-08,5.97897529602051,0.197106175823137,
,,,6.01999999999999E-08,5.97897529602051,0.19777563191019,
,,,6.03999999999995E-08,6.04592090845108,0.19777563191019,
,,,6.05999999999999E-08,6.04592090845108,0.196938811801374,
,,,6.07999999999995E-08,6.17981213331223,0.196604083757848,
,,,6.09999999999999E-08,6.04592090845108,0.197440903866664,
,,,6.11999999999995E-08,6.2467577457428,0.197106175823137,
,,,6.14E-08,6.17981213331223,0.197440903866664,
,,,6.15999999999995E-08,6.17981213331223,0.196771447779611,
,,,6.18E-08,6.17981213331223,0.1972735398449,
,,,6.19999999999996E-08,6.31370335817337,0.197608267888427,
,,,6.22E-08,6.17981213331223,0.196771447779611,
,,,6.23999999999996E-08,6.38064897060394,0.1972735398449,
,,,6.26E-08,6.38064897060394,0.19777563191019,
,,,6.27999999999996E-08,6.31370335817337,0.197440903866664,
,,,6.30000000000001E-08,6.2467577457428,0.1972735398449,
,,,6.31999999999997E-08,6.44759458303452,0.197440903866664,
,,,6.34000000000001E-08,6.44759458303452,0.196771447779611,
,,,6.35999999999997E-08,6.51454019546509,0.19777563191019,
,,,6.38000000000001E-08,6.44759458303452,0.1972735398449,
,,,6.39999999999997E-08,6.51454019546509,0.197608267888427,
,,,6.42000000000002E-08,6.51454019546509,0.197440903866664,
,,,6.43999999999998E-08,6.51454019546509,0.197106175823137,
,,,6.46000000000002E-08,6.51454019546509,0.196269355714321,
,,,6.47999999999998E-08,6.58148580789566,0.196938811801374,
,,,6.49999999999994E-08,6.51454019546509,0.196604083757848,
,,,6.51999999999998E-08,6.64843142032623,0.196771447779611,
,,,6.53999999999994E-08,6.58148580789566,0.197608267888427,
,,,6.55999999999998E-08,6.71537703275681,0.196771447779611,
,,,6.57999999999994E-08,6.51454019546509,0.196771447779611,
,,,6.59999999999999E-08,6.71537703275681,0.197608267888427,
,,,6.61999999999995E-08,6.58148580789566,0.197440903866664,
,,,6.63999999999999E-08,6.64843142032623,0.196436719736084,
,,,6.65999999999995E-08,6.71537703275681,0.196938811801374,
,,,6.67999999999999E-08,6.64843142032623,0.196771447779611,
,,,6.69999999999995E-08,6.71537703275681,0.196938811801374,
,,,6.72E-08,6.78232264518738,0.196436719736084,
,,,6.73999999999996E-08,6.64843142032623,0.197106175823137,
,,,6.76E-08,6.78232264518738,0.197106175823137,
,,,6.77999999999996E-08,6.78232264518738,0.196771447779611,
,,,6.8E-08,6.91621387004852,0.196101991692558,
,,,6.81999999999996E-08,6.78232264518738,0.196269355714321,
,,,6.84000000000001E-08,6.84926825761795,0.196938811801374,
,,,6.85999999999996E-08,6.84926825761795,0.196436719736084,
,,,6.88000000000001E-08,6.91621387004852,0.195767263649032,
,,,6.89999999999997E-08,6.78232264518738,0.196938811801374,
,,,6.92000000000001E-08,6.9831594824791,0.196101991692558,
,,,6.93999999999997E-08,6.91621387004852,0.195432535605505,
,,,6.96000000000001E-08,6.9831594824791,0.196269355714321,
,,,6.97999999999997E-08,6.91621387004852,0.196604083757848,
,,,7.00000000000002E-08,7.05010509490967,0.196771447779611,
,,,7.01999999999998E-08,6.91621387004852,0.195767263649032,
,,,7.03999999999994E-08,6.9831594824791,0.196771447779611,
,,,7.05999999999998E-08,7.11705070734024,0.196938811801374,
,,,7.07999999999994E-08,7.05010509490967,0.196436719736084,
,,,7.09999999999998E-08,6.9831594824791,0.196269355714321,
,,,7.11999999999994E-08,7.11705070734024,0.196436719736084,
,,,7.13999999999999E-08,6.9831594824791,0.196604083757848,
,,,7.15999999999995E-08,7.11705070734024,0.196269355714321,
,,,7.17999999999999E-08,7.11705070734024,0.196938811801374,
,,,7.19999999999995E-08,7.18399631977081,0.197608267888427,
,,,7.21999999999999E-08,6.9831594824791,0.197106175823137,
,,,7.23999999999995E-08,7.11705070734024,0.196604083757848,
,,,7.25999999999999E-08,7.11705070734024,0.196771447779611,
,,,7.27999999999995E-08,7.18399631977081,0.197440903866664,
,,,7.3E-08,7.05010509490967,0.1972735398449,
,,,7.31999999999996E-08,7.18399631977081,0.196938811801374,
,,,7.34E-08,7.18399631977081,0.197608267888427,
,,,7.35999999999996E-08,7.25094193220139,0.196938811801374,
,,,7.38E-08,6.9831594824791,0.196771447779611,
,,,7.39999999999996E-08,7.18399631977081,0.197608267888427,
,,,7.42000000000001E-08,7.25094193220139,0.19777563191019,
,,,7.43999999999997E-08,7.25094193220139,0.197440903866664,
,,,7.46000000000001E-08,7.18399631977081,0.196771447779611,
,,,7.47999999999997E-08,7.25094193220139,0.196938811801374,
,,,7.50000000000001E-08,7.11705070734024,0.197106175823137,
,,,7.51999999999997E-08,7.31788754463196,0.196771447779611,
,,,7.54000000000002E-08,7.25094193220139,0.1972735398449,
,,,7.55999999999998E-08,7.31788754463196,0.19777563191019,
,,,7.58000000000002E-08,7.25094193220139,0.197106175823137,
,,,7.59999999999998E-08,7.38483315706253,0.19777563191019,
,,,7.61999999999994E-08,7.18399631977081,0.19777563191019,
,,,7.63999999999998E-08,7.25094193220139,0.19777563191019,
,,,7.65999999999994E-08,7.31788754463196,0.197608267888427,
,,,7.67999999999998E-08,7.31788754463196,0.198445087997243,
,,,7.69999999999994E-08,7.25094193220139,0.197440903866664,
,,,7.71999999999999E-08,7.25094193220139,0.196771447779611,
,,,7.73999999999995E-08,7.18399631977081,0.197942995931953,
,,,7.75999999999999E-08,7.38483315706253,0.198110359953716,
,,,7.77999999999995E-08,7.25094193220139,0.197942995931953,
,,,7.79999999999999E-08,7.31788754463196,0.19777563191019,
,,,7.81999999999995E-08,7.25094193220139,0.1972735398449,
,,,7.84E-08,7.4517787694931,0.1972735398449,
,,,7.85999999999996E-08,7.18399631977081,0.1972735398449,
,,,7.88E-08,7.31788754463196,0.1972735398449,
,,,7.89999999999996E-08,7.25094193220139,0.197106175823137,
,,,7.92E-08,7.18399631977081,0.198110359953716,
,,,7.93999999999996E-08,7.25094193220139,0.197942995931953,
,,,7.96000000000001E-08,7.31788754463196,0.197440903866664,
,,,7.97999999999996E-08,7.31788754463196,0.197608267888427,
,,,8.00000000000001E-08,7.38483315706253,0.196436719736084,
,,,8.01999999999997E-08,7.18399631977081,0.197942995931953,
,,,8.04000000000001E-08,7.31788754463196,0.197440903866664,
,,,8.05999999999997E-08,7.25094193220139,0.197608267888427,
,,,8.08000000000001E-08,7.25094193220139,0.197608267888427,
,,,8.09999999999997E-08,7.18399631977081,0.1972735398449,
,,,8.12000000000002E-08,7.31788754463196,0.198110359953716,
,,,8.13999999999998E-08,7.18399631977081,0.197440903866664,
,,,8.15999999999994E-08,7.18399631977081,0.1972735398449,
,,,8.17999999999998E-08,7.18399631977081,0.197106175823137,
,,,8.19999999999994E-08,7.25094193220139,0.196938811801374,
,,,8.21999999999998E-08,7.18399631977081,0.197942995931953,
,,,8.23999999999994E-08,7.31788754463196,0.19777563191019,
,,,8.25999999999999E-08,7.18399631977081,0.197440903866664,
,,,8.27999999999994E-08,7.18399631977081,0.197106175823137,
,,,8.29999999999999E-08,7.18399631977081,0.197440903866664,
,,,8.31999999999995E-08,7.25094193220139,0.196436719736084,
,,,8.33999999999999E-08,7.18399631977081,0.1972735398449,
,,,8.35999999999995E-08,7.11705070734024,0.196771447779611,
,,,8.37999999999999E-08,7.05010509490967,0.196436719736084,
,,,8.39999999999995E-08,7.18399631977081,0.197106175823137,
,,,8.42E-08,7.11705070734024,0.196771447779611,
,,,8.43999999999996E-08,7.18399631977081,0.1972735398449,
,,,8.46E-08,7.05010509490967,0.196436719736084,
,,,8.47999999999996E-08,7.18399631977081,0.196771447779611,
,,,8.5E-08,6.9831594824791,0.196604083757848,
,,,8.51999999999996E-08,7.18399631977081,0.196938811801374,
,,,8.54000000000001E-08,7.05010509490967,0.197106175823137,
,,,8.55999999999997E-08,6.9831594824791,0.196938811801374,
,,,8.58000000000001E-08,7.11705070734024,0.1972735398449,
,,,8.59999999999997E-08,6.9831594824791,0.196604083757848,
,,,8.62000000000001E-08,6.91621387004852,0.197106175823137,
,,,8.63999999999997E-08,7.05010509490967,0.1972735398449,
,,,8.66000000000002E-08,6.91621387004852,0.196436719736084,
,,,8.67999999999997E-08,6.91621387004852,0.196269355714321,
,,,8.70000000000002E-08,6.78232264518738,0.196269355714321,
,,,8.71999999999998E-08,6.9831594824791,0.196269355714321,
,,,8.73999999999994E-08,6.91621387004852,0.195934627670795,
,,,8.75999999999998E-08,6.91621387004852,0.196101991692558,
,,,8.77999999999994E-08,6.71537703275681,0.196101991692558,
,,,8.79999999999998E-08,6.91621387004852,0.196101991692558,
,,,8.81999999999994E-08,6.71537703275681,0.196436719736084,
,,,8.83999999999999E-08,6.84926825761795,0.195599899627268,
,,,8.85999999999995E-08,6.64843142032623,0.195599899627268,
,,,8.87999999999999E-08,6.78232264518738,0.196101991692558,
,,,8.89999999999995E-08,6.71537703275681,0.196101991692558,
,,,8.91999999999999E-08,6.71537703275681,0.196269355714321,
,,,8.93999999999995E-08,6.51454019546509,0.195767263649032,
,,,8.96E-08,6.58148580789566,0.195432535605505,
,,,8.97999999999995E-08,6.64843142032623,0.195432535605505,
,,,9E-08,6.58148580789566,0.195265171583742,
,,,9.01999999999996E-08,6.51454019546509,0.195934627670795,
,,,9.04E-08,6.51454019546509,0.195934627670795,
,,,9.05999999999996E-08,6.44759458303452,0.195934627670795,
,,,9.08E-08,6.51454019546509,0.195934627670795,
,,,9.09999999999996E-08,6.38064897060394,0.196269355714321,
,,,9.12000000000001E-08,6.44759458303452,0.195265171583742,
,,,9.13999999999997E-08,6.31370335817337,0.195265171583742,
,,,9.16000000000001E-08,6.31370335817337,0.196101991692558,
,,,9.17999999999997E-08,6.2467577457428,0.195767263649032,
,,,9.20000000000001E-08,6.2467577457428,0.195767263649032,
,,,9.21999999999997E-08,6.17981213331223,0.196436719736084,
,,,9.24000000000002E-08,6.11286652088165,0.195767263649032,
,,,9.25999999999998E-08,6.11286652088165,0.195599899627268,
,,,9.28000000000002E-08,6.04592090845108,0.195934627670795,
,,,9.29999999999998E-08,5.91202968358994,0.196604083757848,
,,,9.31999999999994E-08,6.04592090845108,0.195767263649032,
,,,9.33999999999998E-08,5.91202968358994,0.195934627670795,
,,,9.35999999999994E-08,5.91202968358994,0.196436719736084,
,,,9.37999999999998E-08,5.84508407115936,0.196604083757848,
,,,9.39999999999994E-08,5.84508407115936,0.195097807561979,
,,,9.41999999999999E-08,5.71119284629822,0.196101991692558,
,,,9.43999999999995E-08,5.77813845872879,0.196101991692558,
,,,9.45999999999999E-08,5.64424723386765,0.196436719736084,
,,,9.47999999999995E-08,5.71119284629822,0.196436719736084,
,,,9.49999999999999E-08,5.44341039657593,0.196436719736084,
,,,9.51999999999995E-08,5.57730162143707,0.195599899627268,
,,,9.54E-08,5.5103560090065,0.196771447779611,
,,,9.55999999999996E-08,5.5103560090065,0.196604083757848,
,,,9.58E-08,5.30951917171478,0.195265171583742,
,,,9.59999999999996E-08,5.30951917171478,0.196436719736084,
,,,9.62E-08,5.24257355928421,0.196269355714321,
,,,9.63999999999996E-08,5.17562794685364,0.196436719736084,
,,,9.66000000000001E-08,5.10868233442307,0.195599899627268,
,,,9.67999999999996E-08,5.17562794685364,0.196101991692558,
,,,9.70000000000001E-08,4.97479110956192,0.195767263649032,
,,,9.71999999999997E-08,5.04173672199249,0.196938811801374,
,,,9.74000000000001E-08,4.97479110956192,0.196436719736084,
,,,9.75999999999997E-08,4.97479110956192,0.195767263649032,
,,,9.78000000000001E-08,4.7739542722702,0.196269355714321,
,,,9.79999999999997E-08,4.70700865983963,0.196604083757848,
,,,9.82000000000002E-08,4.70700865983963,0.196436719736084,
,,,9.83999999999998E-08,4.57311743497849,0.195934627670795,
,,,9.85999999999994E-08,4.57311743497849,0.196269355714321,
,,,9.87999999999998E-08,4.50617182254791,0.196604083757848,
,,,9.89999999999994E-08,4.43922621011734,0.196771447779611,
,,,9.91999999999998E-08,4.50617182254791,0.196938811801374,
,,,9.93999999999994E-08,4.23838937282562,0.196101991692558,
,,,9.95999999999999E-08,4.23838937282562,0.196269355714321,
,,,9.97999999999995E-08,4.23838937282562,0.196604083757848,
,,,9.99999999999999E-08,4.17144376039505,0.196269355714321,
,,,1.00199999999999E-07,4.03755253553391,0.196101991692558,
,,,1.004E-07,4.10449814796448,0.196101991692558,
,,,1.006E-07,3.97060692310333,0.196269355714321,
,,,1.008E-07,3.97060692310333,0.196771447779611,
,,,1.01E-07,3.76977008581162,0.196436719736084,
,,,1.012E-07,3.83671569824219,0.196101991692558,
,,,1.014E-07,3.76977008581162,0.196436719736084,
,,,1.016E-07,3.83671569824219,0.196269355714321,
,,,1.018E-07,3.70282447338104,0.196436719736084,
,,,1.02E-07,3.70282447338104,0.196269355714321,
,,,1.022E-07,3.50198763608933,0.195934627670795,
,,,1.024E-07,3.5689332485199,0.196101991692558,
,,,1.026E-07,3.43504202365875,0.197106175823137,
,,,1.028E-07,3.43504202365875,0.196269355714321,
,,,1.03E-07,3.36809641122818,0.196101991692558,
,,,1.032E-07,3.36809641122818,0.196436719736084,
,,,1.034E-07,3.23420518636703,0.196436719736084,
,,,1.036E-07,3.23420518636703,0.195432535605505,
,,,1.038E-07,3.16725957393646,0.196101991692558,
,,,1.04E-07,3.16725957393646,0.195934627670795,
,,,1.042E-07,3.03336834907532,0.194595715496689,
,,,1.04399999999999E-07,3.03336834907532,0.195432535605505,
,,,1.046E-07,2.96642273664474,0.195767263649032,
,,,1.04799999999999E-07,2.96642273664474,0.194930443540215,
,,,1.05E-07,2.89947712421417,0.195097807561979,
,,,1.05199999999999E-07,2.89947712421417,0.195432535605505,
,,,1.054E-07,2.8325315117836,0.194930443540215,
,,,1.05599999999999E-07,2.8325315117836,0.195097807561979,
,,,1.058E-07,2.69864028692245,0.194428351474926,
,,,1.05999999999999E-07,2.76558589935303,0.194930443540215,
,,,1.062E-07,2.69864028692245,0.194763079518452,
,,,1.064E-07,2.69864028692245,0.194260987453163,
,,,1.066E-07,2.63169467449188,0.194595715496689,
,,,1.068E-07,2.63169467449188,0.194595715496689,
,,,1.07E-07,2.63169467449188,0.194595715496689,
,,,1.072E-07,2.63169467449188,0.194260987453163,
,,,1.074E-07,2.36391222476959,0.194930443540215,
,,,1.076E-07,2.43085783720016,0.194260987453163,
,,,1.078E-07,2.49780344963074,0.194260987453163,
,,,1.08E-07,2.49780344963074,0.194428351474926,
,,,1.082E-07,2.43085783720016,0.194260987453163,
,,,1.084E-07,2.49780344963074,0.193758895387873,
,,,1.086E-07,2.36391222476959,0.194763079518452,
,,,1.088E-07,2.43085783720016,0.194093623431399,
,,,1.09E-07,2.36391222476959,0.194093623431399,
,,,1.092E-07,2.36391222476959,0.193926259409636,
,,,1.094E-07,2.36391222476959,0.194093623431399,
,,,1.096E-07,2.43085783720016,0.194093623431399,
,,,1.09799999999999E-07,2.29696661233902,0.194763079518452,
,,,1.1E-07,2.36391222476959,0.194428351474926,
,,,1.10199999999999E-07,2.43085783720016,0.193926259409636,
,,,1.104E-07,2.36391222476959,0.194428351474926,
,,,1.10599999999999E-07,2.23002099990845,0.194093623431399,
,,,1.108E-07,2.29696661233902,0.194595715496689,
,,,1.10999999999999E-07,2.29696661233902,0.194093623431399,
,,,1.112E-07,2.23002099990845,0.194428351474926,
,,,1.11399999999999E-07,2.23002099990845,0.193758895387873,
,,,1.116E-07,2.29696661233902,0.194428351474926,
,,,1.118E-07,2.29696661233902,0.194093623431399,
,,,1.12E-07,2.29696661233902,0.194595715496689,
,,,1.122E-07,2.16307538747787,0.194260987453163,
,,,1.124E-07,2.29696661233902,0.194093623431399,
,,,1.126E-07,2.36391222476959,0.193926259409636,
,,,1.128E-07,2.36391222476959,0.19359153136611,
,,,1.13E-07,2.23002099990845,0.194093623431399,
,,,1.132E-07,2.43085783720016,0.193424167344347,
,,,1.134E-07,2.23002099990845,0.194428351474926,
,,,1.136E-07,2.29696661233902,0.194093623431399,
,,,1.138E-07,2.29696661233902,0.193424167344347,
,,,1.14E-07,2.36391222476959,0.194260987453163,
,,,1.142E-07,2.29696661233902,0.193926259409636,
,,,1.144E-07,2.43085783720016,0.194260987453163,
,,,1.146E-07,2.36391222476959,0.194763079518452,
,,,1.148E-07,2.49780344963074,0.194428351474926,
,,,1.15E-07,2.43085783720016,0.194428351474926,
,,,1.152E-07,2.29696661233902,0.194595715496689,
,,,1.154E-07,2.49780344963074,0.194428351474926,
,,,1.15599999999999E-07,2.49780344963074,0.194428351474926,
,,,1.158E-07,2.36391222476959,0.195097807561979,
,,,1.15999999999999E-07,2.49780344963074,0.194428351474926,
,,,1.162E-07,2.49780344963074,0.193758895387873,
,,,1.16399999999999E-07,2.49780344963074,0.194260987453163,
,,,1.166E-07,2.56474906206131,0.195265171583742,
,,,1.16799999999999E-07,2.63169467449188,0.195599899627268,
,,,1.17E-07,2.56474906206131,0.195097807561979,
,,,1.17199999999999E-07,2.63169467449188,0.194930443540215,
,,,1.174E-07,2.56474906206131,0.195265171583742,
,,,1.176E-07,2.63169467449188,0.194260987453163,
,,,1.178E-07,2.63169467449188,0.194763079518452,
,,,1.18E-07,2.63169467449188,0.195097807561979,
,,,1.182E-07,2.63169467449188,0.194428351474926,
,,,1.184E-07,2.69864028692245,0.194930443540215,
,,,1.186E-07,2.56474906206131,0.194763079518452,
,,,1.188E-07,2.8325315117836,0.194763079518452,
,,,1.19E-07,2.76558589935303,0.194260987453163,
,,,1.192E-07,2.69864028692245,0.195265171583742,
,,,1.194E-07,2.69864028692245,0.194763079518452,
,,,1.196E-07,2.8325315117836,0.194763079518452,
,,,1.198E-07,2.76558589935303,0.194595715496689,
,,,1.2E-07,2.8325315117836,0.194763079518452,
,,,1.202E-07,2.76558589935303,0.194428351474926,
,,,1.204E-07,2.89947712421417,0.195097807561979,
,,,1.206E-07,2.76558589935303,0.194595715496689,
,,,1.208E-07,2.96642273664474,0.194930443540215,
,,,1.21E-07,2.89947712421417,0.195097807561979,
,,,1.212E-07,2.89947712421417,0.193926259409636,
,,,1.21399999999999E-07,2.89947712421417,0.194260987453163,
,,,1.216E-07,2.96642273664474,0.193926259409636,
,,,1.21799999999999E-07,3.03336834907532,0.194428351474926,
,,,1.22E-07,2.89947712421417,0.194093623431399,
,,,1.22199999999999E-07,3.03336834907532,0.193926259409636,
,,,1.224E-07,3.03336834907532,0.193926259409636,
,,,1.22599999999999E-07,2.89947712421417,0.193758895387873,
,,,1.228E-07,3.10031396150589,0.19359153136611,
,,,1.23E-07,3.03336834907532,0.194093623431399,
,,,1.232E-07,3.10031396150589,0.193926259409636,
,,,1.234E-07,3.10031396150589,0.193926259409636,
,,,1.236E-07,3.10031396150589,0.193758895387873,
,,,1.238E-07,3.03336834907532,0.193926259409636,
,,,1.24E-07,3.10031396150589,0.193256803322583,
,,,1.242E-07,3.16725957393646,0.193758895387873,
,,,1.244E-07,2.96642273664474,0.194093623431399,
,,,1.246E-07,3.10031396150589,0.194093623431399,
,,,1.248E-07,3.23420518636703,0.193926259409636,
,,,1.25E-07,3.03336834907532,0.19359153136611,
,,,1.252E-07,3.16725957393646,0.193256803322583,
,,,1.254E-07,3.23420518636703,0.193424167344347,
,,,1.256E-07,3.23420518636703,0.193424167344347,
,,,1.258E-07,3.16725957393646,0.193256803322583,
,,,1.26E-07,3.30115079879761,0.192922075279057,
,,,1.262E-07,3.16725957393646,0.192754711257294,
,,,1.264E-07,3.30115079879761,0.193256803322583,
,,,1.266E-07,3.16725957393646,0.193424167344347,
,,,1.26799999999999E-07,3.23420518636703,0.192922075279057,
,,,1.27E-07,3.23420518636703,0.192754711257294,
,,,1.27199999999999E-07,3.43504202365875,0.193424167344347,
,,,1.274E-07,3.30115079879761,0.193256803322583,
,,,1.27599999999999E-07,3.36809641122818,0.192419983213767,
,,,1.278E-07,3.30115079879761,0.192922075279057,
,,,1.27999999999999E-07,3.36809641122818,0.193256803322583,
,,,1.282E-07,3.36809641122818,0.192419983213767,
,,,1.28399999999999E-07,3.36809641122818,0.192922075279057,
,,,1.286E-07,3.36809641122818,0.19308943930082,
,,,1.288E-07,3.30115079879761,0.192587347235531,
,,,1.29E-07,3.30115079879761,0.192587347235531,
,,,1.292E-07,3.43504202365875,0.192754711257294,
,,,1.294E-07,3.30115079879761,0.193256803322583,
,,,1.296E-07,3.43504202365875,0.19359153136611,
,,,1.298E-07,3.43504202365875,0.193256803322583,
,,,1.3E-07,3.36809641122818,0.192252619192004,
,,,1.302E-07,3.36809641122818,0.193758895387873,
,,,1.304E-07,3.36809641122818,0.192754711257294,
,,,1.306E-07,3.36809641122818,0.192754711257294,
,,,1.308E-07,3.30115079879761,0.19359153136611,
,,,1.31E-07,3.50198763608933,0.193758895387873,
,,,1.312E-07,3.50198763608933,0.192754711257294,
,,,1.314E-07,3.30115079879761,0.19308943930082,
,,,1.316E-07,3.36809641122818,0.193256803322583,
,,,1.318E-07,3.50198763608933,0.192922075279057,
,,,1.32E-07,3.43504202365875,0.193424167344347,
,,,1.322E-07,3.43504202365875,0.193256803322583,
,,,1.324E-07,3.43504202365875,0.192922075279057,
,,,1.32599999999999E-07,3.36809641122818,0.19308943930082,
,,,1.328E-07,3.43504202365875,0.192754711257294,
,,,1.32999999999999E-07,3.43504202365875,0.19308943930082,
,,,1.332E-07,3.36809641122818,0.192922075279057,
,,,1.33399999999999E-07,3.43504202365875,0.192419983213767,
,,,1.336E-07,3.50198763608933,0.192587347235531,
,,,1.33799999999999E-07,3.50198763608933,0.19308943930082,
,,,1.34E-07,3.5689332485199,0.19308943930082,
,,,1.34199999999999E-07,3.43504202365875,0.193256803322583,
,,,1.344E-07,3.50198763608933,0.192922075279057,
,,,1.346E-07,3.50198763608933,0.193424167344347,
,,,1.348E-07,3.43504202365875,0.192922075279057,
,,,1.35E-07,3.36809641122818,0.192754711257294,
,,,1.352E-07,3.50198763608933,0.19359153136611,
,,,1.354E-07,3.43504202365875,0.193758895387873,
,,,1.356E-07,3.50198763608933,0.19308943930082,
,,,1.358E-07,3.43504202365875,0.193256803322583,
,,,1.36E-07,3.5689332485199,0.193758895387873,
,,,1.362E-07,3.36809641122818,0.19308943930082,
,,,1.364E-07,3.43504202365875,0.19359153136611,
,,,1.366E-07,3.43504202365875,0.193424167344347,
,,,1.368E-07,3.43504202365875,0.192085255170241,
,,,1.37E-07,3.50198763608933,0.19359153136611,
,,,1.372E-07,3.43504202365875,0.19359153136611,
,,,1.374E-07,3.50198763608933,0.193424167344347,
,,,1.376E-07,3.50198763608933,0.193424167344347,
,,,1.378E-07,3.43504202365875,0.19359153136611,
,,,1.37999999999999E-07,3.50198763608933,0.19359153136611,
,,,1.382E-07,3.50198763608933,0.193256803322583,
,,,1.38399999999999E-07,3.50198763608933,0.19359153136611,
,,,1.386E-07,3.50198763608933,0.193256803322583,
,,,1.38799999999999E-07,3.50198763608933,0.193926259409636,
,,,1.39E-07,3.43504202365875,0.193424167344347,
,,,1.39199999999999E-07,3.43504202365875,0.192754711257294,
,,,1.394E-07,3.43504202365875,0.193758895387873,
,,,1.39599999999999E-07,3.50198763608933,0.192587347235531,
,,,1.398E-07,3.43504202365875,0.192419983213767,
,,,1.4E-07,3.50198763608933,0.192419983213767,
,,,1.402E-07,3.50198763608933,0.193256803322583,
,,,1.404E-07,3.5689332485199,0.192922075279057,
,,,1.406E-07,3.36809641122818,0.192922075279057,
,,,1.408E-07,3.43504202365875,0.192754711257294,
,,,1.41E-07,3.43504202365875,0.192922075279057,
,,,1.412E-07,3.30115079879761,0.192587347235531,
,,,1.414E-07,3.36809641122818,0.192085255170241,
,,,1.416E-07,3.43504202365875,0.192252619192004,
,,,1.418E-07,3.30115079879761,0.192754711257294,
,,,1.42E-07,3.43504202365875,0.192754711257294,
,,,1.422E-07,3.30115079879761,0.192754711257294,
,,,1.424E-07,3.43504202365875,0.19308943930082,
,,,1.426E-07,3.36809641122818,0.192419983213767,
,,,1.428E-07,3.30115079879761,0.191917891148478,
,,,1.43E-07,3.36809641122818,0.192252619192004,
,,,1.432E-07,3.23420518636703,0.192754711257294,
,,,1.434E-07,3.23420518636703,0.192419983213767,
,,,1.436E-07,3.23420518636703,0.19359153136611,
,,,1.43799999999999E-07,3.23420518636703,0.193424167344347,
,,,1.44E-07,3.30115079879761,0.193424167344347,
,,,1.44199999999999E-07,3.16725957393646,0.192922075279057,
,,,1.444E-07,3.16725957393646,0.192754711257294,
,,,1.44599999999999E-07,3.16725957393646,0.192587347235531,
,,,1.448E-07,3.23420518636703,0.192922075279057,
,,,1.44999999999999E-07,3.10031396150589,0.192587347235531,
,,,1.452E-07,3.16725957393646,0.192419983213767,
,,,1.45399999999999E-07,3.16725957393646,0.191750527126715,
,,,1.456E-07,3.16725957393646,0.19308943930082,
,,,1.458E-07,3.03336834907532,0.192922075279057,
,,,1.46E-07,3.10031396150589,0.192922075279057,
,,,1.462E-07,3.03336834907532,0.191917891148478,
,,,1.464E-07,3.16725957393646,0.192252619192004,
,,,1.466E-07,3.03336834907532,0.192252619192004,
,,,1.468E-07,3.03336834907532,0.192085255170241,
,,,1.47E-07,2.89947712421417,0.192252619192004,
,,,1.472E-07,2.96642273664474,0.192587347235531,
,,,1.474E-07,3.03336834907532,0.192419983213767,
,,,1.476E-07,2.8325315117836,0.192587347235531,
,,,1.478E-07,2.76558589935303,0.192085255170241,
,,,1.48E-07,2.8325315117836,0.192754711257294,
,,,1.482E-07,2.63169467449188,0.192587347235531,
,,,1.484E-07,2.76558589935303,0.192085255170241,
,,,1.486E-07,2.76558589935303,0.192252619192004,
,,,1.488E-07,2.76558589935303,0.192085255170241,
,,,1.49E-07,2.63169467449188,0.191750527126715,
,,,1.492E-07,2.69864028692245,0.191415799083188,
,,,1.494E-07,2.69864028692245,0.191583163104951,
,,,1.49599999999999E-07,2.56474906206131,0.192419983213767,
,,,1.498E-07,2.56474906206131,0.191917891148478,
,,,1.49999999999999E-07,2.56474906206131,0.191415799083188,
,,,1.502E-07,2.56474906206131,0.192419983213767,
,,,1.50399999999999E-07,2.56474906206131,0.192252619192004,
,,,1.506E-07,2.36391222476959,0.190578978974372,
,,,1.50799999999999E-07,2.43085783720016,0.192085255170241,
,,,1.51E-07,2.49780344963074,0.192419983213767,
,,,1.512E-07,2.36391222476959,0.192085255170241,
,,,1.514E-07,2.16307538747787,0.191583163104951,
,,,1.516E-07,2.29696661233902,0.192085255170241,
,,,1.518E-07,2.23002099990845,0.191917891148478,
,,,1.52E-07,2.16307538747787,0.191248435061425,
,,,1.522E-07,2.29696661233902,0.192754711257294,
,,,1.524E-07,2.16307538747787,0.192419983213767,
,,,1.526E-07,2.0961297750473,0.191415799083188,
,,,1.528E-07,2.0961297750473,0.191583163104951,
,,,1.53E-07,2.16307538747787,0.191750527126715,
,,,1.532E-07,2.23002099990845,0.192085255170241,
,,,1.534E-07,1.96223855018616,0.192922075279057,
,,,1.536E-07,2.02918416261673,0.191917891148478,
,,,1.538E-07,2.02918416261673,0.191248435061425,
,,,1.54E-07,1.82834732532501,0.191917891148478,
,,,1.542E-07,1.82834732532501,0.191583163104951,
,,,1.544E-07,1.89529293775558,0.191750527126715,
,,,1.546E-07,1.82834732532501,0.192252619192004,
,,,1.548E-07,1.76140171289444,0.192085255170241,
,,,1.54999999999999E-07,1.76140171289444,0.191750527126715,
,,,1.552E-07,1.69445610046387,0.192754711257294,
,,,1.55399999999999E-07,1.62751048803329,0.192252619192004,
,,,1.556E-07,1.62751048803329,0.191583163104951,
,,,1.55799999999999E-07,1.62751048803329,0.192085255170241,
,,,1.56E-07,1.49361926317215,0.192419983213767,
,,,1.56199999999999E-07,1.49361926317215,0.191583163104951,
,,,1.564E-07,1.49361926317215,0.191415799083188,
,,,1.56599999999999E-07,1.42667365074158,0.192922075279057,
,,,1.568E-07,1.49361926317215,0.192419983213767,
,,,1.57E-07,1.359728038311,0.191583163104951,
,,,1.572E-07,1.42667365074158,0.192085255170241,
,,,1.574E-07,1.42667365074158,0.192085255170241,
,,,1.576E-07,1.42667365074158,0.191917891148478,
,,,1.578E-07,1.22583681344986,0.192085255170241,
,,,1.58E-07,1.29278242588043,0.192085255170241,
,,,1.582E-07,1.22583681344986,0.192085255170241,
,,,1.584E-07,1.22583681344986,0.191750527126715,
,,,1.586E-07,1.15889120101929,0.191750527126715,
,,,1.588E-07,1.22583681344986,0.192252619192004,
,,,1.59E-07,1.09194558858871,0.191917891148478,
,,,1.592E-07,1.15889120101929,0.191415799083188,
,,,1.594E-07,1.09194558858871,0.191415799083188,
,,,1.596E-07,1.15889120101929,0.192085255170241,
,,,1.598E-07,1.02499997615814,0.191917891148478,
,,,1.6E-07,1.02499997615814,0.192252619192004,
,,,1.602E-07,1.09194558858871,0.191917891148478,
,,,1.604E-07,0.95805436372757,0.192252619192004,
,,,1.606E-07,1.02499997615814,0.191750527126715,
,,,1.60799999999999E-07,0.95805436372757,0.192085255170241,
,,,1.61E-07,0.824163138866425,0.192587347235531,
,,,1.61199999999999E-07,0.891108751296997,0.192252619192004,
,,,1.614E-07,0.891108751296997,0.192587347235531,
,,,1.61599999999999E-07,0.891108751296997,0.192419983213767,
,,,1.618E-07,0.69027191400528,0.192419983213767,
,,,1.61999999999999E-07,0.824163138866425,0.191583163104951,
,,,1.622E-07,0.757217526435852,0.192085255170241,
,,,1.62399999999999E-07,0.69027191400528,0.191750527126715,
,,,1.626E-07,0.757217526435852,0.190913707017899,
,,,1.628E-07,0.69027191400528,0.191917891148478,
,,,1.63E-07,0.623326301574707,0.191750527126715,
,,,1.632E-07,0.623326301574707,0.191750527126715,
,,,1.634E-07,0.623326301574707,0.192085255170241,
,,,1.636E-07,0.69027191400528,0.192085255170241,
,,,1.638E-07,0.489435076713562,0.191750527126715,
,,,1.64E-07,0.623326301574707,0.191415799083188,
,,,1.642E-07,0.556380689144135,0.191583163104951,
,,,1.644E-07,0.556380689144135,0.191917891148478,
,,,1.646E-07,0.489435076713562,0.191415799083188,
,,,1.648E-07,0.489435076713562,0.191415799083188,
,,,1.65E-07,0.489435076713562,0.191750527126715,
,,,1.652E-07,0.489435076713562,0.191583163104951,
,,,1.654E-07,0.42248946428299,0.190411614952609,
,,,1.656E-07,0.42248946428299,0.191750527126715,
,,,1.658E-07,0.489435076713562,0.191583163104951,
,,,1.66E-07,0.42248946428299,0.191248435061425,
,,,1.66199999999999E-07,0.288598239421844,0.191248435061425,
,,,1.664E-07,0.355543851852417,0.191583163104951,
,,,1.66599999999999E-07,0.355543851852417,0.191248435061425,
,,,1.668E-07,0.221652626991272,0.191081071039662,
,,,1.66999999999999E-07,0.288598239421844,0.190578978974372,
,,,1.672E-07,0.355543851852417,0.191248435061425,
,,,1.67399999999999E-07,0.221652626991272,0.191081071039662,
,,,1.676E-07,0.221652626991272,0.190913707017899,
,,,1.67799999999999E-07,0.288598239421844,0.191248435061425,
,,,1.68E-07,0.288598239421844,0.191081071039662,
,,,1.682E-07,0.154707014560699,0.190076886909083,
,,,1.684E-07,0.154707014560699,0.191248435061425,
,,,1.686E-07,0.154707014560699,0.191248435061425,
,,,1.688E-07,0.087761402130127,0.191081071039662,
,,,1.69E-07,0.154707014560699,0.190913707017899,
,,,1.692E-07,0.087761402130127,0.191917891148478,
,,,1.694E-07,0.087761402130127,0.191248435061425,
,,,1.696E-07,0.087761402130127,0.191081071039662,
,,,1.698E-07,-0.0461298227310181,0.191081071039662,
,,,1.7E-07,0.0208157896995544,0.191248435061425,
,,,1.702E-07,0.087761402130127,0.191248435061425,
,,,1.704E-07,0.0208157896995544,0.191415799083188,
,,,1.706E-07,-0.0461298227310181,0.191081071039662,
,,,1.708E-07,-0.0461298227310181,0.191750527126715,
,,,1.71E-07,-0.0461298227310181,0.191415799083188,
,,,1.712E-07,-0.0461298227310181,0.190746342996135,
,,,1.714E-07,-0.0461298227310181,0.190913707017899,
,,,1.716E-07,-0.0461298227310181,0.190913707017899,
,,,1.718E-07,-0.0461298227310181,0.190578978974372,
,,,1.71999999999999E-07,-0.113075435161591,0.190913707017899,
,,,1.722E-07,-0.0461298227310181,0.190913707017899,
,,,1.72399999999999E-07,-0.0461298227310181,0.190411614952609,
,,,1.726E-07,-0.180021047592163,0.190913707017899,
,,,1.72799999999999E-07,-0.180021047592163,0.190746342996135,
,,,1.73E-07,-0.113075435161591,0.191248435061425,
,,,1.73199999999999E-07,-0.180021047592163,0.191917891148478,
,,,1.734E-07,-0.113075435161591,0.191081071039662,
,,,1.73599999999999E-07,-0.113075435161591,0.191415799083188,
,,,1.738E-07,-0.246966660022736,0.191248435061425,
,,,1.74E-07,-0.246966660022736,0.191081071039662,
,,,1.742E-07,-0.180021047592163,0.191583163104951,
,,,1.744E-07,-0.180021047592163,0.192085255170241,
,,,1.746E-07,-0.313912272453308,0.191081071039662,
,,,1.748E-07,-0.246966660022736,0.191081071039662,
,,,1.75E-07,-0.246966660022736,0.191750527126715,
,,,1.752E-07,-0.313912272453308,0.191583163104951,
,,,1.754E-07,-0.246966660022736,0.191583163104951,
,,,1.756E-07,-0.313912272453308,0.192085255170241,
,,,1.758E-07,-0.246966660022736,0.191750527126715,
,,,1.76E-07,-0.246966660022736,0.191081071039662,
,,,1.762E-07,-0.380857884883881,0.191081071039662,
,,,1.764E-07,-0.313912272453308,0.191583163104951,
,,,1.766E-07,-0.246966660022736,0.191583163104951,
,,,1.768E-07,-0.246966660022736,0.190913707017899,
,,,1.77E-07,-0.380857884883881,0.192252619192004,
,,,1.772E-07,-0.313912272453308,0.191917891148478,
,,,1.774E-07,-0.447803497314453,0.191917891148478,
,,,1.776E-07,-0.246966660022736,0.191750527126715,
,,,1.77799999999999E-07,-0.380857884883881,0.191917891148478,
,,,1.78E-07,-0.380857884883881,0.191583163104951,
,,,1.78199999999999E-07,-0.380857884883881,0.191917891148478,
,,,1.784E-07,-0.313912272453308,0.192587347235531,
,,,1.78599999999999E-07,-0.380857884883881,0.192252619192004,
,,,1.788E-07,-0.246966660022736,0.191917891148478,
,,,1.78999999999999E-07,-0.380857884883881,0.192419983213767,
,,,1.792E-07,-0.380857884883881,0.191917891148478,
,,,1.794E-07,-0.246966660022736,0.191750527126715,
,,,1.796E-07,-0.447803497314453,0.192252619192004,
,,,1.798E-07,-0.313912272453308,0.191750527126715,
,,,1.8E-07,-0.313912272453308,0.191917891148478,
,,,1.802E-07,-0.380857884883881,0.192252619192004,
,,,1.804E-07,-0.313912272453308,0.192754711257294,
,,,1.806E-07,-0.380857884883881,0.192252619192004,
,,,1.808E-07,-0.246966660022736,0.192085255170241,
,,,1.81E-07,-0.380857884883881,0.192754711257294,
,,,1.812E-07,-0.313912272453308,0.192419983213767,
,,,1.814E-07,-0.313912272453308,0.192922075279057,
,,,1.816E-07,-0.313912272453308,0.192587347235531,
,,,1.818E-07,-0.380857884883881,0.193424167344347,
,,,1.82E-07,-0.313912272453308,0.192922075279057,
,,,1.822E-07,-0.380857884883881,0.193926259409636,
,,,1.824E-07,-0.180021047592163,0.192922075279057,
,,,1.826E-07,-0.380857884883881,0.192587347235531,
,,,1.828E-07,-0.380857884883881,0.193256803322583,
,,,1.83E-07,-0.246966660022736,0.192754711257294,
,,,1.83199999999999E-07,-0.180021047592163,0.192252619192004,
,,,1.834E-07,-0.380857884883881,0.192587347235531,
,,,1.83599999999999E-07,-0.313912272453308,0.192922075279057,
,,,1.838E-07,-0.246966660022736,0.192922075279057,
,,,1.83999999999999E-07,-0.246966660022736,0.192922075279057,
,,,1.842E-07,-0.313912272453308,0.19308943930082,
,,,1.84399999999999E-07,-0.180021047592163,0.192754711257294,
,,,1.846E-07,-0.246966660022736,0.192587347235531,
,,,1.84799999999999E-07,-0.180021047592163,0.192587347235531,
,,,1.85E-07,-0.180021047592163,0.19308943930082,
,,,1.852E-07,-0.113075435161591,0.192587347235531,
,,,1.854E-07,-0.246966660022736,0.192085255170241,
,,,1.856E-07,-0.180021047592163,0.192587347235531,
,,,1.858E-07,-0.113075435161591,0.19308943930082,
,,,1.86E-07,-0.313912272453308,0.193256803322583,
,,,1.862E-07,-0.180021047592163,0.192419983213767,
,,,1.864E-07,-0.113075435161591,0.192587347235531,
,,,1.866E-07,-0.246966660022736,0.192085255170241,
,,,1.868E-07,-0.180021047592163,0.192587347235531,
,,,1.87E-07,-0.113075435161591,0.192419983213767,
,,,1.872E-07,-0.113075435161591,0.192252619192004,
,,,1.874E-07,-0.180021047592163,0.192419983213767,
,,,1.876E-07,-0.113075435161591,0.192587347235531,
,,,1.878E-07,-0.113075435161591,0.193256803322583,
,,,1.88E-07,-0.180021047592163,0.192085255170241,
,,,1.882E-07,-0.0461298227310181,0.192419983213767,
,,,1.884E-07,-0.180021047592163,0.19308943930082,
,,,1.886E-07,-0.180021047592163,0.192922075279057,
,,,1.888E-07,-0.0461298227310181,0.192922075279057,
,,,1.88999999999999E-07,-0.113075435161591,0.192587347235531,
,,,1.892E-07,0.0208157896995544,0.192419983213767,
,,,1.89399999999999E-07,-0.0461298227310181,0.192922075279057,
,,,1.896E-07,0.0208157896995544,0.192252619192004,
,,,1.89799999999999E-07,-0.113075435161591,0.19308943930082,
,,,1.9E-07,-0.0461298227310181,0.192754711257294,
,,,1.90199999999999E-07,-0.113075435161591,0.19308943930082,
,,,1.904E-07,-0.113075435161591,0.192754711257294,
,,,1.90599999999999E-07,-0.113075435161591,0.192754711257294,
,,,1.908E-07,-0.0461298227310181,0.192252619192004,
,,,1.91E-07,-0.0461298227310181,0.192922075279057,
,,,1.912E-07,0.087761402130127,0.192922075279057,
,,,1.914E-07,0.0208157896995544,0.192754711257294,
,,,1.916E-07,0.154707014560699,0.192754711257294,
,,,1.918E-07,0.0208157896995544,0.193256803322583,
,,,1.92E-07,0.0208157896995544,0.192754711257294,
,,,1.922E-07,0.154707014560699,0.19308943930082,
,,,1.924E-07,0.0208157896995544,0.193758895387873,
,,,1.926E-07,0.0208157896995544,0.192252619192004,
,,,1.928E-07,0.0208157896995544,0.192922075279057,
,,,1.93E-07,-0.0461298227310181,0.19308943930082,
,,,1.932E-07,0.0208157896995544,0.192754711257294,
,,,1.934E-07,0.0208157896995544,0.192922075279057,
,,,1.936E-07,0.0208157896995544,0.19308943930082,
,,,1.938E-07,0.087761402130127,0.193256803322583,
,,,1.94E-07,0.087761402130127,0.193256803322583,
,,,1.942E-07,0.0208157896995544,0.193758895387873,
,,,1.94399999999999E-07,0.087761402130127,0.19308943930082,
,,,1.946E-07,0.087761402130127,0.193256803322583,
,,,1.94799999999999E-07,0.0208157896995544,0.193424167344347,
,,,1.95E-07,0.087761402130127,0.194428351474926,
,,,1.95199999999999E-07,0.154707014560699,0.194093623431399,
,,,1.954E-07,0.087761402130127,0.194093623431399,
,,,1.95599999999999E-07,0.154707014560699,0.19359153136611,
,,,1.958E-07,0.221652626991272,0.194093623431399,
,,,1.95999999999999E-07,0.087761402130127,0.193758895387873,
,,,1.962E-07,0.087761402130127,0.193758895387873,
,,,1.964E-07,0.154707014560699,0.194260987453163,
,,,1.966E-07,0.0208157896995544,0.194260987453163,
,,,1.968E-07,0.087761402130127,0.19359153136611,
,,,1.97E-07,0.154707014560699,0.194428351474926,
,,,1.972E-07,0.154707014560699,0.194595715496689,
,,,1.974E-07,0.087761402130127,0.194428351474926,
,,,1.976E-07,0.221652626991272,0.194428351474926,
,,,1.978E-07,0.221652626991272,0.194763079518452,
,,,1.98E-07,0.288598239421844,0.194930443540215,
,,,1.982E-07,0.154707014560699,0.195265171583742,
,,,1.984E-07,0.221652626991272,0.194428351474926,
,,,1.986E-07,0.288598239421844,0.194930443540215,
,,,1.988E-07,0.154707014560699,0.195097807561979,
,,,1.99E-07,0.221652626991272,0.194428351474926,
,,,1.992E-07,0.288598239421844,0.194763079518452,
,,,1.994E-07,0.154707014560699,0.194930443540215,
,,,1.996E-07,0.288598239421844,0.194595715496689,
,,,1.998E-07,0.221652626991272,0.195265171583742,
,,,2E-07,0.355543851852417,0.194763079518452,
,,,2.00199999999999E-07,0.221652626991272,0.195265171583742,
,,,2.004E-07,0.288598239421844,0.194763079518452,
,,,2.00599999999999E-07,0.221652626991272,0.194763079518452,
,,,2.008E-07,0.221652626991272,0.195432535605505,
,,,2.00999999999999E-07,0.42248946428299,0.196101991692558,
,,,2.012E-07,0.288598239421844,0.195097807561979,
,,,2.01399999999999E-07,0.288598239421844,0.194930443540215,
,,,2.016E-07,0.42248946428299,0.195432535605505,
,,,2.01799999999999E-07,0.221652626991272,0.194260987453163,
,,,2.02E-07,0.288598239421844,0.195097807561979,
,,,2.022E-07,0.42248946428299,0.195432535605505,
,,,2.024E-07,0.355543851852417,0.195599899627268,
,,,2.026E-07,0.288598239421844,0.195432535605505,
,,,2.028E-07,0.288598239421844,0.195265171583742,
,,,2.03E-07,0.355543851852417,0.195934627670795,
,,,2.032E-07,0.355543851852417,0.195432535605505,
,,,2.034E-07,0.288598239421844,0.195599899627268,
,,,2.036E-07,0.355543851852417,0.195599899627268,
,,,2.038E-07,0.288598239421844,0.196101991692558,
,,,2.04E-07,0.42248946428299,0.195432535605505,
,,,2.042E-07,0.42248946428299,0.195265171583742,
,,,2.044E-07,0.489435076713562,0.195599899627268,
,,,2.046E-07,0.42248946428299,0.195432535605505,
,,,2.048E-07,0.42248946428299,0.195097807561979,
,,,2.05E-07,0.489435076713562,0.196269355714321,
,,,2.052E-07,0.42248946428299,0.195432535605505,
,,,2.054E-07,0.489435076713562,0.195097807561979,
,,,2.056E-07,0.42248946428299,0.195432535605505,
,,,2.058E-07,0.355543851852417,0.195265171583742,
,,,2.05999999999999E-07,0.489435076713562,0.195767263649032,
,,,2.062E-07,0.489435076713562,0.195934627670795,
,,,2.06399999999999E-07,0.489435076713562,0.195767263649032,
,,,2.066E-07,0.489435076713562,0.195432535605505,
,,,2.06799999999999E-07,0.556380689144135,0.195934627670795,
,,,2.07E-07,0.556380689144135,0.196771447779611,
,,,2.07199999999999E-07,0.42248946428299,0.194595715496689,
,,,2.074E-07,0.556380689144135,0.195432535605505,
,,,2.076E-07,0.489435076713562,0.196101991692558,
,,,2.078E-07,0.489435076713562,0.196436719736084,
,,,2.08E-07,0.556380689144135,0.195265171583742,
,,,2.082E-07,0.489435076713562,0.194930443540215,
,,,2.084E-07,0.556380689144135,0.195432535605505,
,,,2.086E-07,0.489435076713562,0.195265171583742,
,,,2.088E-07,0.556380689144135,0.195934627670795,
,,,2.09E-07,0.489435076713562,0.195599899627268,
,,,2.092E-07,0.556380689144135,0.195432535605505,
,,,2.094E-07,0.556380689144135,0.195934627670795,
,,,2.096E-07,0.489435076713562,0.195097807561979,
,,,2.098E-07,0.556380689144135,0.195432535605505,
,,,2.1E-07,0.556380689144135,0.195432535605505,
,,,2.102E-07,0.489435076713562,0.195265171583742,
,,,2.104E-07,0.623326301574707,0.195432535605505,
,,,2.106E-07,0.623326301574707,0.196101991692558,
,,,2.108E-07,0.757217526435852,0.195934627670795,
,,,2.11E-07,0.623326301574707,0.195599899627268,
,,,2.112E-07,0.489435076713562,0.195432535605505,
,,,2.11399999999999E-07,0.69027191400528,0.195767263649032,
,,,2.116E-07,0.623326301574707,0.195599899627268,
,,,2.11799999999999E-07,0.69027191400528,0.195265171583742,
,,,2.12E-07,0.69027191400528,0.195432535605505,
,,,2.12199999999999E-07,0.556380689144135,0.195767263649032,
,,,2.124E-07,0.623326301574707,0.195599899627268,
,,,2.12599999999999E-07,0.69027191400528,0.195599899627268,
,,,2.128E-07,0.623326301574707,0.195934627670795,
,,,2.12999999999999E-07,0.556380689144135,0.196269355714321,
,,,2.132E-07,0.623326301574707,0.196101991692558,
,,,2.134E-07,0.623326301574707,0.195432535605505,
,,,2.136E-07,0.489435076713562,0.195767263649032,
,,,2.138E-07,0.623326301574707,0.196101991692558,
,,,2.14E-07,0.489435076713562,0.195767263649032,
,,,2.142E-07,0.623326301574707,0.195767263649032,
,,,2.144E-07,0.69027191400528,0.195934627670795,
,,,2.146E-07,0.556380689144135,0.195599899627268,
,,,2.148E-07,0.623326301574707,0.195767263649032,
,,,2.15E-07,0.556380689144135,0.195097807561979,
,,,2.152E-07,0.623326301574707,0.196101991692558,
,,,2.154E-07,0.556380689144135,0.196604083757848,
,,,2.156E-07,0.623326301574707,0.196101991692558,
,,,2.158E-07,0.556380689144135,0.195767263649032,
,,,2.16E-07,0.489435076713562,0.196771447779611,
,,,2.162E-07,0.556380689144135,0.195934627670795,
,,,2.164E-07,0.623326301574707,0.195265171583742,
,,,2.166E-07,0.556380689144135,0.196269355714321,
,,,2.168E-07,0.556380689144135,0.195767263649032,
,,,2.17E-07,0.623326301574707,0.195934627670795,
,,,2.17199999999999E-07,0.69027191400528,0.195599899627268,
,,,2.174E-07,0.556380689144135,0.196269355714321,
,,,2.17599999999999E-07,0.556380689144135,0.195767263649032,
,,,2.178E-07,0.623326301574707,0.195934627670795,
,,,2.17999999999999E-07,0.556380689144135,0.196101991692558,
,,,2.182E-07,0.623326301574707,0.195767263649032,
,,,2.18399999999999E-07,0.556380689144135,0.196269355714321,
,,,2.186E-07,0.42248946428299,0.195767263649032,
,,,2.18799999999999E-07,0.489435076713562,0.195767263649032,
,,,2.19E-07,0.623326301574707,0.196269355714321,
,,,2.192E-07,0.69027191400528,0.195934627670795,
,,,2.194E-07,0.489435076713562,0.196269355714321,
,,,2.196E-07,0.556380689144135,0.196269355714321,
,,,2.198E-07,0.489435076713562,0.196771447779611,
,,,2.2E-07,0.42248946428299,0.195767263649032,
,,,2.202E-07,0.42248946428299,0.195265171583742,
,,,2.204E-07,0.489435076713562,0.196938811801374,
,,,2.206E-07,0.556380689144135,0.196269355714321,
,,,2.208E-07,0.489435076713562,0.195934627670795,
,,,2.21E-07,0.489435076713562,0.196436719736084,
,,,2.212E-07,0.489435076713562,0.195767263649032,
,,,2.214E-07,0.556380689144135,0.196101991692558,
,,,2.216E-07,0.489435076713562,0.197106175823137,
,,,2.218E-07,0.489435076713562,0.196771447779611,
,,,2.22E-07,0.556380689144135,0.196436719736084,
,,,2.222E-07,0.42248946428299,0.196938811801374,
,,,2.224E-07,0.489435076713562,0.196269355714321,
,,,2.22599999999999E-07,0.355543851852417,0.196771447779611,
,,,2.228E-07,0.556380689144135,0.197106175823137,
,,,2.22999999999999E-07,0.489435076713562,0.196436719736084,
,,,2.232E-07,0.42248946428299,0.196938811801374,
,,,2.23399999999999E-07,0.355543851852417,0.196604083757848,
,,,2.236E-07,0.556380689144135,0.196771447779611,
,,,2.23799999999999E-07,0.42248946428299,0.197106175823137,
,,,2.24E-07,0.42248946428299,0.197106175823137,
,,,2.24199999999999E-07,0.489435076713562,0.196436719736084,
,,,2.244E-07,0.42248946428299,0.197106175823137,
,,,2.246E-07,0.42248946428299,0.196938811801374,
,,,2.248E-07,0.355543851852417,0.197440903866664,
,,,2.25E-07,0.42248946428299,0.196604083757848,
,,,2.252E-07,0.42248946428299,0.196269355714321,
,,,2.254E-07,0.355543851852417,0.197106175823137,
,,,2.256E-07,0.42248946428299,0.197440903866664,
,,,2.258E-07,0.288598239421844,0.196436719736084,
,,,2.26E-07,0.489435076713562,0.196771447779611,
,,,2.262E-07,0.355543851852417,0.196771447779611,
,,,2.264E-07,0.221652626991272,0.196771447779611,
,,,2.266E-07,0.288598239421844,0.196771447779611,
,,,2.268E-07,0.288598239421844,0.196938811801374,
,,,2.27E-07,0.288598239421844,0.196436719736084,
,,,2.272E-07,0.288598239421844,0.196269355714321,
,,,2.274E-07,0.221652626991272,0.196938811801374,
,,,2.276E-07,0.288598239421844,0.196771447779611,
,,,2.278E-07,0.355543851852417,0.197106175823137,
,,,2.28E-07,0.288598239421844,0.196604083757848,
,,,2.282E-07,0.221652626991272,0.196604083757848,
,,,2.28399999999999E-07,0.154707014560699,0.196269355714321,
,,,2.286E-07,0.288598239421844,0.196604083757848,
,,,2.28799999999999E-07,0.221652626991272,0.196771447779611,
,,,2.29E-07,0.154707014560699,0.196436719736084,
,,,2.29199999999999E-07,0.221652626991272,0.195934627670795,
,,,2.294E-07,0.154707014560699,0.196604083757848,
,,,2.29599999999999E-07,0.355543851852417,0.196101991692558,
,,,2.298E-07,0.154707014560699,0.196269355714321,
,,,2.29999999999999E-07,0.221652626991272,0.196938811801374,
,,,2.302E-07,0.221652626991272,0.195767263649032,
,,,2.304E-07,0.154707014560699,0.195934627670795,
,,,2.306E-07,0.221652626991272,0.196604083757848,
,,,2.308E-07,0.154707014560699,0.196604083757848,
,,,2.31E-07,0.154707014560699,0.196269355714321,
,,,2.312E-07,0.154707014560699,0.1972735398449,
,,,2.314E-07,0.087761402130127,0.196938811801374,
,,,2.316E-07,0.288598239421844,0.196101991692558,
,,,2.318E-07,0.154707014560699,0.196938811801374,
,,,2.32E-07,0.221652626991272,0.196604083757848,
,,,2.322E-07,0.154707014560699,0.196604083757848,
,,,2.324E-07,0.154707014560699,0.196101991692558,
,,,2.326E-07,0.087761402130127,0.195934627670795,
,,,2.328E-07,0.087761402130127,0.196101991692558,
,,,2.33E-07,0.221652626991272,0.196436719736084,
,,,2.332E-07,0.087761402130127,0.196101991692558,
,,,2.334E-07,0.087761402130127,0.195934627670795,
,,,2.336E-07,0.154707014560699,0.195767263649032,
,,,2.338E-07,0.0208157896995544,0.195599899627268,
,,,2.34E-07,0.154707014560699,0.196269355714321,
,,,2.34199999999999E-07,0.221652626991272,0.195767263649032,
,,,2.344E-07,0.087761402130127,0.196101991692558,
,,,2.34599999999999E-07,-0.0461298227310181,0.195934627670795,
,,,2.348E-07,0.087761402130127,0.196269355714321,
,,,2.34999999999999E-07,0.087761402130127,0.196269355714321,
,,,2.352E-07,0.087761402130127,0.196269355714321,
,,,2.35399999999999E-07,0.087761402130127,0.196436719736084,
,,,2.356E-07,0.154707014560699,0.196604083757848,
,,,2.358E-07,0.0208157896995544,0.195767263649032,
,,,2.36E-07,0.087761402130127,0.196269355714321,
,,,2.362E-07,0.154707014560699,0.196101991692558,
,,,2.364E-07,0.087761402130127,0.195934627670795,
,,,2.366E-07,0.0208157896995544,0.196269355714321,
,,,2.368E-07,0.0208157896995544,0.196604083757848,
,,,2.37E-07,0.087761402130127,0.195432535605505,
,,,2.372E-07,0.0208157896995544,0.195934627670795,
,,,2.374E-07,0.087761402130127,0.196604083757848,
,,,2.376E-07,0.0208157896995544,0.196771447779611,
,,,2.378E-07,0.0208157896995544,0.195599899627268,
,,,2.38E-07,0.087761402130127,0.195599899627268,
,,,2.382E-07,0.0208157896995544,0.196101991692558,
,,,2.384E-07,0.0208157896995544,0.196269355714321,
,,,2.386E-07,0.0208157896995544,0.195097807561979,
,,,2.388E-07,0.0208157896995544,0.195934627670795,
,,,2.39E-07,-0.113075435161591,0.195599899627268,
,,,2.392E-07,-0.0461298227310181,0.195767263649032,
,,,2.394E-07,-0.0461298227310181,0.195934627670795,
,,,2.39599999999999E-07,0.0208157896995544,0.196269355714321,
,,,2.398E-07,-0.0461298227310181,0.196269355714321,
,,,2.39999999999999E-07,0.0208157896995544,0.196269355714321,
,,,2.402E-07,-0.180021047592163,0.196604083757848,
,,,2.40399999999999E-07,-0.0461298227310181,0.196269355714321,
,,,2.406E-07,-0.0461298227310181,0.196771447779611,
,,,2.40799999999999E-07,-0.0461298227310181,0.195934627670795,
,,,2.41E-07,-0.113075435161591,0.196269355714321,
,,,2.41199999999999E-07,-0.0461298227310181,0.195934627670795,
,,,2.414E-07,-0.0461298227310181,0.196771447779611,
,,,2.416E-07,-0.0461298227310181,0.196771447779611,
,,,2.418E-07,-0.0461298227310181,0.196604083757848,
,,,2.42E-07,-0.113075435161591,0.196101991692558,
,,,2.422E-07,-0.0461298227310181,0.196436719736084,
,,,2.424E-07,-0.0461298227310181,0.196436719736084,
,,,2.426E-07,-0.0461298227310181,0.196771447779611,
,,,2.428E-07,-0.0461298227310181,0.197440903866664,
,,,2.43E-07,-0.113075435161591,0.196604083757848,
,,,2.432E-07,-0.0461298227310181,0.196771447779611,
,,,2.434E-07,-0.0461298227310181,0.196604083757848,
,,,2.436E-07,-0.113075435161591,0.196938811801374,
,,,2.438E-07,-0.113075435161591,0.197608267888427,
,,,2.44E-07,0.0208157896995544,0.1972735398449,
,,,2.442E-07,-0.113075435161591,0.196938811801374,
,,,2.444E-07,-0.113075435161591,0.197106175823137,
,,,2.446E-07,-0.113075435161591,0.1972735398449,
,,,2.448E-07,0.0208157896995544,0.1972735398449,
,,,2.45E-07,-0.113075435161591,0.197106175823137,
,,,2.452E-07,-0.113075435161591,0.196101991692558,
,,,2.45399999999999E-07,-0.113075435161591,0.196771447779611,
,,,2.456E-07,-0.0461298227310181,0.196938811801374,
,,,2.45799999999999E-07,-0.0461298227310181,0.196604083757848,
,,,2.46E-07,-0.113075435161591,0.196269355714321,
,,,2.46199999999999E-07,-0.0461298227310181,0.197106175823137,
,,,2.464E-07,0.087761402130127,0.196269355714321,
,,,2.46599999999999E-07,-0.113075435161591,0.196771447779611,
,,,2.468E-07,-0.113075435161591,0.196771447779611,
,,,2.47E-07,-0.113075435161591,0.196604083757848,
,,,2.472E-07,-0.113075435161591,0.195599899627268,
,,,2.474E-07,-0.113075435161591,0.196436719736084,
,,,2.476E-07,-0.180021047592163,0.195599899627268,
,,,2.478E-07,-0.180021047592163,0.196604083757848,
,,,2.48E-07,-0.0461298227310181,0.195934627670795,
,,,2.482E-07,-0.113075435161591,0.196604083757848,
,,,2.484E-07,-0.0461298227310181,0.196938811801374,
,,,2.486E-07,-0.113075435161591,0.196938811801374,
,,,2.488E-07,-0.113075435161591,0.196436719736084,
,,,2.49E-07,-0.180021047592163,0.196269355714321,
,,,2.492E-07,-0.0461298227310181,0.196604083757848,
,,,2.494E-07,-0.113075435161591,0.195934627670795,
,,,2.496E-07,-0.113075435161591,0.196101991692558,
,,,2.498E-07,0.0208157896995544,0.196771447779611,
,,,2.5E-07,-0.113075435161591,0.196604083757848,
,,,2.502E-07,-0.113075435161591,0.196269355714321,
,,,2.504E-07,-0.113075435161591,0.195767263649032,
,,,2.506E-07,-0.0461298227310181,0.195934627670795,
,,,2.50799999999999E-07,-0.113075435161591,0.196101991692558,
,,,2.51E-07,-0.113075435161591,0.196269355714321,
,,,2.51199999999999E-07,-0.0461298227310181,0.196269355714321,
,,,2.514E-07,-0.180021047592163,0.196269355714321,
,,,2.51599999999999E-07,-0.113075435161591,0.195934627670795,
,,,2.518E-07,-0.0461298227310181,0.196101991692558,
,,,2.51999999999999E-07,-0.180021047592163,0.195599899627268,
,,,2.522E-07,-0.113075435161591,0.196101991692558,
,,,2.52399999999999E-07,-0.113075435161591,0.196771447779611,
,,,2.526E-07,-0.113075435161591,0.196604083757848,
,,,2.528E-07,-0.113075435161591,0.196604083757848,
,,,2.53E-07,-0.0461298227310181,0.195934627670795,
,,,2.532E-07,-0.0461298227310181,0.196269355714321,
,,,2.534E-07,-0.0461298227310181,0.196436719736084,
,,,2.536E-07,-0.0461298227310181,0.196604083757848,
,,,2.538E-07,-0.113075435161591,0.196604083757848,
,,,2.54E-07,-0.113075435161591,0.196436719736084,
,,,2.542E-07,-0.113075435161591,0.196436719736084,
,,,2.544E-07,-0.0461298227310181,0.196101991692558,
,,,2.546E-07,-0.113075435161591,0.196771447779611,
,,,2.548E-07,-0.113075435161591,0.196101991692558,
,,,2.55E-07,-0.113075435161591,0.195599899627268,
,,,2.552E-07,0.0208157896995544,0.196938811801374,
,,,2.554E-07,-0.113075435161591,0.196771447779611,
,,,2.556E-07,0.0208157896995544,0.196101991692558,
,,,2.558E-07,-0.0461298227310181,0.196771447779611,
,,,2.56E-07,-0.0461298227310181,0.196604083757848,
,,,2.562E-07,-0.0461298227310181,0.196436719736084,
,,,2.564E-07,-0.180021047592163,0.196269355714321,
,,,2.56599999999999E-07,-0.0461298227310181,0.195934627670795,
,,,2.568E-07,-0.113075435161591,0.196604083757848,
,,,2.56999999999999E-07,-0.180021047592163,0.195767263649032,
,,,2.572E-07,-0.0461298227310181,0.195934627670795,
,,,2.57399999999999E-07,-0.0461298227310181,0.195934627670795,
,,,2.576E-07,0.0208157896995544,0.196771447779611,
,,,2.57799999999999E-07,-0.180021047592163,0.196938811801374,
,,,2.58E-07,-0.0461298227310181,0.196269355714321,
,,,2.58199999999999E-07,-0.0461298227310181,0.196101991692558,
,,,2.584E-07,-0.113075435161591,0.196436719736084,
,,,2.586E-07,-0.0461298227310181,0.196436719736084,
,,,2.588E-07,-0.113075435161591,0.196436719736084,
,,,2.59E-07,-0.0461298227310181,0.196101991692558,
,,,2.592E-07,0.0208157896995544,0.195767263649032,
,,,2.594E-07,-0.180021047592163,0.196269355714321,
,,,2.596E-07,-0.113075435161591,0.196771447779611,
,,,2.598E-07,-0.0461298227310181,0.196771447779611,
,,,2.6E-07,0.0208157896995544,0.196101991692558,
,,,2.602E-07,-0.180021047592163,0.196604083757848,
,,,2.604E-07,-0.113075435161591,0.196604083757848,
,,,2.606E-07,-0.0461298227310181,0.196436719736084,
,,,2.608E-07,-0.113075435161591,0.1972735398449,
,,,2.61E-07,-0.113075435161591,0.196771447779611,
,,,2.612E-07,-0.0461298227310181,0.196101991692558,
,,,2.614E-07,-0.0461298227310181,0.196938811801374,
,,,2.616E-07,0.087761402130127,0.197106175823137,
,,,2.618E-07,-0.0461298227310181,0.197106175823137,
,,,2.62E-07,0.0208157896995544,0.197608267888427,
,,,2.622E-07,-0.0461298227310181,0.197608267888427,
,,,2.62399999999999E-07,-0.0461298227310181,0.197440903866664,
,,,2.626E-07,-0.0461298227310181,0.197942995931953,
,,,2.62799999999999E-07,-0.0461298227310181,0.197440903866664,
,,,2.63E-07,-0.0461298227310181,0.197106175823137,
,,,2.63199999999999E-07,0.0208157896995544,0.196938811801374,
,,,2.634E-07,-0.113075435161591,0.197440903866664,
,,,2.63599999999999E-07,-0.113075435161591,0.196938811801374,
,,,2.638E-07,-0.0461298227310181,0.1972735398449,
,,,2.64E-07,0.0208157896995544,0.197608267888427,
,,,2.642E-07,-0.0461298227310181,0.196771447779611,
,,,2.644E-07,0.0208157896995544,0.195934627670795,
,,,2.646E-07,-0.0461298227310181,0.196771447779611,
,,,2.648E-07,-0.113075435161591,0.196604083757848,
,,,2.65E-07,-0.0461298227310181,0.196269355714321,
,,,2.652E-07,-0.0461298227310181,0.197440903866664,
,,,2.654E-07,-0.0461298227310181,0.196938811801374,
,,,2.656E-07,0.0208157896995544,0.196938811801374,
,,,2.658E-07,-0.180021047592163,0.196938811801374,
,,,2.66E-07,-0.0461298227310181,0.197106175823137,
,,,2.662E-07,-0.0461298227310181,0.196436719736084,
,,,2.664E-07,0.0208157896995544,0.196269355714321,
,,,2.666E-07,-0.113075435161591,0.196771447779611,
,,,2.668E-07,-0.113075435161591,0.197608267888427,
,,,2.67E-07,-0.113075435161591,0.1972735398449,
,,,2.672E-07,-0.0461298227310181,0.197106175823137,
,,,2.674E-07,-0.0461298227310181,0.196938811801374,
,,,2.676E-07,-0.113075435161591,0.196771447779611,
,,,2.67799999999999E-07,-0.113075435161591,0.196771447779611,
,,,2.68E-07,0.0208157896995544,0.196938811801374,
,,,2.68199999999999E-07,-0.0461298227310181,0.197106175823137,
,,,2.684E-07,0.087761402130127,0.196604083757848,
,,,2.68599999999999E-07,-0.0461298227310181,0.196604083757848,
,,,2.688E-07,-0.0461298227310181,0.196101991692558,
,,,2.68999999999999E-07,0.0208157896995544,0.196771447779611,
,,,2.692E-07,-0.0461298227310181,0.196604083757848,
,,,2.69399999999999E-07,-0.0461298227310181,0.197440903866664,
,,,2.696E-07,0.0208157896995544,0.196436719736084,
,,,2.698E-07,-0.0461298227310181,0.196938811801374,
,,,2.7E-07,0.0208157896995544,0.196269355714321,
,,,2.702E-07,-0.113075435161591,0.196771447779611,
,,,2.704E-07,0.087761402130127,0.197608267888427,
,,,2.706E-07,-0.0461298227310181,0.196771447779611,
,,,2.708E-07,0.0208157896995544,0.196938811801374,
,,,2.71E-07,-0.0461298227310181,0.198110359953716,
,,,2.712E-07,-0.113075435161591,0.196938811801374,
,,,2.714E-07,0.0208157896995544,0.1972735398449,
,,,2.716E-07,0.0208157896995544,0.197440903866664,
,,,2.718E-07,0.0208157896995544,0.197608267888427,
,,,2.72E-07,-0.0461298227310181,0.197440903866664,
,,,2.722E-07,-0.0461298227310181,0.197608267888427,
,,,2.724E-07,-0.0461298227310181,0.197106175823137,
,,,2.726E-07,-0.0461298227310181,0.197106175823137,
,,,2.728E-07,0.0208157896995544,0.196938811801374,
,,,2.73E-07,-0.0461298227310181,0.196604083757848,
,,,2.732E-07,0.0208157896995544,0.196269355714321,
,,,2.734E-07,-0.0461298227310181,0.196269355714321,
,,,2.73599999999999E-07,-0.0461298227310181,0.196604083757848,
,,,2.738E-07,-0.0461298227310181,0.197106175823137,
,,,2.73999999999999E-07,0.087761402130127,0.196604083757848,
,,,2.742E-07,-0.0461298227310181,0.1972735398449,
,,,2.74399999999999E-07,0.0208157896995544,0.197106175823137,
,,,2.746E-07,0.087761402130127,0.196938811801374,
,,,2.74799999999999E-07,0.221652626991272,0.196771447779611,
,,,2.75E-07,0.0208157896995544,0.1972735398449,
,,,2.752E-07,-0.0461298227310181,0.197608267888427,
,,,2.754E-07,0.087761402130127,0.196771447779611,
,,,2.756E-07,0.087761402130127,0.197106175823137,
,,,2.758E-07,0.154707014560699,0.196604083757848,
,,,2.76E-07,0.0208157896995544,0.1972735398449,
,,,2.762E-07,0.0208157896995544,0.197440903866664,
,,,2.764E-07,0.087761402130127,0.197106175823137,
,,,2.766E-07,0.154707014560699,0.1972735398449,
,,,2.768E-07,0.087761402130127,0.196938811801374,
,,,2.77E-07,0.0208157896995544,0.1972735398449,
,,,2.772E-07,0.087761402130127,0.195934627670795,
,,,2.774E-07,0.0208157896995544,0.196938811801374,
,,,2.776E-07,0.087761402130127,0.197106175823137,
,,,2.778E-07,0.221652626991272,0.196771447779611,
,,,2.78E-07,0.087761402130127,0.197608267888427,
,,,2.782E-07,0.087761402130127,0.196938811801374,
,,,2.784E-07,0.154707014560699,0.196771447779611,
,,,2.786E-07,0.0208157896995544,0.1972735398449,
,,,2.788E-07,0.154707014560699,0.197440903866664,
,,,2.78999999999999E-07,0.0208157896995544,0.197440903866664,
,,,2.792E-07,0.154707014560699,0.197608267888427,
,,,2.79399999999999E-07,0.154707014560699,0.197440903866664,
,,,2.796E-07,0.087761402130127,0.197608267888427,
,,,2.79799999999999E-07,0.087761402130127,0.197942995931953,
,,,2.8E-07,0.087761402130127,0.196771447779611,
,,,2.80199999999999E-07,0.0208157896995544,0.197608267888427,
,,,2.804E-07,0.0208157896995544,0.198445087997243,
,,,2.80599999999999E-07,0.154707014560699,0.197608267888427,
,,,2.808E-07,0.221652626991272,0.19777563191019,
,,,2.81E-07,0.154707014560699,0.197440903866664,
,,,2.812E-07,0.221652626991272,0.197608267888427,
,,,2.814E-07,0.154707014560699,0.197440903866664,
,,,2.816E-07,0.154707014560699,0.1972735398449,
,,,2.818E-07,0.154707014560699,0.197608267888427,
,,,2.82E-07,0.154707014560699,0.19777563191019,
,,,2.822E-07,0.154707014560699,0.197608267888427,
,,,2.824E-07,0.221652626991272,0.1972735398449,
,,,2.826E-07,0.154707014560699,0.198110359953716,
,,,2.828E-07,0.087761402130127,0.197608267888427,
,,,2.83E-07,0.221652626991272,0.197942995931953,
,,,2.832E-07,0.221652626991272,0.197106175823137,
,,,2.834E-07,0.154707014560699,0.197942995931953,
,,,2.836E-07,0.154707014560699,0.198445087997243,
,,,2.838E-07,0.154707014560699,0.198110359953716,
,,,2.84E-07,0.0208157896995544,0.1972735398449,
,,,2.842E-07,0.221652626991272,0.197942995931953,
,,,2.844E-07,0.154707014560699,0.197608267888427,
,,,2.846E-07,0.087761402130127,0.197608267888427,
,,,2.84799999999999E-07,0.221652626991272,0.197942995931953,
,,,2.85E-07,0.0208157896995544,0.197440903866664,
,,,2.85199999999999E-07,0.087761402130127,0.197608267888427,
,,,2.854E-07,0.154707014560699,0.198110359953716,
,,,2.85599999999999E-07,0.221652626991272,0.198110359953716,
,,,2.858E-07,0.087761402130127,0.197942995931953,
,,,2.85999999999999E-07,0.154707014560699,0.197106175823137,
,,,2.862E-07,0.154707014560699,0.198110359953716,
,,,2.86399999999999E-07,0.154707014560699,0.197440903866664,
,,,2.866E-07,0.154707014560699,0.197106175823137,
,,,2.868E-07,0.221652626991272,0.197440903866664,
,,,2.87E-07,0.154707014560699,0.198110359953716,
,,,2.872E-07,0.221652626991272,0.19777563191019,
,,,2.874E-07,0.221652626991272,0.197608267888427,
,,,2.876E-07,0.221652626991272,0.198110359953716,
,,,2.878E-07,0.221652626991272,0.197440903866664,
,,,2.88E-07,0.087761402130127,0.19777563191019,
,,,2.882E-07,0.221652626991272,0.197608267888427,
,,,2.884E-07,0.154707014560699,0.197106175823137,
,,,2.886E-07,0.154707014560699,0.1972735398449,
,,,2.888E-07,0.154707014560699,0.197608267888427,
,,,2.89E-07,0.154707014560699,0.197942995931953,
,,,2.892E-07,0.154707014560699,0.197440903866664,
,,,2.894E-07,0.154707014560699,0.19777563191019,
,,,2.896E-07,0.221652626991272,0.19777563191019,
,,,2.898E-07,0.154707014560699,0.1972735398449,
,,,2.9E-07,0.221652626991272,0.198612452019006,
,,,2.902E-07,0.087761402130127,0.19777563191019,
,,,2.904E-07,0.087761402130127,0.196938811801374,
,,,2.90599999999999E-07,0.154707014560699,0.196938811801374,
,,,2.908E-07,0.154707014560699,0.19777563191019,
,,,2.90999999999999E-07,0.154707014560699,0.197942995931953,
,,,2.912E-07,0.154707014560699,0.197942995931953,
,,,2.91399999999999E-07,-0.0461298227310181,0.197942995931953,
,,,2.916E-07,0.154707014560699,0.1972735398449,
,,,2.91799999999999E-07,0.221652626991272,0.1972735398449,
,,,2.92E-07,0.221652626991272,0.197942995931953,
,,,2.922E-07,0.087761402130127,0.197440903866664,
,,,2.924E-07,0.154707014560699,0.1972735398449,
,,,2.926E-07,0.154707014560699,0.198110359953716,
,,,2.928E-07,0.087761402130127,0.198445087997243,
,,,2.93E-07,-0.0461298227310181,0.198110359953716,
,,,2.932E-07,0.087761402130127,0.19777563191019,
,,,2.934E-07,0.087761402130127,0.19777563191019,
,,,2.936E-07,0.154707014560699,0.19777563191019,
,,,2.938E-07,0.087761402130127,0.197942995931953,
,,,2.94E-07,0.221652626991272,0.197942995931953,
,,,2.942E-07,0.154707014560699,0.197942995931953,
,,,2.944E-07,0.221652626991272,0.198110359953716,
,,,2.946E-07,0.221652626991272,0.196938811801374,
,,,2.948E-07,0.0208157896995544,0.19827772397548,
,,,2.95E-07,0.087761402130127,0.19827772397548,
,,,2.952E-07,0.154707014560699,0.19827772397548,
,,,2.954E-07,0.087761402130127,0.197608267888427,
,,,2.956E-07,0.221652626991272,0.196938811801374,
,,,2.958E-07,0.154707014560699,0.197106175823137,
,,,2.95999999999999E-07,0.154707014560699,0.197106175823137,
,,,2.962E-07,0.087761402130127,0.19777563191019,
,,,2.96399999999999E-07,0.154707014560699,0.197608267888427,
,,,2.966E-07,0.0208157896995544,0.198110359953716,
,,,2.96799999999999E-07,0.087761402130127,0.197942995931953,
,,,2.97E-07,0.087761402130127,0.197106175823137,
,,,2.97199999999999E-07,0.0208157896995544,0.196938811801374,
,,,2.974E-07,0.087761402130127,0.198612452019006,
,,,2.97599999999999E-07,0.154707014560699,0.19777563191019,
,,,2.978E-07,-0.0461298227310181,0.196604083757848,
,,,2.98E-07,0.087761402130127,0.1972735398449,
,,,2.982E-07,0.221652626991272,0.197942995931953,
,,,2.984E-07,0.154707014560699,0.197440903866664,
,,,2.986E-07,0.087761402130127,0.19777563191019,
,,,2.988E-07,0.087761402130127,0.198110359953716,
,,,2.99E-07,0.087761402130127,0.197440903866664,
,,,2.992E-07,-0.0461298227310181,0.197106175823137,
,,,2.994E-07,0.087761402130127,0.197608267888427,
,,,2.996E-07,0.087761402130127,0.197106175823137,
,,,2.998E-07,-0.0461298227310181,0.1972735398449,
,,,3E-07,0.087761402130127,0.197440903866664,
,,,3.002E-07,0.087761402130127,0.197440903866664,
,,,3.004E-07,0.087761402130127,0.197106175823137,
,,,3.006E-07,0.087761402130127,0.197942995931953,
,,,3.008E-07,0.0208157896995544,0.197106175823137,
,,,3.01E-07,0.0208157896995544,0.1972735398449,
,,,3.012E-07,0.0208157896995544,0.197106175823137,
,,,3.014E-07,0.0208157896995544,0.197106175823137,
,,,3.016E-07,0.154707014560699,0.197440903866664,
,,,3.01799999999999E-07,0.087761402130127,0.197608267888427,
,,,3.02E-07,0.0208157896995544,0.197440903866664,
,,,3.02199999999999E-07,-0.0461298227310181,0.196436719736084,
,,,3.024E-07,0.087761402130127,0.19777563191019,
,,,3.02599999999999E-07,0.0208157896995544,0.19777563191019,
,,,3.028E-07,0.0208157896995544,0.197608267888427,
,,,3.02999999999999E-07,0.087761402130127,0.198110359953716,
,,,3.032E-07,0.154707014560699,0.197608267888427,
,,,3.034E-07,0.0208157896995544,0.19777563191019,
,,,3.036E-07,0.0208157896995544,0.197608267888427,
,,,3.038E-07,0.087761402130127,0.19827772397548,
,,,3.04E-07,0.0208157896995544,0.19777563191019,
,,,3.042E-07,-0.113075435161591,0.1972735398449,
,,,3.044E-07,-0.0461298227310181,0.197942995931953,
,,,3.046E-07,0.087761402130127,0.19777563191019,
,,,3.048E-07,0.0208157896995544,0.198110359953716,
,,,3.05E-07,-0.113075435161591,0.19827772397548,
,,,3.052E-07,0.087761402130127,0.198110359953716,
,,,3.054E-07,0.087761402130127,0.19827772397548,
,,,3.056E-07,0.0208157896995544,0.197942995931953,
,,,3.058E-07,-0.0461298227310181,0.198779816040769,
,,,3.06E-07,0.0208157896995544,0.197440903866664,
,,,3.062E-07,-0.0461298227310181,0.19777563191019,
,,,3.064E-07,0.0208157896995544,0.198445087997243,
,,,3.066E-07,0.0208157896995544,0.197942995931953,
,,,3.068E-07,0.087761402130127,0.197608267888427,
,,,3.07E-07,0.0208157896995544,0.198612452019006,
,,,3.07199999999999E-07,-0.0461298227310181,0.198110359953716,
,,,3.074E-07,0.087761402130127,0.197942995931953,
,,,3.07599999999999E-07,-0.0461298227310181,0.197608267888427,
,,,3.078E-07,-0.0461298227310181,0.1972735398449,
,,,3.07999999999999E-07,0.087761402130127,0.19777563191019,
,,,3.082E-07,-0.113075435161591,0.1972735398449,
,,,3.08399999999999E-07,0.0208157896995544,0.19827772397548,
,,,3.086E-07,0.087761402130127,0.197608267888427,
,,,3.08799999999999E-07,0.0208157896995544,0.197942995931953,
,,,3.09E-07,-0.113075435161591,0.197608267888427,
,,,3.092E-07,0.087761402130127,0.196938811801374,
,,,3.094E-07,0.087761402130127,0.197942995931953,
,,,3.096E-07,0.0208157896995544,0.196938811801374,
,,,3.098E-07,0.0208157896995544,0.1972735398449,
,,,3.1E-07,0.0208157896995544,0.197440903866664,
,,,3.102E-07,0.0208157896995544,0.196938811801374,
,,,3.104E-07,0.087761402130127,0.197608267888427,
,,,3.106E-07,-0.0461298227310181,0.197106175823137,
,,,3.108E-07,0.0208157896995544,0.197440903866664,
,,,3.11E-07,0.087761402130127,0.19777563191019,
,,,3.112E-07,0.0208157896995544,0.197942995931953,
,,,3.114E-07,0.0208157896995544,0.197440903866664,
,,,3.116E-07,0.0208157896995544,0.197608267888427,
,,,3.118E-07,-0.0461298227310181,0.197440903866664,
,,,3.12E-07,-0.0461298227310181,0.197440903866664,
,,,3.122E-07,0.0208157896995544,0.1972735398449,
,,,3.124E-07,0.087761402130127,0.197440903866664,
,,,3.126E-07,0.0208157896995544,0.197608267888427,
,,,3.128E-07,0.0208157896995544,0.19777563191019,
,,,3.12999999999999E-07,-0.0461298227310181,0.197608267888427,
,,,3.132E-07,0.087761402130127,0.197608267888427,
,,,3.13399999999999E-07,0.0208157896995544,0.1972735398449,
,,,3.136E-07,0.0208157896995544,0.197106175823137,
,,,3.13799999999999E-07,0.0208157896995544,0.1972735398449,
,,,3.14E-07,-0.0461298227310181,0.19777563191019,
,,,3.14199999999999E-07,-0.0461298227310181,0.197608267888427,
,,,3.144E-07,0.0208157896995544,0.19777563191019,
,,,3.146E-07,0.0208157896995544,0.196938811801374,
,,,3.148E-07,0.0208157896995544,0.196604083757848,
,,,3.15E-07,0.0208157896995544,0.196269355714321,
,,,3.152E-07,0.087761402130127,0.1972735398449,
,,,3.154E-07,0.0208157896995544,0.197608267888427,
,,,3.156E-07,0.0208157896995544,0.196269355714321,
,,,3.158E-07,0.0208157896995544,0.197106175823137,
,,,3.16E-07,-0.0461298227310181,0.196938811801374,
,,,3.162E-07,0.0208157896995544,0.196604083757848,
,,,3.164E-07,0.0208157896995544,0.197106175823137,
,,,3.166E-07,0.0208157896995544,0.196771447779611,
,,,3.168E-07,-0.0461298227310181,0.197106175823137,
,,,3.17E-07,-0.0461298227310181,0.196771447779611,
,,,3.172E-07,0.0208157896995544,0.196771447779611,
,,,3.174E-07,0.0208157896995544,0.196771447779611,
,,,3.176E-07,0.087761402130127,0.196771447779611,
,,,3.178E-07,-0.0461298227310181,0.196436719736084,
,,,3.18E-07,0.0208157896995544,0.197106175823137,
,,,3.182E-07,-0.0461298227310181,0.197608267888427,
,,,3.184E-07,0.0208157896995544,0.197106175823137,
,,,3.186E-07,-0.0461298227310181,0.1972735398449,
,,,3.18799999999999E-07,0.0208157896995544,0.1972735398449,
,,,3.19E-07,-0.0461298227310181,0.197106175823137,
,,,3.19199999999999E-07,0.087761402130127,0.195934627670795,
,,,3.194E-07,-0.0461298227310181,0.196771447779611,
,,,3.19599999999999E-07,0.087761402130127,0.197106175823137,
,,,3.198E-07,-0.0461298227310181,0.196771447779611,
,,,3.19999999999999E-07,0.0208157896995544,0.196771447779611,
,,,3.202E-07,0.087761402130127,0.197106175823137,
,,,3.204E-07,0.0208157896995544,0.196938811801374,
,,,3.206E-07,-0.0461298227310181,0.196269355714321,
,,,3.208E-07,0.0208157896995544,0.196604083757848,
,,,3.21E-07,-0.0461298227310181,0.197106175823137,
,,,3.212E-07,0.0208157896995544,0.196938811801374,
,,,3.214E-07,0.0208157896995544,0.196269355714321,
,,,3.216E-07,0.0208157896995544,0.1972735398449,
,,,3.218E-07,-0.0461298227310181,0.197106175823137,
,,,3.22E-07,0.087761402130127,0.196771447779611,
,,,3.222E-07,0.0208157896995544,0.197440903866664,
,,,3.224E-07,0.0208157896995544,0.197942995931953,
,,,3.226E-07,0.0208157896995544,0.19827772397548,
,,,3.228E-07,0.0208157896995544,0.196938811801374,
,,,3.23E-07,0.0208157896995544,0.196604083757848,
,,,3.232E-07,0.087761402130127,0.1972735398449,
,,,3.234E-07,-0.180021047592163,0.196771447779611,
,,,3.236E-07,0.0208157896995544,0.1972735398449,
,,,3.238E-07,0.0208157896995544,0.197440903866664,
,,,3.24E-07,0.0208157896995544,0.196938811801374,
,,,3.24199999999999E-07,-0.0461298227310181,0.197440903866664,
,,,3.244E-07,0.0208157896995544,0.198110359953716,
,,,3.24599999999999E-07,0.0208157896995544,0.197440903866664,
,,,3.248E-07,0.0208157896995544,0.1972735398449,
,,,3.24999999999999E-07,0.0208157896995544,0.197440903866664,
,,,3.252E-07,0.087761402130127,0.198110359953716,
,,,3.25399999999999E-07,-0.0461298227310181,0.197608267888427,
,,,3.256E-07,0.0208157896995544,0.196938811801374,
,,,3.25799999999999E-07,0.087761402130127,0.197440903866664,
,,,3.26E-07,0.087761402130127,0.196771447779611,
,,,3.262E-07,0.0208157896995544,0.196938811801374,
,,,3.264E-07,0.0208157896995544,0.196771447779611,
,,,3.266E-07,0.154707014560699,0.196938811801374,
,,,3.268E-07,-0.113075435161591,0.197106175823137,
,,,3.27E-07,-0.113075435161591,0.196938811801374,
,,,3.272E-07,0.0208157896995544,0.196938811801374,
,,,3.274E-07,0.0208157896995544,0.196604083757848,
,,,3.276E-07,0.0208157896995544,0.196604083757848,
,,,3.278E-07,0.0208157896995544,0.1972735398449,
,,,3.28E-07,0.087761402130127,0.196938811801374,
,,,3.282E-07,-0.113075435161591,0.196938811801374,
,,,3.284E-07,0.087761402130127,0.197106175823137,
,,,3.286E-07,0.0208157896995544,0.196771447779611,
,,,3.288E-07,-0.0461298227310181,0.196436719736084,
,,,3.29E-07,-0.0461298227310181,0.197106175823137,
,,,3.292E-07,-0.113075435161591,0.196771447779611,
,,,3.294E-07,-0.0461298227310181,0.197440903866664,
,,,3.296E-07,0.0208157896995544,0.196604083757848,
,,,3.298E-07,-0.0461298227310181,0.197106175823137,
,,,3.29999999999999E-07,-0.0461298227310181,0.1972735398449,
,,,3.302E-07,0.0208157896995544,0.197440903866664,
,,,3.30399999999999E-07,0.0208157896995544,0.196269355714321,
,,,3.306E-07,-0.0461298227310181,0.196771447779611,
,,,3.30799999999999E-07,0.0208157896995544,0.196269355714321,
,,,3.31E-07,-0.0461298227310181,0.196938811801374,
,,,3.31199999999999E-07,-0.113075435161591,0.196771447779611,
,,,3.314E-07,-0.113075435161591,0.196604083757848,
,,,3.316E-07,-0.0461298227310181,0.197106175823137,
,,,3.318E-07,-0.0461298227310181,0.196436719736084,
,,,3.32E-07,-0.0461298227310181,0.196938811801374,
,,,3.322E-07,0.0208157896995544,0.196938811801374,
,,,3.324E-07,0.0208157896995544,0.196938811801374,
,,,3.326E-07,-0.113075435161591,0.196604083757848,
,,,3.328E-07,0.0208157896995544,0.196938811801374,
,,,3.33E-07,0.087761402130127,0.196436719736084,
,,,3.332E-07,-0.0461298227310181,0.197106175823137,
,,,3.334E-07,0.0208157896995544,0.1972735398449,
,,,3.336E-07,-0.0461298227310181,0.196771447779611,
,,,3.338E-07,-0.0461298227310181,0.196604083757848,
,,,3.34E-07,-0.113075435161591,0.196938811801374,
,,,3.342E-07,-0.113075435161591,0.196269355714321,
,,,3.344E-07,0.0208157896995544,0.196604083757848,
,,,3.346E-07,-0.113075435161591,0.196436719736084,
,,,3.348E-07,-0.0461298227310181,0.196938811801374,
,,,3.35E-07,-0.0461298227310181,0.196771447779611,
,,,3.352E-07,-0.0461298227310181,0.196938811801374,
,,,3.35399999999999E-07,-0.0461298227310181,0.196269355714321,
,,,3.356E-07,-0.113075435161591,0.197106175823137,
,,,3.35799999999999E-07,0.0208157896995544,0.196938811801374,
,,,3.36E-07,0.0208157896995544,0.196771447779611,
,,,3.36199999999999E-07,-0.113075435161591,0.196604083757848,
,,,3.364E-07,-0.113075435161591,0.196938811801374,
,,,3.36599999999999E-07,0.0208157896995544,0.196604083757848,
,,,3.368E-07,-0.0461298227310181,0.196101991692558,
,,,3.36999999999999E-07,-0.113075435161591,0.196604083757848,
,,,3.372E-07,-0.0461298227310181,0.196771447779611,
,,,3.374E-07,0.087761402130127,0.195934627670795,
,,,3.376E-07,-0.113075435161591,0.196436719736084,
,,,3.378E-07,-0.113075435161591,0.196771447779611,
,,,3.38E-07,-0.0461298227310181,0.196269355714321,
,,,3.382E-07,-0.113075435161591,0.196269355714321,
,,,3.384E-07,0.0208157896995544,0.196269355714321,
,,,3.386E-07,-0.113075435161591,0.196101991692558,
,,,3.388E-07,0.0208157896995544,0.196269355714321,
,,,3.39E-07,-0.0461298227310181,0.196269355714321,
,,,3.392E-07,-0.0461298227310181,0.196269355714321,
,,,3.394E-07,0.087761402130127,0.196604083757848,
,,,3.396E-07,-0.113075435161591,0.195934627670795,
,,,3.398E-07,-0.0461298227310181,0.195767263649032,
,,,3.4E-07,0.0208157896995544,0.196101991692558,
,,,3.402E-07,-0.113075435161591,0.195934627670795,
,,,3.404E-07,-0.113075435161591,0.196436719736084,
,,,3.406E-07,0.0208157896995544,0.195599899627268,
,,,3.408E-07,0.087761402130127,0.196771447779611,
,,,3.41E-07,-0.113075435161591,0.196938811801374,
,,,3.41199999999999E-07,-0.0461298227310181,0.195934627670795,
,,,3.414E-07,0.0208157896995544,0.196604083757848,
,,,3.41599999999999E-07,-0.113075435161591,0.196101991692558,
,,,3.418E-07,-0.0461298227310181,0.195599899627268,
,,,3.41999999999999E-07,0.0208157896995544,0.196938811801374,
,,,3.422E-07,0.0208157896995544,0.197608267888427,
,,,3.42399999999999E-07,0.0208157896995544,0.196938811801374,
,,,3.426E-07,-0.113075435161591,0.196436719736084,
,,,3.428E-07,0.0208157896995544,0.196938811801374,
,,,3.43E-07,0.087761402130127,0.196269355714321,
,,,3.432E-07,-0.0461298227310181,0.196101991692558,
,,,3.434E-07,-0.0461298227310181,0.1972735398449,
,,,3.436E-07,-0.0461298227310181,0.1972735398449,
,,,3.438E-07,-0.0461298227310181,0.197106175823137,
,,,3.44E-07,0.0208157896995544,0.1972735398449,
,,,3.442E-07,-0.113075435161591,0.197106175823137,
,,,3.444E-07,0.0208157896995544,0.196771447779611,
,,,3.446E-07,-0.0461298227310181,0.196771447779611,
,,,3.448E-07,0.087761402130127,0.196436719736084,
,,,3.45E-07,-0.0461298227310181,0.196604083757848,
,,,3.452E-07,0.0208157896995544,0.197106175823137,
,,,3.454E-07,0.087761402130127,0.196436719736084,
,,,3.456E-07,-0.0461298227310181,0.196604083757848,
,,,3.458E-07,0.0208157896995544,0.196938811801374,
,,,3.46E-07,0.0208157896995544,0.196436719736084,
,,,3.462E-07,0.0208157896995544,0.196771447779611,
,,,3.464E-07,0.0208157896995544,0.1972735398449,
,,,3.466E-07,-0.113075435161591,0.196604083757848,
,,,3.468E-07,0.087761402130127,0.196101991692558,
,,,3.46999999999999E-07,-0.0461298227310181,0.196938811801374,
,,,3.472E-07,0.154707014560699,0.197106175823137,
,,,3.47399999999999E-07,-0.0461298227310181,0.1972735398449,
,,,3.476E-07,0.0208157896995544,0.196938811801374,
,,,3.47799999999999E-07,0.0208157896995544,0.197440903866664,
,,,3.48E-07,-0.0461298227310181,0.196604083757848,
,,,3.48199999999999E-07,0.0208157896995544,0.196771447779611,
,,,3.484E-07,-0.0461298227310181,0.196604083757848,
,,,3.486E-07,0.0208157896995544,0.197608267888427,
,,,3.488E-07,0.0208157896995544,0.196436719736084,
,,,3.49E-07,-0.0461298227310181,0.196101991692558,
,,,3.492E-07,0.154707014560699,0.196771447779611,
,,,3.494E-07,0.0208157896995544,0.197440903866664,
,,,3.496E-07,0.0208157896995544,0.196604083757848,
,,,3.498E-07,-0.0461298227310181,0.196938811801374,
,,,3.5E-07,-0.0461298227310181,0.197106175823137,
,,,3.502E-07,-0.0461298227310181,0.197440903866664,
,,,3.504E-07,0.154707014560699,0.197106175823137,
,,,3.506E-07,0.0208157896995544,0.196771447779611,
,,,3.508E-07,0.0208157896995544,0.196938811801374,
,,,3.51E-07,0.0208157896995544,0.197440903866664,
,,,3.512E-07,0.154707014560699,0.196771447779611,
,,,3.514E-07,0.0208157896995544,0.197106175823137,
,,,3.516E-07,0.087761402130127,0.196269355714321,
,,,3.518E-07,0.087761402130127,0.196938811801374,
,,,3.52E-07,0.087761402130127,0.1972735398449,
,,,3.522E-07,0.154707014560699,0.197106175823137,
,,,3.52399999999999E-07,0.087761402130127,0.1972735398449,
,,,3.526E-07,-0.0461298227310181,0.196604083757848,
,,,3.52799999999999E-07,0.087761402130127,0.197440903866664,
,,,3.53E-07,0.087761402130127,0.197440903866664,
,,,3.53199999999999E-07,0.087761402130127,0.197440903866664,
,,,3.534E-07,0.087761402130127,0.1972735398449,
,,,3.53599999999999E-07,0.154707014560699,0.19777563191019,
,,,3.538E-07,0.0208157896995544,0.1972735398449,
,,,3.53999999999999E-07,0.087761402130127,0.197440903866664,
,,,3.542E-07,-0.0461298227310181,0.197106175823137,
,,,3.544E-07,-0.0461298227310181,0.196938811801374,
,,,3.546E-07,0.087761402130127,0.196604083757848,
,,,3.548E-07,0.087761402130127,0.197440903866664,
,,,3.55E-07,-0.0461298227310181,0.1972735398449,
,,,3.552E-07,0.087761402130127,0.197440903866664,
,,,3.554E-07,0.0208157896995544,0.197106175823137,
,,,3.556E-07,0.087761402130127,0.1972735398449,
,,,3.558E-07,0.154707014560699,0.196604083757848,
,,,3.56E-07,0.221652626991272,0.196604083757848,
,,,3.562E-07,-0.0461298227310181,0.197106175823137,
,,,3.564E-07,0.0208157896995544,0.196938811801374,
,,,3.566E-07,0.0208157896995544,0.196771447779611,
,,,3.568E-07,0.0208157896995544,0.196604083757848,
,,,3.57E-07,0.0208157896995544,0.197106175823137,
,,,3.572E-07,0.0208157896995544,0.1972735398449,
,,,3.574E-07,-0.0461298227310181,0.196771447779611,
,,,3.576E-07,0.087761402130127,0.196938811801374,
,,,3.578E-07,0.0208157896995544,0.197440903866664,
,,,3.58E-07,0.087761402130127,0.196436719736084,
,,,3.58199999999999E-07,0.087761402130127,0.197106175823137,
,,,3.584E-07,0.087761402130127,0.196771447779611,
,,,3.58599999999999E-07,0.087761402130127,0.196604083757848,
,,,3.588E-07,0.0208157896995544,0.196436719736084,
,,,3.58999999999999E-07,0.154707014560699,0.196771447779611,
,,,3.592E-07,0.154707014560699,0.197106175823137,
,,,3.59399999999999E-07,0.0208157896995544,0.196604083757848,
,,,3.596E-07,0.0208157896995544,0.196269355714321,
,,,3.598E-07,0.087761402130127,0.197106175823137,
,,,3.6E-07,0.087761402130127,0.196771447779611,
,,,3.602E-07,-0.0461298227310181,0.197440903866664,
,,,3.604E-07,0.087761402130127,0.19777563191019,
,,,3.606E-07,0.087761402130127,0.197440903866664,
,,,3.608E-07,0.087761402130127,0.197106175823137,
,,,3.61E-07,0.0208157896995544,0.1972735398449,
,,,3.612E-07,-0.0461298227310181,0.197608267888427,
,,,3.614E-07,0.0208157896995544,0.197942995931953,
,,,3.616E-07,0.154707014560699,0.197440903866664,
,,,3.618E-07,0.0208157896995544,0.196269355714321,
,,,3.62E-07,0.0208157896995544,0.197440903866664,
,,,3.622E-07,0.087761402130127,0.198110359953716,
,,,3.624E-07,0.0208157896995544,0.1972735398449,
,,,3.626E-07,-0.0461298227310181,0.1972735398449,
,,,3.628E-07,0.154707014560699,0.197440903866664,
,,,3.63E-07,-0.0461298227310181,0.197106175823137,
,,,3.632E-07,0.0208157896995544,0.198110359953716,
,,,3.634E-07,0.0208157896995544,0.197440903866664,
,,,3.63599999999999E-07,-0.0461298227310181,0.1972735398449,
,,,3.638E-07,-0.0461298227310181,0.19777563191019,
,,,3.63999999999999E-07,0.087761402130127,0.19777563191019,
,,,3.642E-07,0.0208157896995544,0.197440903866664,
,,,3.64399999999999E-07,0.221652626991272,0.197608267888427,
,,,3.646E-07,0.087761402130127,0.197608267888427,
,,,3.64799999999999E-07,0.087761402130127,0.196771447779611,
,,,3.65E-07,0.087761402130127,0.19777563191019,
,,,3.65199999999999E-07,0.0208157896995544,0.19777563191019,
,,,3.654E-07,0.087761402130127,0.197440903866664,
,,,3.656E-07,0.087761402130127,0.19777563191019,
,,,3.658E-07,-0.0461298227310181,0.198110359953716,
,,,3.66E-07,-0.0461298227310181,0.198110359953716,
,,,3.662E-07,0.087761402130127,0.19777563191019,
,,,3.664E-07,0.154707014560699,0.198110359953716,
,,,3.666E-07,0.0208157896995544,0.198110359953716,
,,,3.668E-07,0.0208157896995544,0.19777563191019,
,,,3.67E-07,0.0208157896995544,0.19777563191019,
,,,3.672E-07,-0.0461298227310181,0.196938811801374,
,,,3.674E-07,0.0208157896995544,0.1972735398449,
,,,3.676E-07,0.0208157896995544,0.197440903866664,
,,,3.678E-07,0.0208157896995544,0.1972735398449,
,,,3.68E-07,0.154707014560699,0.198110359953716,
,,,3.682E-07,0.0208157896995544,0.197440903866664,
,,,3.684E-07,0.0208157896995544,0.197608267888427,
,,,3.686E-07,0.0208157896995544,0.197942995931953,
,,,3.688E-07,0.0208157896995544,0.197608267888427,
,,,3.69E-07,-0.0461298227310181,0.19777563191019,
,,,3.692E-07,-0.0461298227310181,0.198110359953716,
,,,3.69399999999999E-07,-0.0461298227310181,0.197942995931953,
,,,3.696E-07,0.087761402130127,0.197106175823137,
,,,3.69799999999999E-07,0.0208157896995544,0.197106175823137,
,,,3.7E-07,0.0208157896995544,0.19777563191019,
,,,3.70199999999999E-07,0.087761402130127,0.197942995931953,
,,,3.704E-07,0.087761402130127,0.1972735398449,
,,,3.70599999999999E-07,0.0208157896995544,0.19777563191019,
,,,3.708E-07,0.154707014560699,0.197106175823137,
,,,3.71E-07,0.0208157896995544,0.196938811801374,
,,,3.712E-07,0.0208157896995544,0.196436719736084,
,,,3.714E-07,0.087761402130127,0.196604083757848,
,,,3.716E-07,0.0208157896995544,0.197106175823137,
,,,3.718E-07,-0.0461298227310181,0.197440903866664,
,,,3.72E-07,-0.0461298227310181,0.196269355714321,
,,,3.722E-07,-0.0461298227310181,0.196269355714321,
,,,3.724E-07,0.087761402130127,0.197440903866664,
,,,3.726E-07,0.0208157896995544,0.1972735398449,
,,,3.728E-07,0.087761402130127,0.196938811801374,
,,,3.73E-07,-0.0461298227310181,0.1972735398449,
,,,3.732E-07,0.0208157896995544,0.197106175823137,
,,,3.734E-07,0.087761402130127,0.197106175823137,
,,,3.736E-07,-0.0461298227310181,0.196771447779611,
,,,3.738E-07,-0.0461298227310181,0.197440903866664,
,,,3.74E-07,0.0208157896995544,0.196771447779611,
,,,3.742E-07,-0.0461298227310181,0.197106175823137,
,,,3.744E-07,0.087761402130127,0.196938811801374,
,,,3.746E-07,-0.113075435161591,0.1972735398449,
,,,3.748E-07,0.087761402130127,0.196604083757848,
,,,3.75E-07,0.154707014560699,0.196938811801374,
,,,3.75199999999999E-07,0.0208157896995544,0.197106175823137,
,,,3.754E-07,0.0208157896995544,0.197440903866664,
,,,3.75599999999999E-07,0.0208157896995544,0.196771447779611,
,,,3.758E-07,-0.0461298227310181,0.196604083757848,
,,,3.75999999999999E-07,0.0208157896995544,0.1972735398449,
,,,3.762E-07,-0.113075435161591,0.196771447779611,
,,,3.76399999999999E-07,0.0208157896995544,0.196938811801374,
,,,3.766E-07,0.0208157896995544,0.196771447779611,
,,,3.768E-07,0.0208157896995544,0.197106175823137,
,,,3.77E-07,0.0208157896995544,0.196604083757848,
,,,3.772E-07,0.154707014560699,0.196771447779611,
,,,3.774E-07,0.0208157896995544,0.196938811801374,
,,,3.776E-07,-0.0461298227310181,0.197608267888427,
,,,3.778E-07,0.0208157896995544,0.196771447779611,
,,,3.78E-07,0.0208157896995544,0.197106175823137,
,,,3.782E-07,0.087761402130127,0.197440903866664,
,,,3.784E-07,0.087761402130127,0.197106175823137,
,,,3.786E-07,-0.0461298227310181,0.196604083757848,
,,,3.788E-07,0.087761402130127,0.196436719736084,
,,,3.79E-07,0.0208157896995544,0.1972735398449,
,,,3.792E-07,-0.0461298227310181,0.197440903866664,
,,,3.794E-07,-0.0461298227310181,0.196938811801374,
,,,3.796E-07,0.087761402130127,0.1972735398449,
,,,3.798E-07,-0.0461298227310181,0.197106175823137,
,,,3.8E-07,-0.0461298227310181,0.196771447779611,
,,,3.802E-07,-0.0461298227310181,0.196269355714321,
,,,3.804E-07,0.0208157896995544,0.197106175823137,
,,,3.80599999999999E-07,0.0208157896995544,0.1972735398449,
,,,3.808E-07,0.087761402130127,0.197942995931953,
,,,3.80999999999999E-07,-0.113075435161591,0.196938811801374,
,,,3.812E-07,0.0208157896995544,0.1972735398449,
,,,3.81399999999999E-07,0.0208157896995544,0.1972735398449,
,,,3.816E-07,0.0208157896995544,0.1972735398449,
,,,3.81799999999999E-07,0.0208157896995544,0.197942995931953,
,,,3.82E-07,0.0208157896995544,0.197106175823137,
,,,3.82199999999999E-07,0.0208157896995544,0.197608267888427,
,,,3.824E-07,0.0208157896995544,0.197608267888427,
,,,3.826E-07,0.0208157896995544,0.1972735398449,
,,,3.828E-07,0.0208157896995544,0.197608267888427,
,,,3.83E-07,0.0208157896995544,0.197440903866664,
,,,3.832E-07,-0.0461298227310181,0.1972735398449,
,,,3.834E-07,-0.0461298227310181,0.196938811801374,
,,,3.836E-07,0.087761402130127,0.197106175823137,
,,,3.838E-07,0.0208157896995544,0.196771447779611,
,,,3.84E-07,0.0208157896995544,0.197106175823137,
,,,3.842E-07,0.087761402130127,0.196771447779611,
,,,3.844E-07,-0.0461298227310181,0.196604083757848,
,,,3.846E-07,-0.0461298227310181,0.196269355714321,
,,,3.848E-07,0.087761402130127,0.196771447779611,
,,,3.85E-07,-0.0461298227310181,0.197106175823137,
,,,3.852E-07,-0.0461298227310181,0.197106175823137,
,,,3.854E-07,0.0208157896995544,0.196938811801374,
,,,3.856E-07,0.087761402130127,0.1972735398449,
,,,3.858E-07,-0.0461298227310181,0.196938811801374,
,,,3.86E-07,0.154707014560699,0.196604083757848,
,,,3.862E-07,0.0208157896995544,0.197608267888427,
,,,3.86399999999999E-07,-0.113075435161591,0.197440903866664,
,,,3.866E-07,0.0208157896995544,0.196436719736084,
,,,3.86799999999999E-07,0.0208157896995544,0.197440903866664,
,,,3.87E-07,0.0208157896995544,0.19777563191019,
,,,3.87199999999999E-07,0.087761402130127,0.196436719736084,
,,,3.874E-07,-0.0461298227310181,0.197106175823137,
,,,3.87599999999999E-07,0.0208157896995544,0.19777563191019,
,,,3.878E-07,0.0208157896995544,0.197942995931953,
,,,3.88E-07,0.0208157896995544,0.197608267888427,
,,,3.882E-07,-0.0461298227310181,0.197942995931953,
,,,3.884E-07,0.0208157896995544,0.197440903866664,
,,,3.886E-07,0.0208157896995544,0.197106175823137,
,,,3.888E-07,0.087761402130127,0.1972735398449,
,,,3.89E-07,-0.0461298227310181,0.1972735398449,
,,,3.892E-07,0.0208157896995544,0.197106175823137,
,,,3.894E-07,-0.0461298227310181,0.197106175823137,
,,,3.896E-07,0.087761402130127,0.197106175823137,
,,,3.898E-07,-0.0461298227310181,0.197608267888427,
,,,3.9E-07,0.087761402130127,0.197106175823137,
,,,3.902E-07,-0.0461298227310181,0.196938811801374,
,,,3.904E-07,0.0208157896995544,0.197942995931953,
,,,3.906E-07,0.154707014560699,0.197608267888427,
,,,3.908E-07,-0.0461298227310181,0.197106175823137,
,,,3.91E-07,0.087761402130127,0.197106175823137,
,,,3.912E-07,0.087761402130127,0.1972735398449,
,,,3.914E-07,-0.113075435161591,0.196436719736084,
,,,3.916E-07,-0.113075435161591,0.196604083757848,
,,,3.91799999999999E-07,0.0208157896995544,0.197608267888427,
,,,3.92E-07,0.154707014560699,0.196938811801374,
,,,3.92199999999999E-07,-0.0461298227310181,0.197106175823137,
,,,3.924E-07,0.087761402130127,0.196101991692558,
,,,3.92599999999999E-07,0.0208157896995544,0.196436719736084,
,,,3.928E-07,0.0208157896995544,0.197106175823137,
,,,3.92999999999999E-07,-0.0461298227310181,0.196771447779611,
,,,3.932E-07,0.0208157896995544,0.196771447779611,
,,,3.93399999999999E-07,0.0208157896995544,0.197106175823137,
,,,3.936E-07,0.087761402130127,0.197440903866664,
,,,3.938E-07,-0.113075435161591,0.196436719736084,
,,,3.94E-07,0.087761402130127,0.196604083757848,
,,,3.942E-07,0.0208157896995544,0.1972735398449,
,,,3.944E-07,0.087761402130127,0.196604083757848,
,,,3.946E-07,-0.0461298227310181,0.196604083757848,
,,,3.948E-07,0.0208157896995544,0.197106175823137,
,,,3.95E-07,0.0208157896995544,0.197106175823137,
,,,3.952E-07,0.0208157896995544,0.196938811801374,
,,,3.954E-07,-0.113075435161591,0.197440903866664,
,,,3.956E-07,-0.113075435161591,0.196771447779611,
,,,3.958E-07,0.0208157896995544,0.196604083757848,
,,,3.96E-07,0.087761402130127,0.196604083757848,
,,,3.962E-07,0.0208157896995544,0.196604083757848,
,,,3.964E-07,0.087761402130127,0.196771447779611,
,,,3.966E-07,0.0208157896995544,0.197440903866664,
,,,3.968E-07,-0.0461298227310181,0.197106175823137,
,,,3.97E-07,0.0208157896995544,0.197106175823137,
,,,3.972E-07,-0.0461298227310181,0.196604083757848,
,,,3.974E-07,0.087761402130127,0.196771447779611,
,,,3.97599999999999E-07,0.087761402130127,0.196771447779611,
,,,3.978E-07,-0.0461298227310181,0.1972735398449,
,,,3.97999999999999E-07,-0.0461298227310181,0.197106175823137,
,,,3.982E-07,0.0208157896995544,0.197106175823137,
,,,3.98399999999999E-07,0.087761402130127,0.197608267888427,
,,,3.986E-07,-0.0461298227310181,0.197106175823137,
,,,3.98799999999999E-07,0.0208157896995544,0.197608267888427,
,,,3.99E-07,0.0208157896995544,0.196771447779611,
,,,3.992E-07,-0.0461298227310181,0.197608267888427,
,,,3.994E-07,0.0208157896995544,0.1972735398449,
,,,3.996E-07,0.0208157896995544,0.197608267888427,
,,,3.998E-07,-0.0461298227310181,0.196938811801374,
,,,4E-07,0.087761402130127,0.197440903866664,
,,,4.002E-07,-0.0461298227310181,0.196771447779611,
,,,4.004E-07,-0.0461298227310181,0.197106175823137,
,,,4.006E-07,0.0208157896995544,0.197608267888427,
,,,4.008E-07,0.087761402130127,0.197106175823137,
,,,4.01E-07,0.0208157896995544,0.197608267888427,
,,,4.012E-07,0.0208157896995544,0.196771447779611,
,,,4.014E-07,-0.0461298227310181,0.1972735398449,
,,,4.016E-07,0.0208157896995544,0.19777563191019,
,,,4.018E-07,-0.0461298227310181,0.196938811801374,
,,,4.02E-07,0.154707014560699,0.197106175823137,
,,,4.022E-07,0.0208157896995544,0.197106175823137,
,,,4.024E-07,-0.0461298227310181,0.197608267888427,
,,,4.026E-07,-0.0461298227310181,0.196938811801374,
,,,4.028E-07,0.0208157896995544,0.196604083757848,
,,,4.03E-07,0.087761402130127,0.197440903866664,
,,,4.032E-07,-0.0461298227310181,0.1972735398449,
,,,4.03399999999999E-07,0.0208157896995544,0.19777563191019,
,,,4.036E-07,-0.0461298227310181,0.1972735398449,
,,,4.03799999999999E-07,-0.0461298227310181,0.197106175823137,
,,,4.04E-07,0.0208157896995544,0.1972735398449,
,,,4.04199999999999E-07,-0.0461298227310181,0.1972735398449,
,,,4.044E-07,-0.0461298227310181,0.196938811801374,
,,,4.04599999999999E-07,0.0208157896995544,0.1972735398449,
,,,4.048E-07,0.0208157896995544,0.19777563191019,
,,,4.05E-07,0.0208157896995544,0.196938811801374,
,,,4.052E-07,0.0208157896995544,0.197106175823137,
,,,4.054E-07,-0.0461298227310181,0.197106175823137,
,,,4.056E-07,-0.0461298227310181,0.197106175823137,
,,,4.058E-07,-0.0461298227310181,0.196938811801374,
,,,4.06E-07,0.0208157896995544,0.196771447779611,
,,,4.062E-07,0.0208157896995544,0.197608267888427,
,,,4.064E-07,0.0208157896995544,0.196604083757848,
,,,4.066E-07,-0.180021047592163,0.196604083757848,
,,,4.068E-07,-0.0461298227310181,0.197106175823137,
,,,4.07E-07,-0.0461298227310181,0.1972735398449,
,,,4.072E-07,0.0208157896995544,0.197440903866664,
,,,4.074E-07,-0.113075435161591,0.197942995931953,
,,,4.076E-07,0.0208157896995544,0.197440903866664,
,,,4.078E-07,0.0208157896995544,0.1972735398449,
,,,4.08E-07,0.0208157896995544,0.197106175823137,
,,,4.082E-07,0.0208157896995544,0.196938811801374,
,,,4.084E-07,-0.0461298227310181,0.196938811801374,
,,,4.086E-07,-0.113075435161591,0.1972735398449,
,,,4.08799999999999E-07,0.0208157896995544,0.196604083757848,
,,,4.09E-07,0.087761402130127,0.19777563191019,
,,,4.09199999999999E-07,0.087761402130127,0.1972735398449,
,,,4.094E-07,0.0208157896995544,0.196771447779611,
,,,4.09599999999999E-07,0.0208157896995544,0.196604083757848,
,,,4.098E-07,0.0208157896995544,0.19777563191019,
,,,4.09999999999999E-07,-0.0461298227310181,0.197106175823137,
,,,4.102E-07,-0.0461298227310181,0.196604083757848,
,,,4.10399999999999E-07,0.0208157896995544,0.1972735398449,
,,,4.106E-07,-0.0461298227310181,0.197440903866664,
,,,4.108E-07,0.0208157896995544,0.197440903866664,
,,,4.11E-07,0.0208157896995544,0.196604083757848,
,,,4.112E-07,0.0208157896995544,0.196938811801374,
,,,4.114E-07,-0.0461298227310181,0.196938811801374,
,,,4.116E-07,0.0208157896995544,0.197608267888427,
,,,4.118E-07,-0.0461298227310181,0.196938811801374,
,,,4.12E-07,-0.113075435161591,0.196938811801374,
,,,4.122E-07,-0.0461298227310181,0.197106175823137,
,,,4.124E-07,-0.0461298227310181,0.197106175823137,
,,,4.126E-07,-0.0461298227310181,0.196436719736084,
,,,4.128E-07,0.0208157896995544,0.197106175823137,
,,,4.13E-07,-0.113075435161591,0.197106175823137,
,,,4.132E-07,-0.113075435161591,0.1972735398449,
,,,4.134E-07,-0.0461298227310181,0.196771447779611,
,,,4.136E-07,0.0208157896995544,0.196938811801374,
,,,4.138E-07,-0.180021047592163,0.196604083757848,
,,,4.14E-07,0.0208157896995544,0.196938811801374,
,,,4.142E-07,0.0208157896995544,0.197440903866664,
,,,4.144E-07,-0.0461298227310181,0.196938811801374,
,,,4.14599999999999E-07,-0.0461298227310181,0.197106175823137,
,,,4.148E-07,0.0208157896995544,0.196604083757848,
,,,4.14999999999999E-07,0.0208157896995544,0.196938811801374,
,,,4.152E-07,0.0208157896995544,0.196269355714321,
,,,4.15399999999999E-07,0.087761402130127,0.196771447779611,
,,,4.156E-07,0.0208157896995544,0.197106175823137,
,,,4.15799999999999E-07,-0.0461298227310181,0.197440903866664,
,,,4.16E-07,0.0208157896995544,0.197942995931953,
,,,4.162E-07,0.0208157896995544,0.19777563191019,
,,,4.164E-07,0.0208157896995544,0.1972735398449,
,,,4.166E-07,0.087761402130127,0.197942995931953,
,,,4.168E-07,0.0208157896995544,0.197440903866664,
,,,4.17E-07,-0.0461298227310181,0.197440903866664,
,,,4.172E-07,0.087761402130127,0.1972735398449,
,,,4.174E-07,0.0208157896995544,0.197440903866664,
,,,4.176E-07,0.0208157896995544,0.197608267888427,
,,,4.178E-07,0.0208157896995544,0.198445087997243,
,,,4.18E-07,0.087761402130127,0.19777563191019,
,,,4.182E-07,0.0208157896995544,0.197106175823137,
,,,4.184E-07,-0.0461298227310181,0.198779816040769,
,,,4.186E-07,-0.0461298227310181,0.198445087997243,
,,,4.188E-07,-0.0461298227310181,0.197942995931953,
,,,4.19E-07,0.0208157896995544,0.197608267888427,
,,,4.192E-07,0.087761402130127,0.197106175823137,
,,,4.194E-07,-0.0461298227310181,0.1972735398449,
,,,4.196E-07,-0.0461298227310181,0.19777563191019,
,,,4.198E-07,-0.0461298227310181,0.197440903866664,
,,,4.19999999999999E-07,0.0208157896995544,0.197106175823137,
,,,4.202E-07,-0.113075435161591,0.197106175823137,
,,,4.20399999999999E-07,0.087761402130127,0.196938811801374,
,,,4.206E-07,-0.0461298227310181,0.1972735398449,
,,,4.20799999999999E-07,0.0208157896995544,0.197106175823137,
,,,4.21E-07,-0.0461298227310181,0.1972735398449,
,,,4.21199999999999E-07,0.0208157896995544,0.19777563191019,
,,,4.214E-07,0.0208157896995544,0.19777563191019,
,,,4.21599999999999E-07,0.087761402130127,0.19777563191019,
,,,4.218E-07,0.087761402130127,0.197440903866664,
,,,4.22E-07,0.154707014560699,0.197440903866664,
,,,4.222E-07,0.087761402130127,0.196771447779611,
,,,4.224E-07,-0.0461298227310181,0.197106175823137,
,,,4.226E-07,-0.0461298227310181,0.196604083757848,
,,,4.228E-07,0.087761402130127,0.197106175823137,
,,,4.23E-07,0.087761402130127,0.1972735398449,
,,,4.232E-07,0.0208157896995544,0.197440903866664,
,,,4.234E-07,0.0208157896995544,0.196938811801374,
,,,4.236E-07,0.0208157896995544,0.1972735398449,
,,,4.238E-07,0.0208157896995544,0.1972735398449,
,,,4.24E-07,0.087761402130127,0.197106175823137,
,,,4.242E-07,-0.0461298227310181,0.197440903866664,
,,,4.244E-07,0.087761402130127,0.1972735398449,
,,,4.246E-07,0.087761402130127,0.197608267888427,
,,,4.248E-07,-0.0461298227310181,0.197942995931953,
,,,4.25E-07,0.0208157896995544,0.1972735398449,
,,,4.252E-07,0.0208157896995544,0.197608267888427,
,,,4.254E-07,0.0208157896995544,0.19777563191019,
,,,4.256E-07,0.0208157896995544,0.197440903866664,
,,,4.25799999999999E-07,-0.0461298227310181,0.1972735398449,
,,,4.26E-07,-0.0461298227310181,0.197440903866664,
,,,4.26199999999999E-07,0.0208157896995544,0.197942995931953,
,,,4.264E-07,0.0208157896995544,0.198445087997243,
,,,4.26599999999999E-07,-0.0461298227310181,0.1972735398449,
,,,4.268E-07,0.0208157896995544,0.19777563191019,
,,,4.26999999999999E-07,0.0208157896995544,0.19827772397548,
,,,4.272E-07,0.087761402130127,0.19777563191019,
,,,4.274E-07,0.087761402130127,0.19827772397548,
,,,4.276E-07,0.0208157896995544,0.19827772397548,
,,,4.278E-07,0.0208157896995544,0.198445087997243,
,,,4.28E-07,0.087761402130127,0.197608267888427,
,,,4.282E-07,0.087761402130127,0.198445087997243,
,,,4.284E-07,0.087761402130127,0.198110359953716,
,,,4.286E-07,0.0208157896995544,0.197608267888427,
,,,4.288E-07,0.0208157896995544,0.197608267888427,
,,,4.29E-07,0.154707014560699,0.19827772397548,
,,,4.292E-07,0.087761402130127,0.198110359953716,
,,,4.294E-07,0.0208157896995544,0.197942995931953,
,,,4.296E-07,0.0208157896995544,0.198110359953716,
,,,4.298E-07,-0.0461298227310181,0.197608267888427,
,,,4.3E-07,0.154707014560699,0.197608267888427,
,,,4.302E-07,0.087761402130127,0.1972735398449,
,,,4.304E-07,0.087761402130127,0.198110359953716,
,,,4.306E-07,0.0208157896995544,0.197106175823137,
,,,4.308E-07,0.154707014560699,0.19777563191019,
,,,4.31E-07,-0.113075435161591,0.197440903866664,
,,,4.312E-07,0.0208157896995544,0.1972735398449,
,,,4.314E-07,0.0208157896995544,0.197106175823137,
,,,4.31599999999999E-07,0.0208157896995544,0.197608267888427,
,,,4.318E-07,-0.0461298227310181,0.19827772397548,
,,,4.31999999999999E-07,0.154707014560699,0.197106175823137,
,,,4.322E-07,-0.0461298227310181,0.197106175823137,
,,,4.32399999999999E-07,0.087761402130127,0.19777563191019,
,,,4.326E-07,0.087761402130127,0.197440903866664,
,,,4.32799999999999E-07,0.0208157896995544,0.196771447779611,
,,,4.33E-07,-0.0461298227310181,0.197440903866664,
,,,4.332E-07,-0.0461298227310181,0.197608267888427,
,,,4.334E-07,0.0208157896995544,0.197106175823137,
,,,4.336E-07,-0.0461298227310181,0.197106175823137,
,,,4.338E-07,-0.0461298227310181,0.19777563191019,
,,,4.34E-07,0.0208157896995544,0.197440903866664,
,,,4.342E-07,0.0208157896995544,0.196938811801374,
,,,4.344E-07,0.087761402130127,0.197440903866664,
,,,4.346E-07,0.0208157896995544,0.19777563191019,
,,,4.348E-07,0.0208157896995544,0.197106175823137,
,,,4.35E-07,0.0208157896995544,0.1972735398449,
,,,4.352E-07,0.0208157896995544,0.197440903866664,
,,,4.354E-07,0.087761402130127,0.198612452019006,
,,,4.356E-07,0.0208157896995544,0.19777563191019,
,,,4.358E-07,0.087761402130127,0.197106175823137,
,,,4.36E-07,0.0208157896995544,0.198612452019006,
,,,4.362E-07,-0.113075435161591,0.1972735398449,
,,,4.364E-07,-0.0461298227310181,0.197106175823137,
,,,4.366E-07,0.0208157896995544,0.197608267888427,
,,,4.368E-07,0.087761402130127,0.197942995931953,
,,,4.36999999999999E-07,0.0208157896995544,0.196604083757848,
,,,4.372E-07,0.087761402130127,0.196771447779611,
,,,4.37399999999999E-07,0.0208157896995544,0.19777563191019,
,,,4.376E-07,-0.0461298227310181,0.1972735398449,
,,,4.37799999999999E-07,0.0208157896995544,0.197440903866664,
,,,4.38E-07,0.0208157896995544,0.197440903866664,
,,,4.38199999999999E-07,0.0208157896995544,0.197440903866664,
,,,4.384E-07,0.087761402130127,0.197106175823137,
,,,4.38599999999999E-07,-0.0461298227310181,0.1972735398449,
,,,4.388E-07,0.0208157896995544,0.197440903866664,
,,,4.39E-07,0.087761402130127,0.197942995931953,
,,,4.392E-07,-0.0461298227310181,0.197440903866664,
,,,4.394E-07,-0.0461298227310181,0.1972735398449,
,,,4.396E-07,-0.0461298227310181,0.197106175823137,
,,,4.398E-07,0.0208157896995544,0.197440903866664,
,,,4.4E-07,-0.0461298227310181,0.1972735398449,
,,,4.402E-07,-0.0461298227310181,0.197608267888427,
,,,4.404E-07,-0.113075435161591,0.19777563191019,
,,,4.406E-07,-0.113075435161591,0.197106175823137,
,,,4.408E-07,0.0208157896995544,0.196771447779611,
,,,4.41E-07,-0.0461298227310181,0.1972735398449,
,,,4.412E-07,0.087761402130127,0.1972735398449,
,,,4.414E-07,-0.0461298227310181,0.195934627670795,
,,,4.416E-07,-0.0461298227310181,0.196101991692558,
,,,4.418E-07,0.087761402130127,0.196938811801374,
,,,4.42E-07,0.0208157896995544,0.196604083757848,
,,,4.422E-07,-0.0461298227310181,0.197106175823137,
,,,4.424E-07,0.0208157896995544,0.196604083757848,
,,,4.426E-07,-0.113075435161591,0.196771447779611,
,,,4.42799999999999E-07,0.0208157896995544,0.197440903866664,
,,,4.43E-07,-0.0461298227310181,0.196938811801374,
,,,4.43199999999999E-07,0.0208157896995544,0.197440903866664,
,,,4.434E-07,0.0208157896995544,0.197440903866664,
,,,4.43599999999999E-07,0.087761402130127,0.197440903866664,
,,,4.438E-07,-0.0461298227310181,0.197440903866664,
,,,4.43999999999999E-07,-0.0461298227310181,0.197608267888427,
,,,4.442E-07,0.0208157896995544,0.197440903866664,
,,,4.444E-07,-0.0461298227310181,0.197942995931953,
,,,4.446E-07,-0.0461298227310181,0.1972735398449,
,,,4.448E-07,0.0208157896995544,0.19777563191019,
,,,4.45E-07,-0.0461298227310181,0.19777563191019,
,,,4.452E-07,0.0208157896995544,0.197440903866664,
,,,4.454E-07,0.0208157896995544,0.196771447779611,
,,,4.456E-07,0.0208157896995544,0.196771447779611,
,,,4.458E-07,-0.0461298227310181,0.1972735398449,
,,,4.46E-07,0.0208157896995544,0.197440903866664,
,,,4.462E-07,-0.0461298227310181,0.19827772397548,
,,,4.464E-07,-0.113075435161591,0.19777563191019,
,,,4.466E-07,-0.113075435161591,0.197440903866664,
,,,4.468E-07,0.087761402130127,0.198110359953716,
,,,4.47E-07,-0.0461298227310181,0.197440903866664,
,,,4.472E-07,0.087761402130127,0.1972735398449,
,,,4.474E-07,0.087761402130127,0.197942995931953,
,,,4.476E-07,0.0208157896995544,0.19777563191019,
,,,4.478E-07,-0.0461298227310181,0.19827772397548,
,,,4.48E-07,0.0208157896995544,0.197942995931953,
,,,4.48199999999999E-07,0.087761402130127,0.19777563191019,
,,,4.484E-07,-0.0461298227310181,0.19777563191019,
,,,4.48599999999999E-07,-0.0461298227310181,0.197942995931953,
,,,4.488E-07,0.0208157896995544,0.19777563191019,
,,,4.48999999999999E-07,-0.0461298227310181,0.197942995931953,
,,,4.492E-07,0.0208157896995544,0.19827772397548,
,,,4.49399999999999E-07,0.0208157896995544,0.196771447779611,
,,,4.496E-07,0.087761402130127,0.197608267888427,
,,,4.49799999999999E-07,-0.0461298227310181,0.19777563191019,
,,,4.5E-07,0.087761402130127,0.19777563191019,
,,,4.502E-07,0.0208157896995544,0.197942995931953,
,,,4.504E-07,-0.0461298227310181,0.1972735398449,
,,,4.506E-07,0.0208157896995544,0.197106175823137,
,,,4.508E-07,0.0208157896995544,0.197942995931953,
,,,4.51E-07,-0.0461298227310181,0.196938811801374,
,,,4.512E-07,0.087761402130127,0.1972735398449,
,,,4.514E-07,-0.0461298227310181,0.196938811801374,
,,,4.516E-07,-0.0461298227310181,0.1972735398449,
,,,4.518E-07,-0.0461298227310181,0.19777563191019,
,,,4.52E-07,0.0208157896995544,0.197106175823137,
,,,4.522E-07,-0.0461298227310181,0.196436719736084,
,,,4.524E-07,0.0208157896995544,0.196771447779611,
,,,4.526E-07,0.0208157896995544,0.1972735398449,
,,,4.528E-07,0.0208157896995544,0.197440903866664,
,,,4.53E-07,-0.113075435161591,0.197106175823137,
,,,4.532E-07,0.0208157896995544,0.19777563191019,
,,,4.534E-07,-0.0461298227310181,0.197440903866664,
,,,4.536E-07,0.0208157896995544,0.197440903866664,
,,,4.538E-07,0.087761402130127,0.1972735398449,
,,,4.53999999999999E-07,0.154707014560699,0.196938811801374,
,,,4.542E-07,0.154707014560699,0.1972735398449,
,,,4.54399999999999E-07,-0.0461298227310181,0.197106175823137,
,,,4.546E-07,0.087761402130127,0.197608267888427,
,,,4.54799999999999E-07,-0.0461298227310181,0.1972735398449,
,,,4.55E-07,0.0208157896995544,0.196771447779611,
,,,4.55199999999999E-07,0.154707014560699,0.197440903866664,
,,,4.554E-07,0.087761402130127,0.197106175823137,
,,,4.556E-07,-0.0461298227310181,0.197440903866664,
,,,4.558E-07,0.0208157896995544,0.197106175823137,
,,,4.56E-07,0.087761402130127,0.197608267888427,
,,,4.562E-07,-0.0461298227310181,0.197440903866664,
,,,4.564E-07,0.087761402130127,0.197942995931953,
,,,4.566E-07,0.087761402130127,0.197440903866664,
,,,4.568E-07,-0.0461298227310181,0.197106175823137,
,,,4.57E-07,-0.0461298227310181,0.196938811801374,
,,,4.572E-07,0.0208157896995544,0.196771447779611,
,,,4.574E-07,0.0208157896995544,0.1972735398449,
,,,4.576E-07,0.154707014560699,0.197440903866664,
,,,4.578E-07,0.0208157896995544,0.197440903866664,
,,,4.58E-07,-0.0461298227310181,0.1972735398449,
,,,4.582E-07,0.0208157896995544,0.197440903866664,
,,,4.584E-07,0.0208157896995544,0.196604083757848,
,,,4.586E-07,-0.0461298227310181,0.197440903866664,
,,,4.588E-07,0.0208157896995544,0.1972735398449,
,,,4.59E-07,-0.0461298227310181,0.196771447779611,
,,,4.592E-07,0.0208157896995544,0.1972735398449,
,,,4.594E-07,-0.0461298227310181,0.197440903866664,
,,,4.596E-07,0.0208157896995544,0.197106175823137,
,,,4.59799999999999E-07,-0.0461298227310181,0.197106175823137,
,,,4.6E-07,0.087761402130127,0.197440903866664,
,,,4.60199999999999E-07,-0.0461298227310181,0.196938811801374,
,,,4.604E-07,0.087761402130127,0.196771447779611,
,,,4.60599999999999E-07,0.0208157896995544,0.197942995931953,
,,,4.608E-07,0.0208157896995544,0.197608267888427,
,,,4.60999999999999E-07,0.087761402130127,0.197106175823137,
,,,4.612E-07,0.0208157896995544,0.1972735398449,
,,,4.614E-07,-0.0461298227310181,0.197608267888427,
,,,4.616E-07,0.087761402130127,0.196938811801374,
,,,4.618E-07,0.0208157896995544,0.19777563191019,
,,,4.62E-07,0.0208157896995544,0.197608267888427,
,,,4.622E-07,0.0208157896995544,0.19777563191019,
,,,4.624E-07,0.154707014560699,0.198110359953716,
,,,4.626E-07,0.0208157896995544,0.196938811801374,
,,,4.628E-07,0.0208157896995544,0.1972735398449,
,,,4.63E-07,0.087761402130127,0.19777563191019,
,,,4.632E-07,0.0208157896995544,0.197608267888427,
,,,4.634E-07,0.0208157896995544,0.1972735398449,
,,,4.636E-07,-0.113075435161591,0.197106175823137,
,,,4.638E-07,0.087761402130127,0.197440903866664,
,,,4.64E-07,0.087761402130127,0.19777563191019,
,,,4.642E-07,-0.0461298227310181,0.197942995931953,
,,,4.644E-07,0.154707014560699,0.197942995931953,
,,,4.646E-07,0.154707014560699,0.19777563191019,
,,,4.648E-07,0.0208157896995544,0.197440903866664,
,,,4.65E-07,-0.0461298227310181,0.197942995931953,
,,,4.65199999999999E-07,0.0208157896995544,0.197106175823137,
,,,4.654E-07,-0.0461298227310181,0.19777563191019,
,,,4.65599999999999E-07,-0.0461298227310181,0.1972735398449,
,,,4.658E-07,0.0208157896995544,0.1972735398449,
,,,4.65999999999999E-07,0.0208157896995544,0.1972735398449,
,,,4.662E-07,-0.0461298227310181,0.197440903866664,
,,,4.66399999999999E-07,0.087761402130127,0.197440903866664,
,,,4.666E-07,0.087761402130127,0.198110359953716,
,,,4.66799999999999E-07,0.087761402130127,0.1972735398449,
,,,4.67E-07,0.087761402130127,0.197440903866664,
,,,4.672E-07,-0.0461298227310181,0.1972735398449,
,,,4.674E-07,0.087761402130127,0.1972735398449,
,,,4.676E-07,0.087761402130127,0.198110359953716,
,,,4.678E-07,0.154707014560699,0.19777563191019,
,,,4.68E-07,0.087761402130127,0.197608267888427,
,,,4.682E-07,-0.0461298227310181,0.196938811801374,
,,,4.684E-07,0.0208157896995544,0.197608267888427,
,,,4.686E-07,0.087761402130127,0.197106175823137,
,,,4.688E-07,0.087761402130127,0.197608267888427,
,,,4.69E-07,0.087761402130127,0.197608267888427,
,,,4.692E-07,0.0208157896995544,0.197106175823137,
,,,4.694E-07,0.0208157896995544,0.197440903866664,
,,,4.696E-07,0.087761402130127,0.1972735398449,
,,,4.698E-07,0.0208157896995544,0.19777563191019,
,,,4.7E-07,-0.113075435161591,0.197942995931953,
,,,4.702E-07,0.0208157896995544,0.19777563191019,
,,,4.704E-07,0.087761402130127,0.19777563191019,
,,,4.706E-07,-0.113075435161591,0.197440903866664,
,,,4.708E-07,0.0208157896995544,0.19827772397548,
,,,4.70999999999999E-07,0.0208157896995544,0.1972735398449,
,,,4.712E-07,-0.0461298227310181,0.19777563191019,
,,,4.71399999999999E-07,-0.0461298227310181,0.197942995931953,
,,,4.716E-07,0.0208157896995544,0.197608267888427,
,,,4.71799999999999E-07,-0.0461298227310181,0.19777563191019,
,,,4.72E-07,0.0208157896995544,0.19777563191019,
,,,4.72199999999999E-07,-0.0461298227310181,0.198612452019006,
,,,4.724E-07,0.0208157896995544,0.197440903866664,
,,,4.726E-07,0.0208157896995544,0.197608267888427,
,,,4.728E-07,0.087761402130127,0.197608267888427,
,,,4.73E-07,0.087761402130127,0.19777563191019,
,,,4.732E-07,0.087761402130127,0.197608267888427,
,,,4.734E-07,-0.0461298227310181,0.197440903866664,
,,,4.736E-07,0.0208157896995544,0.197608267888427,
,,,4.738E-07,0.0208157896995544,0.19777563191019,
,,,4.74E-07,0.0208157896995544,0.197440903866664,
,,,4.742E-07,0.087761402130127,0.197608267888427,
,,,4.744E-07,0.0208157896995544,0.19777563191019,
,,,4.746E-07,-0.0461298227310181,0.196771447779611,
,,,4.748E-07,0.0208157896995544,0.196771447779611,
,,,4.75E-07,0.0208157896995544,0.197440903866664,
,,,4.752E-07,0.087761402130127,0.19827772397548,
,,,4.754E-07,-0.0461298227310181,0.197440903866664,
,,,4.756E-07,0.087761402130127,0.197608267888427,
,,,4.758E-07,-0.0461298227310181,0.19777563191019,
,,,4.76E-07,0.0208157896995544,0.196771447779611,
,,,4.762E-07,0.0208157896995544,0.197608267888427,
,,,4.76399999999999E-07,-0.0461298227310181,0.197942995931953,
,,,4.766E-07,0.087761402130127,0.197608267888427,
,,,4.76799999999999E-07,0.154707014560699,0.19777563191019,
,,,4.77E-07,-0.113075435161591,0.197440903866664,
,,,4.77199999999999E-07,0.0208157896995544,0.197106175823137,
,,,4.774E-07,0.0208157896995544,0.196771447779611,
,,,4.77599999999999E-07,0.0208157896995544,0.197608267888427,
,,,4.778E-07,-0.0461298227310181,0.196771447779611,
,,,4.77999999999999E-07,-0.113075435161591,0.197440903866664,
,,,4.782E-07,-0.0461298227310181,0.197106175823137,
,,,4.784E-07,0.087761402130127,0.197608267888427,
,,,4.786E-07,-0.0461298227310181,0.196938811801374,
,,,4.788E-07,-0.113075435161591,0.197440903866664,
,,,4.79E-07,-0.0461298227310181,0.197608267888427,
,,,4.792E-07,0.087761402130127,0.19777563191019,
,,,4.794E-07,0.0208157896995544,0.19827772397548,
,,,4.796E-07,0.0208157896995544,0.197608267888427,
,,,4.798E-07,0.0208157896995544,0.197942995931953,
,,,4.8E-07,0.0208157896995544,0.196436719736084,
,,,4.802E-07,-0.0461298227310181,0.197608267888427,
,,,4.804E-07,-0.0461298227310181,0.198110359953716,
,,,4.806E-07,0.087761402130127,0.197942995931953,
,,,4.808E-07,0.0208157896995544,0.197440903866664,
,,,4.81E-07,-0.113075435161591,0.196938811801374,
,,,4.812E-07,0.087761402130127,0.197106175823137,
,,,4.814E-07,0.0208157896995544,0.197440903866664,
,,,4.816E-07,0.0208157896995544,0.197942995931953,
,,,4.818E-07,-0.113075435161591,0.197608267888427,
,,,4.82E-07,0.087761402130127,0.197106175823137,
,,,4.82199999999999E-07,-0.0461298227310181,0.197440903866664,
,,,4.824E-07,0.0208157896995544,0.1972735398449,
,,,4.82599999999999E-07,0.0208157896995544,0.197942995931953,
,,,4.828E-07,-0.0461298227310181,0.19777563191019,
,,,4.82999999999999E-07,0.087761402130127,0.1972735398449,
,,,4.832E-07,0.087761402130127,0.197440903866664,
,,,4.83399999999999E-07,-0.113075435161591,0.196938811801374,
,,,4.836E-07,0.0208157896995544,0.1972735398449,
,,,4.838E-07,0.0208157896995544,0.197440903866664,
,,,4.84E-07,0.0208157896995544,0.197440903866664,
,,,4.842E-07,-0.0461298227310181,0.197608267888427,
,,,4.844E-07,0.0208157896995544,0.197942995931953,
,,,4.846E-07,0.0208157896995544,0.198445087997243,
,,,4.848E-07,0.0208157896995544,0.19777563191019,
,,,4.85E-07,0.0208157896995544,0.197106175823137,
,,,4.852E-07,0.0208157896995544,0.198445087997243,
,,,4.854E-07,0.0208157896995544,0.19827772397548,
,,,4.856E-07,0.087761402130127,0.197942995931953,
,,,4.858E-07,-0.0461298227310181,0.197440903866664,
,,,4.86E-07,0.087761402130127,0.198445087997243,
,,,4.862E-07,-0.0461298227310181,0.19777563191019,
,,,4.864E-07,0.0208157896995544,0.197608267888427,
,,,4.866E-07,0.087761402130127,0.197942995931953,
,,,4.868E-07,-0.0461298227310181,0.198110359953716,
,,,4.87E-07,0.0208157896995544,0.197942995931953,
,,,4.872E-07,0.221652626991272,0.198110359953716,
,,,4.874E-07,-0.0461298227310181,0.198612452019006,
,,,4.876E-07,-0.0461298227310181,0.197440903866664,
,,,4.878E-07,-0.0461298227310181,0.19777563191019,
,,,4.87999999999999E-07,0.087761402130127,0.197942995931953,
,,,4.882E-07,-0.0461298227310181,0.197942995931953,
,,,4.88399999999999E-07,0.0208157896995544,0.197942995931953,
,,,4.886E-07,0.0208157896995544,0.19777563191019,
,,,4.88799999999999E-07,0.0208157896995544,0.197608267888427,
,,,4.89E-07,0.087761402130127,0.197608267888427,
,,,4.89199999999999E-07,0.0208157896995544,0.19777563191019,
,,,4.894E-07,0.0208157896995544,0.198110359953716,
,,,4.896E-07,0.087761402130127,0.19777563191019,
,,,4.898E-07,-0.0461298227310181,0.197440903866664,
,,,4.9E-07,0.0208157896995544,0.197440903866664,
,,,4.902E-07,0.0208157896995544,0.197440903866664,
,,,4.904E-07,0.087761402130127,0.196604083757848,
,,,4.906E-07,-0.0461298227310181,0.19777563191019,
,,,4.908E-07,-0.0461298227310181,0.197942995931953,
,,,4.91E-07,0.0208157896995544,0.197608267888427,
,,,4.912E-07,0.087761402130127,0.19827772397548,
,,,4.914E-07,0.0208157896995544,0.197942995931953,
,,,4.916E-07,0.0208157896995544,0.19777563191019,
,,,4.918E-07,-0.0461298227310181,0.19827772397548,
,,,4.92E-07,0.087761402130127,0.197942995931953,
,,,4.922E-07,0.0208157896995544,0.19777563191019,
,,,4.924E-07,0.087761402130127,0.197608267888427,
,,,4.926E-07,0.087761402130127,0.198612452019006,
,,,4.928E-07,0.087761402130127,0.1972735398449,
,,,4.93E-07,0.0208157896995544,0.197608267888427,
,,,4.932E-07,-0.0461298227310181,0.197942995931953,
,,,4.93399999999999E-07,-0.0461298227310181,0.197608267888427,
,,,4.936E-07,0.0208157896995544,0.197608267888427,
,,,4.93799999999999E-07,0.087761402130127,0.197440903866664,
,,,4.94E-07,0.0208157896995544,0.197440903866664,
,,,4.94199999999999E-07,-0.0461298227310181,0.197608267888427,
,,,4.944E-07,0.087761402130127,0.19777563191019,
,,,4.94599999999999E-07,-0.0461298227310181,0.197106175823137,
,,,4.948E-07,-0.0461298227310181,0.197608267888427,
,,,4.95E-07,0.0208157896995544,0.19777563191019,
,,,4.952E-07,0.0208157896995544,0.19777563191019,
,,,4.954E-07,-0.113075435161591,0.19777563191019,
,,,4.956E-07,0.0208157896995544,0.197608267888427,
,,,4.958E-07,0.087761402130127,0.197106175823137,
,,,4.96E-07,0.0208157896995544,0.196101991692558,
,,,4.962E-07,-0.113075435161591,0.196771447779611,
,,,4.964E-07,-0.0461298227310181,0.197106175823137,
,,,4.966E-07,0.087761402130127,0.1972735398449,
,,,4.968E-07,0.0208157896995544,0.197106175823137,
,,,4.97E-07,-0.0461298227310181,0.196604083757848,
,,,4.972E-07,-0.0461298227310181,0.197440903866664,
,,,4.974E-07,-0.0461298227310181,0.197608267888427,
,,,4.976E-07,0.0208157896995544,0.197440903866664,
,,,4.978E-07,-0.113075435161591,0.197106175823137,
,,,4.98E-07,0.0208157896995544,0.1972735398449,
,,,4.982E-07,0.0208157896995544,0.196938811801374,
,,,4.984E-07,0.087761402130127,0.197440903866664,
,,,4.986E-07,0.0208157896995544,0.197942995931953,
,,,4.988E-07,0.0208157896995544,0.19777563191019,
,,,4.99E-07,0.0208157896995544,0.196938811801374,
,,,4.99199999999999E-07,0.0208157896995544,0.197608267888427,
,,,4.994E-07,0.087761402130127,0.197942995931953,
,,,4.99599999999999E-07,-0.0461298227310181,0.1972735398449,
,,,4.998E-07,0.0208157896995544,0.197440903866664,
,,,4.99999999999999E-07,0.087761402130127,0.198110359953716,
,,,5.002E-07,-0.0461298227310181,0.197440903866664,
,,,5.00399999999999E-07,0.0208157896995544,0.19777563191019,
,,,5.006E-07,0.087761402130127,0.197608267888427,
,,,5.008E-07,0.087761402130127,0.197942995931953,
,,,5.01E-07,-0.0461298227310181,0.196938811801374,
,,,5.012E-07,0.0208157896995544,0.197106175823137,
,,,5.014E-07,0.0208157896995544,0.19827772397548,
,,,5.016E-07,-0.113075435161591,0.197942995931953,
,,,5.018E-07,-0.0461298227310181,0.197440903866664,
,,,5.02E-07,0.0208157896995544,0.198110359953716,
,,,5.022E-07,0.0208157896995544,0.197942995931953,
,,,5.024E-07,0.087761402130127,0.197942995931953,
,,,5.026E-07,-0.0461298227310181,0.197106175823137,
,,,5.028E-07,-0.0461298227310181,0.19777563191019,
,,,5.03E-07,0.0208157896995544,0.197608267888427,
,,,5.032E-07,0.087761402130127,0.197942995931953,
,,,5.034E-07,-0.113075435161591,0.19777563191019,
,,,5.036E-07,0.0208157896995544,0.197942995931953,
,,,5.038E-07,0.0208157896995544,0.197942995931953,
,,,5.04E-07,0.0208157896995544,0.19777563191019,
,,,5.042E-07,0.087761402130127,0.198110359953716,
,,,5.044E-07,0.0208157896995544,0.197106175823137,
,,,5.04599999999999E-07,-0.113075435161591,0.197106175823137,
,,,5.048E-07,0.087761402130127,0.1972735398449,
,,,5.04999999999999E-07,0.087761402130127,0.19777563191019,
,,,5.052E-07,0.087761402130127,0.19777563191019,
,,,5.05399999999999E-07,0.0208157896995544,0.197106175823137,
,,,5.056E-07,-0.0461298227310181,0.197608267888427,
,,,5.05799999999999E-07,-0.0461298227310181,0.19777563191019,
,,,5.06E-07,0.0208157896995544,0.197106175823137,
,,,5.06199999999999E-07,0.0208157896995544,0.197608267888427,
,,,5.064E-07,-0.0461298227310181,0.198612452019006,
,,,5.066E-07,-0.0461298227310181,0.197440903866664,
,,,5.068E-07,-0.0461298227310181,0.197106175823137,
,,,5.07E-07,0.0208157896995544,0.197942995931953,
,,,5.072E-07,0.154707014560699,0.197608267888427,
,,,5.074E-07,0.0208157896995544,0.197608267888427,
,,,5.076E-07,0.087761402130127,0.197608267888427,
,,,5.078E-07,0.0208157896995544,0.196938811801374,
,,,5.08E-07,0.0208157896995544,0.197106175823137,
,,,5.082E-07,0.0208157896995544,0.1972735398449,
,,,5.084E-07,0.0208157896995544,0.197608267888427,
,,,5.086E-07,0.0208157896995544,0.196938811801374,
,,,5.088E-07,0.0208157896995544,0.19777563191019,
,,,5.09E-07,-0.0461298227310181,0.198110359953716,
,,,5.092E-07,0.0208157896995544,0.197106175823137,
,,,5.094E-07,0.0208157896995544,0.196604083757848,
,,,5.096E-07,0.0208157896995544,0.196938811801374,
,,,5.098E-07,-0.0461298227310181,0.19827772397548,
,,,5.1E-07,-0.0461298227310181,0.197942995931953,
,,,5.102E-07,-0.0461298227310181,0.197608267888427,
,,,5.10399999999999E-07,-0.113075435161591,0.197942995931953,
,,,5.106E-07,0.0208157896995544,0.19777563191019,
,,,5.10799999999999E-07,0.0208157896995544,0.197608267888427,
,,,5.11E-07,-0.0461298227310181,0.198110359953716,
,,,5.11199999999999E-07,0.0208157896995544,0.196938811801374,
,,,5.114E-07,0.0208157896995544,0.198445087997243,
,,,5.11599999999999E-07,0.087761402130127,0.197608267888427,
,,,5.118E-07,-0.0461298227310181,0.196938811801374,
,,,5.12E-07,0.0208157896995544,0.197106175823137,
,,,5.122E-07,0.087761402130127,0.1972735398449,
,,,5.124E-07,-0.0461298227310181,0.197608267888427,
,,,5.126E-07,-0.113075435161591,0.197942995931953,
,,,5.128E-07,0.0208157896995544,0.19777563191019,
,,,5.13E-07,-0.0461298227310181,0.19777563191019,
,,,5.132E-07,0.0208157896995544,0.19777563191019,
,,,5.134E-07,-0.0461298227310181,0.197608267888427,
,,,5.136E-07,0.087761402130127,0.197106175823137,
,,,5.138E-07,-0.0461298227310181,0.197440903866664,
,,,5.14E-07,0.087761402130127,0.197440903866664,
,,,5.142E-07,-0.0461298227310181,0.196938811801374,
,,,5.144E-07,-0.113075435161591,0.1972735398449,
,,,5.146E-07,0.0208157896995544,0.198110359953716,
,,,5.148E-07,0.0208157896995544,0.19777563191019,
,,,5.15E-07,-0.0461298227310181,0.19777563191019,
,,,5.152E-07,0.087761402130127,0.197440903866664,
,,,5.154E-07,-0.113075435161591,0.197440903866664,
,,,5.156E-07,-0.0461298227310181,0.197608267888427,
,,,5.158E-07,0.154707014560699,0.197106175823137,
,,,5.16E-07,0.087761402130127,0.196771447779611,
,,,5.16199999999999E-07,-0.113075435161591,0.196938811801374,
,,,5.164E-07,0.0208157896995544,0.197440903866664,
,,,5.16599999999999E-07,0.0208157896995544,0.197608267888427,
,,,5.168E-07,0.087761402130127,0.196938811801374,
,,,5.16999999999999E-07,-0.0461298227310181,0.196938811801374,
,,,5.172E-07,-0.0461298227310181,0.197608267888427,
,,,5.17399999999999E-07,0.0208157896995544,0.1972735398449,
,,,5.176E-07,0.0208157896995544,0.1972735398449,
,,,5.178E-07,-0.0461298227310181,0.1972735398449,
,,,5.18E-07,0.087761402130127,0.196771447779611,
,,,5.182E-07,0.0208157896995544,0.196604083757848,
,,,5.184E-07,-0.0461298227310181,0.197608267888427,
,,,5.186E-07,0.0208157896995544,0.197608267888427,
,,,5.188E-07,-0.0461298227310181,0.196938811801374,
,,,5.19E-07,0.087761402130127,0.1972735398449,
,,,5.192E-07,0.0208157896995544,0.198445087997243,
,,,5.194E-07,-0.0461298227310181,0.197106175823137,
,,,5.196E-07,0.0208157896995544,0.197106175823137,
,,,5.198E-07,0.0208157896995544,0.1972735398449,
,,,5.2E-07,0.0208157896995544,0.197106175823137,
,,,5.202E-07,-0.0461298227310181,0.197608267888427,
,,,5.204E-07,0.0208157896995544,0.1972735398449,
,,,5.206E-07,-0.0461298227310181,0.197106175823137,
,,,5.208E-07,0.0208157896995544,0.196938811801374,
,,,5.21E-07,-0.113075435161591,0.19827772397548,
,,,5.212E-07,0.0208157896995544,0.197440903866664,
,,,5.214E-07,0.087761402130127,0.197942995931953,
,,,5.21599999999999E-07,0.0208157896995544,0.196938811801374,
,,,5.218E-07,-0.0461298227310181,0.197608267888427,
,,,5.21999999999999E-07,0.0208157896995544,0.197608267888427,
,,,5.222E-07,0.0208157896995544,0.19827772397548,
,,,5.22399999999999E-07,-0.0461298227310181,0.196604083757848,
,,,5.226E-07,-0.0461298227310181,0.1972735398449,
,,,5.22799999999999E-07,0.0208157896995544,0.197608267888427,
,,,5.23E-07,-0.113075435161591,0.198110359953716,
,,,5.232E-07,0.0208157896995544,0.197608267888427,
,,,5.234E-07,-0.0461298227310181,0.198110359953716,
,,,5.236E-07,0.0208157896995544,0.197942995931953,
,,,5.238E-07,-0.0461298227310181,0.197608267888427,
,,,5.24E-07,0.087761402130127,0.19777563191019,
,,,5.242E-07,0.0208157896995544,0.197942995931953,
,,,5.244E-07,0.087761402130127,0.197440903866664,
,,,5.246E-07,0.0208157896995544,0.19827772397548,
,,,5.248E-07,-0.0461298227310181,0.197942995931953,
,,,5.25E-07,0.154707014560699,0.197608267888427,
,,,5.252E-07,-0.0461298227310181,0.19777563191019,
,,,5.254E-07,-0.113075435161591,0.197608267888427,
,,,5.256E-07,0.087761402130127,0.1972735398449,
,,,5.258E-07,-0.0461298227310181,0.197440903866664,
,,,5.26E-07,-0.0461298227310181,0.1972735398449,
,,,5.262E-07,0.087761402130127,0.1972735398449,
,,,5.264E-07,0.0208157896995544,0.1972735398449,
,,,5.266E-07,-0.0461298227310181,0.197440903866664,
,,,5.268E-07,-0.0461298227310181,0.197608267888427,
,,,5.27E-07,-0.0461298227310181,0.19827772397548,
,,,5.272E-07,-0.0461298227310181,0.197942995931953,
,,,5.27399999999999E-07,0.0208157896995544,0.197440903866664,
,,,5.276E-07,-0.113075435161591,0.197942995931953,
,,,5.27799999999999E-07,0.0208157896995544,0.198110359953716,
,,,5.28E-07,0.087761402130127,0.197608267888427,
,,,5.28199999999999E-07,-0.0461298227310181,0.19777563191019,
,,,5.284E-07,-0.0461298227310181,0.19777563191019,
,,,5.28599999999999E-07,0.0208157896995544,0.198110359953716,
,,,5.288E-07,0.087761402130127,0.197942995931953,
,,,5.29E-07,-0.0461298227310181,0.197942995931953,
,,,5.292E-07,0.087761402130127,0.198110359953716,
,,,5.294E-07,-0.0461298227310181,0.197440903866664,
,,,5.296E-07,-0.0461298227310181,0.1972735398449,
,,,5.298E-07,-0.113075435161591,0.1972735398449,
,,,5.3E-07,0.0208157896995544,0.19777563191019,
,,,5.302E-07,0.0208157896995544,0.1972735398449,
,,,5.304E-07,0.087761402130127,0.197440903866664,
,,,5.306E-07,-0.0461298227310181,0.19777563191019,
,,,5.308E-07,0.0208157896995544,0.197440903866664,
,,,5.31E-07,0.0208157896995544,0.1972735398449,
,,,5.312E-07,0.087761402130127,0.19777563191019,
,,,5.314E-07,0.0208157896995544,0.198110359953716,
,,,5.316E-07,-0.0461298227310181,0.198110359953716,
,,,5.318E-07,0.0208157896995544,0.197440903866664,
,,,5.32E-07,0.0208157896995544,0.197608267888427,
,,,5.322E-07,-0.0461298227310181,0.197942995931953,
,,,5.324E-07,0.087761402130127,0.19777563191019,
,,,5.326E-07,0.0208157896995544,0.197942995931953,
,,,5.32799999999999E-07,0.0208157896995544,0.19827772397548,
,,,5.33E-07,0.154707014560699,0.19777563191019,
,,,5.33199999999999E-07,0.154707014560699,0.197608267888427,
,,,5.334E-07,0.0208157896995544,0.197440903866664,
,,,5.33599999999999E-07,-0.0461298227310181,0.196938811801374,
,,,5.338E-07,0.087761402130127,0.197106175823137,
,,,5.33999999999999E-07,-0.0461298227310181,0.197106175823137,
,,,5.342E-07,0.087761402130127,0.197440903866664,
,,,5.34399999999999E-07,0.087761402130127,0.197106175823137,
,,,5.346E-07,-0.0461298227310181,0.196771447779611,
,,,5.348E-07,-0.0461298227310181,0.196938811801374,
,,,5.35E-07,0.087761402130127,0.197942995931953,
,,,5.352E-07,0.0208157896995544,0.197608267888427,
,,,5.354E-07,-0.0461298227310181,0.197440903866664,
,,,5.356E-07,0.087761402130127,0.197440903866664,
,,,5.358E-07,-0.0461298227310181,0.19777563191019,
,,,5.36E-07,0.0208157896995544,0.197440903866664,
,,,5.362E-07,-0.0461298227310181,0.19777563191019,
,,,5.364E-07,0.0208157896995544,0.198110359953716,
,,,5.366E-07,0.0208157896995544,0.19777563191019,
,,,5.368E-07,0.087761402130127,0.197608267888427,
,,,5.37E-07,0.087761402130127,0.1972735398449,
,,,5.372E-07,0.087761402130127,0.197942995931953,
,,,5.374E-07,0.0208157896995544,0.197440903866664,
,,,5.376E-07,-0.0461298227310181,0.19827772397548,
,,,5.378E-07,0.087761402130127,0.197608267888427,
,,,5.38E-07,0.0208157896995544,0.197440903866664,
,,,5.382E-07,0.087761402130127,0.197942995931953,
,,,5.384E-07,0.0208157896995544,0.198445087997243,
,,,5.38599999999999E-07,-0.0461298227310181,0.19777563191019,
,,,5.388E-07,0.0208157896995544,0.197440903866664,
,,,5.38999999999999E-07,0.0208157896995544,0.197440903866664,
,,,5.392E-07,0.087761402130127,0.1972735398449,
,,,5.39399999999999E-07,-0.113075435161591,0.1972735398449,
,,,5.396E-07,0.0208157896995544,0.1972735398449,
,,,5.39799999999999E-07,0.0208157896995544,0.197440903866664,
,,,5.4E-07,-0.0461298227310181,0.197106175823137,
,,,5.402E-07,-0.0461298227310181,0.197440903866664,
,,,5.404E-07,0.0208157896995544,0.197942995931953,
,,,5.406E-07,0.087761402130127,0.19777563191019,
,,,5.408E-07,0.087761402130127,0.197608267888427,
,,,5.41E-07,-0.0461298227310181,0.1972735398449,
,,,5.412E-07,0.0208157896995544,0.197942995931953,
,,,5.414E-07,-0.0461298227310181,0.197106175823137,
,,,5.416E-07,0.0208157896995544,0.197106175823137,
,,,5.418E-07,-0.0461298227310181,0.197440903866664,
,,,5.42E-07,0.0208157896995544,0.197942995931953,
,,,5.422E-07,-0.0461298227310181,0.198110359953716,
,,,5.424E-07,-0.0461298227310181,0.197608267888427,
,,,5.426E-07,-0.0461298227310181,0.197440903866664,
,,,5.428E-07,0.0208157896995544,0.1972735398449,
,,,5.43E-07,-0.0461298227310181,0.19777563191019,
,,,5.432E-07,0.087761402130127,0.19827772397548,
,,,5.434E-07,0.0208157896995544,0.197608267888427,
,,,5.436E-07,0.0208157896995544,0.197440903866664,
,,,5.438E-07,0.0208157896995544,0.197440903866664,
,,,5.44E-07,0.087761402130127,0.19777563191019,
,,,5.442E-07,0.0208157896995544,0.196938811801374,
,,,5.44399999999999E-07,0.0208157896995544,0.197106175823137,
,,,5.446E-07,-0.0461298227310181,0.1972735398449,
,,,5.44799999999999E-07,0.0208157896995544,0.1972735398449,
,,,5.45E-07,-0.113075435161591,0.19777563191019,
,,,5.45199999999999E-07,0.087761402130127,0.196938811801374,
,,,5.454E-07,0.0208157896995544,0.19777563191019,
,,,5.45599999999999E-07,0.087761402130127,0.197440903866664,
,,,5.458E-07,-0.0461298227310181,0.19777563191019,
,,,5.46E-07,-0.0461298227310181,0.198110359953716,
,,,5.462E-07,-0.0461298227310181,0.197440903866664,
,,,5.464E-07,0.0208157896995544,0.198110359953716,
,,,5.466E-07,0.0208157896995544,0.197942995931953,
,,,5.468E-07,0.0208157896995544,0.197942995931953,
,,,5.47E-07,0.0208157896995544,0.19827772397548,
,,,5.472E-07,0.154707014560699,0.198110359953716,
,,,5.474E-07,-0.0461298227310181,0.197106175823137,
,,,5.476E-07,0.0208157896995544,0.1972735398449,
,,,5.478E-07,-0.0461298227310181,0.197106175823137,
,,,5.48E-07,0.0208157896995544,0.197608267888427,
,,,5.482E-07,-0.113075435161591,0.197106175823137,
,,,5.484E-07,-0.0461298227310181,0.197608267888427,
,,,5.486E-07,-0.0461298227310181,0.197608267888427,
,,,5.488E-07,0.0208157896995544,0.1972735398449,
,,,5.49E-07,-0.0461298227310181,0.197106175823137,
,,,5.492E-07,-0.0461298227310181,0.197608267888427,
,,,5.494E-07,-0.0461298227310181,0.197106175823137,
,,,5.496E-07,0.087761402130127,0.1972735398449,
,,,5.49799999999999E-07,0.0208157896995544,0.19777563191019,
,,,5.5E-07,0.087761402130127,0.1972735398449,
,,,5.50199999999999E-07,-0.0461298227310181,0.1972735398449,
,,,5.504E-07,0.0208157896995544,0.197942995931953,
,,,5.50599999999999E-07,0.0208157896995544,0.196938811801374,
,,,5.508E-07,-0.0461298227310181,0.196771447779611,
,,,5.50999999999999E-07,0.087761402130127,0.197608267888427,
,,,5.512E-07,0.0208157896995544,0.197440903866664,
,,,5.514E-07,-0.0461298227310181,0.197608267888427,
,,,5.516E-07,-0.0461298227310181,0.197942995931953,
,,,5.518E-07,-0.0461298227310181,0.1972735398449,
,,,5.52E-07,0.087761402130127,0.196938811801374,
,,,5.522E-07,-0.0461298227310181,0.197106175823137,
,,,5.524E-07,0.0208157896995544,0.197440903866664,
,,,5.526E-07,-0.0461298227310181,0.1972735398449,
,,,5.528E-07,0.0208157896995544,0.1972735398449,
,,,5.53E-07,0.0208157896995544,0.1972735398449,
,,,5.532E-07,0.0208157896995544,0.19777563191019,
,,,5.534E-07,0.0208157896995544,0.196938811801374,
,,,5.536E-07,0.087761402130127,0.198445087997243,
,,,5.538E-07,-0.180021047592163,0.197440903866664,
,,,5.54E-07,-0.0461298227310181,0.19827772397548,
,,,5.542E-07,0.087761402130127,0.19827772397548,
,,,5.544E-07,0.0208157896995544,0.197106175823137,
,,,5.546E-07,-0.113075435161591,0.19777563191019,
,,,5.548E-07,0.087761402130127,0.198445087997243,
,,,5.55E-07,-0.0461298227310181,0.198445087997243,
,,,5.552E-07,0.0208157896995544,0.19827772397548,
,,,5.554E-07,0.0208157896995544,0.198947180062532,
,,,5.55599999999999E-07,0.0208157896995544,0.198445087997243,
,,,5.558E-07,-0.0461298227310181,0.198445087997243,
,,,5.55999999999999E-07,0.087761402130127,0.198445087997243,
,,,5.562E-07,0.0208157896995544,0.198110359953716,
,,,5.56399999999999E-07,0.154707014560699,0.197440903866664,
,,,5.566E-07,0.0208157896995544,0.197608267888427,
,,,5.56799999999999E-07,-0.0461298227310181,0.197942995931953,
,,,5.57E-07,0.0208157896995544,0.197942995931953,
,,,5.572E-07,-0.113075435161591,0.197608267888427,
,,,5.574E-07,-0.0461298227310181,0.197106175823137,
,,,5.576E-07,0.087761402130127,0.198110359953716,
,,,5.578E-07,0.0208157896995544,0.196771447779611,
,,,5.58E-07,0.0208157896995544,0.197440903866664,
,,,5.582E-07,0.087761402130127,0.198110359953716,
,,,5.584E-07,0.154707014560699,0.197608267888427,
,,,5.586E-07,-0.0461298227310181,0.196938811801374,
,,,5.588E-07,0.0208157896995544,0.196771447779611,
,,,5.59E-07,0.0208157896995544,0.197440903866664,
,,,5.592E-07,-0.0461298227310181,0.196604083757848,
,,,5.594E-07,-0.113075435161591,0.1972735398449,
,,,5.596E-07,-0.113075435161591,0.196771447779611,
,,,5.598E-07,0.087761402130127,0.1972735398449,
,,,5.6E-07,0.0208157896995544,0.196938811801374,
,,,5.602E-07,-0.113075435161591,0.1972735398449,
,,,5.604E-07,0.0208157896995544,0.196604083757848,
,,,5.606E-07,0.0208157896995544,0.197106175823137,
,,,5.608E-07,0.0208157896995544,0.196771447779611,
,,,5.60999999999999E-07,-0.0461298227310181,0.197440903866664,
,,,5.612E-07,0.0208157896995544,0.197440903866664,
,,,5.61399999999999E-07,0.0208157896995544,0.197942995931953,
,,,5.616E-07,0.0208157896995544,0.1972735398449,
,,,5.61799999999999E-07,0.0208157896995544,0.197106175823137,
,,,5.62E-07,0.0208157896995544,0.197942995931953,
,,,5.62199999999999E-07,-0.0461298227310181,0.196938811801374,
,,,5.624E-07,0.154707014560699,0.1972735398449,
,,,5.62599999999999E-07,0.0208157896995544,0.197440903866664,
,,,5.628E-07,0.0208157896995544,0.196604083757848,
,,,5.63E-07,0.087761402130127,0.196938811801374,
,,,5.632E-07,-0.0461298227310181,0.197942995931953,
,,,5.634E-07,0.087761402130127,0.197440903866664,
,,,5.636E-07,0.0208157896995544,0.197942995931953,
,,,5.638E-07,0.0208157896995544,0.197106175823137,
,,,5.64E-07,0.0208157896995544,0.197106175823137,
,,,5.642E-07,0.0208157896995544,0.197440903866664,
,,,5.644E-07,0.087761402130127,0.197440903866664,
,,,5.646E-07,0.087761402130127,0.197106175823137,
,,,5.648E-07,0.087761402130127,0.197608267888427,
,,,5.65E-07,0.0208157896995544,0.197942995931953,
,,,5.652E-07,0.0208157896995544,0.196604083757848,
,,,5.654E-07,-0.0461298227310181,0.196771447779611,
,,,5.656E-07,0.0208157896995544,0.19777563191019,
,,,5.658E-07,-0.0461298227310181,0.197440903866664,
,,,5.66E-07,0.0208157896995544,0.197106175823137,
,,,5.662E-07,0.0208157896995544,0.197440903866664,
,,,5.664E-07,-0.0461298227310181,0.197106175823137,
,,,5.666E-07,-0.0461298227310181,0.196604083757848,
,,,5.66799999999999E-07,0.0208157896995544,0.196771447779611,
,,,5.67E-07,0.0208157896995544,0.197106175823137,
,,,5.67199999999999E-07,0.0208157896995544,0.197106175823137,
,,,5.674E-07,-0.0461298227310181,0.196938811801374,
,,,5.67599999999999E-07,0.087761402130127,0.197106175823137,
,,,5.678E-07,0.0208157896995544,0.1972735398449,
,,,5.67999999999999E-07,-0.0461298227310181,0.196771447779611,
,,,5.682E-07,0.0208157896995544,0.197106175823137,
,,,5.684E-07,0.0208157896995544,0.1972735398449,
,,,5.686E-07,-0.0461298227310181,0.1972735398449,
,,,5.688E-07,0.154707014560699,0.197106175823137,
,,,5.69E-07,0.0208157896995544,0.1972735398449,
,,,5.692E-07,0.0208157896995544,0.197106175823137,
,,,5.694E-07,0.0208157896995544,0.197106175823137,
,,,5.696E-07,0.0208157896995544,0.196771447779611,
,,,5.698E-07,0.087761402130127,0.197608267888427,
,,,5.7E-07,0.0208157896995544,0.197608267888427,
,,,5.702E-07,-0.0461298227310181,0.1972735398449,
,,,5.704E-07,0.087761402130127,0.197942995931953,
,,,5.706E-07,0.087761402130127,0.196604083757848,
,,,5.708E-07,0.0208157896995544,0.1972735398449,
,,,5.71E-07,0.0208157896995544,0.198110359953716,
,,,5.712E-07,0.0208157896995544,0.197608267888427,
,,,5.714E-07,-0.0461298227310181,0.197942995931953,
,,,5.716E-07,0.087761402130127,0.197608267888427,
,,,5.718E-07,0.0208157896995544,0.197942995931953,
,,,5.72E-07,0.0208157896995544,0.197440903866664,
,,,5.722E-07,-0.0461298227310181,0.198110359953716,
,,,5.724E-07,-0.0461298227310181,0.197608267888427,
,,,5.72599999999999E-07,0.0208157896995544,0.198445087997243,
,,,5.728E-07,0.087761402130127,0.19827772397548,
,,,5.72999999999999E-07,-0.0461298227310181,0.19777563191019,
,,,5.732E-07,0.0208157896995544,0.19827772397548,
,,,5.73399999999999E-07,-0.0461298227310181,0.197440903866664,
,,,5.736E-07,-0.0461298227310181,0.197608267888427,
,,,5.73799999999999E-07,-0.0461298227310181,0.19777563191019,
,,,5.74E-07,0.0208157896995544,0.19827772397548,
,,,5.742E-07,0.0208157896995544,0.197440903866664,
,,,5.744E-07,-0.0461298227310181,0.198110359953716,
,,,5.746E-07,0.0208157896995544,0.198612452019006,
,,,5.748E-07,0.0208157896995544,0.198110359953716,
,,,5.75E-07,-0.0461298227310181,0.1972735398449,
,,,5.752E-07,0.087761402130127,0.197608267888427,
,,,5.754E-07,0.0208157896995544,0.19827772397548,
,,,5.756E-07,-0.0461298227310181,0.197608267888427,
,,,5.758E-07,0.0208157896995544,0.196771447779611,
,,,5.76E-07,-0.0461298227310181,0.197608267888427,
,,,5.762E-07,0.087761402130127,0.198110359953716,
,,,5.764E-07,-0.0461298227310181,0.19777563191019,
,,,5.766E-07,-0.0461298227310181,0.19777563191019,
,,,5.768E-07,0.087761402130127,0.19827772397548,
,,,5.77E-07,0.0208157896995544,0.197440903866664,
,,,5.772E-07,-0.0461298227310181,0.196436719736084,
,,,5.774E-07,0.0208157896995544,0.1972735398449,
,,,5.776E-07,0.154707014560699,0.197106175823137,
,,,5.778E-07,-0.0461298227310181,0.197608267888427,
,,,5.77999999999999E-07,-0.0461298227310181,0.197440903866664,
,,,5.782E-07,0.087761402130127,0.197440903866664,
,,,5.78399999999999E-07,0.0208157896995544,0.196938811801374,
,,,5.786E-07,-0.0461298227310181,0.1972735398449,
,,,5.78799999999999E-07,0.0208157896995544,0.196771447779611,
,,,5.79E-07,-0.0461298227310181,0.197608267888427,
,,,5.79199999999999E-07,0.087761402130127,0.197942995931953,
,,,5.794E-07,-0.113075435161591,0.197106175823137,
,,,5.796E-07,0.0208157896995544,0.198110359953716,
,,,5.798E-07,0.0208157896995544,0.1972735398449,
,,,5.8E-07,0.0208157896995544,0.197608267888427,
,,,5.802E-07,-0.113075435161591,0.19777563191019,
,,,5.804E-07,0.0208157896995544,0.197440903866664,
,,,5.806E-07,-0.0461298227310181,0.197608267888427,
,,,5.808E-07,-0.0461298227310181,0.19827772397548,
,,,5.81E-07,-0.0461298227310181,0.19827772397548,
,,,5.812E-07,0.087761402130127,0.197608267888427,
,,,5.814E-07,-0.113075435161591,0.19777563191019,
,,,5.816E-07,-0.0461298227310181,0.196938811801374,
,,,5.818E-07,0.0208157896995544,0.1972735398449,
,,,5.82E-07,0.0208157896995544,0.19777563191019,
,,,5.822E-07,0.0208157896995544,0.197942995931953,
,,,5.824E-07,-0.0461298227310181,0.197608267888427,
,,,5.826E-07,0.087761402130127,0.197608267888427,
,,,5.828E-07,0.087761402130127,0.196938811801374,
,,,5.83E-07,0.0208157896995544,0.196604083757848,
,,,5.832E-07,-0.0461298227310181,0.197440903866664,
,,,5.834E-07,0.087761402130127,0.196771447779611,
,,,5.836E-07,0.0208157896995544,0.196604083757848,
,,,5.83799999999999E-07,-0.0461298227310181,0.196938811801374,
,,,5.84E-07,0.0208157896995544,0.196938811801374,
,,,5.84199999999999E-07,-0.113075435161591,0.1972735398449,
,,,5.844E-07,0.0208157896995544,0.19777563191019,
,,,5.84599999999999E-07,0.0208157896995544,0.196771447779611,
,,,5.848E-07,0.0208157896995544,0.197106175823137,
,,,5.84999999999999E-07,0.0208157896995544,0.197440903866664,
,,,5.852E-07,-0.0461298227310181,0.196771447779611,
,,,5.854E-07,-0.0461298227310181,0.1972735398449,
,,,5.856E-07,0.087761402130127,0.196938811801374,
,,,5.858E-07,-0.113075435161591,0.197106175823137,
,,,5.86E-07,-0.0461298227310181,0.196604083757848,
,,,5.862E-07,-0.0461298227310181,0.197440903866664,
,,,5.864E-07,0.0208157896995544,0.197942995931953,
,,,5.866E-07,-0.0461298227310181,0.197440903866664,
,,,5.868E-07,-0.0461298227310181,0.1972735398449,
,,,5.87E-07,-0.0461298227310181,0.197608267888427,
,,,5.872E-07,0.0208157896995544,0.197942995931953,
,,,5.874E-07,0.0208157896995544,0.1972735398449,
,,,5.876E-07,-0.0461298227310181,0.197440903866664,
,,,5.878E-07,-0.0461298227310181,0.1972735398449,
,,,5.88E-07,0.087761402130127,0.197440903866664,
,,,5.882E-07,0.0208157896995544,0.196938811801374,
,,,5.884E-07,-0.0461298227310181,0.197942995931953,
,,,5.886E-07,0.0208157896995544,0.197106175823137,
,,,5.888E-07,-0.0461298227310181,0.196771447779611,
,,,5.89E-07,0.0208157896995544,0.197608267888427,
,,,5.89199999999999E-07,-0.113075435161591,0.197440903866664,
,,,5.894E-07,0.087761402130127,0.196938811801374,
,,,5.89599999999999E-07,0.0208157896995544,0.196938811801374,
,,,5.898E-07,-0.113075435161591,0.19777563191019,
,,,5.89999999999999E-07,0.0208157896995544,0.19777563191019,
,,,5.902E-07,-0.0461298227310181,0.1972735398449,
,,,5.90399999999999E-07,0.0208157896995544,0.197106175823137,
,,,5.906E-07,0.0208157896995544,0.197440903866664,
,,,5.90799999999999E-07,0.087761402130127,0.1972735398449,
,,,5.91E-07,0.0208157896995544,0.19777563191019,
,,,5.912E-07,-0.113075435161591,0.198110359953716,
,,,5.914E-07,0.0208157896995544,0.197942995931953,
,,,5.916E-07,0.0208157896995544,0.197440903866664,
,,,5.918E-07,0.0208157896995544,0.1972735398449,
,,,5.92E-07,0.0208157896995544,0.196938811801374,
,,,5.922E-07,-0.113075435161591,0.197942995931953,
,,,5.924E-07,-0.0461298227310181,0.197608267888427,
,,,5.926E-07,0.087761402130127,0.197608267888427,
,,,5.928E-07,-0.0461298227310181,0.197942995931953,
,,,5.93E-07,-0.113075435161591,0.197942995931953,
,,,5.932E-07,0.087761402130127,0.197106175823137,
,,,5.934E-07,-0.0461298227310181,0.197942995931953,
,,,5.936E-07,-0.0461298227310181,0.198110359953716,
,,,5.938E-07,0.0208157896995544,0.198110359953716,
,,,5.94E-07,0.0208157896995544,0.1972735398449,
,,,5.942E-07,-0.0461298227310181,0.197608267888427,
,,,5.944E-07,0.087761402130127,0.198110359953716,
,,,5.946E-07,0.0208157896995544,0.198445087997243,
,,,5.948E-07,0.087761402130127,0.1972735398449,
,,,5.94999999999999E-07,0.0208157896995544,0.19827772397548,
,,,5.952E-07,0.0208157896995544,0.197608267888427,
,,,5.95399999999999E-07,0.0208157896995544,0.197942995931953,
,,,5.956E-07,-0.0461298227310181,0.19777563191019,
,,,5.95799999999999E-07,-0.0461298227310181,0.1972735398449,
,,,5.96E-07,0.0208157896995544,0.19777563191019,
,,,5.96199999999999E-07,-0.0461298227310181,0.196771447779611,
,,,5.964E-07,0.087761402130127,0.197942995931953,
,,,5.966E-07,0.0208157896995544,0.19777563191019,
,,,5.968E-07,0.0208157896995544,0.197608267888427,
,,,5.97E-07,-0.0461298227310181,0.197106175823137,
,,,5.972E-07,0.087761402130127,0.197608267888427,
,,,5.974E-07,0.0208157896995544,0.197106175823137,
,,,5.976E-07,-0.113075435161591,0.197106175823137,
,,,5.978E-07,-0.0461298227310181,0.197440903866664,
,,,5.98E-07,-0.113075435161591,0.197608267888427,
,,,5.982E-07,0.0208157896995544,0.1972735398449,
,,,5.984E-07,0.0208157896995544,0.197440903866664,
,,,5.986E-07,-0.113075435161591,0.19777563191019,
,,,5.988E-07,0.0208157896995544,0.197440903866664,
,,,5.99E-07,0.0208157896995544,0.1972735398449,
,,,5.992E-07,-0.0461298227310181,0.196938811801374,
,,,5.994E-07,-0.0461298227310181,0.1972735398449,
,,,5.996E-07,0.0208157896995544,0.197440903866664,
,,,5.998E-07,-0.113075435161591,0.196938811801374,
,,,6E-07,0.0208157896995544,0.196436719736084,
,,,6.002E-07,-0.0461298227310181,0.1972735398449,
,,,6.004E-07,-0.113075435161591,0.197440903866664,
,,,6.006E-07,-0.0461298227310181,0.196938811801374,
,,,6.00799999999999E-07,0.087761402130127,0.197440903866664,
,,,6.01E-07,0.087761402130127,0.196771447779611,
,,,6.01199999999999E-07,0.087761402130127,0.197106175823137,
,,,6.014E-07,0.0208157896995544,0.197106175823137,
,,,6.01599999999999E-07,0.087761402130127,0.196938811801374,
,,,6.018E-07,0.087761402130127,0.196436719736084,
,,,6.01999999999999E-07,-0.113075435161591,0.197440903866664,
,,,6.022E-07,0.087761402130127,0.196938811801374,
,,,6.024E-07,0.0208157896995544,0.197106175823137,
,,,6.026E-07,-0.0461298227310181,0.196938811801374,
,,,6.028E-07,0.0208157896995544,0.197106175823137,
,,,6.03E-07,0.087761402130127,0.196771447779611,
,,,6.032E-07,0.154707014560699,0.197106175823137,
,,,6.034E-07,0.0208157896995544,0.197440903866664,
,,,6.036E-07,0.154707014560699,0.196938811801374,
,,,6.038E-07,0.087761402130127,0.196938811801374,
,,,6.04E-07,0.0208157896995544,0.197106175823137,
,,,6.042E-07,0.0208157896995544,0.197106175823137,
,,,6.044E-07,-0.113075435161591,0.197106175823137,
,,,6.046E-07,0.087761402130127,0.1972735398449,
,,,6.048E-07,0.087761402130127,0.1972735398449,
,,,6.05E-07,-0.113075435161591,0.196938811801374,
,,,6.052E-07,0.0208157896995544,0.19827772397548,
,,,6.054E-07,0.0208157896995544,0.1972735398449,
,,,6.056E-07,-0.0461298227310181,0.196771447779611,
,,,6.058E-07,-0.0461298227310181,0.197440903866664,
,,,6.06E-07,0.087761402130127,0.197106175823137,
,,,6.06199999999999E-07,-0.0461298227310181,0.197608267888427,
,,,6.064E-07,0.0208157896995544,0.196938811801374,
,,,6.06599999999999E-07,0.0208157896995544,0.197440903866664,
,,,6.068E-07,0.0208157896995544,0.1972735398449,
,,,6.06999999999999E-07,-0.0461298227310181,0.197106175823137,
,,,6.072E-07,0.0208157896995544,0.198110359953716,
,,,6.07399999999999E-07,0.087761402130127,0.197942995931953,
,,,6.076E-07,0.154707014560699,0.196771447779611,
,,,6.078E-07,0.0208157896995544,0.196938811801374,
,,,6.08E-07,0.0208157896995544,0.1972735398449,
,,,6.082E-07,0.087761402130127,0.196269355714321,
,,,6.084E-07,0.0208157896995544,0.196604083757848,
,,,6.086E-07,0.0208157896995544,0.1972735398449,
,,,6.088E-07,0.0208157896995544,0.196436719736084,
,,,6.09E-07,0.0208157896995544,0.195599899627268,
,,,6.092E-07,0.0208157896995544,0.196604083757848,
,,,6.094E-07,0.0208157896995544,0.196771447779611,
,,,6.096E-07,0.154707014560699,0.197106175823137,
,,,6.098E-07,-0.0461298227310181,0.196771447779611,
,,,6.1E-07,-0.0461298227310181,0.196604083757848,
,,,6.102E-07,0.0208157896995544,0.196771447779611,
,,,6.104E-07,-0.0461298227310181,0.196604083757848,
,,,6.106E-07,-0.0461298227310181,0.197106175823137,
,,,6.108E-07,-0.113075435161591,0.197106175823137,
,,,6.11E-07,0.0208157896995544,0.196771447779611,
,,,6.112E-07,0.0208157896995544,0.197608267888427,
,,,6.114E-07,-0.113075435161591,0.196436719736084,
,,,6.116E-07,-0.0461298227310181,0.196604083757848,
,,,6.118E-07,0.0208157896995544,0.196938811801374,
,,,6.11999999999999E-07,-0.0461298227310181,0.197106175823137,
,,,6.122E-07,-0.0461298227310181,0.196938811801374,
,,,6.12399999999999E-07,0.0208157896995544,0.197106175823137,
,,,6.126E-07,-0.113075435161591,0.197106175823137,
,,,6.12799999999999E-07,0.0208157896995544,0.196938811801374,
,,,6.13E-07,0.0208157896995544,0.196938811801374,
,,,6.13199999999999E-07,0.0208157896995544,0.196938811801374,
,,,6.134E-07,0.0208157896995544,0.197608267888427,
,,,6.136E-07,0.087761402130127,0.197106175823137,
,,,6.138E-07,0.0208157896995544,0.197440903866664,
,,,6.14E-07,0.087761402130127,0.196771447779611,
,,,6.142E-07,0.0208157896995544,0.196771447779611,
,,,6.144E-07,-0.0461298227310181,0.19777563191019,
,,,6.146E-07,0.154707014560699,0.1972735398449,
,,,6.148E-07,-0.113075435161591,0.196436719736084,
,,,6.15E-07,-0.0461298227310181,0.196771447779611,
,,,6.152E-07,0.0208157896995544,0.1972735398449,
,,,6.154E-07,-0.113075435161591,0.196771447779611,
,,,6.156E-07,0.0208157896995544,0.1972735398449,
,,,6.158E-07,0.0208157896995544,0.19777563191019,
,,,6.16E-07,-0.0461298227310181,0.197106175823137,
,,,6.162E-07,-0.0461298227310181,0.196938811801374,
,,,6.164E-07,-0.0461298227310181,0.197440903866664,
,,,6.166E-07,-0.0461298227310181,0.196604083757848,
,,,6.168E-07,0.0208157896995544,0.196938811801374,
,,,6.17E-07,0.0208157896995544,0.197440903866664,
,,,6.172E-07,0.0208157896995544,0.197608267888427,
,,,6.17399999999999E-07,-0.0461298227310181,0.196771447779611,
,,,6.176E-07,0.087761402130127,0.196938811801374,
,,,6.17799999999999E-07,-0.0461298227310181,0.1972735398449,
,,,6.18E-07,-0.0461298227310181,0.196938811801374,
,,,6.18199999999999E-07,0.0208157896995544,0.197440903866664,
,,,6.184E-07,0.0208157896995544,0.196938811801374,
,,,6.18599999999999E-07,-0.113075435161591,0.197440903866664,
,,,6.188E-07,0.087761402130127,0.196938811801374,
,,,6.18999999999999E-07,0.0208157896995544,0.196771447779611,
,,,6.192E-07,-0.113075435161591,0.197106175823137,
,,,6.194E-07,0.0208157896995544,0.196771447779611,
,,,6.196E-07,0.0208157896995544,0.196604083757848,
,,,6.198E-07,-0.0461298227310181,0.196604083757848,
,,,6.2E-07,0.087761402130127,0.196436719736084,
,,,6.202E-07,-0.0461298227310181,0.197106175823137,
,,,6.204E-07,0.0208157896995544,0.196938811801374,
,,,6.206E-07,-0.0461298227310181,0.195934627670795,
,,,6.208E-07,-0.0461298227310181,0.196269355714321,
,,,6.21E-07,0.0208157896995544,0.196771447779611,
,,,6.212E-07,-0.113075435161591,0.196604083757848,
,,,6.214E-07,-0.0461298227310181,0.196101991692558,
,,,6.216E-07,0.0208157896995544,0.196269355714321,
,,,6.218E-07,0.0208157896995544,0.196604083757848,
,,,6.22E-07,0.0208157896995544,0.196436719736084,
,,,6.222E-07,-0.0461298227310181,0.196269355714321,
,,,6.224E-07,0.0208157896995544,0.196436719736084,
,,,6.226E-07,0.0208157896995544,0.196771447779611,
,,,6.228E-07,-0.0461298227310181,0.196604083757848,
,,,6.23E-07,0.0208157896995544,0.197106175823137,
,,,6.23199999999999E-07,-0.0461298227310181,0.196604083757848,
,,,6.234E-07,-0.0461298227310181,0.196938811801374,
,,,6.23599999999999E-07,0.0208157896995544,0.196604083757848,
,,,6.238E-07,0.0208157896995544,0.196771447779611,
,,,6.23999999999999E-07,0.0208157896995544,0.196604083757848,
,,,6.242E-07,-0.113075435161591,0.196771447779611,
,,,6.24399999999999E-07,0.0208157896995544,0.196938811801374,
,,,6.246E-07,-0.113075435161591,0.196938811801374,
,,,6.248E-07,0.087761402130127,0.196269355714321,
,,,6.25E-07,-0.0461298227310181,0.196604083757848,
,,,6.252E-07,-0.0461298227310181,0.197106175823137,
,,,6.254E-07,-0.0461298227310181,0.197106175823137,
,,,6.256E-07,0.0208157896995544,0.196604083757848,
,,,6.258E-07,-0.113075435161591,0.196771447779611,
,,,6.26E-07,0.0208157896995544,0.19777563191019,
,,,6.262E-07,-0.113075435161591,0.196938811801374,
,,,6.264E-07,0.0208157896995544,0.197106175823137,
,,,6.266E-07,0.087761402130127,0.196938811801374,
,,,6.268E-07,0.087761402130127,0.196771447779611,
,,,6.27E-07,-0.0461298227310181,0.197106175823137,
,,,6.272E-07,0.0208157896995544,0.197106175823137,
,,,6.274E-07,0.0208157896995544,0.1972735398449,
,,,6.276E-07,-0.113075435161591,0.196938811801374,
,,,6.278E-07,0.087761402130127,0.1972735398449,
,,,6.28E-07,-0.0461298227310181,0.196436719736084,
,,,6.282E-07,-0.0461298227310181,0.196771447779611,
,,,6.284E-07,0.0208157896995544,0.196436719736084,
,,,6.286E-07,0.0208157896995544,0.196604083757848,
,,,6.288E-07,0.087761402130127,0.196938811801374,
,,,6.28999999999999E-07,0.0208157896995544,0.196436719736084,
,,,6.292E-07,0.0208157896995544,0.196436719736084,
,,,6.29399999999999E-07,-0.0461298227310181,0.196771447779611,
,,,6.296E-07,0.0208157896995544,0.196938811801374,
,,,6.29799999999999E-07,-0.0461298227310181,0.196604083757848,
,,,6.3E-07,-0.0461298227310181,0.196604083757848,
,,,6.30199999999999E-07,0.087761402130127,0.1972735398449,
,,,6.304E-07,0.087761402130127,0.196436719736084,
,,,6.306E-07,-0.0461298227310181,0.196604083757848,
,,,6.308E-07,-0.0461298227310181,0.196101991692558,
,,,6.31E-07,0.0208157896995544,0.196269355714321,
,,,6.312E-07,0.0208157896995544,0.195934627670795,
,,,6.314E-07,-0.0461298227310181,0.197106175823137,
,,,6.316E-07,0.087761402130127,0.196938811801374,
,,,6.318E-07,0.0208157896995544,0.1972735398449,
,,,6.32E-07,0.0208157896995544,0.196771447779611,
,,,6.322E-07,0.0208157896995544,0.196604083757848,
,,,6.324E-07,-0.0461298227310181,0.196436719736084,
,,,6.326E-07,-0.0461298227310181,0.196604083757848,
,,,6.328E-07,0.087761402130127,0.196269355714321,
,,,6.33E-07,0.0208157896995544,0.196269355714321,
,,,6.332E-07,0.221652626991272,0.196604083757848,
,,,6.334E-07,0.0208157896995544,0.196771447779611,
,,,6.336E-07,0.0208157896995544,0.196604083757848,
,,,6.338E-07,0.0208157896995544,0.196269355714321,
,,,6.34E-07,-0.0461298227310181,0.196436719736084,
,,,6.342E-07,0.0208157896995544,0.196269355714321,
,,,6.34399999999999E-07,-0.0461298227310181,0.195934627670795,
,,,6.346E-07,0.087761402130127,0.196436719736084,
,,,6.34799999999999E-07,0.0208157896995544,0.196771447779611,
,,,6.35E-07,-0.0461298227310181,0.196604083757848,
,,,6.35199999999999E-07,0.154707014560699,0.196101991692558,
,,,6.354E-07,0.0208157896995544,0.196938811801374,
,,,6.35599999999999E-07,0.0208157896995544,0.196269355714321,
,,,6.358E-07,0.0208157896995544,0.196938811801374,
,,,6.36E-07,-0.0461298227310181,0.196604083757848,
,,,6.362E-07,0.0208157896995544,0.197106175823137,
,,,6.364E-07,0.0208157896995544,0.1972735398449,
,,,6.366E-07,0.087761402130127,0.196938811801374,
,,,6.368E-07,0.087761402130127,0.1972735398449,
,,,6.37E-07,-0.0461298227310181,0.196604083757848,
,,,6.372E-07,0.0208157896995544,0.196436719736084,
,,,6.374E-07,0.0208157896995544,0.196938811801374,
,,,6.376E-07,0.0208157896995544,0.197106175823137,
,,,6.378E-07,-0.0461298227310181,0.197106175823137,
,,,6.38E-07,-0.0461298227310181,0.196771447779611,
,,,6.382E-07,-0.0461298227310181,0.19777563191019,
,,,6.384E-07,0.087761402130127,0.197440903866664,
,,,6.386E-07,-0.0461298227310181,0.197608267888427,
,,,6.388E-07,-0.0461298227310181,0.197440903866664,
,,,6.39E-07,-0.113075435161591,0.197608267888427,
,,,6.392E-07,0.087761402130127,0.196938811801374,
,,,6.394E-07,0.0208157896995544,0.197608267888427,
,,,6.396E-07,0.221652626991272,0.197106175823137,
,,,6.398E-07,0.0208157896995544,0.197106175823137,
,,,6.4E-07,0.0208157896995544,0.196604083757848,
,,,6.40199999999999E-07,0.087761402130127,0.196771447779611,
,,,6.404E-07,0.0208157896995544,0.196771447779611,
,,,6.40599999999999E-07,-0.0461298227310181,0.197106175823137,
,,,6.408E-07,0.0208157896995544,0.1972735398449,
,,,6.40999999999999E-07,-0.0461298227310181,0.1972735398449,
,,,6.412E-07,0.0208157896995544,0.196771447779611,
,,,6.41399999999999E-07,-0.0461298227310181,0.1972735398449,
,,,6.416E-07,0.154707014560699,0.196771447779611,
,,,6.418E-07,-0.0461298227310181,0.196938811801374,
,,,6.42E-07,0.154707014560699,0.196938811801374,
,,,6.422E-07,0.0208157896995544,0.196101991692558,
,,,6.424E-07,-0.0461298227310181,0.196604083757848,
,,,6.426E-07,-0.0461298227310181,0.196604083757848,
,,,6.428E-07,0.0208157896995544,0.197106175823137,
,,,6.43E-07,0.087761402130127,0.196938811801374,
,,,6.432E-07,0.0208157896995544,0.196771447779611,
,,,6.434E-07,-0.113075435161591,0.196269355714321,
,,,6.436E-07,0.0208157896995544,0.196604083757848,
,,,6.438E-07,0.0208157896995544,0.1972735398449,
,,,6.44E-07,0.0208157896995544,0.196604083757848,
,,,6.442E-07,-0.0461298227310181,0.196604083757848,
,,,6.444E-07,0.0208157896995544,0.196938811801374,
,,,6.446E-07,0.0208157896995544,0.196771447779611,
,,,6.448E-07,-0.0461298227310181,0.196604083757848,
,,,6.45E-07,0.087761402130127,0.196604083757848,
,,,6.452E-07,-0.0461298227310181,0.196771447779611,
,,,6.454E-07,-0.113075435161591,0.196938811801374,
,,,6.45599999999999E-07,0.087761402130127,0.196604083757848,
,,,6.458E-07,0.0208157896995544,0.196771447779611,
,,,6.45999999999999E-07,-0.0461298227310181,0.196604083757848,
,,,6.462E-07,0.0208157896995544,0.1972735398449,
,,,6.46399999999999E-07,0.0208157896995544,0.196938811801374,
,,,6.466E-07,-0.0461298227310181,0.196938811801374,
,,,6.46799999999999E-07,-0.0461298227310181,0.197440903866664,
,,,6.47E-07,0.0208157896995544,0.196938811801374,
,,,6.472E-07,0.154707014560699,0.196269355714321,
,,,6.474E-07,-0.0461298227310181,0.196436719736084,
,,,6.476E-07,0.0208157896995544,0.196604083757848,
,,,6.478E-07,0.0208157896995544,0.196938811801374,
,,,6.48E-07,0.0208157896995544,0.197106175823137,
,,,6.482E-07,-0.0461298227310181,0.197106175823137,
,,,6.484E-07,0.0208157896995544,0.196604083757848,
,,,6.486E-07,0.0208157896995544,0.196604083757848,
,,,6.488E-07,-0.0461298227310181,0.196938811801374,
,,,6.49E-07,0.0208157896995544,0.197106175823137,
,,,6.492E-07,0.0208157896995544,0.196436719736084,
,,,6.494E-07,-0.0461298227310181,0.196938811801374,
,,,6.496E-07,0.0208157896995544,0.196771447779611,
,,,6.498E-07,-0.0461298227310181,0.196771447779611,
,,,6.5E-07,0.0208157896995544,0.196771447779611,
,,,6.502E-07,0.0208157896995544,0.196604083757848,
,,,6.504E-07,0.0208157896995544,0.196269355714321,
,,,6.506E-07,-0.113075435161591,0.197440903866664,
,,,6.508E-07,0.087761402130127,0.197440903866664,
,,,6.51E-07,-0.0461298227310181,0.196938811801374,
,,,6.512E-07,0.0208157896995544,0.196101991692558,
,,,6.51399999999999E-07,-0.0461298227310181,0.195934627670795,
,,,6.516E-07,0.0208157896995544,0.196771447779611,
,,,6.51799999999999E-07,-0.0461298227310181,0.196938811801374,
,,,6.52E-07,0.0208157896995544,0.196771447779611,
,,,6.52199999999999E-07,-0.0461298227310181,0.196938811801374,
,,,6.524E-07,0.154707014560699,0.196604083757848,
,,,6.52599999999999E-07,-0.0461298227310181,0.196604083757848,
,,,6.528E-07,0.0208157896995544,0.196101991692558,
,,,6.53E-07,0.0208157896995544,0.1972735398449,
,,,6.532E-07,-0.0461298227310181,0.197440903866664,
,,,6.534E-07,-0.0461298227310181,0.196604083757848,
,,,6.536E-07,0.087761402130127,0.196938811801374,
,,,6.538E-07,-0.113075435161591,0.19777563191019,
,,,6.54E-07,0.0208157896995544,0.197942995931953,
,,,6.542E-07,0.0208157896995544,0.197106175823137,
,,,6.544E-07,0.0208157896995544,0.197942995931953,
,,,6.546E-07,-0.0461298227310181,0.198110359953716,
,,,6.548E-07,-0.0461298227310181,0.197106175823137,
,,,6.55E-07,-0.0461298227310181,0.197608267888427,
,,,6.552E-07,-0.0461298227310181,0.197608267888427,
,,,6.554E-07,0.0208157896995544,0.198110359953716,
,,,6.556E-07,-0.113075435161591,0.197608267888427,
,,,6.558E-07,0.0208157896995544,0.198445087997243,
,,,6.56E-07,-0.0461298227310181,0.197942995931953,
,,,6.562E-07,-0.0461298227310181,0.1972735398449,
,,,6.564E-07,0.0208157896995544,0.1972735398449,
,,,6.566E-07,0.0208157896995544,0.19777563191019,
,,,6.568E-07,0.0208157896995544,0.197440903866664,
,,,6.57E-07,-0.0461298227310181,0.19777563191019,
,,,6.57199999999999E-07,-0.0461298227310181,0.198612452019006,
,,,6.574E-07,-0.0461298227310181,0.1972735398449,
,,,6.57599999999999E-07,-0.0461298227310181,0.196771447779611,
,,,6.578E-07,0.0208157896995544,0.197608267888427,
,,,6.57999999999999E-07,0.0208157896995544,0.196938811801374,
,,,6.582E-07,0.0208157896995544,0.196436719736084,
,,,6.58399999999999E-07,0.087761402130127,0.196938811801374,
,,,6.586E-07,0.154707014560699,0.197440903866664,
,,,6.588E-07,0.087761402130127,0.197106175823137,
,,,6.59E-07,-0.0461298227310181,0.196938811801374,
,,,6.592E-07,0.0208157896995544,0.196771447779611,
,,,6.594E-07,0.087761402130127,0.1972735398449,
,,,6.596E-07,0.0208157896995544,0.196436719736084,
,,,6.598E-07,0.0208157896995544,0.196771447779611,
,,,6.6E-07,0.0208157896995544,0.19777563191019,
,,,6.602E-07,-0.0461298227310181,0.196771447779611,
,,,6.604E-07,-0.113075435161591,0.196938811801374,
,,,6.606E-07,0.0208157896995544,0.1972735398449,
,,,6.608E-07,0.087761402130127,0.196269355714321,
,,,6.61E-07,0.0208157896995544,0.196436719736084,
,,,6.612E-07,-0.0461298227310181,0.1972735398449,
,,,6.614E-07,0.0208157896995544,0.197106175823137,
,,,6.616E-07,-0.0461298227310181,0.197440903866664,
,,,6.618E-07,-0.0461298227310181,0.196771447779611,
,,,6.62E-07,0.0208157896995544,0.1972735398449,
,,,6.622E-07,-0.0461298227310181,0.197440903866664,
,,,6.624E-07,0.0208157896995544,0.196771447779611,
,,,6.62599999999999E-07,-0.0461298227310181,0.196938811801374,
,,,6.628E-07,-0.0461298227310181,0.1972735398449,
,,,6.62999999999999E-07,0.087761402130127,0.19777563191019,
,,,6.632E-07,-0.0461298227310181,0.197106175823137,
,,,6.63399999999999E-07,-0.113075435161591,0.197106175823137,
,,,6.636E-07,0.0208157896995544,0.197942995931953,
,,,6.63799999999999E-07,-0.0461298227310181,0.197440903866664,
,,,6.64E-07,-0.0461298227310181,0.197106175823137,
,,,6.642E-07,0.0208157896995544,0.197608267888427,
,,,6.644E-07,-0.0461298227310181,0.197942995931953,
,,,6.646E-07,-0.0461298227310181,0.196938811801374,
,,,6.648E-07,-0.0461298227310181,0.197440903866664,
,,,6.65E-07,-0.0461298227310181,0.198110359953716,
,,,6.652E-07,0.087761402130127,0.197106175823137,
,,,6.654E-07,0.087761402130127,0.196938811801374,
,,,6.656E-07,-0.0461298227310181,0.1972735398449,
,,,6.658E-07,0.087761402130127,0.197608267888427,
,,,6.66E-07,0.0208157896995544,0.196938811801374,
,,,6.662E-07,0.087761402130127,0.198110359953716,
,,,6.664E-07,0.0208157896995544,0.197942995931953,
,,,6.666E-07,-0.113075435161591,0.1972735398449,
,,,6.668E-07,0.0208157896995544,0.196938811801374,
,,,6.67E-07,0.0208157896995544,0.197608267888427,
,,,6.672E-07,0.087761402130127,0.197440903866664,
,,,6.674E-07,-0.0461298227310181,0.1972735398449,
,,,6.676E-07,0.0208157896995544,0.197106175823137,
,,,6.678E-07,0.0208157896995544,0.197106175823137,
,,,6.68E-07,0.0208157896995544,0.196604083757848,
,,,6.682E-07,0.0208157896995544,0.196771447779611,
,,,6.68399999999999E-07,0.0208157896995544,0.197440903866664,
,,,6.686E-07,0.0208157896995544,0.197942995931953,
,,,6.68799999999999E-07,-0.0461298227310181,0.1972735398449,
,,,6.69E-07,-0.0461298227310181,0.1972735398449,
,,,6.69199999999999E-07,0.0208157896995544,0.197608267888427,
,,,6.694E-07,0.0208157896995544,0.197106175823137,
,,,6.69599999999999E-07,-0.0461298227310181,0.197106175823137,
,,,6.698E-07,-0.0461298227310181,0.1972735398449,
,,,6.7E-07,0.087761402130127,0.197106175823137,
,,,6.702E-07,0.087761402130127,0.1972735398449,
,,,6.704E-07,0.087761402130127,0.1972735398449,
,,,6.706E-07,-0.0461298227310181,0.19777563191019,
,,,6.708E-07,0.0208157896995544,0.196269355714321,
,,,6.71E-07,-0.0461298227310181,0.1972735398449,
,,,6.712E-07,0.0208157896995544,0.197608267888427,
,,,6.714E-07,-0.0461298227310181,0.196938811801374,
,,,6.716E-07,0.087761402130127,0.196771447779611,
,,,6.718E-07,0.087761402130127,0.19777563191019,
,,,6.72E-07,-0.0461298227310181,0.1972735398449,
,,,6.722E-07,0.087761402130127,0.197608267888427,
,,,6.724E-07,-0.0461298227310181,0.19777563191019,
,,,6.726E-07,-0.0461298227310181,0.197608267888427,
,,,6.728E-07,0.087761402130127,0.197942995931953,
,,,6.73E-07,-0.113075435161591,0.198110359953716,
,,,6.732E-07,-0.0461298227310181,0.197608267888427,
,,,6.734E-07,0.0208157896995544,0.197942995931953,
,,,6.736E-07,0.154707014560699,0.197942995931953,
,,,6.73799999999999E-07,0.0208157896995544,0.197608267888427,
,,,6.74E-07,-0.0461298227310181,0.197942995931953,
,,,6.74199999999999E-07,0.0208157896995544,0.197106175823137,
,,,6.744E-07,0.0208157896995544,0.197106175823137,
,,,6.74599999999999E-07,-0.0461298227310181,0.198110359953716,
,,,6.748E-07,0.0208157896995544,0.196938811801374,
,,,6.74999999999999E-07,0.0208157896995544,0.196604083757848,
,,,6.752E-07,0.0208157896995544,0.197106175823137,
,,,6.754E-07,-0.0461298227310181,0.197106175823137,
,,,6.756E-07,-0.0461298227310181,0.196604083757848,
,,,6.758E-07,0.087761402130127,0.1972735398449,
,,,6.76E-07,0.0208157896995544,0.19777563191019,
,,,6.762E-07,-0.113075435161591,0.196938811801374,
,,,6.764E-07,-0.0461298227310181,0.197440903866664,
,,,6.766E-07,-0.0461298227310181,0.197942995931953,
,,,6.768E-07,-0.0461298227310181,0.196938811801374,
,,,6.77E-07,-0.0461298227310181,0.196101991692558,
,,,6.772E-07,0.0208157896995544,0.197440903866664,
,,,6.774E-07,0.0208157896995544,0.197106175823137,
,,,6.776E-07,0.087761402130127,0.197942995931953,
,,,6.778E-07,0.0208157896995544,0.1972735398449,
,,,6.78E-07,0.087761402130127,0.196938811801374,
,,,6.782E-07,0.0208157896995544,0.196938811801374,
,,,6.784E-07,-0.0461298227310181,0.196604083757848,
,,,6.786E-07,0.154707014560699,0.196604083757848,
,,,6.788E-07,0.0208157896995544,0.197106175823137,
,,,6.79E-07,0.0208157896995544,0.196604083757848,
,,,6.792E-07,0.087761402130127,0.196604083757848,
,,,6.794E-07,0.0208157896995544,0.197106175823137,
,,,6.79599999999999E-07,-0.0461298227310181,0.19777563191019,
,,,6.798E-07,-0.113075435161591,0.1972735398449,
,,,6.79999999999999E-07,0.0208157896995544,0.196938811801374,
,,,6.802E-07,0.0208157896995544,0.19827772397548,
,,,6.80399999999999E-07,0.087761402130127,0.1972735398449,
,,,6.806E-07,0.0208157896995544,0.197106175823137,
,,,6.80799999999999E-07,-0.113075435161591,0.1972735398449,
,,,6.81E-07,0.0208157896995544,0.197608267888427,
,,,6.812E-07,0.0208157896995544,0.197440903866664,
,,,6.814E-07,-0.0461298227310181,0.1972735398449,
,,,6.816E-07,0.087761402130127,0.19777563191019,
,,,6.818E-07,-0.113075435161591,0.196604083757848,
,,,6.82E-07,-0.113075435161591,0.1972735398449,
,,,6.822E-07,0.0208157896995544,0.1972735398449,
,,,6.824E-07,0.0208157896995544,0.196771447779611,
,,,6.826E-07,0.0208157896995544,0.197106175823137,
,,,6.828E-07,0.0208157896995544,0.197608267888427,
,,,6.83E-07,-0.0461298227310181,0.196436719736084,
,,,6.832E-07,0.0208157896995544,0.197608267888427,
,,,6.834E-07,-0.113075435161591,0.198110359953716,
,,,6.836E-07,0.0208157896995544,0.197106175823137,
,,,6.838E-07,-0.113075435161591,0.196604083757848,
,,,6.84E-07,0.087761402130127,0.197440903866664,
,,,6.842E-07,0.0208157896995544,0.197106175823137,
,,,6.844E-07,0.087761402130127,0.196436719736084,
,,,6.846E-07,-0.0461298227310181,0.1972735398449,
,,,6.848E-07,0.0208157896995544,0.1972735398449,
,,,6.85E-07,0.0208157896995544,0.196771447779611,
,,,6.852E-07,0.087761402130127,0.197106175823137,
,,,6.85399999999999E-07,-0.0461298227310181,0.196604083757848,
,,,6.856E-07,0.0208157896995544,0.197440903866664,
,,,6.85799999999999E-07,0.0208157896995544,0.197440903866664,
,,,6.86E-07,0.0208157896995544,0.1972735398449,
,,,6.86199999999999E-07,0.0208157896995544,0.196938811801374,
,,,6.864E-07,0.0208157896995544,0.196771447779611,
,,,6.86599999999999E-07,0.0208157896995544,0.1972735398449,
,,,6.868E-07,-0.0461298227310181,0.1972735398449,
,,,6.87E-07,0.0208157896995544,0.196771447779611,
,,,6.872E-07,-0.0461298227310181,0.196938811801374,
,,,6.874E-07,-0.0461298227310181,0.196436719736084,
,,,6.876E-07,0.0208157896995544,0.197106175823137,
,,,6.878E-07,0.087761402130127,0.196771447779611,
,,,6.88E-07,0.087761402130127,0.197106175823137,
,,,6.882E-07,-0.0461298227310181,0.196436719736084,
,,,6.884E-07,0.0208157896995544,0.196938811801374,
,,,6.886E-07,-0.0461298227310181,0.196269355714321,
,,,6.888E-07,-0.0461298227310181,0.196604083757848,
,,,6.89E-07,-0.113075435161591,0.196771447779611,
,,,6.892E-07,0.0208157896995544,0.196771447779611,
,,,6.894E-07,0.0208157896995544,0.197106175823137,
,,,6.896E-07,0.0208157896995544,0.197106175823137,
,,,6.898E-07,0.0208157896995544,0.197106175823137,
,,,6.9E-07,-0.0461298227310181,0.197106175823137,
,,,6.902E-07,-0.0461298227310181,0.196604083757848,
,,,6.904E-07,0.0208157896995544,0.197942995931953,
,,,6.906E-07,-0.0461298227310181,0.197440903866664,
,,,6.90799999999999E-07,0.087761402130127,0.197106175823137,
,,,6.91E-07,0.0208157896995544,0.197106175823137,
,,,6.91199999999999E-07,0.0208157896995544,0.196269355714321,
,,,6.914E-07,0.0208157896995544,0.197440903866664,
,,,6.91599999999999E-07,-0.0461298227310181,0.197106175823137,
,,,6.918E-07,0.0208157896995544,0.1972735398449,
,,,6.91999999999999E-07,0.0208157896995544,0.196771447779611,
,,,6.922E-07,-0.0461298227310181,0.196938811801374,
,,,6.924E-07,-0.113075435161591,0.197440903866664,
,,,6.926E-07,0.087761402130127,0.1972735398449,
,,,6.928E-07,0.154707014560699,0.197440903866664,
,,,6.93E-07,-0.0461298227310181,0.197106175823137,
,,,6.932E-07,0.0208157896995544,0.196771447779611,
,,,6.934E-07,0.0208157896995544,0.19777563191019,
,,,6.936E-07,0.0208157896995544,0.1972735398449,
,,,6.938E-07,0.0208157896995544,0.1972735398449,
,,,6.94E-07,0.0208157896995544,0.1972735398449,
,,,6.942E-07,-0.113075435161591,0.196938811801374,
,,,6.944E-07,0.087761402130127,0.197106175823137,
,,,6.946E-07,-0.113075435161591,0.196771447779611,
,,,6.948E-07,-0.0461298227310181,0.1972735398449,
,,,6.95E-07,0.087761402130127,0.1972735398449,
,,,6.952E-07,0.087761402130127,0.196938811801374,
,,,6.954E-07,-0.0461298227310181,0.197440903866664,
,,,6.956E-07,0.087761402130127,0.197106175823137,
,,,6.958E-07,-0.0461298227310181,0.197440903866664,
,,,6.96E-07,-0.0461298227310181,0.197440903866664,
,,,6.962E-07,0.0208157896995544,0.197608267888427,
,,,6.964E-07,0.0208157896995544,0.1972735398449,
,,,6.96599999999999E-07,0.0208157896995544,0.197440903866664,
,,,6.968E-07,0.087761402130127,0.1972735398449,
,,,6.96999999999999E-07,0.0208157896995544,0.197608267888427,
,,,6.972E-07,0.0208157896995544,0.197106175823137,
,,,6.97399999999999E-07,-0.0461298227310181,0.196938811801374,
,,,6.976E-07,0.0208157896995544,0.19777563191019,
,,,6.97799999999999E-07,0.087761402130127,0.197608267888427,
,,,6.98E-07,0.0208157896995544,0.19777563191019,
,,,6.982E-07,0.0208157896995544,0.197608267888427,
,,,6.984E-07,0.0208157896995544,0.197440903866664,
,,,6.986E-07,-0.0461298227310181,0.1972735398449,
,,,6.988E-07,0.0208157896995544,0.197942995931953,
,,,6.99E-07,-0.0461298227310181,0.197608267888427,
,,,6.992E-07,-0.0461298227310181,0.197106175823137,
,,,6.994E-07,-0.0461298227310181,0.196938811801374,
,,,6.996E-07,0.087761402130127,0.197942995931953,
,,,6.998E-07,0.0208157896995544,0.198110359953716,
,,,7E-07,-0.0461298227310181,0.19827772397548,
,,,7.002E-07,0.0208157896995544,0.197942995931953,
,,,7.004E-07,-0.113075435161591,0.19777563191019,
,,,7.006E-07,0.0208157896995544,0.19827772397548,
,,,7.008E-07,0.087761402130127,0.197440903866664,
,,,7.01E-07,-0.113075435161591,0.197608267888427,
,,,7.012E-07,0.0208157896995544,0.197942995931953,
,,,7.014E-07,0.0208157896995544,0.197440903866664,
,,,7.016E-07,0.0208157896995544,0.196604083757848,
,,,7.018E-07,-0.0461298227310181,0.19777563191019,
,,,7.01999999999999E-07,-0.0461298227310181,0.197608267888427,
,,,7.022E-07,0.087761402130127,0.197608267888427,
,,,7.02399999999999E-07,0.0208157896995544,0.196269355714321,
,,,7.026E-07,0.0208157896995544,0.197106175823137,
,,,7.02799999999999E-07,0.0208157896995544,0.197106175823137,
,,,7.03E-07,-0.113075435161591,0.196604083757848,
,,,7.03199999999999E-07,0.0208157896995544,0.196938811801374,
,,,7.034E-07,0.087761402130127,0.196938811801374,
,,,7.036E-07,0.154707014560699,0.196604083757848,
,,,7.038E-07,0.0208157896995544,0.196938811801374,
,,,7.04E-07,-0.0461298227310181,0.197440903866664,
,,,7.042E-07,0.087761402130127,0.196604083757848,
,,,7.044E-07,-0.0461298227310181,0.197608267888427,
,,,7.046E-07,0.0208157896995544,0.197106175823137,
,,,7.048E-07,0.0208157896995544,0.197440903866664,
,,,7.05E-07,-0.0461298227310181,0.197608267888427,
,,,7.052E-07,0.0208157896995544,0.19777563191019,
,,,7.054E-07,0.0208157896995544,0.197608267888427,
,,,7.056E-07,0.154707014560699,0.198445087997243,
,,,7.058E-07,-0.0461298227310181,0.19827772397548,
,,,7.06E-07,-0.0461298227310181,0.196604083757848,
,,,7.062E-07,0.0208157896995544,0.197440903866664,
,,,7.064E-07,-0.0461298227310181,0.1972735398449,
,,,7.066E-07,0.0208157896995544,0.197608267888427,
,,,7.068E-07,0.0208157896995544,0.197942995931953,
,,,7.07E-07,0.087761402130127,0.19777563191019,
,,,7.072E-07,-0.0461298227310181,0.19777563191019,
,,,7.074E-07,-0.0461298227310181,0.197440903866664,
,,,7.076E-07,0.154707014560699,0.19777563191019,
,,,7.07799999999999E-07,0.0208157896995544,0.197942995931953,
,,,7.08E-07,0.0208157896995544,0.197942995931953,
,,,7.08199999999999E-07,-0.0461298227310181,0.196771447779611,
,,,7.084E-07,0.0208157896995544,0.197942995931953,
,,,7.08599999999999E-07,-0.0461298227310181,0.197440903866664,
,,,7.088E-07,0.0208157896995544,0.197608267888427,
,,,7.08999999999999E-07,0.0208157896995544,0.197942995931953,
,,,7.092E-07,-0.0461298227310181,0.197608267888427,
,,,7.094E-07,-0.0461298227310181,0.197608267888427,
,,,7.096E-07,-0.0461298227310181,0.197440903866664,
,,,7.098E-07,0.087761402130127,0.197942995931953,
,,,7.1E-07,0.087761402130127,0.19777563191019,
,,,7.102E-07,-0.0461298227310181,0.1972735398449,
,,,7.104E-07,0.0208157896995544,0.198110359953716,
,,,7.106E-07,0.087761402130127,0.197106175823137,
,,,7.108E-07,-0.0461298227310181,0.197440903866664,
,,,7.11E-07,0.0208157896995544,0.197942995931953,
,,,7.112E-07,0.087761402130127,0.197942995931953,
,,,7.114E-07,-0.113075435161591,0.197942995931953,
,,,7.116E-07,0.0208157896995544,0.197440903866664,
,,,7.118E-07,0.087761402130127,0.1972735398449,
,,,7.12E-07,0.154707014560699,0.19777563191019,
,,,7.122E-07,-0.113075435161591,0.197440903866664,
,,,7.124E-07,-0.0461298227310181,0.19777563191019,
,,,7.126E-07,0.0208157896995544,0.197608267888427,
,,,7.128E-07,0.0208157896995544,0.198110359953716,
,,,7.13E-07,0.0208157896995544,0.19827772397548,
,,,7.132E-07,0.0208157896995544,0.19777563191019,
,,,7.134E-07,-0.0461298227310181,0.19777563191019,
,,,7.13599999999999E-07,0.087761402130127,0.19827772397548,
,,,7.138E-07,-0.0461298227310181,0.197440903866664,
,,,7.13999999999999E-07,0.0208157896995544,0.197608267888427,
,,,7.142E-07,0.087761402130127,0.198445087997243,
,,,7.14399999999999E-07,0.0208157896995544,0.197106175823137,
,,,7.146E-07,-0.113075435161591,0.196938811801374,
,,,7.14799999999999E-07,0.0208157896995544,0.197106175823137,
,,,7.15E-07,-0.0461298227310181,0.197608267888427,
,,,7.152E-07,0.087761402130127,0.197440903866664,
,,,7.154E-07,-0.0461298227310181,0.197440903866664,
,,,7.156E-07,0.0208157896995544,0.196771447779611,
,,,7.158E-07,0.0208157896995544,0.196938811801374,
,,,7.16E-07,0.087761402130127,0.19777563191019,
,,,7.162E-07,-0.0461298227310181,0.19777563191019,
,,,7.164E-07,0.221652626991272,0.1972735398449,
,,,7.166E-07,0.087761402130127,0.1972735398449,
,,,7.168E-07,-0.0461298227310181,0.19777563191019,
,,,7.17E-07,0.0208157896995544,0.196771447779611,
,,,7.172E-07,-0.0461298227310181,0.1972735398449,
,,,7.174E-07,0.0208157896995544,0.1972735398449,
,,,7.176E-07,0.0208157896995544,0.196938811801374,
,,,7.178E-07,0.0208157896995544,0.197608267888427,
,,,7.18E-07,0.0208157896995544,0.19777563191019,
,,,7.182E-07,0.0208157896995544,0.19777563191019,
,,,7.184E-07,0.087761402130127,0.197942995931953,
,,,7.186E-07,0.0208157896995544,0.197608267888427,
,,,7.188E-07,0.0208157896995544,0.197440903866664,
,,,7.18999999999999E-07,-0.0461298227310181,0.19777563191019,
,,,7.192E-07,-0.0461298227310181,0.198110359953716,
,,,7.19399999999999E-07,0.0208157896995544,0.197608267888427,
,,,7.196E-07,-0.113075435161591,0.196938811801374,
,,,7.19799999999999E-07,-0.0461298227310181,0.196938811801374,
,,,7.2E-07,0.0208157896995544,0.197106175823137,
,,,7.20199999999999E-07,-0.180021047592163,0.196938811801374,
,,,7.204E-07,0.0208157896995544,0.197440903866664,
,,,7.206E-07,-0.0461298227310181,0.19777563191019,
,,,7.208E-07,-0.0461298227310181,0.197608267888427,
,,,7.21E-07,-0.0461298227310181,0.196771447779611,
,,,7.212E-07,0.087761402130127,0.197440903866664,
,,,7.214E-07,-0.113075435161591,0.197106175823137,
,,,7.216E-07,0.0208157896995544,0.196771447779611,
,,,7.218E-07,-0.180021047592163,0.196771447779611,
,,,7.22E-07,0.087761402130127,0.197440903866664,
,,,7.222E-07,0.0208157896995544,0.197440903866664,
,,,7.224E-07,0.0208157896995544,0.198110359953716,
,,,7.226E-07,0.0208157896995544,0.197440903866664,
,,,7.228E-07,0.087761402130127,0.196269355714321,
,,,7.23E-07,0.0208157896995544,0.1972735398449,
,,,7.232E-07,0.0208157896995544,0.197608267888427,
,,,7.234E-07,0.154707014560699,0.197608267888427,
,,,7.236E-07,0.0208157896995544,0.197106175823137,
,,,7.238E-07,-0.0461298227310181,0.196938811801374,
,,,7.24E-07,0.087761402130127,0.197440903866664,
,,,7.242E-07,0.0208157896995544,0.197440903866664,
,,,7.244E-07,0.0208157896995544,0.197608267888427,
,,,7.246E-07,0.087761402130127,0.19777563191019,
,,,7.24799999999999E-07,0.0208157896995544,0.1972735398449,
,,,7.25E-07,-0.0461298227310181,0.196436719736084,
,,,7.25199999999999E-07,0.0208157896995544,0.197440903866664,
,,,7.254E-07,-0.0461298227310181,0.197106175823137,
,,,7.25599999999999E-07,-0.0461298227310181,0.1972735398449,
,,,7.258E-07,0.154707014560699,0.197942995931953,
,,,7.25999999999999E-07,0.0208157896995544,0.19777563191019,
,,,7.262E-07,0.0208157896995544,0.197440903866664,
,,,7.264E-07,0.0208157896995544,0.19777563191019,
,,,7.266E-07,-0.0461298227310181,0.197106175823137,
,,,7.268E-07,-0.0461298227310181,0.1972735398449,
,,,7.27E-07,0.087761402130127,0.19827772397548,
,,,7.272E-07,0.087761402130127,0.197106175823137,
,,,7.274E-07,0.0208157896995544,0.197942995931953,
,,,7.276E-07,-0.0461298227310181,0.197942995931953,
,,,7.278E-07,-0.0461298227310181,0.19777563191019,
,,,7.28E-07,-0.0461298227310181,0.197106175823137,
,,,7.282E-07,-0.0461298227310181,0.197106175823137,
,,,7.284E-07,0.0208157896995544,0.197440903866664,
,,,7.286E-07,0.0208157896995544,0.197942995931953,
,,,7.288E-07,0.087761402130127,0.19777563191019,
,,,7.29E-07,0.087761402130127,0.197608267888427,
,,,7.292E-07,0.087761402130127,0.197440903866664,
,,,7.294E-07,-0.0461298227310181,0.19777563191019,
,,,7.296E-07,0.0208157896995544,0.197440903866664,
,,,7.298E-07,0.0208157896995544,0.197440903866664,
,,,7.3E-07,0.0208157896995544,0.1972735398449,
,,,7.30199999999999E-07,-0.0461298227310181,0.197608267888427,
,,,7.304E-07,0.0208157896995544,0.197440903866664,
,,,7.30599999999999E-07,-0.0461298227310181,0.197440903866664,
,,,7.308E-07,0.0208157896995544,0.197608267888427,
,,,7.30999999999999E-07,0.087761402130127,0.197608267888427,
,,,7.312E-07,0.154707014560699,0.19827772397548,
,,,7.31399999999999E-07,-0.0461298227310181,0.19777563191019,
,,,7.316E-07,-0.0461298227310181,0.1972735398449,
,,,7.318E-07,0.0208157896995544,0.197440903866664,
,,,7.32E-07,-0.0461298227310181,0.19777563191019,
,,,7.322E-07,-0.0461298227310181,0.197440903866664,
,,,7.324E-07,0.0208157896995544,0.197608267888427,
,,,7.326E-07,0.0208157896995544,0.19827772397548,
,,,7.328E-07,0.087761402130127,0.197608267888427,
,,,7.33E-07,-0.0461298227310181,0.197942995931953,
,,,7.332E-07,-0.0461298227310181,0.197440903866664,
,,,7.334E-07,-0.0461298227310181,0.19777563191019,
,,,7.336E-07,0.154707014560699,0.197106175823137,
,,,7.338E-07,-0.113075435161591,0.198110359953716,
,,,7.34E-07,-0.113075435161591,0.19827772397548,
,,,7.342E-07,0.087761402130127,0.197106175823137,
,,,7.344E-07,0.087761402130127,0.197608267888427,
,,,7.346E-07,0.0208157896995544,0.198110359953716,
,,,7.348E-07,0.0208157896995544,0.198110359953716,
,,,7.35E-07,-0.0461298227310181,0.196771447779611,
,,,7.352E-07,0.087761402130127,0.197440903866664,
,,,7.354E-07,0.0208157896995544,0.197942995931953,
,,,7.356E-07,0.087761402130127,0.197440903866664,
,,,7.358E-07,0.0208157896995544,0.198445087997243,
,,,7.35999999999999E-07,-0.0461298227310181,0.197942995931953,
,,,7.362E-07,0.087761402130127,0.197942995931953,
,,,7.36399999999999E-07,0.087761402130127,0.197608267888427,
,,,7.366E-07,-0.0461298227310181,0.198445087997243,
,,,7.36799999999999E-07,0.0208157896995544,0.197942995931953,
,,,7.37E-07,0.0208157896995544,0.197440903866664,
,,,7.37199999999999E-07,0.0208157896995544,0.19777563191019,
,,,7.374E-07,0.0208157896995544,0.19777563191019,
,,,7.376E-07,0.154707014560699,0.19777563191019,
,,,7.378E-07,0.0208157896995544,0.196938811801374,
,,,7.38E-07,-0.0461298227310181,0.196604083757848,
,,,7.382E-07,0.087761402130127,0.197440903866664,
,,,7.384E-07,-0.113075435161591,0.1972735398449,
,,,7.386E-07,0.0208157896995544,0.1972735398449,
,,,7.388E-07,0.0208157896995544,0.197942995931953,
,,,7.39E-07,0.087761402130127,0.197942995931953,
,,,7.392E-07,0.0208157896995544,0.197440903866664,
,,,7.394E-07,0.0208157896995544,0.197440903866664,
,,,7.396E-07,0.0208157896995544,0.197106175823137,
,,,7.398E-07,0.0208157896995544,0.197106175823137,
,,,7.4E-07,0.0208157896995544,0.197608267888427,
,,,7.402E-07,-0.0461298227310181,0.196436719736084,
,,,7.404E-07,0.087761402130127,0.197942995931953,
,,,7.406E-07,-0.0461298227310181,0.197440903866664,
,,,7.408E-07,0.087761402130127,0.197942995931953,
,,,7.41E-07,-0.113075435161591,0.1972735398449,
,,,7.412E-07,0.0208157896995544,0.197608267888427,
,,,7.414E-07,0.0208157896995544,0.197106175823137,
,,,7.416E-07,0.087761402130127,0.196938811801374,
,,,7.41799999999999E-07,-0.0461298227310181,0.1972735398449,
,,,7.42E-07,0.087761402130127,0.198110359953716,
,,,7.42199999999999E-07,0.0208157896995544,0.198110359953716,
,,,7.424E-07,0.0208157896995544,0.1972735398449,
,,,7.42599999999999E-07,0.087761402130127,0.19777563191019,
,,,7.428E-07,-0.0461298227310181,0.198110359953716,
,,,7.42999999999999E-07,0.087761402130127,0.197608267888427,
,,,7.432E-07,0.087761402130127,0.198110359953716,
,,,7.434E-07,0.0208157896995544,0.198110359953716,
,,,7.436E-07,0.0208157896995544,0.197440903866664,
,,,7.438E-07,0.0208157896995544,0.197942995931953,
,,,7.44E-07,0.0208157896995544,0.197608267888427,
,,,7.442E-07,0.0208157896995544,0.197106175823137,
,,,7.444E-07,0.0208157896995544,0.19777563191019,
,,,7.446E-07,0.0208157896995544,0.19827772397548,
,,,7.448E-07,0.0208157896995544,0.197106175823137,
,,,7.45E-07,0.0208157896995544,0.19827772397548,
,,,7.452E-07,0.0208157896995544,0.19827772397548,
,,,7.454E-07,0.087761402130127,0.197608267888427,
,,,7.456E-07,0.0208157896995544,0.197440903866664,
,,,7.458E-07,-0.0461298227310181,0.196938811801374,
,,,7.46E-07,0.0208157896995544,0.197608267888427,
,,,7.462E-07,0.087761402130127,0.197942995931953,
,,,7.464E-07,0.0208157896995544,0.197608267888427,
,,,7.466E-07,-0.113075435161591,0.197942995931953,
,,,7.468E-07,0.0208157896995544,0.197106175823137,
,,,7.47E-07,0.0208157896995544,0.19777563191019,
,,,7.47199999999999E-07,0.0208157896995544,0.197440903866664,
,,,7.474E-07,0.0208157896995544,0.197608267888427,
,,,7.47599999999999E-07,0.0208157896995544,0.19777563191019,
,,,7.478E-07,0.0208157896995544,0.197942995931953,
,,,7.47999999999999E-07,0.087761402130127,0.19827772397548,
,,,7.482E-07,0.0208157896995544,0.198612452019006,
,,,7.48399999999999E-07,0.087761402130127,0.197608267888427,
,,,7.486E-07,0.087761402130127,0.198445087997243,
,,,7.488E-07,0.087761402130127,0.198445087997243,
,,,7.49E-07,0.087761402130127,0.197942995931953,
,,,7.492E-07,0.0208157896995544,0.19777563191019,
,,,7.494E-07,0.087761402130127,0.197608267888427,
,,,7.496E-07,0.0208157896995544,0.198110359953716,
,,,7.498E-07,-0.0461298227310181,0.197608267888427,
,,,7.5E-07,0.087761402130127,0.19777563191019,
,,,7.502E-07,0.0208157896995544,0.198110359953716,
,,,7.504E-07,0.154707014560699,0.197608267888427,
,,,7.506E-07,0.087761402130127,0.197440903866664,
,,,7.508E-07,0.0208157896995544,0.197942995931953,
,,,7.51E-07,-0.0461298227310181,0.198110359953716,
,,,7.512E-07,0.0208157896995544,0.197440903866664,
,,,7.514E-07,0.0208157896995544,0.19827772397548,
,,,7.516E-07,-0.0461298227310181,0.19827772397548,
,,,7.518E-07,0.087761402130127,0.197440903866664,
,,,7.52E-07,0.087761402130127,0.197608267888427,
,,,7.522E-07,-0.0461298227310181,0.19777563191019,
,,,7.524E-07,-0.0461298227310181,0.198110359953716,
,,,7.526E-07,0.0208157896995544,0.198445087997243,
,,,7.528E-07,0.0208157896995544,0.197942995931953,
,,,7.52999999999999E-07,-0.0461298227310181,0.198110359953716,
,,,7.532E-07,0.087761402130127,0.19777563191019,
,,,7.53399999999999E-07,-0.0461298227310181,0.198110359953716,
,,,7.536E-07,0.087761402130127,0.197608267888427,
,,,7.53799999999999E-07,-0.113075435161591,0.19827772397548,
,,,7.54E-07,-0.0461298227310181,0.198612452019006,
,,,7.54199999999999E-07,0.0208157896995544,0.197942995931953,
,,,7.544E-07,0.0208157896995544,0.198445087997243,
,,,7.546E-07,-0.0461298227310181,0.198110359953716,
,,,7.548E-07,0.154707014560699,0.198110359953716,
,,,7.55E-07,0.0208157896995544,0.19827772397548,
,,,7.552E-07,0.0208157896995544,0.197942995931953,
,,,7.554E-07,0.154707014560699,0.19777563191019,
,,,7.556E-07,-0.0461298227310181,0.198110359953716,
,,,7.558E-07,-0.0461298227310181,0.198110359953716,
,,,7.56E-07,-0.0461298227310181,0.197440903866664,
,,,7.562E-07,0.087761402130127,0.1972735398449,
,,,7.564E-07,-0.0461298227310181,0.19777563191019,
,,,7.566E-07,0.0208157896995544,0.197106175823137,
,,,7.568E-07,0.0208157896995544,0.197106175823137,
,,,7.57E-07,-0.0461298227310181,0.197608267888427,
,,,7.572E-07,-0.0461298227310181,0.197608267888427,
,,,7.574E-07,0.0208157896995544,0.197608267888427,
,,,7.576E-07,0.0208157896995544,0.197440903866664,
,,,7.578E-07,-0.0461298227310181,0.197440903866664,
,,,7.58E-07,0.0208157896995544,0.1972735398449,
,,,7.582E-07,-0.0461298227310181,0.196938811801374,
,,,7.58399999999999E-07,-0.0461298227310181,0.19777563191019,
,,,7.586E-07,-0.113075435161591,0.196604083757848,
,,,7.58799999999999E-07,0.0208157896995544,0.196771447779611,
,,,7.59E-07,0.0208157896995544,0.196771447779611,
,,,7.59199999999999E-07,-0.113075435161591,0.197440903866664,
,,,7.594E-07,-0.113075435161591,0.196771447779611,
,,,7.59599999999999E-07,-0.0461298227310181,0.196604083757848,
,,,7.598E-07,-0.0461298227310181,0.197106175823137,
,,,7.6E-07,-0.113075435161591,0.197608267888427,
,,,7.602E-07,-0.113075435161591,0.197608267888427,
,,,7.604E-07,0.0208157896995544,0.197942995931953,
,,,7.606E-07,0.0208157896995544,0.197440903866664,
,,,7.608E-07,0.0208157896995544,0.197440903866664,
,,,7.61E-07,-0.0461298227310181,0.197608267888427,
,,,7.612E-07,-0.0461298227310181,0.197608267888427,
,,,7.614E-07,0.0208157896995544,0.1972735398449,
,,,7.616E-07,0.0208157896995544,0.197942995931953,
,,,7.618E-07,0.0208157896995544,0.19777563191019,
,,,7.62E-07,-0.113075435161591,0.19827772397548,
,,,7.622E-07,-0.0461298227310181,0.196938811801374,
,,,7.624E-07,0.0208157896995544,0.197106175823137,
,,,7.626E-07,-0.113075435161591,0.197608267888427,
,,,7.628E-07,0.0208157896995544,0.19777563191019,
,,,7.63E-07,0.0208157896995544,0.197608267888427,
,,,7.632E-07,-0.113075435161591,0.196938811801374,
,,,7.634E-07,-0.0461298227310181,0.197942995931953,
,,,7.636E-07,0.0208157896995544,0.1972735398449,
,,,7.638E-07,-0.0461298227310181,0.1972735398449,
,,,7.64E-07,-0.0461298227310181,0.197106175823137,
,,,7.64199999999999E-07,-0.0461298227310181,0.198110359953716,
,,,7.644E-07,0.0208157896995544,0.197942995931953,
,,,7.64599999999999E-07,0.0208157896995544,0.1972735398449,
,,,7.648E-07,-0.0461298227310181,0.198110359953716,
,,,7.64999999999999E-07,-0.113075435161591,0.196771447779611,
,,,7.652E-07,-0.0461298227310181,0.197106175823137,
,,,7.65399999999999E-07,0.0208157896995544,0.198110359953716,
,,,7.656E-07,-0.0461298227310181,0.197608267888427,
,,,7.658E-07,-0.0461298227310181,0.197106175823137,
,,,7.66E-07,-0.0461298227310181,0.197440903866664,
,,,7.662E-07,-0.0461298227310181,0.19827772397548,
,,,7.664E-07,0.0208157896995544,0.197942995931953,
,,,7.666E-07,-0.0461298227310181,0.19777563191019,
,,,7.668E-07,-0.113075435161591,0.198445087997243,
,,,7.67E-07,0.0208157896995544,0.197608267888427,
,,,7.672E-07,0.0208157896995544,0.197942995931953,
,,,7.674E-07,0.0208157896995544,0.197942995931953,
,,,7.676E-07,-0.0461298227310181,0.198110359953716,
,,,7.678E-07,0.0208157896995544,0.197106175823137,
,,,7.68E-07,0.0208157896995544,0.1972735398449,
,,,7.682E-07,0.087761402130127,0.197942995931953,
,,,7.684E-07,-0.0461298227310181,0.197440903866664,
,,,7.686E-07,0.087761402130127,0.197608267888427,
,,,7.688E-07,0.0208157896995544,0.198110359953716,
,,,7.69E-07,-0.0461298227310181,0.197608267888427,
,,,7.692E-07,-0.0461298227310181,0.19777563191019,
,,,7.694E-07,0.0208157896995544,0.197608267888427,
,,,7.696E-07,0.087761402130127,0.197942995931953,
,,,7.698E-07,-0.113075435161591,0.19827772397548,
,,,7.69999999999999E-07,0.0208157896995544,0.19777563191019,
,,,7.702E-07,-0.0461298227310181,0.197608267888427,
,,,7.70399999999999E-07,-0.0461298227310181,0.19777563191019,
,,,7.706E-07,0.087761402130127,0.197608267888427,
,,,7.70799999999999E-07,-0.113075435161591,0.198110359953716,
,,,7.71E-07,-0.0461298227310181,0.198110359953716,
,,,7.71199999999999E-07,0.0208157896995544,0.197608267888427,
,,,7.714E-07,-0.0461298227310181,0.198445087997243,
,,,7.716E-07,-0.0461298227310181,0.198445087997243,
,,,7.718E-07,0.087761402130127,0.198612452019006,
,,,7.72E-07,0.0208157896995544,0.198445087997243,
,,,7.722E-07,0.0208157896995544,0.198110359953716,
,,,7.724E-07,0.0208157896995544,0.197608267888427,
,,,7.726E-07,-0.0461298227310181,0.198110359953716,
,,,7.728E-07,0.0208157896995544,0.198779816040769,
,,,7.73E-07,-0.113075435161591,0.198612452019006,
,,,7.732E-07,0.0208157896995544,0.198445087997243,
,,,7.734E-07,-0.0461298227310181,0.19827772397548,
,,,7.736E-07,0.087761402130127,0.198612452019006,
,,,7.738E-07,0.087761402130127,0.198445087997243,
,,,7.74E-07,0.154707014560699,0.198445087997243,
,,,7.742E-07,0.0208157896995544,0.19827772397548,
,,,7.744E-07,-0.113075435161591,0.198445087997243,
,,,7.746E-07,0.0208157896995544,0.19777563191019,
,,,7.748E-07,-0.0461298227310181,0.198110359953716,
,,,7.75E-07,-0.0461298227310181,0.19827772397548,
,,,7.752E-07,0.0208157896995544,0.198110359953716,
,,,7.75399999999999E-07,0.0208157896995544,0.19827772397548,
,,,7.756E-07,-0.0461298227310181,0.198110359953716,
,,,7.75799999999999E-07,0.087761402130127,0.198612452019006,
,,,7.76E-07,0.087761402130127,0.197942995931953,
,,,7.76199999999999E-07,-0.0461298227310181,0.1972735398449,
,,,7.764E-07,-0.0461298227310181,0.19777563191019,
,,,7.76599999999999E-07,0.087761402130127,0.197608267888427,
,,,7.768E-07,0.0208157896995544,0.196771447779611,
,,,7.77E-07,-0.0461298227310181,0.1972735398449,
,,,7.772E-07,0.0208157896995544,0.198110359953716,
,,,7.774E-07,0.087761402130127,0.197608267888427,
,,,7.776E-07,0.0208157896995544,0.197106175823137,
,,,7.778E-07,-0.113075435161591,0.196771447779611,
,,,7.78E-07,0.0208157896995544,0.197440903866664,
,,,7.782E-07,0.087761402130127,0.197106175823137,
,,,7.784E-07,0.0208157896995544,0.196604083757848,
,,,7.786E-07,-0.0461298227310181,0.196938811801374,
,,,7.788E-07,0.0208157896995544,0.196938811801374,
,,,7.79E-07,-0.0461298227310181,0.197608267888427,
,,,7.792E-07,-0.0461298227310181,0.1972735398449,
,,,7.794E-07,0.0208157896995544,0.19777563191019,
,,,7.796E-07,0.0208157896995544,0.1972735398449,
,,,7.798E-07,0.0208157896995544,0.196938811801374,
,,,7.8E-07,0.0208157896995544,0.197608267888427,
,,,7.802E-07,0.0208157896995544,0.197608267888427,
,,,7.804E-07,0.087761402130127,0.196604083757848,
,,,7.806E-07,0.0208157896995544,0.197608267888427,
,,,7.808E-07,0.0208157896995544,0.1972735398449,
,,,7.81E-07,0.087761402130127,0.19777563191019,
,,,7.81199999999999E-07,-0.0461298227310181,0.197608267888427,
,,,7.814E-07,0.087761402130127,0.196771447779611,
,,,7.81599999999999E-07,0.087761402130127,0.197440903866664,
,,,7.818E-07,0.087761402130127,0.19777563191019,
,,,7.81999999999999E-07,-0.0461298227310181,0.1972735398449,
,,,7.822E-07,0.0208157896995544,0.1972735398449,
,,,7.82399999999999E-07,0.087761402130127,0.196938811801374,
,,,7.826E-07,-0.0461298227310181,0.1972735398449,
,,,7.828E-07,-0.0461298227310181,0.196938811801374,
,,,7.83E-07,0.0208157896995544,0.197106175823137,
,,,7.832E-07,-0.0461298227310181,0.196604083757848,
,,,7.834E-07,-0.0461298227310181,0.196771447779611,
,,,7.836E-07,0.0208157896995544,0.196604083757848,
,,,7.838E-07,0.0208157896995544,0.197440903866664,
,,,7.84E-07,0.0208157896995544,0.196604083757848,
,,,7.842E-07,-0.0461298227310181,0.196604083757848,
,,,7.844E-07,0.087761402130127,0.196604083757848,
,,,7.846E-07,0.0208157896995544,0.196269355714321,
,,,7.848E-07,0.0208157896995544,0.196269355714321,
,,,7.85E-07,-0.0461298227310181,0.196771447779611,
,,,7.852E-07,0.0208157896995544,0.196101991692558,
,,,7.854E-07,-0.0461298227310181,0.196938811801374,
,,,7.856E-07,0.0208157896995544,0.196436719736084,
,,,7.858E-07,0.0208157896995544,0.196604083757848,
,,,7.86E-07,-0.0461298227310181,0.196269355714321,
,,,7.862E-07,-0.113075435161591,0.196436719736084,
,,,7.864E-07,0.087761402130127,0.196269355714321,
,,,7.86599999999999E-07,0.0208157896995544,0.196436719736084,
,,,7.868E-07,0.154707014560699,0.196269355714321,
,,,7.86999999999999E-07,-0.0461298227310181,0.196604083757848,
,,,7.872E-07,-0.0461298227310181,0.195934627670795,
,,,7.87399999999999E-07,0.154707014560699,0.195934627670795,
,,,7.876E-07,-0.0461298227310181,0.196436719736084,
,,,7.87799999999999E-07,0.087761402130127,0.196436719736084,
,,,7.88E-07,0.0208157896995544,0.196436719736084,
,,,7.882E-07,-0.113075435161591,0.196436719736084,
,,,7.884E-07,-0.0461298227310181,0.196101991692558,
,,,7.886E-07,0.0208157896995544,0.196101991692558,
,,,7.888E-07,0.087761402130127,0.196269355714321,
,,,7.89E-07,-0.0461298227310181,0.196269355714321,
,,,7.892E-07,0.087761402130127,0.196436719736084,
,,,7.894E-07,0.0208157896995544,0.195934627670795,
,,,7.896E-07,-0.113075435161591,0.196269355714321,
,,,7.898E-07,-0.0461298227310181,0.196269355714321,
,,,7.9E-07,0.0208157896995544,0.196101991692558,
,,,7.902E-07,-0.0461298227310181,0.196604083757848,
,,,7.904E-07,0.087761402130127,0.196604083757848,
,,,7.906E-07,-0.113075435161591,0.195599899627268,
,,,7.908E-07,0.0208157896995544,0.196436719736084,
,,,7.91E-07,0.087761402130127,0.196604083757848,
,,,7.912E-07,0.0208157896995544,0.196771447779611,
,,,7.914E-07,-0.0461298227310181,0.196771447779611,
,,,7.916E-07,-0.0461298227310181,0.1972735398449,
,,,7.918E-07,-0.0461298227310181,0.196771447779611,
,,,7.92E-07,-0.0461298227310181,0.196436719736084,
,,,7.922E-07,-0.0461298227310181,0.196604083757848,
,,,7.92399999999999E-07,0.0208157896995544,0.197106175823137,
,,,7.926E-07,-0.113075435161591,0.197608267888427,
,,,7.92799999999999E-07,0.087761402130127,0.19827772397548,
,,,7.93E-07,0.0208157896995544,0.196938811801374,
,,,7.93199999999999E-07,0.087761402130127,0.1972735398449,
,,,7.934E-07,-0.0461298227310181,0.197608267888427,
,,,7.93599999999999E-07,0.0208157896995544,0.1972735398449,
,,,7.938E-07,0.087761402130127,0.197440903866664,
,,,7.94E-07,0.0208157896995544,0.197440903866664,
,,,7.942E-07,-0.0461298227310181,0.197106175823137,
,,,7.944E-07,0.0208157896995544,0.197106175823137,
,,,7.946E-07,-0.0461298227310181,0.197608267888427,
,,,7.948E-07,0.0208157896995544,0.196938811801374,
,,,7.95E-07,0.154707014560699,0.196771447779611,
,,,7.952E-07,0.154707014560699,0.19827772397548,
,,,7.954E-07,-0.0461298227310181,0.197608267888427,
,,,7.956E-07,0.087761402130127,0.197106175823137,
,,,7.958E-07,-0.0461298227310181,0.198612452019006,
,,,7.96E-07,0.0208157896995544,0.197608267888427,
,,,7.962E-07,-0.0461298227310181,0.1972735398449,
,,,7.964E-07,0.0208157896995544,0.197942995931953,
,,,7.966E-07,-0.0461298227310181,0.198110359953716,
,,,7.968E-07,0.087761402130127,0.197942995931953,
,,,7.97E-07,-0.113075435161591,0.197440903866664,
,,,7.972E-07,0.0208157896995544,0.198110359953716,
,,,7.974E-07,0.087761402130127,0.197608267888427,
,,,7.976E-07,0.0208157896995544,0.198110359953716,
,,,7.978E-07,-0.113075435161591,0.19827772397548,
,,,7.98E-07,-0.0461298227310181,0.19827772397548,
,,,7.98199999999999E-07,-0.0461298227310181,0.198110359953716,
,,,7.984E-07,0.0208157896995544,0.197942995931953,
,,,7.98599999999999E-07,-0.0461298227310181,0.19827772397548,
,,,7.988E-07,-0.0461298227310181,0.198612452019006,
,,,7.98999999999999E-07,-0.0461298227310181,0.19827772397548,
,,,7.992E-07,-0.0461298227310181,0.198110359953716,
,,,7.994E-07,-0.0461298227310181,0.19827772397548,
,,,7.996E-07,0.087761402130127,0.198779816040769,
,,,7.998E-07,0.0208157896995544,0.198612452019006,
,,,8E-07,-0.0461298227310181,0.19827772397548,
,,,8.002E-07,0.0208157896995544,0.198445087997243,
,,,8.004E-07,-0.113075435161591,0.198779816040769,
,,,8.006E-07,0.087761402130127,0.198612452019006,
,,,8.008E-07,0.0208157896995544,0.198612452019006,
,,,8.01E-07,-0.0461298227310181,0.198445087997243,
,,,8.012E-07,-0.0461298227310181,0.198445087997243,
,,,8.014E-07,-0.0461298227310181,0.19827772397548,
,,,8.016E-07,0.087761402130127,0.198445087997243,
,,,8.018E-07,-0.113075435161591,0.198612452019006,
,,,8.02E-07,0.087761402130127,0.198612452019006,
,,,8.022E-07,-0.0461298227310181,0.198612452019006,
,,,8.024E-07,-0.0461298227310181,0.19827772397548,
,,,8.026E-07,-0.0461298227310181,0.198612452019006,
,,,8.028E-07,0.0208157896995544,0.198612452019006,
,,,8.03E-07,0.087761402130127,0.19827772397548,
,,,8.032E-07,0.087761402130127,0.198445087997243,
,,,8.034E-07,-0.0461298227310181,0.198110359953716,
,,,8.03599999999999E-07,0.0208157896995544,0.19827772397548,
,,,8.038E-07,0.154707014560699,0.198110359953716,
,,,8.03999999999999E-07,0.0208157896995544,0.196771447779611,
,,,8.042E-07,-0.113075435161591,0.19777563191019,
,,,8.04399999999999E-07,0.0208157896995544,0.198110359953716,
,,,8.046E-07,0.0208157896995544,0.19777563191019,
,,,8.04799999999999E-07,-0.0461298227310181,0.198110359953716,
,,,8.05E-07,-0.0461298227310181,0.198110359953716,
,,,8.052E-07,0.0208157896995544,0.197608267888427,
,,,8.054E-07,0.0208157896995544,0.198110359953716,
,,,8.056E-07,0.087761402130127,0.197608267888427,
,,,8.058E-07,0.0208157896995544,0.1972735398449,
,,,8.06E-07,0.0208157896995544,0.197608267888427,
,,,8.062E-07,0.0208157896995544,0.19777563191019,
,,,8.064E-07,0.0208157896995544,0.197608267888427,
,,,8.066E-07,0.087761402130127,0.1972735398449,
,,,8.068E-07,-0.113075435161591,0.19777563191019,
,,,8.07E-07,-0.0461298227310181,0.197608267888427,
,,,8.072E-07,0.0208157896995544,0.197608267888427,
,,,8.074E-07,-0.0461298227310181,0.19777563191019,
,,,8.076E-07,-0.0461298227310181,0.196604083757848,
,,,8.078E-07,0.0208157896995544,0.196604083757848,
,,,8.08E-07,0.154707014560699,0.1972735398449,
,,,8.082E-07,0.0208157896995544,0.196604083757848,
,,,8.084E-07,0.087761402130127,0.196771447779611,
,,,8.086E-07,-0.0461298227310181,0.196604083757848,
,,,8.088E-07,-0.0461298227310181,0.196269355714321,
,,,8.09E-07,0.0208157896995544,0.196938811801374,
,,,8.092E-07,0.0208157896995544,0.197106175823137,
,,,8.09399999999999E-07,0.0208157896995544,0.196938811801374,
,,,8.096E-07,0.087761402130127,0.196938811801374,
,,,8.09799999999999E-07,-0.0461298227310181,0.196604083757848,
,,,8.1E-07,0.0208157896995544,0.196771447779611,
,,,8.10199999999999E-07,0.0208157896995544,0.197106175823137,
,,,8.104E-07,0.0208157896995544,0.196604083757848,
,,,8.10599999999999E-07,0.0208157896995544,0.196604083757848,
,,,8.108E-07,0.0208157896995544,0.197440903866664,
,,,8.11E-07,-0.0461298227310181,0.196436719736084,
,,,8.112E-07,0.0208157896995544,0.197106175823137,
,,,8.114E-07,-0.113075435161591,0.196938811801374,
,,,8.116E-07,-0.0461298227310181,0.196771447779611,
,,,8.118E-07,-0.0461298227310181,0.196771447779611,
,,,8.12E-07,0.087761402130127,0.196269355714321,
,,,8.122E-07,-0.0461298227310181,0.197106175823137,
,,,8.124E-07,0.087761402130127,0.196269355714321,
,,,8.126E-07,0.0208157896995544,0.196938811801374,
,,,8.128E-07,-0.0461298227310181,0.196938811801374,
,,,8.13E-07,0.087761402130127,0.1972735398449,
,,,8.132E-07,-0.0461298227310181,0.197106175823137,
,,,8.134E-07,0.087761402130127,0.197440903866664,
,,,8.136E-07,0.0208157896995544,0.1972735398449,
,,,8.138E-07,-0.0461298227310181,0.196938811801374,
,,,8.14E-07,0.0208157896995544,0.19777563191019,
,,,8.142E-07,0.087761402130127,0.19827772397548,
,,,8.144E-07,0.087761402130127,0.197608267888427,
,,,8.146E-07,-0.0461298227310181,0.1972735398449,
,,,8.14799999999999E-07,0.0208157896995544,0.19777563191019,
,,,8.15E-07,-0.0461298227310181,0.19777563191019,
,,,8.15199999999999E-07,0.0208157896995544,0.19777563191019,
,,,8.154E-07,0.087761402130127,0.19827772397548,
,,,8.15599999999999E-07,0.0208157896995544,0.19777563191019,
,,,8.158E-07,0.087761402130127,0.197942995931953,
,,,8.15999999999999E-07,0.087761402130127,0.198110359953716,
,,,8.162E-07,-0.0461298227310181,0.19777563191019,
,,,8.164E-07,0.0208157896995544,0.1972735398449,
,,,8.166E-07,0.087761402130127,0.19827772397548,
,,,8.168E-07,0.0208157896995544,0.197608267888427,
,,,8.17E-07,-0.0461298227310181,0.19777563191019,
,,,8.172E-07,-0.0461298227310181,0.19827772397548,
,,,8.174E-07,-0.0461298227310181,0.197942995931953,
,,,8.176E-07,0.0208157896995544,0.197608267888427,
,,,8.178E-07,-0.113075435161591,0.198445087997243,
,,,8.18E-07,0.0208157896995544,0.19777563191019,
,,,8.182E-07,-0.113075435161591,0.19827772397548,
,,,8.184E-07,0.087761402130127,0.197440903866664,
,,,8.186E-07,0.0208157896995544,0.198110359953716,
,,,8.188E-07,0.087761402130127,0.197440903866664,
,,,8.19E-07,0.0208157896995544,0.1972735398449,
,,,8.192E-07,0.0208157896995544,0.1972735398449,
,,,8.194E-07,0.087761402130127,0.19777563191019,
,,,8.196E-07,0.0208157896995544,0.198110359953716,
,,,8.198E-07,0.087761402130127,0.197608267888427,
,,,8.2E-07,0.0208157896995544,0.197942995931953,
,,,8.202E-07,-0.113075435161591,0.197440903866664,
,,,8.204E-07,-0.0461298227310181,0.197440903866664,
,,,8.20599999999999E-07,0.087761402130127,0.1972735398449,
,,,8.208E-07,0.087761402130127,0.197106175823137,
,,,8.20999999999999E-07,-0.0461298227310181,0.196269355714321,
,,,8.212E-07,0.087761402130127,0.196436719736084,
,,,8.21399999999999E-07,0.0208157896995544,0.196604083757848,
,,,8.216E-07,0.0208157896995544,0.196604083757848,
,,,8.21799999999999E-07,-0.0461298227310181,0.196269355714321,
,,,8.22E-07,0.0208157896995544,0.196101991692558,
,,,8.222E-07,0.0208157896995544,0.197440903866664,
,,,8.224E-07,0.087761402130127,0.196938811801374,
,,,8.226E-07,-0.0461298227310181,0.195934627670795,
,,,8.228E-07,-0.0461298227310181,0.196101991692558,
,,,8.23E-07,-0.0461298227310181,0.196604083757848,
,,,8.232E-07,0.0208157896995544,0.195767263649032,
,,,8.234E-07,-0.0461298227310181,0.195934627670795,
,,,8.236E-07,-0.0461298227310181,0.195599899627268,
,,,8.238E-07,0.0208157896995544,0.196269355714321,
,,,8.24E-07,0.0208157896995544,0.196604083757848,
,,,8.242E-07,-0.0461298227310181,0.196604083757848,
,,,8.244E-07,0.0208157896995544,0.195934627670795,
,,,8.246E-07,0.0208157896995544,0.196436719736084,
,,,8.248E-07,0.087761402130127,0.197106175823137,
,,,8.25E-07,0.0208157896995544,0.195599899627268,
,,,8.252E-07,0.0208157896995544,0.195767263649032,
,,,8.254E-07,0.0208157896995544,0.196604083757848,
,,,8.256E-07,-0.0461298227310181,0.196101991692558,
,,,8.258E-07,0.087761402130127,0.196269355714321,
,,,8.26E-07,-0.113075435161591,0.195767263649032,
,,,8.262E-07,0.0208157896995544,0.195934627670795,
,,,8.26399999999999E-07,0.087761402130127,0.195599899627268,
,,,8.266E-07,0.0208157896995544,0.195767263649032,
,,,8.26799999999999E-07,0.0208157896995544,0.196269355714321,
,,,8.27E-07,0.087761402130127,0.196604083757848,
,,,8.27199999999999E-07,0.087761402130127,0.196101991692558,
,,,8.274E-07,0.0208157896995544,0.196101991692558,
,,,8.276E-07,0.0208157896995544,0.196101991692558,
,,,8.278E-07,0.0208157896995544,0.1972735398449,
,,,8.28E-07,-0.0461298227310181,0.1972735398449,
,,,8.282E-07,0.087761402130127,0.195934627670795,
,,,8.284E-07,0.0208157896995544,0.195934627670795,
,,,8.286E-07,-0.0461298227310181,0.196938811801374,
,,,8.288E-07,-0.0461298227310181,0.196604083757848,
,,,8.29E-07,-0.113075435161591,0.196604083757848,
,,,8.292E-07,0.0208157896995544,0.198110359953716,
,,,8.294E-07,0.0208157896995544,0.1972735398449,
,,,8.296E-07,0.0208157896995544,0.196269355714321,
,,,8.298E-07,-0.0461298227310181,0.198445087997243,
,,,8.3E-07,0.0208157896995544,0.197440903866664,
,,,8.302E-07,-0.0461298227310181,0.197440903866664,
,,,8.304E-07,0.0208157896995544,0.19777563191019,
,,,8.306E-07,-0.113075435161591,0.197942995931953,
,,,8.308E-07,-0.0461298227310181,0.198110359953716,
,,,8.31E-07,-0.113075435161591,0.197942995931953,
,,,8.312E-07,-0.0461298227310181,0.198779816040769,
,,,8.314E-07,-0.0461298227310181,0.198110359953716,
,,,8.316E-07,-0.0461298227310181,0.198445087997243,
,,,8.31799999999999E-07,0.0208157896995544,0.198947180062532,
,,,8.32E-07,0.0208157896995544,0.199281908106059,
,,,8.32199999999999E-07,0.087761402130127,0.198779816040769,
,,,8.324E-07,0.0208157896995544,0.198947180062532,
,,,8.32599999999999E-07,0.0208157896995544,0.198779816040769,
,,,8.328E-07,-0.0461298227310181,0.198779816040769,
,,,8.32999999999999E-07,0.0208157896995544,0.198779816040769,
,,,8.332E-07,0.087761402130127,0.199281908106059,
,,,8.334E-07,0.0208157896995544,0.199281908106059,
,,,8.336E-07,0.154707014560699,0.19827772397548,
,,,8.338E-07,-0.0461298227310181,0.198947180062532,
,,,8.34E-07,-0.0461298227310181,0.198779816040769,
,,,8.342E-07,-0.0461298227310181,0.198612452019006,
,,,8.344E-07,0.0208157896995544,0.198612452019006,
,,,8.346E-07,-0.0461298227310181,0.199449272127822,
,,,8.348E-07,0.0208157896995544,0.198947180062532,
,,,8.35E-07,0.0208157896995544,0.199616636149585,
,,,8.352E-07,0.0208157896995544,0.199784000171348,
,,,8.354E-07,-0.113075435161591,0.199114544084296,
,,,8.356E-07,0.0208157896995544,0.199114544084296,
,,,8.358E-07,0.087761402130127,0.199616636149585,
,,,8.36E-07,0.0208157896995544,0.199449272127822,
,,,8.362E-07,-0.0461298227310181,0.198779816040769,
,,,8.364E-07,0.087761402130127,0.199281908106059,
,,,8.366E-07,0.0208157896995544,0.199449272127822,
,,,8.368E-07,0.0208157896995544,0.198612452019006,
,,,8.37E-07,0.0208157896995544,0.198779816040769,
,,,8.372E-07,0.0208157896995544,0.198779816040769,
,,,8.374E-07,0.0208157896995544,0.198612452019006,
,,,8.37599999999999E-07,0.0208157896995544,0.198779816040769,
,,,8.378E-07,-0.0461298227310181,0.198612452019006,
,,,8.37999999999999E-07,0.087761402130127,0.198445087997243,
,,,8.382E-07,0.087761402130127,0.198947180062532,
,,,8.38399999999999E-07,-0.0461298227310181,0.198445087997243,
,,,8.386E-07,0.087761402130127,0.19827772397548,
,,,8.38799999999999E-07,-0.0461298227310181,0.198110359953716,
,,,8.39E-07,-0.0461298227310181,0.197942995931953,
,,,8.392E-07,0.0208157896995544,0.19777563191019,
,,,8.394E-07,0.0208157896995544,0.197942995931953,
,,,8.396E-07,-0.0461298227310181,0.197440903866664,
,,,8.398E-07,-0.0461298227310181,0.1972735398449,
,,,8.4E-07,0.154707014560699,0.19777563191019,
,,,8.402E-07,-0.113075435161591,0.198110359953716,
,,,8.404E-07,0.0208157896995544,0.197608267888427,
,,,8.406E-07,0.087761402130127,0.197440903866664,
,,,8.408E-07,-0.0461298227310181,0.1972735398449,
,,,8.41E-07,-0.0461298227310181,0.1972735398449,
,,,8.412E-07,0.0208157896995544,0.197106175823137,
,,,8.414E-07,-0.0461298227310181,0.1972735398449,
,,,8.416E-07,0.0208157896995544,0.196771447779611,
,,,8.418E-07,-0.113075435161591,0.196436719736084,
,,,8.42E-07,0.0208157896995544,0.196604083757848,
,,,8.422E-07,0.154707014560699,0.196771447779611,
,,,8.424E-07,0.0208157896995544,0.195599899627268,
,,,8.426E-07,-0.113075435161591,0.196269355714321,
,,,8.428E-07,-0.0461298227310181,0.196269355714321,
,,,8.42999999999999E-07,0.0208157896995544,0.196269355714321,
,,,8.432E-07,0.0208157896995544,0.196269355714321,
,,,8.43399999999999E-07,-0.0461298227310181,0.196436719736084,
,,,8.436E-07,0.0208157896995544,0.195934627670795,
,,,8.43799999999999E-07,-0.0461298227310181,0.194930443540215,
,,,8.44E-07,0.0208157896995544,0.196101991692558,
,,,8.44199999999999E-07,-0.0461298227310181,0.195599899627268,
,,,8.444E-07,0.087761402130127,0.195097807561979,
,,,8.446E-07,0.0208157896995544,0.194930443540215,
,,,8.448E-07,0.0208157896995544,0.195767263649032,
,,,8.45E-07,0.087761402130127,0.195265171583742,
,,,8.452E-07,-0.0461298227310181,0.194763079518452,
,,,8.454E-07,0.087761402130127,0.195599899627268,
,,,8.456E-07,0.0208157896995544,0.196269355714321,
,,,8.458E-07,0.0208157896995544,0.195599899627268,
,,,8.46E-07,-0.0461298227310181,0.194763079518452,
,,,8.462E-07,0.0208157896995544,0.196436719736084,
,,,8.464E-07,0.087761402130127,0.195265171583742,
,,,8.466E-07,-0.0461298227310181,0.195097807561979,
,,,8.468E-07,0.0208157896995544,0.195432535605505,
,,,8.47E-07,0.0208157896995544,0.195934627670795,
,,,8.472E-07,-0.0461298227310181,0.195599899627268,
,,,8.474E-07,-0.0461298227310181,0.195934627670795,
,,,8.476E-07,0.0208157896995544,0.196101991692558,
,,,8.478E-07,0.087761402130127,0.196436719736084,
,,,8.48E-07,-0.0461298227310181,0.195265171583742,
,,,8.482E-07,-0.113075435161591,0.196101991692558,
,,,8.484E-07,0.0208157896995544,0.196436719736084,
,,,8.486E-07,0.0208157896995544,0.195432535605505,
,,,8.48799999999999E-07,0.0208157896995544,0.195599899627268,
,,,8.49E-07,-0.0461298227310181,0.19777563191019,
,,,8.49199999999999E-07,0.087761402130127,0.196436719736084,
,,,8.494E-07,-0.0461298227310181,0.196269355714321,
,,,8.49599999999999E-07,-0.0461298227310181,0.195767263649032,
,,,8.498E-07,-0.0461298227310181,0.196771447779611,
,,,8.49999999999999E-07,-0.0461298227310181,0.196938811801374,
,,,8.502E-07,0.0208157896995544,0.197106175823137,
,,,8.504E-07,-0.0461298227310181,0.196938811801374,
,,,8.506E-07,0.0208157896995544,0.196101991692558,
,,,8.508E-07,0.087761402130127,0.1972735398449,
,,,8.51E-07,0.0208157896995544,0.197608267888427,
,,,8.512E-07,-0.0461298227310181,0.197106175823137,
,,,8.514E-07,0.087761402130127,0.1972735398449,
,,,8.516E-07,-0.0461298227310181,0.197440903866664,
,,,8.518E-07,-0.0461298227310181,0.1972735398449,
,,,8.52E-07,0.0208157896995544,0.198110359953716,
,,,8.522E-07,0.0208157896995544,0.19777563191019,
,,,8.524E-07,0.0208157896995544,0.19777563191019,
,,,8.526E-07,0.0208157896995544,0.19827772397548,
,,,8.528E-07,0.154707014560699,0.198110359953716,
,,,8.53E-07,0.0208157896995544,0.19827772397548,
,,,8.532E-07,0.087761402130127,0.198947180062532,
,,,8.534E-07,-0.0461298227310181,0.197942995931953,
,,,8.536E-07,0.0208157896995544,0.198110359953716,
,,,8.538E-07,0.0208157896995544,0.19827772397548,
,,,8.54E-07,-0.113075435161591,0.198612452019006,
,,,8.542E-07,-0.0461298227310181,0.198110359953716,
,,,8.544E-07,0.087761402130127,0.198779816040769,
,,,8.54599999999999E-07,-0.0461298227310181,0.198612452019006,
,,,8.548E-07,0.0208157896995544,0.199281908106059,
,,,8.54999999999999E-07,-0.0461298227310181,0.198947180062532,
,,,8.552E-07,0.0208157896995544,0.19827772397548,
,,,8.55399999999999E-07,-0.0461298227310181,0.198947180062532,
,,,8.556E-07,-0.0461298227310181,0.199114544084296,
,,,8.558E-07,0.0208157896995544,0.199449272127822,
,,,8.56E-07,0.0208157896995544,0.198779816040769,
,,,8.562E-07,-0.113075435161591,0.199616636149585,
,,,8.564E-07,-0.0461298227310181,0.198779816040769,
,,,8.566E-07,0.0208157896995544,0.198612452019006,
,,,8.568E-07,0.0208157896995544,0.197942995931953,
,,,8.57E-07,0.0208157896995544,0.198110359953716,
,,,8.572E-07,0.0208157896995544,0.198612452019006,
,,,8.574E-07,0.0208157896995544,0.19827772397548,
,,,8.576E-07,0.0208157896995544,0.197608267888427,
,,,8.578E-07,-0.0461298227310181,0.197608267888427,
,,,8.58E-07,0.0208157896995544,0.1972735398449,
,,,8.582E-07,0.0208157896995544,0.1972735398449,
,,,8.584E-07,-0.0461298227310181,0.197106175823137,
,,,8.586E-07,0.0208157896995544,0.197942995931953,
,,,8.588E-07,0.0208157896995544,0.196604083757848,
,,,8.59E-07,0.0208157896995544,0.196604083757848,
,,,8.592E-07,0.087761402130127,0.1972735398449,
,,,8.594E-07,0.0208157896995544,0.197106175823137,
,,,8.596E-07,-0.0461298227310181,0.196938811801374,
,,,8.598E-07,-0.0461298227310181,0.197106175823137,
,,,8.59999999999999E-07,-0.0461298227310181,0.196771447779611,
,,,8.602E-07,0.0208157896995544,0.196436719736084,
,,,8.60399999999999E-07,0.0208157896995544,0.196771447779611,
,,,8.606E-07,0.087761402130127,0.196938811801374,
,,,8.60799999999999E-07,-0.0461298227310181,0.196436719736084,
,,,8.61E-07,-0.113075435161591,0.196436719736084,
,,,8.61199999999999E-07,-0.0461298227310181,0.196101991692558,
,,,8.614E-07,-0.0461298227310181,0.196436719736084,
,,,8.616E-07,0.0208157896995544,0.196269355714321,
,,,8.618E-07,-0.0461298227310181,0.196269355714321,
,,,8.62E-07,-0.0461298227310181,0.196269355714321,
,,,8.622E-07,-0.113075435161591,0.195934627670795,
,,,8.624E-07,0.0208157896995544,0.195767263649032,
,,,8.626E-07,-0.113075435161591,0.196101991692558,
,,,8.628E-07,-0.0461298227310181,0.195934627670795,
,,,8.63E-07,-0.0461298227310181,0.195934627670795,
,,,8.632E-07,-0.0461298227310181,0.195767263649032,
,,,8.634E-07,-0.0461298227310181,0.195934627670795,
,,,8.636E-07,0.087761402130127,0.196101991692558,
,,,8.638E-07,0.0208157896995544,0.195432535605505,
,,,8.64E-07,-0.0461298227310181,0.195432535605505,
,,,8.642E-07,0.087761402130127,0.195599899627268,
,,,8.644E-07,-0.0461298227310181,0.195432535605505,
,,,8.646E-07,-0.0461298227310181,0.195265171583742,
,,,8.648E-07,0.087761402130127,0.195265171583742,
,,,8.65E-07,-0.0461298227310181,0.195599899627268,
,,,8.652E-07,0.0208157896995544,0.195265171583742,
,,,8.654E-07,-0.0461298227310181,0.195432535605505,
,,,8.656E-07,0.0208157896995544,0.195767263649032,
,,,8.65799999999999E-07,-0.0461298227310181,0.196101991692558,
,,,8.66E-07,-0.0461298227310181,0.195599899627268,
,,,8.66199999999999E-07,-0.0461298227310181,0.196436719736084,
,,,8.664E-07,-0.180021047592163,0.196101991692558,
,,,8.66599999999999E-07,-0.0461298227310181,0.196269355714321,
,,,8.668E-07,0.0208157896995544,0.195767263649032,
,,,8.66999999999999E-07,0.087761402130127,0.195767263649032,
,,,8.672E-07,-0.0461298227310181,0.195934627670795,
,,,8.674E-07,-0.0461298227310181,0.195934627670795,
,,,8.676E-07,-0.0461298227310181,0.196269355714321,
,,,8.678E-07,0.087761402130127,0.196269355714321,
,,,8.68E-07,0.0208157896995544,0.196101991692558,
,,,8.682E-07,0.087761402130127,0.196269355714321,
,,,8.684E-07,0.0208157896995544,0.196771447779611,
,,,8.686E-07,-0.0461298227310181,0.196771447779611,
,,,8.688E-07,0.0208157896995544,0.196771447779611,
,,,8.69E-07,-0.0461298227310181,0.196771447779611,
,,,8.692E-07,0.0208157896995544,0.1972735398449,
,,,8.694E-07,0.0208157896995544,0.197440903866664,
,,,8.696E-07,-0.0461298227310181,0.196101991692558,
,,,8.698E-07,0.0208157896995544,0.197106175823137,
,,,8.7E-07,0.0208157896995544,0.196771447779611,
,,,8.702E-07,0.0208157896995544,0.197106175823137,
,,,8.704E-07,-0.0461298227310181,0.197106175823137,
,,,8.706E-07,0.087761402130127,0.196269355714321,
,,,8.708E-07,-0.113075435161591,0.197608267888427,
,,,8.71E-07,-0.0461298227310181,0.196771447779611,
,,,8.71199999999999E-07,0.0208157896995544,0.196771447779611,
,,,8.714E-07,0.0208157896995544,0.196771447779611,
,,,8.71599999999999E-07,-0.0461298227310181,0.197106175823137,
,,,8.718E-07,0.087761402130127,0.197440903866664,
,,,8.71999999999999E-07,0.154707014560699,0.197608267888427,
,,,8.722E-07,0.0208157896995544,0.197942995931953,
,,,8.72399999999999E-07,-0.0461298227310181,0.197608267888427,
,,,8.726E-07,-0.0461298227310181,0.197440903866664,
,,,8.728E-07,-0.0461298227310181,0.197106175823137,
,,,8.73E-07,0.0208157896995544,0.197608267888427,
,,,8.732E-07,0.0208157896995544,0.19827772397548,
,,,8.734E-07,0.0208157896995544,0.198445087997243,
,,,8.736E-07,0.087761402130127,0.19777563191019,
,,,8.738E-07,-0.0461298227310181,0.197608267888427,
,,,8.74E-07,0.0208157896995544,0.19777563191019,
,,,8.742E-07,0.0208157896995544,0.197942995931953,
,,,8.744E-07,-0.0461298227310181,0.19827772397548,
,,,8.746E-07,-0.0461298227310181,0.197942995931953,
,,,8.748E-07,0.087761402130127,0.198110359953716,
,,,8.75E-07,-0.0461298227310181,0.197942995931953,
,,,8.752E-07,0.0208157896995544,0.198445087997243,
,,,8.754E-07,-0.0461298227310181,0.198445087997243,
,,,8.756E-07,-0.0461298227310181,0.197608267888427,
,,,8.758E-07,-0.113075435161591,0.19777563191019,
,,,8.76E-07,0.087761402130127,0.198110359953716,
,,,8.762E-07,0.0208157896995544,0.1972735398449,
,,,8.764E-07,0.0208157896995544,0.197608267888427,
,,,8.766E-07,0.0208157896995544,0.197942995931953,
,,,8.768E-07,-0.0461298227310181,0.1972735398449,
,,,8.76999999999999E-07,0.087761402130127,0.1972735398449,
,,,8.772E-07,0.0208157896995544,0.197106175823137,
,,,8.77399999999999E-07,0.0208157896995544,0.196771447779611,
,,,8.776E-07,0.0208157896995544,0.197440903866664,
,,,8.77799999999999E-07,0.0208157896995544,0.196771447779611,
,,,8.78E-07,0.0208157896995544,0.1972735398449,
,,,8.78199999999999E-07,0.0208157896995544,0.196771447779611,
,,,8.784E-07,0.154707014560699,0.196938811801374,
,,,8.786E-07,-0.0461298227310181,0.197106175823137,
,,,8.788E-07,-0.0461298227310181,0.196604083757848,
,,,8.79E-07,-0.0461298227310181,0.1972735398449,
,,,8.792E-07,-0.0461298227310181,0.196604083757848,
,,,8.794E-07,0.0208157896995544,0.197106175823137,
,,,8.796E-07,0.0208157896995544,0.196771447779611,
,,,8.798E-07,-0.0461298227310181,0.197608267888427,
,,,8.8E-07,0.087761402130127,0.197942995931953,
,,,8.802E-07,-0.0461298227310181,0.196436719736084,
,,,8.804E-07,-0.0461298227310181,0.196101991692558,
,,,8.806E-07,0.087761402130127,0.196604083757848,
,,,8.808E-07,0.0208157896995544,0.196436719736084,
,,,8.81E-07,-0.0461298227310181,0.197106175823137,
,,,8.812E-07,-0.0461298227310181,0.197106175823137,
,,,8.814E-07,0.087761402130127,0.196101991692558,
,,,8.816E-07,-0.0461298227310181,0.196436719736084,
,,,8.818E-07,-0.0461298227310181,0.196604083757848,
,,,8.82E-07,0.154707014560699,0.196938811801374,
,,,8.822E-07,0.0208157896995544,0.196604083757848,
,,,8.824E-07,0.087761402130127,0.196771447779611,
,,,8.826E-07,-0.0461298227310181,0.196771447779611,
,,,8.82799999999999E-07,0.087761402130127,0.197106175823137,
,,,8.83E-07,0.0208157896995544,0.197440903866664,
,,,8.83199999999999E-07,0.0208157896995544,0.197608267888427,
,,,8.834E-07,0.0208157896995544,0.197608267888427,
,,,8.83599999999999E-07,0.0208157896995544,0.197608267888427,
,,,8.838E-07,0.087761402130127,0.197440903866664,
,,,8.84E-07,0.087761402130127,0.196938811801374,
,,,8.842E-07,0.0208157896995544,0.197608267888427,
,,,8.844E-07,0.0208157896995544,0.197106175823137,
,,,8.846E-07,0.087761402130127,0.197440903866664,
,,,8.848E-07,0.0208157896995544,0.197440903866664,
,,,8.85E-07,-0.0461298227310181,0.196938811801374,
,,,8.852E-07,0.087761402130127,0.197440903866664,
,,,8.854E-07,0.0208157896995544,0.198110359953716,
,,,8.856E-07,-0.0461298227310181,0.19777563191019,
,,,8.858E-07,0.0208157896995544,0.197608267888427,
,,,8.86E-07,0.0208157896995544,0.196938811801374,
,,,8.862E-07,0.0208157896995544,0.198110359953716,
,,,8.864E-07,0.087761402130127,0.197106175823137,
,,,8.866E-07,0.0208157896995544,0.1972735398449,
,,,8.868E-07,0.0208157896995544,0.198110359953716,
,,,8.87E-07,0.0208157896995544,0.1972735398449,
,,,8.872E-07,0.087761402130127,0.1972735398449,
,,,8.874E-07,-0.113075435161591,0.198110359953716,
,,,8.876E-07,0.0208157896995544,0.198110359953716,
,,,8.878E-07,0.0208157896995544,0.19777563191019,
,,,8.88E-07,-0.0461298227310181,0.197440903866664,
,,,8.88199999999999E-07,0.0208157896995544,0.197608267888427,
,,,8.884E-07,0.154707014560699,0.197608267888427,
,,,8.88599999999999E-07,0.0208157896995544,0.1972735398449,
,,,8.888E-07,0.087761402130127,0.197608267888427,
,,,8.88999999999999E-07,0.0208157896995544,0.196938811801374,
,,,8.892E-07,0.087761402130127,0.197106175823137,
,,,8.89399999999999E-07,0.0208157896995544,0.197440903866664,
,,,8.896E-07,0.0208157896995544,0.196436719736084,
,,,8.898E-07,0.0208157896995544,0.196269355714321,
,,,8.9E-07,-0.0461298227310181,0.196938811801374,
,,,8.902E-07,-0.0461298227310181,0.197608267888427,
,,,8.904E-07,0.0208157896995544,0.197440903866664,
,,,8.906E-07,-0.113075435161591,0.1972735398449,
,,,8.908E-07,0.0208157896995544,0.196938811801374,
,,,8.91E-07,0.0208157896995544,0.197106175823137,
,,,8.912E-07,0.087761402130127,0.197106175823137,
,,,8.914E-07,0.0208157896995544,0.197106175823137,
,,,8.916E-07,-0.0461298227310181,0.1972735398449,
,,,8.918E-07,-0.0461298227310181,0.196604083757848,
,,,8.92E-07,0.0208157896995544,0.196771447779611,
,,,8.922E-07,0.0208157896995544,0.1972735398449,
,,,8.924E-07,0.0208157896995544,0.196771447779611,
,,,8.926E-07,0.087761402130127,0.196938811801374,
,,,8.928E-07,0.0208157896995544,0.197106175823137,
,,,8.93E-07,-0.0461298227310181,0.196771447779611,
,,,8.932E-07,-0.0461298227310181,0.196771447779611,
,,,8.934E-07,0.087761402130127,0.197440903866664,
,,,8.936E-07,0.0208157896995544,0.196269355714321,
,,,8.938E-07,-0.0461298227310181,0.197440903866664,
,,,8.93999999999999E-07,0.0208157896995544,0.196604083757848,
,,,8.942E-07,-0.0461298227310181,0.196771447779611,
,,,8.94399999999999E-07,0.087761402130127,0.196604083757848,
,,,8.946E-07,0.0208157896995544,0.196771447779611,
,,,8.94799999999999E-07,0.0208157896995544,0.196436719736084,
,,,8.95E-07,-0.0461298227310181,0.195934627670795,
,,,8.95199999999999E-07,0.087761402130127,0.196269355714321,
,,,8.954E-07,-0.0461298227310181,0.196604083757848,
,,,8.956E-07,0.221652626991272,0.196771447779611,
,,,8.958E-07,0.154707014560699,0.196436719736084,
,,,8.96E-07,0.0208157896995544,0.196269355714321,
,,,8.962E-07,0.0208157896995544,0.196771447779611,
,,,8.964E-07,0.0208157896995544,0.195934627670795,
,,,8.966E-07,0.0208157896995544,0.196269355714321,
,,,8.968E-07,0.087761402130127,0.196436719736084,
,,,8.97E-07,0.0208157896995544,0.196938811801374,
,,,8.972E-07,0.0208157896995544,0.196269355714321,
,,,8.974E-07,0.087761402130127,0.196101991692558,
,,,8.976E-07,0.0208157896995544,0.196436719736084,
,,,8.978E-07,-0.0461298227310181,0.196101991692558,
,,,8.98E-07,0.0208157896995544,0.196101991692558,
,,,8.982E-07,0.0208157896995544,0.196771447779611,
,,,8.984E-07,-0.0461298227310181,0.196436719736084,
,,,8.986E-07,-0.0461298227310181,0.196938811801374,
,,,8.988E-07,0.0208157896995544,0.195934627670795,
,,,8.99E-07,0.087761402130127,0.1972735398449,
,,,8.992E-07,-0.0461298227310181,0.196269355714321,
,,,8.99399999999999E-07,-0.113075435161591,0.196938811801374,
,,,8.996E-07,0.0208157896995544,0.196771447779611,
,,,8.99799999999999E-07,0.087761402130127,0.196436719736084,
,,,9E-07,0.0208157896995544,0.197106175823137,
,,,9.00199999999999E-07,-0.0461298227310181,0.196771447779611,
,,,9.004E-07,-0.0461298227310181,0.197608267888427,
,,,9.00599999999999E-07,0.0208157896995544,0.197106175823137,
,,,9.008E-07,0.0208157896995544,0.196269355714321,
,,,9.01E-07,0.0208157896995544,0.197608267888427,
,,,9.012E-07,0.0208157896995544,0.197440903866664,
,,,9.014E-07,0.0208157896995544,0.196938811801374,
,,,9.016E-07,0.087761402130127,0.196938811801374,
,,,9.018E-07,0.0208157896995544,0.197106175823137,
,,,9.02E-07,0.087761402130127,0.196938811801374,
,,,9.022E-07,0.0208157896995544,0.196771447779611,
,,,9.024E-07,0.0208157896995544,0.197106175823137,
,,,9.026E-07,0.0208157896995544,0.197440903866664,
,,,9.028E-07,0.0208157896995544,0.196771447779611,
,,,9.03E-07,0.0208157896995544,0.1972735398449,
,,,9.032E-07,0.087761402130127,0.19777563191019,
,,,9.034E-07,0.0208157896995544,0.196938811801374,
,,,9.036E-07,-0.0461298227310181,0.196604083757848,
,,,9.038E-07,-0.0461298227310181,0.197106175823137,
,,,9.04E-07,0.087761402130127,0.1972735398449,
,,,9.042E-07,0.0208157896995544,0.1972735398449,
,,,9.044E-07,0.0208157896995544,0.1972735398449,
,,,9.046E-07,0.0208157896995544,0.197440903866664,
,,,9.048E-07,0.0208157896995544,0.197608267888427,
,,,9.05E-07,0.0208157896995544,0.197106175823137,
,,,9.05199999999999E-07,0.0208157896995544,0.197106175823137,
,,,9.054E-07,-0.0461298227310181,0.1972735398449,
,,,9.05599999999999E-07,0.0208157896995544,0.196938811801374,
,,,9.058E-07,-0.0461298227310181,0.196771447779611,
,,,9.05999999999999E-07,0.0208157896995544,0.197440903866664,
,,,9.062E-07,0.087761402130127,0.1972735398449,
,,,9.06399999999999E-07,0.0208157896995544,0.1972735398449,
,,,9.066E-07,0.087761402130127,0.197440903866664,
,,,9.068E-07,0.087761402130127,0.197608267888427,
,,,9.07E-07,-0.0461298227310181,0.1972735398449,
,,,9.072E-07,-0.0461298227310181,0.197608267888427,
,,,9.074E-07,0.0208157896995544,0.197608267888427,
,,,9.076E-07,-0.0461298227310181,0.197106175823137,
,,,9.078E-07,0.0208157896995544,0.197106175823137,
,,,9.08E-07,0.087761402130127,0.1972735398449,
,,,9.082E-07,-0.0461298227310181,0.197942995931953,
,,,9.084E-07,0.154707014560699,0.197106175823137,
,,,9.086E-07,0.087761402130127,0.196771447779611,
,,,9.088E-07,0.0208157896995544,0.196938811801374,
,,,9.09E-07,0.154707014560699,0.197608267888427,
,,,9.092E-07,-0.0461298227310181,0.197440903866664,
,,,9.094E-07,-0.0461298227310181,0.196938811801374,
,,,9.096E-07,0.0208157896995544,0.197106175823137,
,,,9.098E-07,-0.113075435161591,0.196604083757848,
,,,9.1E-07,0.0208157896995544,0.197608267888427,
,,,9.102E-07,0.087761402130127,0.197440903866664,
,,,9.104E-07,0.0208157896995544,0.198110359953716,
,,,9.106E-07,-0.113075435161591,0.197608267888427,
,,,9.108E-07,0.154707014560699,0.197608267888427,
,,,9.10999999999999E-07,-0.0461298227310181,0.1972735398449,
,,,9.112E-07,-0.0461298227310181,0.196938811801374,
,,,9.11399999999999E-07,0.087761402130127,0.197608267888427,
,,,9.116E-07,0.0208157896995544,0.1972735398449,
,,,9.11799999999999E-07,-0.0461298227310181,0.197106175823137,
,,,9.12E-07,0.0208157896995544,0.1972735398449,
,,,9.122E-07,-0.0461298227310181,0.196604083757848,
,,,9.124E-07,-0.0461298227310181,0.197440903866664,
,,,9.126E-07,0.0208157896995544,0.197440903866664,
,,,9.128E-07,0.0208157896995544,0.196938811801374,
,,,9.13E-07,-0.0461298227310181,0.1972735398449,
,,,9.132E-07,-0.113075435161591,0.19777563191019,
,,,9.134E-07,0.0208157896995544,0.197106175823137,
,,,9.136E-07,0.0208157896995544,0.197440903866664,
,,,9.138E-07,0.0208157896995544,0.196938811801374,
,,,9.14E-07,-0.0461298227310181,0.1972735398449,
,,,9.142E-07,0.0208157896995544,0.195934627670795,
,,,9.144E-07,0.154707014560699,0.197106175823137,
,,,9.146E-07,0.0208157896995544,0.196938811801374,
,,,9.148E-07,0.087761402130127,0.196938811801374,
,,,9.15E-07,0.087761402130127,0.197106175823137,
,,,9.152E-07,0.087761402130127,0.1972735398449,
,,,9.154E-07,0.0208157896995544,0.196938811801374,
,,,9.156E-07,-0.0461298227310181,0.196938811801374,
,,,9.158E-07,-0.0461298227310181,0.196771447779611,
,,,9.16E-07,0.0208157896995544,0.197440903866664,
,,,9.162E-07,-0.113075435161591,0.196771447779611,
,,,9.16399999999999E-07,0.0208157896995544,0.197942995931953,
,,,9.166E-07,0.0208157896995544,0.1972735398449,
,,,9.16799999999999E-07,0.087761402130127,0.196771447779611,
,,,9.17E-07,-0.180021047592163,0.196938811801374,
,,,9.17199999999999E-07,0.087761402130127,0.1972735398449,
,,,9.174E-07,0.0208157896995544,0.196604083757848,
,,,9.17599999999999E-07,-0.0461298227310181,0.197106175823137,
,,,9.178E-07,-0.0461298227310181,0.197608267888427,
,,,9.18E-07,-0.0461298227310181,0.1972735398449,
,,,9.182E-07,-0.0461298227310181,0.196771447779611,
,,,9.184E-07,0.0208157896995544,0.197608267888427,
,,,9.186E-07,-0.0461298227310181,0.197106175823137,
,,,9.188E-07,0.0208157896995544,0.196771447779611,
,,,9.19E-07,0.0208157896995544,0.197106175823137,
,,,9.192E-07,0.0208157896995544,0.196771447779611,
,,,9.194E-07,-0.0461298227310181,0.197106175823137,
,,,9.196E-07,0.0208157896995544,0.196938811801374,
,,,9.198E-07,-0.0461298227310181,0.197942995931953,
,,,9.2E-07,0.0208157896995544,0.1972735398449,
,,,9.202E-07,-0.113075435161591,0.196771447779611,
,,,9.204E-07,-0.0461298227310181,0.196938811801374,
,,,9.206E-07,0.0208157896995544,0.196938811801374,
,,,9.208E-07,0.0208157896995544,0.1972735398449,
,,,9.21E-07,0.087761402130127,0.196938811801374,
,,,9.212E-07,0.087761402130127,0.1972735398449,
,,,9.214E-07,0.0208157896995544,0.196938811801374,
,,,9.216E-07,-0.0461298227310181,0.196604083757848,
,,,9.218E-07,0.0208157896995544,0.196771447779611,
,,,9.22E-07,-0.113075435161591,0.1972735398449,
,,,9.22199999999999E-07,0.0208157896995544,0.197106175823137,
,,,9.224E-07,0.0208157896995544,0.1972735398449,
,,,9.22599999999999E-07,-0.0461298227310181,0.197608267888427,
,,,9.228E-07,-0.0461298227310181,0.197440903866664,
,,,9.22999999999999E-07,-0.0461298227310181,0.197106175823137,
,,,9.232E-07,0.0208157896995544,0.197440903866664,
,,,9.23399999999999E-07,-0.0461298227310181,0.197440903866664,
,,,9.236E-07,0.0208157896995544,0.197608267888427,
,,,9.238E-07,0.0208157896995544,0.197106175823137,
,,,9.24E-07,-0.0461298227310181,0.196771447779611,
,,,9.242E-07,-0.0461298227310181,0.197608267888427,
,,,9.244E-07,0.0208157896995544,0.197942995931953,
,,,9.246E-07,0.0208157896995544,0.197440903866664,
,,,9.248E-07,0.0208157896995544,0.19827772397548,
,,,9.25E-07,-0.113075435161591,0.19827772397548,
,,,9.252E-07,-0.0461298227310181,0.19777563191019,
,,,9.254E-07,0.087761402130127,0.19827772397548,
,,,9.256E-07,0.0208157896995544,0.197608267888427,
,,,9.258E-07,-0.113075435161591,0.19777563191019,
,,,9.26E-07,-0.0461298227310181,0.197440903866664,
,,,9.262E-07,-0.0461298227310181,0.198110359953716,
,,,9.264E-07,-0.0461298227310181,0.197440903866664,
,,,9.266E-07,-0.113075435161591,0.198110359953716,
,,,9.268E-07,-0.0461298227310181,0.197608267888427,
,,,9.27E-07,0.0208157896995544,0.198110359953716,
,,,9.272E-07,0.0208157896995544,0.198445087997243,
,,,9.274E-07,0.087761402130127,0.197440903866664,
,,,9.27599999999999E-07,0.0208157896995544,0.197942995931953,
,,,9.278E-07,-0.0461298227310181,0.19777563191019,
,,,9.27999999999999E-07,-0.0461298227310181,0.196771447779611,
,,,9.282E-07,0.0208157896995544,0.196771447779611,
,,,9.28399999999999E-07,-0.113075435161591,0.19777563191019,
,,,9.286E-07,0.0208157896995544,0.1972735398449,
,,,9.28799999999999E-07,-0.0461298227310181,0.1972735398449,
,,,9.29E-07,-0.0461298227310181,0.197608267888427,
,,,9.292E-07,0.0208157896995544,0.196604083757848,
,,,9.294E-07,0.0208157896995544,0.1972735398449,
,,,9.296E-07,0.087761402130127,0.197440903866664,
,,,9.298E-07,-0.0461298227310181,0.197608267888427,
,,,9.3E-07,0.0208157896995544,0.196938811801374,
,,,9.302E-07,0.0208157896995544,0.196604083757848,
,,,9.304E-07,0.0208157896995544,0.196604083757848,
,,,9.306E-07,0.0208157896995544,0.197106175823137,
,,,9.308E-07,-0.0461298227310181,0.196938811801374,
,,,9.31E-07,0.0208157896995544,0.197106175823137,
,,,9.312E-07,0.087761402130127,0.1972735398449,
,,,9.314E-07,-0.0461298227310181,0.197106175823137,
,,,9.316E-07,-0.0461298227310181,0.196269355714321,
,,,9.318E-07,-0.0461298227310181,0.197106175823137,
,,,9.32E-07,0.0208157896995544,0.197106175823137,
,,,9.322E-07,-0.0461298227310181,0.197440903866664,
,,,9.324E-07,0.0208157896995544,0.196771447779611,
,,,9.326E-07,-0.0461298227310181,0.196938811801374,
,,,9.328E-07,-0.113075435161591,0.196604083757848,
,,,9.33E-07,-0.0461298227310181,0.196771447779611,
,,,9.332E-07,0.087761402130127,0.196604083757848,
,,,9.33399999999999E-07,0.0208157896995544,0.196771447779611,
,,,9.336E-07,0.0208157896995544,0.196771447779611,
,,,9.33799999999999E-07,-0.0461298227310181,0.196604083757848,
,,,9.34E-07,0.087761402130127,0.196604083757848,
,,,9.34199999999999E-07,0.0208157896995544,0.1972735398449,
,,,9.344E-07,0.0208157896995544,0.196101991692558,
,,,9.34599999999999E-07,0.087761402130127,0.196938811801374,
,,,9.348E-07,-0.0461298227310181,0.197440903866664,
,,,9.35E-07,-0.0461298227310181,0.196771447779611,
,,,9.352E-07,0.0208157896995544,0.196938811801374,
,,,9.354E-07,0.0208157896995544,0.19777563191019,
,,,9.356E-07,-0.0461298227310181,0.196938811801374,
,,,9.358E-07,0.087761402130127,0.197440903866664,
,,,9.36E-07,0.087761402130127,0.1972735398449,
,,,9.362E-07,-0.0461298227310181,0.196938811801374,
,,,9.364E-07,0.087761402130127,0.196436719736084,
,,,9.366E-07,0.087761402130127,0.196938811801374,
,,,9.368E-07,-0.0461298227310181,0.196604083757848,
,,,9.37E-07,0.0208157896995544,0.197106175823137,
,,,9.372E-07,0.0208157896995544,0.196604083757848,
,,,9.374E-07,0.0208157896995544,0.196101991692558,
,,,9.376E-07,0.087761402130127,0.196604083757848,
,,,9.378E-07,-0.0461298227310181,0.196771447779611,
,,,9.38E-07,0.0208157896995544,0.1972735398449,
,,,9.382E-07,0.087761402130127,0.196436719736084,
,,,9.384E-07,-0.0461298227310181,0.196604083757848,
,,,9.386E-07,-0.113075435161591,0.196269355714321,
,,,9.388E-07,0.0208157896995544,0.197106175823137,
,,,9.39E-07,-0.0461298227310181,0.19777563191019,
,,,9.39199999999999E-07,-0.0461298227310181,0.197106175823137,
,,,9.394E-07,-0.0461298227310181,0.197106175823137,
,,,9.39599999999999E-07,-0.0461298227310181,0.19777563191019,
,,,9.398E-07,-0.0461298227310181,0.196938811801374,
,,,9.39999999999999E-07,0.0208157896995544,0.1972735398449,
,,,9.402E-07,-0.0461298227310181,0.19777563191019,
,,,9.404E-07,0.087761402130127,0.197106175823137,
,,,9.406E-07,-0.0461298227310181,0.19777563191019,
,,,9.408E-07,-0.0461298227310181,0.1972735398449,
,,,9.41E-07,0.087761402130127,0.197942995931953,
,,,9.412E-07,-0.113075435161591,0.1972735398449,
,,,9.414E-07,-0.0461298227310181,0.197608267888427,
,,,9.416E-07,0.0208157896995544,0.196604083757848,
,,,9.418E-07,-0.113075435161591,0.19777563191019,
,,,9.42E-07,0.0208157896995544,0.197608267888427,
,,,9.422E-07,0.087761402130127,0.197106175823137,
,,,9.424E-07,0.087761402130127,0.197608267888427,
,,,9.426E-07,-0.0461298227310181,0.197942995931953,
,,,9.428E-07,-0.0461298227310181,0.1972735398449,
,,,9.43E-07,-0.113075435161591,0.197106175823137,
,,,9.432E-07,-0.113075435161591,0.197440903866664,
,,,9.434E-07,-0.0461298227310181,0.197942995931953,
,,,9.436E-07,-0.0461298227310181,0.1972735398449,
,,,9.438E-07,0.0208157896995544,0.198110359953716,
,,,9.44E-07,0.087761402130127,0.198110359953716,
,,,9.442E-07,-0.0461298227310181,0.1972735398449,
,,,9.444E-07,0.0208157896995544,0.197608267888427,
,,,9.44599999999999E-07,0.0208157896995544,0.197608267888427,
,,,9.448E-07,0.0208157896995544,0.197608267888427,
,,,9.44999999999999E-07,-0.0461298227310181,0.196771447779611,
,,,9.452E-07,-0.0461298227310181,0.19777563191019,
,,,9.45399999999999E-07,-0.0461298227310181,0.197942995931953,
,,,9.456E-07,-0.0461298227310181,0.197440903866664,
,,,9.45799999999999E-07,-0.0461298227310181,0.1972735398449,
,,,9.46E-07,-0.0461298227310181,0.197440903866664,
,,,9.462E-07,-0.0461298227310181,0.197106175823137,
,,,9.464E-07,0.087761402130127,0.196938811801374,
,,,9.466E-07,0.0208157896995544,0.197106175823137,
,,,9.468E-07,0.154707014560699,0.197608267888427,
,,,9.47E-07,-0.0461298227310181,0.197440903866664,
,,,9.472E-07,-0.0461298227310181,0.1972735398449,
,,,9.474E-07,0.087761402130127,0.19777563191019,
,,,9.476E-07,-0.0461298227310181,0.196604083757848,
,,,9.478E-07,0.0208157896995544,0.1972735398449,
,,,9.48E-07,-0.0461298227310181,0.1972735398449,
,,,9.482E-07,0.0208157896995544,0.196771447779611,
,,,9.484E-07,-0.0461298227310181,0.197608267888427,
,,,9.486E-07,0.087761402130127,0.19827772397548,
,,,9.488E-07,0.087761402130127,0.197440903866664,
,,,9.49E-07,-0.0461298227310181,0.197440903866664,
,,,9.492E-07,0.0208157896995544,0.197608267888427,
,,,9.494E-07,-0.0461298227310181,0.19777563191019,
,,,9.496E-07,-0.0461298227310181,0.197608267888427,
,,,9.498E-07,-0.0461298227310181,0.196771447779611,
,,,9.5E-07,0.0208157896995544,0.1972735398449,
,,,9.502E-07,-0.0461298227310181,0.1972735398449,
,,,9.50399999999999E-07,0.087761402130127,0.196938811801374,
,,,9.506E-07,-0.113075435161591,0.1972735398449,
,,,9.50799999999999E-07,-0.0461298227310181,0.1972735398449,
,,,9.51E-07,0.0208157896995544,0.197942995931953,
,,,9.51199999999999E-07,0.0208157896995544,0.198110359953716,
,,,9.514E-07,-0.113075435161591,0.196938811801374,
,,,9.51599999999999E-07,0.0208157896995544,0.197440903866664,
,,,9.518E-07,0.0208157896995544,0.197608267888427,
,,,9.52E-07,0.087761402130127,0.196938811801374,
,,,9.522E-07,-0.0461298227310181,0.197106175823137,
,,,9.524E-07,0.0208157896995544,0.1972735398449,
,,,9.526E-07,0.0208157896995544,0.197608267888427,
,,,9.528E-07,0.087761402130127,0.197608267888427,
,,,9.53E-07,0.087761402130127,0.196604083757848,
,,,9.532E-07,0.154707014560699,0.196938811801374,
,,,9.534E-07,0.0208157896995544,0.19777563191019,
,,,9.536E-07,0.087761402130127,0.1972735398449,
,,,9.538E-07,0.087761402130127,0.196938811801374,
,,,9.54E-07,0.0208157896995544,0.19777563191019,
,,,9.542E-07,-0.0461298227310181,0.1972735398449,
,,,9.544E-07,-0.0461298227310181,0.1972735398449,
,,,9.546E-07,0.0208157896995544,0.197440903866664,
,,,9.548E-07,-0.0461298227310181,0.19777563191019,
,,,9.55E-07,-0.0461298227310181,0.198110359953716,
,,,9.552E-07,0.154707014560699,0.197942995931953,
,,,9.554E-07,0.0208157896995544,0.197440903866664,
,,,9.556E-07,0.087761402130127,0.197440903866664,
,,,9.55799999999999E-07,-0.0461298227310181,0.197440903866664,
,,,9.56E-07,0.0208157896995544,0.197608267888427,
,,,9.56199999999999E-07,0.0208157896995544,0.197942995931953,
,,,9.564E-07,-0.0461298227310181,0.197608267888427,
,,,9.56599999999999E-07,0.087761402130127,0.197440903866664,
,,,9.568E-07,0.087761402130127,0.19777563191019,
,,,9.56999999999999E-07,-0.180021047592163,0.1972735398449,
,,,9.572E-07,-0.0461298227310181,0.1972735398449,
,,,9.574E-07,0.0208157896995544,0.197608267888427,
,,,9.576E-07,-0.0461298227310181,0.198110359953716,
,,,9.578E-07,-0.0461298227310181,0.198445087997243,
,,,9.58E-07,-0.0461298227310181,0.197440903866664,
,,,9.582E-07,0.0208157896995544,0.19777563191019,
,,,9.584E-07,0.0208157896995544,0.19777563191019,
,,,9.586E-07,-0.113075435161591,0.197608267888427,
,,,9.588E-07,-0.0461298227310181,0.198110359953716,
,,,9.59E-07,0.0208157896995544,0.1972735398449,
,,,9.592E-07,0.087761402130127,0.197942995931953,
,,,9.594E-07,0.0208157896995544,0.198612452019006,
,,,9.596E-07,0.087761402130127,0.1972735398449,
,,,9.598E-07,0.0208157896995544,0.197106175823137,
,,,9.6E-07,0.0208157896995544,0.196938811801374,
,,,9.602E-07,0.0208157896995544,0.19777563191019,
,,,9.604E-07,0.0208157896995544,0.197106175823137,
,,,9.606E-07,0.0208157896995544,0.1972735398449,
,,,9.608E-07,0.0208157896995544,0.197942995931953,
,,,9.61E-07,0.0208157896995544,0.197942995931953,
,,,9.612E-07,0.0208157896995544,0.1972735398449,
,,,9.614E-07,-0.0461298227310181,0.197440903866664,
,,,9.61599999999999E-07,0.154707014560699,0.198445087997243,
,,,9.618E-07,0.0208157896995544,0.197608267888427,
,,,9.61999999999999E-07,0.0208157896995544,0.197106175823137,
,,,9.622E-07,0.0208157896995544,0.19777563191019,
,,,9.62399999999999E-07,0.0208157896995544,0.197608267888427,
,,,9.626E-07,0.0208157896995544,0.197608267888427,
,,,9.62799999999999E-07,0.0208157896995544,0.19827772397548,
,,,9.63E-07,0.087761402130127,0.19827772397548,
,,,9.632E-07,0.087761402130127,0.197608267888427,
,,,9.634E-07,-0.113075435161591,0.198110359953716,
,,,9.636E-07,0.0208157896995544,0.197942995931953,
,,,9.638E-07,0.087761402130127,0.1972735398449,
,,,9.64E-07,0.087761402130127,0.19777563191019,
,,,9.642E-07,0.0208157896995544,0.19777563191019,
,,,9.644E-07,0.0208157896995544,0.19827772397548,
,,,9.646E-07,0.0208157896995544,0.197106175823137,
,,,9.648E-07,-0.0461298227310181,0.198110359953716,
,,,9.65E-07,0.087761402130127,0.19777563191019,
,,,9.652E-07,0.0208157896995544,0.19827772397548,
,,,9.654E-07,0.0208157896995544,0.197608267888427,
,,,9.656E-07,0.087761402130127,0.197440903866664,
,,,9.658E-07,-0.113075435161591,0.19827772397548,
,,,9.66E-07,0.0208157896995544,0.198445087997243,
,,,9.662E-07,0.087761402130127,0.1972735398449,
,,,9.664E-07,-0.0461298227310181,0.198110359953716,
,,,9.666E-07,-0.113075435161591,0.19777563191019,
,,,9.668E-07,0.0208157896995544,0.197106175823137,
,,,9.67E-07,0.087761402130127,0.197608267888427,
,,,9.672E-07,-0.0461298227310181,0.19777563191019,
,,,9.67399999999999E-07,-0.0461298227310181,0.197440903866664,
,,,9.676E-07,0.087761402130127,0.197942995931953,
,,,9.67799999999999E-07,0.0208157896995544,0.197608267888427,
,,,9.68E-07,0.0208157896995544,0.196938811801374,
,,,9.68199999999999E-07,0.0208157896995544,0.19777563191019,
,,,9.684E-07,0.0208157896995544,0.198445087997243,
,,,9.686E-07,0.0208157896995544,0.19827772397548,
,,,9.688E-07,0.087761402130127,0.197608267888427,
,,,9.69E-07,0.0208157896995544,0.197942995931953,
,,,9.692E-07,-0.113075435161591,0.198110359953716,
,,,9.694E-07,-0.0461298227310181,0.198612452019006,
,,,9.696E-07,0.0208157896995544,0.197608267888427,
,,,9.698E-07,-0.0461298227310181,0.1972735398449,
,,,9.7E-07,0.0208157896995544,0.19777563191019,
,,,9.702E-07,0.087761402130127,0.197440903866664,
,,,9.704E-07,0.0208157896995544,0.197106175823137,
,,,9.706E-07,-0.0461298227310181,0.19777563191019,
,,,9.708E-07,-0.0461298227310181,0.197440903866664,
,,,9.71E-07,-0.0461298227310181,0.198110359953716,
,,,9.712E-07,0.0208157896995544,0.19777563191019,
,,,9.714E-07,-0.0461298227310181,0.19777563191019,
,,,9.716E-07,-0.0461298227310181,0.19827772397548,
,,,9.718E-07,-0.0461298227310181,0.197942995931953,
,,,9.72E-07,0.087761402130127,0.197942995931953,
,,,9.722E-07,0.0208157896995544,0.198110359953716,
,,,9.724E-07,0.0208157896995544,0.198445087997243,
,,,9.726E-07,-0.0461298227310181,0.1972735398449,
,,,9.72799999999999E-07,0.0208157896995544,0.197942995931953,
,,,9.73E-07,0.0208157896995544,0.197608267888427,
,,,9.73199999999999E-07,-0.0461298227310181,0.19827772397548,
,,,9.734E-07,0.0208157896995544,0.197942995931953,
,,,9.73599999999999E-07,0.0208157896995544,0.198110359953716,
,,,9.738E-07,-0.0461298227310181,0.197440903866664,
,,,9.73999999999999E-07,-0.0461298227310181,0.19777563191019,
,,,9.742E-07,0.087761402130127,0.197608267888427,
,,,9.744E-07,0.0208157896995544,0.198445087997243,
,,,9.746E-07,-0.0461298227310181,0.198110359953716,
,,,9.748E-07,-0.0461298227310181,0.19777563191019,
,,,9.75E-07,0.087761402130127,0.197106175823137,
,,,9.752E-07,-0.0461298227310181,0.197608267888427,
,,,9.754E-07,0.0208157896995544,0.198612452019006,
,,,9.756E-07,-0.113075435161591,0.19827772397548,
,,,9.758E-07,0.0208157896995544,0.19777563191019,
,,,9.76E-07,-0.0461298227310181,0.198110359953716,
,,,9.762E-07,0.0208157896995544,0.19777563191019,
,,,9.764E-07,0.0208157896995544,0.198110359953716,
,,,9.766E-07,-0.0461298227310181,0.198110359953716,
,,,9.768E-07,0.0208157896995544,0.197608267888427,
,,,9.77E-07,-0.0461298227310181,0.197440903866664,
,,,9.772E-07,-0.0461298227310181,0.197942995931953,
,,,9.774E-07,-0.0461298227310181,0.19777563191019,
,,,9.776E-07,0.0208157896995544,0.197942995931953,
,,,9.778E-07,-0.113075435161591,0.19777563191019,
,,,9.78E-07,-0.0461298227310181,0.198445087997243,
,,,9.782E-07,-0.113075435161591,0.197440903866664,
,,,9.784E-07,0.0208157896995544,0.196771447779611,
,,,9.78599999999999E-07,-0.0461298227310181,0.197608267888427,
,,,9.788E-07,0.087761402130127,0.198110359953716,
,,,9.78999999999999E-07,-0.0461298227310181,0.197440903866664,
,,,9.792E-07,-0.0461298227310181,0.197106175823137,
,,,9.79399999999999E-07,0.154707014560699,0.196938811801374,
,,,9.796E-07,-0.0461298227310181,0.196604083757848,
,,,9.798E-07,-0.0461298227310181,0.196938811801374,
,,,9.8E-07,0.0208157896995544,0.196938811801374,
,,,9.802E-07,-0.0461298227310181,0.197440903866664,
,,,9.804E-07,0.0208157896995544,0.197608267888427,
,,,9.806E-07,0.0208157896995544,0.197608267888427,
,,,9.808E-07,0.154707014560699,0.1972735398449,
,,,9.81E-07,-0.0461298227310181,0.197608267888427,
,,,9.812E-07,0.087761402130127,0.197942995931953,
,,,9.814E-07,-0.0461298227310181,0.197106175823137,
,,,9.816E-07,-0.0461298227310181,0.197608267888427,
,,,9.818E-07,0.0208157896995544,0.197608267888427,
,,,9.82E-07,0.0208157896995544,0.197608267888427,
,,,9.822E-07,0.0208157896995544,0.197440903866664,
,,,9.824E-07,0.0208157896995544,0.197608267888427,
,,,9.826E-07,-0.0461298227310181,0.197106175823137,
,,,9.828E-07,0.0208157896995544,0.197440903866664,
,,,9.83E-07,0.0208157896995544,0.196436719736084,
,,,9.832E-07,0.0208157896995544,0.1972735398449,
,,,9.834E-07,-0.0461298227310181,0.196938811801374,
,,,9.836E-07,0.087761402130127,0.197608267888427,
,,,9.838E-07,-0.0461298227310181,0.197440903866664,
,,,9.83999999999999E-07,-0.113075435161591,0.196436719736084,
,,,9.842E-07,-0.0461298227310181,0.1972735398449,
,,,9.84399999999999E-07,-0.0461298227310181,0.197608267888427,
,,,9.846E-07,0.0208157896995544,0.197106175823137,
,,,9.84799999999999E-07,0.0208157896995544,0.19777563191019,
,,,9.85E-07,0.0208157896995544,0.197440903866664,
,,,9.85199999999999E-07,0.087761402130127,0.198445087997243,
,,,9.854E-07,0.0208157896995544,0.197942995931953,
,,,9.856E-07,0.087761402130127,0.198779816040769,
,,,9.858E-07,0.0208157896995544,0.198110359953716,
,,,9.86E-07,0.0208157896995544,0.198947180062532,
,,,9.862E-07,-0.0461298227310181,0.197608267888427,
,,,9.864E-07,0.0208157896995544,0.198779816040769,
,,,9.866E-07,0.0208157896995544,0.198110359953716,
,,,9.868E-07,-0.0461298227310181,0.19827772397548,
,,,9.87E-07,0.0208157896995544,0.198947180062532,
,,,9.872E-07,0.0208157896995544,0.198445087997243,
,,,9.874E-07,-0.0461298227310181,0.19827772397548,
,,,9.876E-07,0.087761402130127,0.198110359953716,
,,,9.878E-07,0.087761402130127,0.19827772397548,
,,,9.88E-07,-0.0461298227310181,0.198612452019006,
,,,9.882E-07,0.0208157896995544,0.198110359953716,
,,,9.884E-07,0.0208157896995544,0.198612452019006,
,,,9.886E-07,-0.113075435161591,0.19827772397548,
,,,9.888E-07,-0.0461298227310181,0.19827772397548,
,,,9.89E-07,-0.0461298227310181,0.19827772397548,
,,,9.892E-07,0.0208157896995544,0.198110359953716,
,,,9.894E-07,0.0208157896995544,0.198110359953716,
,,,9.896E-07,0.0208157896995544,0.198110359953716,
,,,9.89799999999999E-07,-0.0461298227310181,0.198612452019006,
,,,9.9E-07,0.0208157896995544,0.198110359953716,
,,,9.90199999999999E-07,-0.0461298227310181,0.19827772397548,
,,,9.904E-07,0.0208157896995544,0.19827772397548,
,,,9.90599999999999E-07,0.0208157896995544,0.199449272127822,
,,,9.908E-07,0.0208157896995544,0.198779816040769,
,,,9.90999999999999E-07,-0.0461298227310181,0.197942995931953,
,,,9.912E-07,0.0208157896995544,0.198445087997243,
,,,9.914E-07,0.0208157896995544,0.198612452019006,
,,,9.916E-07,0.087761402130127,0.198779816040769,
,,,9.918E-07,0.087761402130127,0.198445087997243,
,,,9.92E-07,0.087761402130127,0.198947180062532,
,,,9.922E-07,0.0208157896995544,0.19827772397548,
,,,9.924E-07,-0.0461298227310181,0.19777563191019,
,,,9.926E-07,0.0208157896995544,0.19827772397548,
,,,9.928E-07,0.0208157896995544,0.198947180062532,
,,,9.93E-07,-0.0461298227310181,0.197608267888427,
,,,9.932E-07,0.0208157896995544,0.198445087997243,
,,,9.934E-07,0.0208157896995544,0.198947180062532,
,,,9.936E-07,0.087761402130127,0.198110359953716,
,,,9.938E-07,-0.0461298227310181,0.19827772397548,
,,,9.94E-07,0.087761402130127,0.198110359953716,
,,,9.942E-07,-0.0461298227310181,0.197608267888427,
,,,9.944E-07,-0.0461298227310181,0.197608267888427,
,,,9.946E-07,0.0208157896995544,0.198947180062532,
,,,9.948E-07,-0.0461298227310181,0.197608267888427,
,,,9.95E-07,0.087761402130127,0.197608267888427,
,,,9.952E-07,0.087761402130127,0.197440903866664,
,,,9.954E-07,-0.113075435161591,0.197440903866664,
,,,9.95599999999999E-07,-0.0461298227310181,0.197608267888427,
,,,9.958E-07,0.087761402130127,0.197942995931953,
,,,9.95999999999999E-07,0.0208157896995544,0.197106175823137,
,,,9.962E-07,-0.0461298227310181,0.196771447779611,
,,,9.96399999999999E-07,0.087761402130127,0.197608267888427,
,,,9.966E-07,0.0208157896995544,0.197106175823137,
,,,9.968E-07,-0.0461298227310181,0.196269355714321,
,,,9.97E-07,0.0208157896995544,0.197106175823137,
,,,9.972E-07,0.0208157896995544,0.197440903866664,
,,,9.974E-07,-0.0461298227310181,0.196938811801374,
,,,9.976E-07,0.087761402130127,0.197608267888427,
,,,9.978E-07,0.087761402130127,0.196938811801374,
,,,9.98E-07,0.087761402130127,0.197106175823137,
,,,9.982E-07,-0.0461298227310181,0.197106175823137,
,,,9.984E-07,0.0208157896995544,0.196938811801374,
,,,9.986E-07,0.0208157896995544,0.197608267888427,
,,,9.988E-07,-0.0461298227310181,0.19777563191019,
,,,9.99E-07,0.0208157896995544,0.196938811801374,
,,,9.992E-07,0.0208157896995544,0.1972735398449,
,,,9.994E-07,0.0208157896995544,0.196938811801374,
,,,9.996E-07,-0.0461298227310181,0.197106175823137,
,,,9.998E-07,0.087761402130127,0.1972735398449,
,,,1E-06,0.0208157896995544,0.1972735398449,
,,,1.0002E-06,0.0208157896995544,0.19777563191019,
,,,1.0004E-06,0.0208157896995544,0.196938811801374,
,,,1.0006E-06,-0.0461298227310181,0.1972735398449,
,,,1.0008E-06,-0.113075435161591,0.197608267888427,
,,,1.001E-06,-0.0461298227310181,0.1972735398449,
,,,1.0012E-06,0.0208157896995544,0.196938811801374,
,,,1.0014E-06,0.0208157896995544,0.197942995931953,
,,,1.0016E-06,0.0208157896995544,0.197106175823137,
,,,1.0018E-06,-0.113075435161591,0.196938811801374,
,,,1.002E-06,0.0208157896995544,0.1972735398449,
,,,1.0022E-06,0.0208157896995544,0.19827772397548,
,,,1.0024E-06,0.0208157896995544,0.196938811801374,
,,,1.0026E-06,-0.113075435161591,0.1972735398449,
,,,1.0028E-06,0.0208157896995544,0.197608267888427,
,,,1.003E-06,-0.0461298227310181,0.197942995931953,
,,,1.0032E-06,-0.0461298227310181,0.197440903866664,
,,,1.0034E-06,-0.0461298227310181,0.1972735398449,
,,,1.0036E-06,-0.0461298227310181,0.197440903866664,
,,,1.0038E-06,0.0208157896995544,0.197608267888427,
,,,1.004E-06,0.087761402130127,0.19777563191019,
,,,1.0042E-06,-0.0461298227310181,0.197942995931953,
,,,1.0044E-06,0.087761402130127,0.19777563191019,
,,,1.0046E-06,0.0208157896995544,0.197608267888427,
,,,1.0048E-06,-0.0461298227310181,0.197608267888427,
,,,1.005E-06,0.154707014560699,0.197942995931953,
,,,1.0052E-06,-0.0461298227310181,0.197942995931953,
,,,1.0054E-06,0.0208157896995544,0.198445087997243,
,,,1.0056E-06,0.0208157896995544,0.197942995931953,
,,,1.0058E-06,-0.113075435161591,0.19827772397548,
,,,1.006E-06,0.0208157896995544,0.198612452019006,
,,,1.0062E-06,0.0208157896995544,0.19827772397548,
,,,1.0064E-06,0.087761402130127,0.197608267888427,
,,,1.0066E-06,-0.0461298227310181,0.198612452019006,
,,,1.0068E-06,0.087761402130127,0.198445087997243,
,,,1.007E-06,0.0208157896995544,0.198612452019006,
,,,1.0072E-06,-0.0461298227310181,0.198779816040769,
,,,1.0074E-06,0.0208157896995544,0.199114544084296,
,,,1.0076E-06,0.0208157896995544,0.198612452019006,
,,,1.0078E-06,0.0208157896995544,0.198947180062532,
,,,1.008E-06,0.087761402130127,0.199114544084296,
,,,1.0082E-06,-0.0461298227310181,0.199114544084296,
,,,1.0084E-06,-0.0461298227310181,0.19827772397548,
,,,1.0086E-06,0.0208157896995544,0.198445087997243,
,,,1.0088E-06,0.0208157896995544,0.198612452019006,
,,,1.009E-06,-0.0461298227310181,0.198612452019006,
,,,1.0092E-06,0.0208157896995544,0.198947180062532,
,,,1.0094E-06,-0.0461298227310181,0.198445087997243,
,,,1.0096E-06,-0.0461298227310181,0.198779816040769,
,,,1.0098E-06,-0.113075435161591,0.199281908106059,
,,,1.01E-06,-0.0461298227310181,0.198612452019006,
,,,1.0102E-06,0.0208157896995544,0.19827772397548,
,,,1.0104E-06,0.087761402130127,0.199114544084296,
,,,1.0106E-06,0.0208157896995544,0.198779816040769,
,,,1.0108E-06,0.087761402130127,0.197440903866664,
,,,1.011E-06,0.0208157896995544,0.19827772397548,
,,,1.0112E-06,0.0208157896995544,0.19827772397548,
,,,1.0114E-06,0.087761402130127,0.197942995931953,
,,,1.0116E-06,-0.0461298227310181,0.19827772397548,
,,,1.0118E-06,0.0208157896995544,0.19827772397548,
,,,1.012E-06,0.0208157896995544,0.19827772397548,
,,,1.0122E-06,-0.113075435161591,0.198110359953716,
,,,1.0124E-06,0.0208157896995544,0.198110359953716,
,,,1.0126E-06,0.0208157896995544,0.1972735398449,
,,,1.0128E-06,0.0208157896995544,0.197440903866664,
,,,1.013E-06,0.0208157896995544,0.198110359953716,
,,,1.0132E-06,0.0208157896995544,0.197608267888427,
,,,1.0134E-06,-0.0461298227310181,0.196938811801374,
,,,1.0136E-06,0.0208157896995544,0.197942995931953,
,,,1.0138E-06,0.0208157896995544,0.198612452019006,
,,,1.014E-06,0.0208157896995544,0.197440903866664,
,,,1.0142E-06,0.0208157896995544,0.197440903866664,
,,,1.0144E-06,-0.0461298227310181,0.197608267888427,
,,,1.0146E-06,-0.0461298227310181,0.197608267888427,
,,,1.0148E-06,0.0208157896995544,0.1972735398449,
,,,1.015E-06,0.0208157896995544,0.197608267888427,
,,,1.0152E-06,-0.0461298227310181,0.197608267888427,
,,,1.0154E-06,-0.113075435161591,0.197440903866664,
,,,1.0156E-06,-0.0461298227310181,0.197106175823137,
,,,1.0158E-06,-0.113075435161591,0.1972735398449,
,,,1.016E-06,0.087761402130127,0.197106175823137,
,,,1.0162E-06,-0.0461298227310181,0.197608267888427,
,,,1.0164E-06,-0.0461298227310181,0.196938811801374,
,,,1.0166E-06,0.0208157896995544,0.197440903866664,
,,,1.0168E-06,0.087761402130127,0.1972735398449,
,,,1.017E-06,-0.0461298227310181,0.19777563191019,
,,,1.0172E-06,0.087761402130127,0.197942995931953,
,,,1.0174E-06,0.0208157896995544,0.19777563191019,
,,,1.0176E-06,0.0208157896995544,0.197106175823137,
,,,1.0178E-06,0.087761402130127,0.1972735398449,
,,,1.018E-06,-0.0461298227310181,0.1972735398449,
,,,1.0182E-06,0.0208157896995544,0.196604083757848,
,,,1.0184E-06,0.087761402130127,0.19777563191019,
,,,1.0186E-06,0.0208157896995544,0.196771447779611,
,,,1.0188E-06,-0.0461298227310181,0.196938811801374,
,,,1.019E-06,0.087761402130127,0.198110359953716,
,,,1.0192E-06,0.087761402130127,0.1972735398449,
,,,1.0194E-06,-0.0461298227310181,0.197106175823137,
,,,1.0196E-06,0.0208157896995544,0.196771447779611,
,,,1.0198E-06,0.0208157896995544,0.197440903866664,
,,,1.02E-06,0.0208157896995544,0.1972735398449,
,,,1.0202E-06,0.0208157896995544,0.196604083757848,
,,,1.0204E-06,-0.0461298227310181,0.196938811801374,
,,,1.0206E-06,0.0208157896995544,0.196938811801374,
,,,1.0208E-06,0.154707014560699,0.197440903866664,
,,,1.021E-06,-0.113075435161591,0.196938811801374,
,,,1.0212E-06,0.0208157896995544,0.196771447779611,
,,,1.0214E-06,0.087761402130127,0.196771447779611,
,,,1.0216E-06,-0.0461298227310181,0.196604083757848,
,,,1.0218E-06,-0.0461298227310181,0.196938811801374,
,,,1.022E-06,0.0208157896995544,0.197106175823137,
,,,1.0222E-06,-0.0461298227310181,0.196436719736084,
,,,1.0224E-06,-0.113075435161591,0.197106175823137,
,,,1.0226E-06,-0.113075435161591,0.19777563191019,
,,,1.0228E-06,0.087761402130127,0.197608267888427,
,,,1.023E-06,-0.0461298227310181,0.196604083757848,
,,,1.0232E-06,0.087761402130127,0.196938811801374,
,,,1.0234E-06,0.0208157896995544,0.197106175823137,
,,,1.0236E-06,0.087761402130127,0.197106175823137,
,,,1.0238E-06,0.0208157896995544,0.196771447779611,
,,,1.024E-06,0.0208157896995544,0.1972735398449,
,,,1.0242E-06,0.0208157896995544,0.196938811801374,
,,,1.0244E-06,-0.0461298227310181,0.196938811801374,
,,,1.0246E-06,0.0208157896995544,0.197440903866664,
,,,1.0248E-06,0.0208157896995544,0.197106175823137,
,,,1.025E-06,-0.0461298227310181,0.196771447779611,
,,,1.0252E-06,0.0208157896995544,0.1972735398449,
,,,1.0254E-06,0.0208157896995544,0.197608267888427,
,,,1.0256E-06,0.0208157896995544,0.1972735398449,
,,,1.0258E-06,0.0208157896995544,0.1972735398449,
,,,1.026E-06,0.0208157896995544,0.197942995931953,
,,,1.0262E-06,0.087761402130127,0.198110359953716,
,,,1.0264E-06,0.0208157896995544,0.197106175823137,
,,,1.0266E-06,0.087761402130127,0.197942995931953,
,,,1.0268E-06,-0.0461298227310181,0.197942995931953,
,,,1.027E-06,0.0208157896995544,0.196771447779611,
,,,1.0272E-06,0.087761402130127,0.196938811801374,
,,,1.0274E-06,-0.0461298227310181,0.197608267888427,
,,,1.0276E-06,0.087761402130127,0.197440903866664,
,,,1.0278E-06,0.0208157896995544,0.197106175823137,
,,,1.028E-06,0.0208157896995544,0.1972735398449,
,,,1.0282E-06,-0.0461298227310181,0.197942995931953,
,,,1.0284E-06,-0.0461298227310181,0.197440903866664,
,,,1.0286E-06,-0.0461298227310181,0.197942995931953,
,,,1.0288E-06,0.087761402130127,0.197942995931953,
,,,1.029E-06,0.0208157896995544,0.19777563191019,
,,,1.0292E-06,0.0208157896995544,0.1972735398449,
,,,1.0294E-06,-0.0461298227310181,0.197608267888427,
,,,1.0296E-06,0.087761402130127,0.197106175823137,
,,,1.0298E-06,-0.0461298227310181,0.19777563191019,
,,,1.03E-06,0.0208157896995544,0.197440903866664,
,,,1.0302E-06,0.087761402130127,0.197440903866664,
,,,1.0304E-06,0.087761402130127,0.19777563191019,
,,,1.0306E-06,0.0208157896995544,0.19777563191019,
,,,1.0308E-06,-0.113075435161591,0.19827772397548,
,,,1.031E-06,0.0208157896995544,0.197942995931953,
,,,1.0312E-06,0.0208157896995544,0.197942995931953,
,,,1.0314E-06,-0.113075435161591,0.196938811801374,
,,,1.0316E-06,0.0208157896995544,0.197608267888427,
,,,1.0318E-06,0.0208157896995544,0.1972735398449,
,,,1.032E-06,0.0208157896995544,0.197106175823137,
,,,1.0322E-06,0.0208157896995544,0.1972735398449,
,,,1.0324E-06,0.087761402130127,0.19777563191019,
,,,1.0326E-06,-0.0461298227310181,0.197608267888427,
,,,1.0328E-06,-0.113075435161591,0.197608267888427,
,,,1.033E-06,-0.0461298227310181,0.197942995931953,
,,,1.0332E-06,-0.0461298227310181,0.198612452019006,
,,,1.0334E-06,0.0208157896995544,0.197608267888427,
,,,1.0336E-06,0.087761402130127,0.196938811801374,
,,,1.0338E-06,-0.113075435161591,0.196771447779611,
,,,1.034E-06,0.0208157896995544,0.196938811801374,
,,,1.0342E-06,0.087761402130127,0.196269355714321,
,,,1.0344E-06,0.0208157896995544,0.196938811801374,
,,,1.0346E-06,-0.0461298227310181,0.197106175823137,
,,,1.0348E-06,0.087761402130127,0.197106175823137,
,,,1.035E-06,-0.0461298227310181,0.197106175823137,
,,,1.0352E-06,-0.0461298227310181,0.196604083757848,
,,,1.0354E-06,-0.113075435161591,0.197106175823137,
,,,1.0356E-06,0.0208157896995544,0.197440903866664,
,,,1.0358E-06,-0.113075435161591,0.197440903866664,
,,,1.036E-06,0.087761402130127,0.196604083757848,
,,,1.0362E-06,0.0208157896995544,0.197106175823137,
,,,1.0364E-06,0.087761402130127,0.196771447779611,
,,,1.0366E-06,-0.0461298227310181,0.196938811801374,
,,,1.0368E-06,0.0208157896995544,0.196604083757848,
,,,1.037E-06,0.087761402130127,0.1972735398449,
,,,1.0372E-06,0.087761402130127,0.196938811801374,
,,,1.0374E-06,-0.0461298227310181,0.196269355714321,
,,,1.0376E-06,0.0208157896995544,0.197106175823137,
,,,1.0378E-06,-0.0461298227310181,0.196771447779611,
,,,1.038E-06,-0.0461298227310181,0.196771447779611,
,,,1.0382E-06,0.087761402130127,0.197106175823137,
,,,1.0384E-06,0.154707014560699,0.197106175823137,
,,,1.0386E-06,-0.0461298227310181,0.197106175823137,
,,,1.0388E-06,0.0208157896995544,0.196771447779611,
,,,1.039E-06,-0.0461298227310181,0.196101991692558,
,,,1.0392E-06,0.0208157896995544,0.197106175823137,
,,,1.0394E-06,-0.0461298227310181,0.197106175823137,
,,,1.0396E-06,-0.0461298227310181,0.196269355714321,
,,,1.0398E-06,0.087761402130127,0.196269355714321,
,,,1.04E-06,0.0208157896995544,0.1972735398449,
,,,1.0402E-06,0.0208157896995544,0.196269355714321,
,,,1.0404E-06,-0.113075435161591,0.197106175823137,
,,,1.0406E-06,0.087761402130127,0.196604083757848,
,,,1.0408E-06,0.0208157896995544,0.196771447779611,
,,,1.041E-06,-0.0461298227310181,0.196771447779611,
,,,1.0412E-06,-0.0461298227310181,0.1972735398449,
,,,1.0414E-06,-0.0461298227310181,0.197106175823137,
,,,1.0416E-06,0.0208157896995544,0.196604083757848,
,,,1.0418E-06,0.087761402130127,0.197106175823137,
,,,1.042E-06,-0.0461298227310181,0.196771447779611,
,,,1.0422E-06,0.0208157896995544,0.196436719736084,
,,,1.0424E-06,0.087761402130127,0.196771447779611,
,,,1.0426E-06,-0.0461298227310181,0.196771447779611,
,,,1.0428E-06,0.154707014560699,0.196938811801374,
,,,1.043E-06,0.154707014560699,0.196938811801374,
,,,1.0432E-06,0.0208157896995544,0.196101991692558,
,,,1.0434E-06,0.0208157896995544,0.196938811801374,
,,,1.0436E-06,-0.0461298227310181,0.197440903866664,
,,,1.0438E-06,0.087761402130127,0.196436719736084,
,,,1.044E-06,0.087761402130127,0.196436719736084,
,,,1.0442E-06,-0.0461298227310181,0.196938811801374,
,,,1.0444E-06,0.0208157896995544,0.1972735398449,
,,,1.0446E-06,0.087761402130127,0.196771447779611,
,,,1.0448E-06,0.087761402130127,0.1972735398449,
,,,1.045E-06,-0.0461298227310181,0.197106175823137,
,,,1.0452E-06,0.087761402130127,0.197106175823137,
,,,1.0454E-06,0.0208157896995544,0.197440903866664,
,,,1.0456E-06,-0.0461298227310181,0.1972735398449,
,,,1.0458E-06,0.0208157896995544,0.198612452019006,
,,,1.046E-06,0.0208157896995544,0.197440903866664,
,,,1.0462E-06,0.0208157896995544,0.1972735398449,
,,,1.0464E-06,0.087761402130127,0.197440903866664,
,,,1.0466E-06,-0.113075435161591,0.196938811801374,
,,,1.0468E-06,-0.0461298227310181,0.197440903866664,
,,,1.047E-06,0.087761402130127,0.197440903866664,
,,,1.0472E-06,0.0208157896995544,0.196771447779611,
,,,1.0474E-06,-0.0461298227310181,0.197440903866664,
,,,1.0476E-06,0.087761402130127,0.198110359953716,
,,,1.0478E-06,0.0208157896995544,0.197440903866664,
,,,1.048E-06,-0.0461298227310181,0.196771447779611,
,,,1.0482E-06,-0.0461298227310181,0.196938811801374,
,,,1.0484E-06,0.0208157896995544,0.196938811801374,
,,,1.0486E-06,0.0208157896995544,0.1972735398449,
,,,1.0488E-06,0.0208157896995544,0.197608267888427,
,,,1.049E-06,0.0208157896995544,0.197942995931953,
,,,1.0492E-06,0.087761402130127,0.196938811801374,
,,,1.0494E-06,0.087761402130127,0.197106175823137,
,,,1.0496E-06,-0.0461298227310181,0.197440903866664,
,,,1.0498E-06,0.0208157896995544,0.19777563191019,
,,,1.05E-06,0.0208157896995544,0.197440903866664,
,,,1.0502E-06,-0.113075435161591,0.19827772397548,
,,,1.0504E-06,0.0208157896995544,0.197608267888427,
,,,1.0506E-06,0.0208157896995544,0.197608267888427,
,,,1.0508E-06,-0.113075435161591,0.19777563191019,
,,,1.051E-06,0.0208157896995544,0.197106175823137,
,,,1.0512E-06,0.087761402130127,0.197942995931953,
,,,1.0514E-06,-0.0461298227310181,0.197440903866664,
,,,1.0516E-06,-0.0461298227310181,0.197608267888427,
,,,1.0518E-06,0.0208157896995544,0.19777563191019,
,,,1.052E-06,-0.0461298227310181,0.1972735398449,
,,,1.0522E-06,0.0208157896995544,0.1972735398449,
,,,1.0524E-06,0.0208157896995544,0.197440903866664,
,,,1.0526E-06,0.0208157896995544,0.1972735398449,
,,,1.0528E-06,0.087761402130127,0.197106175823137,
,,,1.053E-06,0.0208157896995544,0.197440903866664,
,,,1.0532E-06,-0.113075435161591,0.197440903866664,
,,,1.0534E-06,0.0208157896995544,0.196938811801374,
,,,1.0536E-06,0.087761402130127,0.197106175823137,
,,,1.0538E-06,-0.113075435161591,0.1972735398449,
,,,1.054E-06,0.0208157896995544,0.197440903866664,
,,,1.0542E-06,0.0208157896995544,0.197440903866664,
,,,1.0544E-06,-0.0461298227310181,0.197106175823137,
,,,1.0546E-06,0.0208157896995544,0.197106175823137,
,,,1.0548E-06,0.087761402130127,0.197942995931953,
,,,1.055E-06,-0.0461298227310181,0.196436719736084,
,,,1.0552E-06,0.087761402130127,0.197608267888427,
,,,1.0554E-06,-0.0461298227310181,0.197440903866664,
,,,1.0556E-06,0.087761402130127,0.197440903866664,
,,,1.0558E-06,0.0208157896995544,0.196604083757848,
,,,1.056E-06,-0.0461298227310181,0.196269355714321,
,,,1.0562E-06,0.087761402130127,0.197106175823137,
,,,1.0564E-06,-0.0461298227310181,0.197106175823137,
,,,1.0566E-06,-0.0461298227310181,0.196771447779611,
,,,1.0568E-06,-0.0461298227310181,0.196938811801374,
,,,1.057E-06,0.0208157896995544,0.196604083757848,
,,,1.0572E-06,-0.0461298227310181,0.196771447779611,
,,,1.0574E-06,-0.0461298227310181,0.1972735398449,
,,,1.0576E-06,0.087761402130127,0.196771447779611,
,,,1.0578E-06,0.0208157896995544,0.197106175823137,
,,,1.058E-06,-0.0461298227310181,0.1972735398449,
,,,1.0582E-06,0.0208157896995544,0.197106175823137,
,,,1.0584E-06,-0.0461298227310181,0.195934627670795,
,,,1.0586E-06,-0.0461298227310181,0.196436719736084,
,,,1.0588E-06,-0.0461298227310181,0.195934627670795,
,,,1.059E-06,-0.0461298227310181,0.196604083757848,
,,,1.0592E-06,0.087761402130127,0.196771447779611,
,,,1.0594E-06,-0.113075435161591,0.196436719736084,
,,,1.0596E-06,0.0208157896995544,0.196771447779611,
,,,1.0598E-06,0.0208157896995544,0.196771447779611,
,,,1.06E-06,0.0208157896995544,0.197106175823137,
,,,1.0602E-06,0.0208157896995544,0.196938811801374,
,,,1.0604E-06,0.0208157896995544,0.197106175823137,
,,,1.0606E-06,-0.0461298227310181,0.196269355714321,
,,,1.0608E-06,-0.0461298227310181,0.1972735398449,
,,,1.061E-06,-0.0461298227310181,0.19777563191019,
,,,1.0612E-06,0.0208157896995544,0.197106175823137,
,,,1.0614E-06,-0.0461298227310181,0.196771447779611,
,,,1.0616E-06,0.0208157896995544,0.197106175823137,
,,,1.0618E-06,0.0208157896995544,0.198110359953716,
,,,1.062E-06,0.087761402130127,0.196938811801374,
,,,1.0622E-06,0.0208157896995544,0.197440903866664,
,,,1.0624E-06,0.0208157896995544,0.19777563191019,
,,,1.0626E-06,0.0208157896995544,0.197942995931953,
,,,1.0628E-06,-0.0461298227310181,0.19777563191019,
,,,1.063E-06,0.0208157896995544,0.197942995931953,
,,,1.0632E-06,0.0208157896995544,0.19827772397548,
,,,1.0634E-06,-0.0461298227310181,0.197942995931953,
,,,1.0636E-06,0.087761402130127,0.196938811801374,
,,,1.0638E-06,-0.0461298227310181,0.19777563191019,
,,,1.064E-06,0.0208157896995544,0.1972735398449,
,,,1.0642E-06,-0.0461298227310181,0.196938811801374,
,,,1.0644E-06,0.0208157896995544,0.197608267888427,
,,,1.0646E-06,-0.0461298227310181,0.196771447779611,
,,,1.0648E-06,-0.0461298227310181,0.197106175823137,
,,,1.065E-06,0.0208157896995544,0.196771447779611,
,,,1.0652E-06,-0.0461298227310181,0.196604083757848,
,,,1.0654E-06,-0.113075435161591,0.196938811801374,
,,,1.0656E-06,0.087761402130127,0.1972735398449,
,,,1.0658E-06,-0.0461298227310181,0.196938811801374,
,,,1.066E-06,-0.0461298227310181,0.196604083757848,
,,,1.0662E-06,-0.0461298227310181,0.197440903866664,
,,,1.0664E-06,-0.113075435161591,0.196771447779611,
,,,1.0666E-06,-0.0461298227310181,0.196938811801374,
,,,1.0668E-06,0.0208157896995544,0.196771447779611,
,,,1.067E-06,-0.0461298227310181,0.196436719736084,
,,,1.0672E-06,-0.0461298227310181,0.196436719736084,
,,,1.0674E-06,-0.0461298227310181,0.196938811801374,
,,,1.0676E-06,0.0208157896995544,0.196436719736084,
,,,1.0678E-06,0.0208157896995544,0.196771447779611,
,,,1.068E-06,0.087761402130127,0.196604083757848,
,,,1.0682E-06,0.0208157896995544,0.196771447779611,
,,,1.0684E-06,0.0208157896995544,0.196101991692558,
,,,1.0686E-06,0.0208157896995544,0.196436719736084,
,,,1.0688E-06,0.0208157896995544,0.196771447779611,
,,,1.069E-06,-0.0461298227310181,0.1972735398449,
,,,1.0692E-06,0.0208157896995544,0.197106175823137,
,,,1.0694E-06,0.0208157896995544,0.196604083757848,
,,,1.0696E-06,0.0208157896995544,0.197106175823137,
,,,1.0698E-06,-0.113075435161591,0.197106175823137,
,,,1.07E-06,0.087761402130127,0.196771447779611,
,,,1.0702E-06,-0.0461298227310181,0.1972735398449,
,,,1.0704E-06,0.0208157896995544,0.196938811801374,
,,,1.0706E-06,-0.0461298227310181,0.197440903866664,
,,,1.0708E-06,-0.0461298227310181,0.196436719736084,
,,,1.071E-06,-0.113075435161591,0.197106175823137,
,,,1.0712E-06,-0.0461298227310181,0.197106175823137,
,,,1.0714E-06,-0.0461298227310181,0.196604083757848,
,,,1.0716E-06,-0.113075435161591,0.197106175823137,
,,,1.0718E-06,0.0208157896995544,0.197106175823137,
,,,1.072E-06,0.087761402130127,0.197106175823137,
,,,1.0722E-06,-0.180021047592163,0.196771447779611,
,,,1.0724E-06,0.0208157896995544,0.197608267888427,
,,,1.0726E-06,0.0208157896995544,0.197106175823137,
,,,1.0728E-06,0.0208157896995544,0.196938811801374,
,,,1.073E-06,-0.0461298227310181,0.196604083757848,
,,,1.0732E-06,0.087761402130127,0.195767263649032,
,,,1.0734E-06,-0.0461298227310181,0.196938811801374,
,,,1.0736E-06,-0.113075435161591,0.196436719736084,
,,,1.0738E-06,-0.0461298227310181,0.196269355714321,
,,,1.074E-06,0.0208157896995544,0.196604083757848,
,,,1.0742E-06,-0.113075435161591,0.196269355714321,
,,,1.0744E-06,0.0208157896995544,0.196269355714321,
,,,1.0746E-06,-0.0461298227310181,0.196604083757848,
,,,1.0748E-06,0.0208157896995544,0.196771447779611,
,,,1.075E-06,-0.0461298227310181,0.196436719736084,
,,,1.0752E-06,0.0208157896995544,0.196771447779611,
,,,1.0754E-06,0.0208157896995544,0.196436719736084,
,,,1.0756E-06,-0.0461298227310181,0.196771447779611,
,,,1.0758E-06,-0.0461298227310181,0.197106175823137,
,,,1.076E-06,0.0208157896995544,0.1972735398449,
,,,1.0762E-06,-0.113075435161591,0.1972735398449,
,,,1.0764E-06,-0.0461298227310181,0.19777563191019,
,,,1.0766E-06,0.087761402130127,0.197608267888427,
,,,1.0768E-06,0.087761402130127,0.197608267888427,
,,,1.077E-06,-0.0461298227310181,0.198110359953716,
,,,1.0772E-06,0.0208157896995544,0.19777563191019,
,,,1.0774E-06,-0.0461298227310181,0.198110359953716,
,,,1.0776E-06,-0.0461298227310181,0.198110359953716,
,,,1.0778E-06,-0.0461298227310181,0.198445087997243,
,,,1.078E-06,-0.113075435161591,0.198445087997243,
,,,1.0782E-06,-0.0461298227310181,0.198779816040769,
,,,1.0784E-06,0.087761402130127,0.19827772397548,
,,,1.0786E-06,0.0208157896995544,0.197942995931953,
,,,1.0788E-06,-0.0461298227310181,0.198445087997243,
,,,1.079E-06,0.0208157896995544,0.198779816040769,
,,,1.0792E-06,0.0208157896995544,0.198445087997243,
,,,1.0794E-06,-0.113075435161591,0.19777563191019,
,,,1.0796E-06,-0.0461298227310181,0.198110359953716,
,,,1.0798E-06,-0.0461298227310181,0.198779816040769,
,,,1.08E-06,0.0208157896995544,0.198612452019006,
,,,1.0802E-06,-0.0461298227310181,0.198445087997243,
,,,1.0804E-06,-0.0461298227310181,0.198110359953716,
,,,1.0806E-06,0.0208157896995544,0.198110359953716,
,,,1.0808E-06,0.0208157896995544,0.197942995931953,
,,,1.081E-06,0.0208157896995544,0.197608267888427,
,,,1.0812E-06,0.087761402130127,0.197942995931953,
,,,1.0814E-06,-0.0461298227310181,0.197440903866664,
,,,1.0816E-06,0.0208157896995544,0.196771447779611,
,,,1.0818E-06,0.0208157896995544,0.198110359953716,
,,,1.082E-06,-0.0461298227310181,0.19777563191019,
,,,1.0822E-06,0.0208157896995544,0.1972735398449,
,,,1.0824E-06,0.0208157896995544,0.197440903866664,
,,,1.0826E-06,-0.113075435161591,0.196771447779611,
,,,1.0828E-06,0.087761402130127,0.197106175823137,
,,,1.083E-06,-0.0461298227310181,0.197106175823137,
,,,1.0832E-06,-0.0461298227310181,0.1972735398449,
,,,1.0834E-06,-0.0461298227310181,0.1972735398449,
,,,1.0836E-06,0.0208157896995544,0.197106175823137,
,,,1.0838E-06,0.0208157896995544,0.197106175823137,
,,,1.084E-06,-0.0461298227310181,0.196604083757848,
,,,1.0842E-06,0.0208157896995544,0.196604083757848,
,,,1.0844E-06,0.0208157896995544,0.196938811801374,
,,,1.0846E-06,-0.0461298227310181,0.1972735398449,
,,,1.0848E-06,0.087761402130127,0.1972735398449,
,,,1.085E-06,-0.113075435161591,0.196771447779611,
,,,1.0852E-06,-0.0461298227310181,0.1972735398449,
,,,1.0854E-06,0.087761402130127,0.196604083757848,
,,,1.0856E-06,0.0208157896995544,0.195934627670795,
,,,1.0858E-06,-0.0461298227310181,0.196604083757848,
,,,1.086E-06,-0.0461298227310181,0.196938811801374,
,,,1.0862E-06,-0.0461298227310181,0.196938811801374,
,,,1.0864E-06,0.0208157896995544,0.196771447779611,
,,,1.0866E-06,-0.113075435161591,0.197440903866664,
,,,1.0868E-06,0.0208157896995544,0.196604083757848,
,,,1.087E-06,-0.113075435161591,0.196604083757848,
,,,1.0872E-06,0.087761402130127,0.196101991692558,
,,,1.0874E-06,0.0208157896995544,0.195934627670795,
,,,1.0876E-06,0.087761402130127,0.196101991692558,
,,,1.0878E-06,0.0208157896995544,0.196771447779611,
,,,1.088E-06,-0.0461298227310181,0.196269355714321,
,,,1.0882E-06,0.087761402130127,0.196436719736084,
,,,1.0884E-06,-0.0461298227310181,0.195767263649032,
,,,1.0886E-06,0.0208157896995544,0.196269355714321,
,,,1.0888E-06,0.0208157896995544,0.196269355714321,
,,,1.089E-06,-0.0461298227310181,0.195767263649032,
,,,1.0892E-06,-0.0461298227310181,0.196269355714321,
,,,1.0894E-06,-0.113075435161591,0.196604083757848,
,,,1.0896E-06,0.087761402130127,0.196101991692558,
,,,1.0898E-06,-0.0461298227310181,0.196436719736084,
,,,1.09E-06,0.0208157896995544,0.197106175823137,
,,,1.0902E-06,0.0208157896995544,0.196436719736084,
,,,1.0904E-06,-0.0461298227310181,0.197106175823137,
,,,1.0906E-06,-0.113075435161591,0.197608267888427,
,,,1.0908E-06,0.0208157896995544,0.196771447779611,
,,,1.091E-06,0.0208157896995544,0.1972735398449,
,,,1.0912E-06,0.087761402130127,0.1972735398449,
,,,1.0914E-06,-0.0461298227310181,0.196771447779611,
,,,1.0916E-06,0.0208157896995544,0.196938811801374,
,,,1.0918E-06,0.0208157896995544,0.197106175823137,
,,,1.092E-06,0.0208157896995544,0.197106175823137,
,,,1.0922E-06,-0.0461298227310181,0.197942995931953,
,,,1.0924E-06,-0.0461298227310181,0.19777563191019,
,,,1.0926E-06,-0.0461298227310181,0.197608267888427,
,,,1.0928E-06,0.0208157896995544,0.197440903866664,
,,,1.093E-06,-0.113075435161591,0.198612452019006,
,,,1.0932E-06,0.0208157896995544,0.198110359953716,
,,,1.0934E-06,-0.0461298227310181,0.198445087997243,
,,,1.0936E-06,0.087761402130127,0.198612452019006,
,,,1.0938E-06,0.087761402130127,0.198445087997243,
,,,1.094E-06,0.0208157896995544,0.198445087997243,
,,,1.0942E-06,-0.0461298227310181,0.197942995931953,
,,,1.0944E-06,-0.0461298227310181,0.198612452019006,
,,,1.0946E-06,0.087761402130127,0.198779816040769,
,,,1.0948E-06,-0.0461298227310181,0.198947180062532,
,,,1.095E-06,-0.0461298227310181,0.198445087997243,
,,,1.0952E-06,-0.0461298227310181,0.198612452019006,
,,,1.0954E-06,-0.0461298227310181,0.199114544084296,
,,,1.0956E-06,0.0208157896995544,0.199616636149585,
,,,1.0958E-06,0.0208157896995544,0.199281908106059,
,,,1.096E-06,0.0208157896995544,0.198612452019006,
,,,1.0962E-06,0.0208157896995544,0.19827772397548,
,,,1.0964E-06,-0.0461298227310181,0.197942995931953,
,,,1.0966E-06,0.0208157896995544,0.199114544084296,
,,,1.0968E-06,0.0208157896995544,0.199281908106059,
,,,1.097E-06,0.0208157896995544,0.199114544084296,
,,,1.0972E-06,0.0208157896995544,0.199114544084296,
,,,1.0974E-06,0.087761402130127,0.198779816040769,
,,,1.0976E-06,0.087761402130127,0.198445087997243,
,,,1.0978E-06,-0.113075435161591,0.198445087997243,
,,,1.098E-06,-0.0461298227310181,0.199281908106059,
,,,1.0982E-06,0.0208157896995544,0.198445087997243,
,,,1.0984E-06,0.0208157896995544,0.19827772397548,
,,,1.0986E-06,-0.0461298227310181,0.198110359953716,
,,,1.0988E-06,-0.0461298227310181,0.19827772397548,
,,,1.099E-06,0.0208157896995544,0.19827772397548,
,,,1.0992E-06,0.0208157896995544,0.198110359953716,
,,,1.0994E-06,-0.0461298227310181,0.19827772397548,
,,,1.0996E-06,0.0208157896995544,0.1972735398449,
,,,1.0998E-06,0.0208157896995544,0.197440903866664,
,,,1.1E-06,0.087761402130127,0.19827772397548,
,,,1.1002E-06,0.087761402130127,0.19827772397548,
,,,1.1004E-06,0.0208157896995544,0.197440903866664,
,,,1.1006E-06,0.0208157896995544,0.1972735398449,
,,,1.1008E-06,0.0208157896995544,0.19777563191019,
,,,1.101E-06,0.087761402130127,0.197440903866664,
,,,1.1012E-06,0.0208157896995544,0.196604083757848,
,,,1.1014E-06,-0.0461298227310181,0.196771447779611,
,,,1.1016E-06,0.0208157896995544,0.196771447779611,
,,,1.1018E-06,-0.0461298227310181,0.1972735398449,
,,,1.102E-06,0.0208157896995544,0.197106175823137,
,,,1.1022E-06,0.087761402130127,0.197106175823137,
,,,1.1024E-06,0.154707014560699,0.196436719736084,
,,,1.1026E-06,-0.0461298227310181,0.196436719736084,
,,,1.1028E-06,0.0208157896995544,0.196771447779611,
,,,1.103E-06,0.0208157896995544,0.197440903866664,
,,,1.1032E-06,0.0208157896995544,0.196269355714321,
,,,1.1034E-06,0.0208157896995544,0.196604083757848,
,,,1.1036E-06,-0.0461298227310181,0.196938811801374,
,,,1.1038E-06,0.087761402130127,0.196771447779611,
,,,1.104E-06,0.0208157896995544,0.196771447779611,
,,,1.1042E-06,-0.113075435161591,0.196436719736084,
,,,1.1044E-06,0.0208157896995544,0.196436719736084,
,,,1.1046E-06,0.087761402130127,0.196101991692558,
,,,1.1048E-06,0.0208157896995544,0.196938811801374,
,,,1.105E-06,-0.113075435161591,0.197106175823137,
,,,1.1052E-06,-0.0461298227310181,0.197608267888427,
,,,1.1054E-06,0.0208157896995544,0.196771447779611,
,,,1.1056E-06,0.0208157896995544,0.196771447779611,
,,,1.1058E-06,0.0208157896995544,0.197106175823137,
,,,1.106E-06,0.0208157896995544,0.1972735398449,
,,,1.1062E-06,-0.0461298227310181,0.196938811801374,
,,,1.1064E-06,0.087761402130127,0.1972735398449,
,,,1.1066E-06,0.0208157896995544,0.197440903866664,
,,,1.1068E-06,0.087761402130127,0.196938811801374,
,,,1.107E-06,0.087761402130127,0.1972735398449,
,,,1.1072E-06,0.0208157896995544,0.1972735398449,
,,,1.1074E-06,0.0208157896995544,0.1972735398449,
,,,1.1076E-06,0.0208157896995544,0.197106175823137,
,,,1.1078E-06,0.087761402130127,0.196771447779611,
,,,1.108E-06,-0.0461298227310181,0.196436719736084,
,,,1.1082E-06,0.087761402130127,0.196771447779611,
,,,1.1084E-06,0.087761402130127,0.196938811801374,
,,,1.1086E-06,0.0208157896995544,0.196938811801374,
,,,1.1088E-06,0.087761402130127,0.197608267888427,
,,,1.109E-06,0.0208157896995544,0.197106175823137,
,,,1.1092E-06,-0.0461298227310181,0.196771447779611,
,,,1.1094E-06,-0.0461298227310181,0.197440903866664,
,,,1.1096E-06,-0.0461298227310181,0.196771447779611,
,,,1.1098E-06,0.0208157896995544,0.1972735398449,
,,,1.11E-06,0.0208157896995544,0.197942995931953,
,,,1.1102E-06,0.0208157896995544,0.19827772397548,
,,,1.1104E-06,0.087761402130127,0.19777563191019,
,,,1.1106E-06,-0.113075435161591,0.196938811801374,
,,,1.1108E-06,0.0208157896995544,0.197440903866664,
,,,1.111E-06,0.0208157896995544,0.197608267888427,
,,,1.1112E-06,0.087761402130127,0.197608267888427,
,,,1.1114E-06,-0.0461298227310181,0.198445087997243,
,,,1.1116E-06,0.087761402130127,0.197942995931953,
,,,1.1118E-06,-0.0461298227310181,0.19777563191019,
,,,1.112E-06,0.0208157896995544,0.198445087997243,
,,,1.1122E-06,0.0208157896995544,0.197942995931953,
,,,1.1124E-06,0.0208157896995544,0.19777563191019,
,,,1.1126E-06,-0.0461298227310181,0.198779816040769,
,,,1.1128E-06,0.087761402130127,0.198445087997243,
,,,1.113E-06,0.087761402130127,0.198445087997243,
,,,1.1132E-06,0.087761402130127,0.198612452019006,
,,,1.1134E-06,0.087761402130127,0.198947180062532,
,,,1.1136E-06,0.0208157896995544,0.198947180062532,
,,,1.1138E-06,-0.113075435161591,0.199114544084296,
,,,1.114E-06,0.0208157896995544,0.198947180062532,
,,,1.1142E-06,0.087761402130127,0.198779816040769,
,,,1.1144E-06,0.0208157896995544,0.198779816040769,
,,,1.1146E-06,-0.0461298227310181,0.198445087997243,
,,,1.1148E-06,-0.0461298227310181,0.198779816040769,
,,,1.115E-06,0.087761402130127,0.198947180062532,
,,,1.1152E-06,0.087761402130127,0.198110359953716,
,,,1.1154E-06,0.0208157896995544,0.198612452019006,
,,,1.1156E-06,0.0208157896995544,0.198779816040769,
,,,1.1158E-06,-0.0461298227310181,0.19827772397548,
,,,1.116E-06,0.0208157896995544,0.198612452019006,
,,,1.1162E-06,-0.0461298227310181,0.19827772397548,
,,,1.1164E-06,0.0208157896995544,0.198445087997243,
,,,1.1166E-06,0.0208157896995544,0.198947180062532,
,,,1.1168E-06,0.087761402130127,0.198445087997243,
,,,1.117E-06,-0.113075435161591,0.197440903866664,
,,,1.1172E-06,0.0208157896995544,0.198612452019006,
,,,1.1174E-06,0.087761402130127,0.198445087997243,
,,,1.1176E-06,-0.0461298227310181,0.197608267888427,
,,,1.1178E-06,-0.0461298227310181,0.198110359953716,
,,,1.118E-06,0.087761402130127,0.197440903866664,
,,,1.1182E-06,-0.0461298227310181,0.197440903866664,
,,,1.1184E-06,0.0208157896995544,0.197608267888427,
,,,1.1186E-06,0.0208157896995544,0.198445087997243,
,,,1.1188E-06,-0.0461298227310181,0.197608267888427,
,,,1.119E-06,-0.0461298227310181,0.197440903866664,
,,,1.1192E-06,0.0208157896995544,0.197608267888427,
,,,1.1194E-06,0.0208157896995544,0.19827772397548,
,,,1.1196E-06,0.087761402130127,0.196938811801374,
,,,1.1198E-06,0.0208157896995544,0.197942995931953,
,,,1.12E-06,-0.0461298227310181,0.196938811801374,
,,,1.1202E-06,0.087761402130127,0.197440903866664,
,,,1.1204E-06,0.0208157896995544,0.1972735398449,
,,,1.1206E-06,0.0208157896995544,0.197440903866664,
,,,1.1208E-06,0.0208157896995544,0.197440903866664,
,,,1.121E-06,-0.113075435161591,0.19777563191019,
,,,1.1212E-06,-0.0461298227310181,0.1972735398449,
,,,1.1214E-06,0.0208157896995544,0.1972735398449,
,,,1.1216E-06,0.087761402130127,0.196938811801374,
,,,1.1218E-06,0.0208157896995544,0.1972735398449,
,,,1.122E-06,0.0208157896995544,0.1972735398449,
,,,1.1222E-06,0.0208157896995544,0.197106175823137,
,,,1.1224E-06,-0.113075435161591,0.197942995931953,
,,,1.1226E-06,-0.0461298227310181,0.19777563191019,
,,,1.1228E-06,0.0208157896995544,0.1972735398449,
,,,1.123E-06,0.087761402130127,0.1972735398449,
,,,1.1232E-06,-0.0461298227310181,0.197106175823137,
,,,1.1234E-06,-0.0461298227310181,0.1972735398449,
,,,1.1236E-06,0.0208157896995544,0.1972735398449,
,,,1.1238E-06,0.0208157896995544,0.19777563191019,
,,,1.124E-06,0.087761402130127,0.1972735398449,
,,,1.1242E-06,-0.113075435161591,0.197942995931953,
,,,1.1244E-06,-0.0461298227310181,0.197440903866664,
,,,1.1246E-06,-0.0461298227310181,0.196938811801374,
,,,1.1248E-06,0.0208157896995544,0.197608267888427,
,,,1.125E-06,-0.0461298227310181,0.197440903866664,
,,,1.1252E-06,0.0208157896995544,0.1972735398449,
,,,1.1254E-06,0.0208157896995544,0.197608267888427,
,,,1.1256E-06,0.0208157896995544,0.1972735398449,
,,,1.1258E-06,0.0208157896995544,0.197440903866664,
,,,1.126E-06,0.087761402130127,0.1972735398449,
,,,1.1262E-06,0.0208157896995544,0.197942995931953,
,,,1.1264E-06,0.0208157896995544,0.197942995931953,
,,,1.1266E-06,0.087761402130127,0.197608267888427,
,,,1.1268E-06,0.087761402130127,0.1972735398449,
,,,1.127E-06,-0.0461298227310181,0.197608267888427,
,,,1.1272E-06,0.0208157896995544,0.197608267888427,
,,,1.1274E-06,-0.0461298227310181,0.198110359953716,
,,,1.1276E-06,0.0208157896995544,0.197608267888427,
,,,1.1278E-06,0.0208157896995544,0.19777563191019,
,,,1.128E-06,0.087761402130127,0.197608267888427,
,,,1.1282E-06,-0.0461298227310181,0.197440903866664,
,,,1.1284E-06,0.0208157896995544,0.197106175823137,
,,,1.1286E-06,0.0208157896995544,0.19777563191019,
,,,1.1288E-06,-0.0461298227310181,0.19777563191019,
,,,1.129E-06,0.0208157896995544,0.197440903866664,
,,,1.1292E-06,0.0208157896995544,0.197942995931953,
,,,1.1294E-06,0.0208157896995544,0.19827772397548,
,,,1.1296E-06,0.087761402130127,0.196938811801374,
,,,1.1298E-06,-0.113075435161591,0.196604083757848,
,,,1.13E-06,-0.0461298227310181,0.197440903866664,
,,,1.1302E-06,0.087761402130127,0.19777563191019,
,,,1.1304E-06,0.0208157896995544,0.19777563191019,
,,,1.1306E-06,-0.180021047592163,0.19777563191019,
,,,1.1308E-06,0.0208157896995544,0.197608267888427,
,,,1.131E-06,0.0208157896995544,0.197942995931953,
,,,1.1312E-06,0.0208157896995544,0.19777563191019,
,,,1.1314E-06,-0.0461298227310181,0.196938811801374,
,,,1.1316E-06,0.0208157896995544,0.19777563191019,
,,,1.1318E-06,0.0208157896995544,0.197106175823137,
,,,1.132E-06,0.0208157896995544,0.197440903866664,
,,,1.1322E-06,0.0208157896995544,0.19827772397548,
,,,1.1324E-06,0.087761402130127,0.198110359953716,
,,,1.1326E-06,0.0208157896995544,0.19777563191019,
,,,1.1328E-06,0.0208157896995544,0.19777563191019,
,,,1.133E-06,0.087761402130127,0.19777563191019,
,,,1.1332E-06,-0.0461298227310181,0.197608267888427,
,,,1.1334E-06,0.087761402130127,0.1972735398449,
,,,1.1336E-06,0.0208157896995544,0.19777563191019,
,,,1.1338E-06,-0.113075435161591,0.19827772397548,
,,,1.134E-06,0.0208157896995544,0.197942995931953,
,,,1.1342E-06,0.0208157896995544,0.198110359953716,
,,,1.1344E-06,0.0208157896995544,0.19777563191019,
,,,1.1346E-06,-0.0461298227310181,0.19777563191019,
,,,1.1348E-06,0.0208157896995544,0.197608267888427,
,,,1.135E-06,0.0208157896995544,0.19777563191019,
,,,1.1352E-06,-0.0461298227310181,0.197608267888427,
,,,1.1354E-06,0.087761402130127,0.197942995931953,
,,,1.1356E-06,-0.0461298227310181,0.197942995931953,
,,,1.1358E-06,-0.0461298227310181,0.198110359953716,
,,,1.136E-06,0.087761402130127,0.197942995931953,
,,,1.1362E-06,-0.113075435161591,0.198110359953716,
,,,1.1364E-06,-0.0461298227310181,0.197440903866664,
,,,1.1366E-06,-0.0461298227310181,0.197608267888427,
,,,1.1368E-06,0.0208157896995544,0.19777563191019,
,,,1.137E-06,-0.0461298227310181,0.197608267888427,
,,,1.1372E-06,0.0208157896995544,0.19777563191019,
,,,1.1374E-06,-0.0461298227310181,0.19777563191019,
,,,1.1376E-06,0.0208157896995544,0.197440903866664,
,,,1.1378E-06,0.087761402130127,0.19777563191019,
,,,1.138E-06,-0.0461298227310181,0.19777563191019,
,,,1.1382E-06,-0.0461298227310181,0.197440903866664,
,,,1.1384E-06,0.087761402130127,0.1972735398449,
,,,1.1386E-06,-0.0461298227310181,0.196604083757848,
,,,1.1388E-06,0.0208157896995544,0.197608267888427,
,,,1.139E-06,0.087761402130127,0.1972735398449,
,,,1.1392E-06,0.0208157896995544,0.197106175823137,
,,,1.1394E-06,0.087761402130127,0.197440903866664,
,,,1.1396E-06,0.0208157896995544,0.19777563191019,
,,,1.1398E-06,-0.0461298227310181,0.197106175823137,
,,,1.14E-06,0.0208157896995544,0.1972735398449,
,,,1.1402E-06,0.0208157896995544,0.197608267888427,
,,,1.1404E-06,-0.0461298227310181,0.19777563191019,
,,,1.1406E-06,0.087761402130127,0.1972735398449,
,,,1.1408E-06,0.087761402130127,0.1972735398449,
,,,1.141E-06,-0.0461298227310181,0.197608267888427,
,,,1.1412E-06,0.0208157896995544,0.198110359953716,
,,,1.1414E-06,0.0208157896995544,0.196771447779611,
,,,1.1416E-06,-0.0461298227310181,0.1972735398449,
,,,1.1418E-06,-0.113075435161591,0.198110359953716,
,,,1.142E-06,-0.0461298227310181,0.197608267888427,
,,,1.1422E-06,0.0208157896995544,0.197106175823137,
,,,1.1424E-06,-0.0461298227310181,0.1972735398449,
,,,1.1426E-06,-0.113075435161591,0.197440903866664,
,,,1.1428E-06,0.0208157896995544,0.1972735398449,
,,,1.143E-06,0.0208157896995544,0.19777563191019,
,,,1.1432E-06,0.0208157896995544,0.197440903866664,
,,,1.1434E-06,-0.0461298227310181,0.197440903866664,
,,,1.1436E-06,0.0208157896995544,0.197608267888427,
,,,1.1438E-06,0.0208157896995544,0.197106175823137,
,,,1.144E-06,0.087761402130127,0.196938811801374,
,,,1.1442E-06,-0.113075435161591,0.196938811801374,
,,,1.1444E-06,0.087761402130127,0.1972735398449,
,,,1.1446E-06,0.0208157896995544,0.1972735398449,
,,,1.1448E-06,0.087761402130127,0.196938811801374,
,,,1.145E-06,0.087761402130127,0.197106175823137,
,,,1.1452E-06,0.0208157896995544,0.196938811801374,
,,,1.1454E-06,0.0208157896995544,0.197106175823137,
,,,1.1456E-06,-0.0461298227310181,0.196771447779611,
,,,1.1458E-06,0.154707014560699,0.196269355714321,
,,,1.146E-06,0.0208157896995544,0.196101991692558,
,,,1.1462E-06,0.0208157896995544,0.197106175823137,
,,,1.1464E-06,0.087761402130127,0.196269355714321,
,,,1.1466E-06,0.0208157896995544,0.196436719736084,
,,,1.1468E-06,0.0208157896995544,0.1972735398449,
,,,1.147E-06,0.0208157896995544,0.197106175823137,
,,,1.1472E-06,0.087761402130127,0.196771447779611,
,,,1.1474E-06,0.0208157896995544,0.196938811801374,
,,,1.1476E-06,0.0208157896995544,0.196604083757848,
,,,1.1478E-06,0.087761402130127,0.197106175823137,
,,,1.148E-06,0.0208157896995544,0.197608267888427,
,,,1.1482E-06,-0.0461298227310181,0.196938811801374,
,,,1.1484E-06,-0.0461298227310181,0.196269355714321,
,,,1.1486E-06,0.087761402130127,0.196771447779611,
,,,1.1488E-06,0.087761402130127,0.197440903866664,
,,,1.149E-06,-0.180021047592163,0.196436719736084,
,,,1.1492E-06,0.0208157896995544,0.196938811801374,
,,,1.1494E-06,0.0208157896995544,0.1972735398449,
,,,1.1496E-06,0.0208157896995544,0.197106175823137,
,,,1.1498E-06,-0.0461298227310181,0.196938811801374,
,,,1.15E-06,0.0208157896995544,0.197608267888427,
,,,1.1502E-06,0.087761402130127,0.197942995931953,
,,,1.1504E-06,-0.0461298227310181,0.1972735398449,
,,,1.1506E-06,0.0208157896995544,0.196771447779611,
,,,1.1508E-06,0.087761402130127,0.19777563191019,
,,,1.151E-06,0.0208157896995544,0.197608267888427,
,,,1.1512E-06,0.0208157896995544,0.19777563191019,
,,,1.1514E-06,0.0208157896995544,0.197440903866664,
,,,1.1516E-06,0.087761402130127,0.197608267888427,
,,,1.1518E-06,-0.0461298227310181,0.19827772397548,
,,,1.152E-06,0.0208157896995544,0.197106175823137,
,,,1.1522E-06,0.087761402130127,0.1972735398449,
,,,1.1524E-06,-0.0461298227310181,0.197608267888427,
,,,1.1526E-06,0.0208157896995544,0.197942995931953,
,,,1.1528E-06,0.0208157896995544,0.197440903866664,
,,,1.153E-06,-0.113075435161591,0.197608267888427,
,,,1.1532E-06,0.0208157896995544,0.197440903866664,
,,,1.1534E-06,0.087761402130127,0.1972735398449,
,,,1.1536E-06,0.0208157896995544,0.196938811801374,
,,,1.1538E-06,0.0208157896995544,0.197440903866664,
,,,1.154E-06,0.0208157896995544,0.196938811801374,
,,,1.1542E-06,-0.0461298227310181,0.196771447779611,
,,,1.1544E-06,0.0208157896995544,0.196604083757848,
,,,1.1546E-06,-0.0461298227310181,0.196771447779611,
,,,1.1548E-06,0.0208157896995544,0.197106175823137,
,,,1.155E-06,-0.0461298227310181,0.19827772397548,
,,,1.1552E-06,0.087761402130127,0.197106175823137,
,,,1.1554E-06,-0.113075435161591,0.197440903866664,
,,,1.1556E-06,-0.0461298227310181,0.1972735398449,
,,,1.1558E-06,0.0208157896995544,0.197440903866664,
,,,1.156E-06,0.0208157896995544,0.197106175823137,
,,,1.1562E-06,-0.0461298227310181,0.196938811801374,
,,,1.1564E-06,-0.0461298227310181,0.19777563191019,
,,,1.1566E-06,-0.0461298227310181,0.197440903866664,
,,,1.1568E-06,-0.0461298227310181,0.1972735398449,
,,,1.157E-06,-0.0461298227310181,0.196604083757848,
,,,1.1572E-06,0.0208157896995544,0.1972735398449,
,,,1.1574E-06,-0.0461298227310181,0.197106175823137,
,,,1.1576E-06,0.0208157896995544,0.196938811801374,
,,,1.1578E-06,0.0208157896995544,0.197440903866664,
,,,1.158E-06,0.087761402130127,0.196436719736084,
,,,1.1582E-06,0.0208157896995544,0.196604083757848,
,,,1.1584E-06,-0.113075435161591,0.196436719736084,
,,,1.1586E-06,0.087761402130127,0.19777563191019,
,,,1.1588E-06,0.0208157896995544,0.196604083757848,
,,,1.159E-06,-0.0461298227310181,0.197106175823137,
,,,1.1592E-06,-0.0461298227310181,0.196771447779611,
,,,1.1594E-06,-0.0461298227310181,0.196604083757848,
,,,1.1596E-06,0.0208157896995544,0.1972735398449,
,,,1.1598E-06,0.0208157896995544,0.1972735398449,
,,,1.16E-06,0.087761402130127,0.196938811801374,
,,,1.1602E-06,0.0208157896995544,0.196938811801374,
,,,1.1604E-06,0.0208157896995544,0.197106175823137,
,,,1.1606E-06,-0.0461298227310181,0.196436719736084,
,,,1.1608E-06,-0.0461298227310181,0.196436719736084,
,,,1.161E-06,0.0208157896995544,0.196938811801374,
,,,1.1612E-06,0.0208157896995544,0.197440903866664,
,,,1.1614E-06,0.0208157896995544,0.197440903866664,
,,,1.1616E-06,0.087761402130127,0.196938811801374,
,,,1.1618E-06,-0.113075435161591,0.195934627670795,
,,,1.162E-06,0.087761402130127,0.196771447779611,
,,,1.1622E-06,0.0208157896995544,0.196938811801374,
,,,1.1624E-06,-0.0461298227310181,0.196604083757848,
,,,1.1626E-06,-0.0461298227310181,0.197106175823137,
,,,1.1628E-06,0.087761402130127,0.1972735398449,
,,,1.163E-06,0.0208157896995544,0.197608267888427,
,,,1.1632E-06,0.0208157896995544,0.196604083757848,
,,,1.1634E-06,-0.113075435161591,0.196771447779611,
,,,1.1636E-06,0.0208157896995544,0.1972735398449,
,,,1.1638E-06,0.0208157896995544,0.196938811801374,
,,,1.164E-06,0.0208157896995544,0.197440903866664,
,,,1.1642E-06,0.0208157896995544,0.197440903866664,
,,,1.1644E-06,0.087761402130127,0.196938811801374,
,,,1.1646E-06,0.0208157896995544,0.1972735398449,
,,,1.1648E-06,0.0208157896995544,0.197106175823137,
,,,1.165E-06,0.087761402130127,0.1972735398449,
,,,1.1652E-06,0.0208157896995544,0.196604083757848,
,,,1.1654E-06,0.0208157896995544,0.196771447779611,
,,,1.1656E-06,0.087761402130127,0.196938811801374,
,,,1.1658E-06,0.087761402130127,0.196604083757848,
,,,1.166E-06,0.0208157896995544,0.196938811801374,
,,,1.1662E-06,0.0208157896995544,0.197440903866664,
,,,1.1664E-06,0.0208157896995544,0.1972735398449,
,,,1.1666E-06,0.0208157896995544,0.196938811801374,
,,,1.1668E-06,-0.0461298227310181,0.197106175823137,
,,,1.167E-06,0.0208157896995544,0.1972735398449,
,,,1.1672E-06,0.087761402130127,0.196771447779611,
,,,1.1674E-06,-0.0461298227310181,0.1972735398449,
,,,1.1676E-06,-0.113075435161591,0.197942995931953,
,,,1.1678E-06,0.087761402130127,0.197440903866664,
,,,1.168E-06,0.087761402130127,0.197440903866664,
,,,1.1682E-06,-0.0461298227310181,0.197106175823137,
,,,1.1684E-06,0.0208157896995544,0.197106175823137,
,,,1.1686E-06,0.0208157896995544,0.197440903866664,
,,,1.1688E-06,0.0208157896995544,0.197608267888427,
,,,1.169E-06,-0.0461298227310181,0.197440903866664,
,,,1.1692E-06,-0.0461298227310181,0.197106175823137,
,,,1.1694E-06,-0.0461298227310181,0.196938811801374,
,,,1.1696E-06,0.0208157896995544,0.197106175823137,
,,,1.1698E-06,0.0208157896995544,0.197608267888427,
,,,1.17E-06,0.0208157896995544,0.19827772397548,
,,,1.1702E-06,0.0208157896995544,0.19777563191019,
,,,1.1704E-06,0.087761402130127,0.197440903866664,
,,,1.1706E-06,0.0208157896995544,0.197440903866664,
,,,1.1708E-06,0.154707014560699,0.19777563191019,
,,,1.171E-06,0.087761402130127,0.196938811801374,
,,,1.1712E-06,0.0208157896995544,0.197608267888427,
,,,1.1714E-06,0.087761402130127,0.197608267888427,
,,,1.1716E-06,-0.0461298227310181,0.197440903866664,
,,,1.1718E-06,0.0208157896995544,0.19827772397548,
,,,1.172E-06,0.0208157896995544,0.19777563191019,
,,,1.1722E-06,-0.113075435161591,0.19777563191019,
,,,1.1724E-06,0.0208157896995544,0.19777563191019,
,,,1.1726E-06,0.087761402130127,0.197608267888427,
,,,1.1728E-06,0.087761402130127,0.197608267888427,
,,,1.173E-06,0.0208157896995544,0.198110359953716,
,,,1.1732E-06,0.087761402130127,0.19777563191019,
,,,1.1734E-06,-0.0461298227310181,0.19777563191019,
,,,1.1736E-06,-0.0461298227310181,0.19777563191019,
,,,1.1738E-06,-0.0461298227310181,0.197608267888427,
,,,1.174E-06,-0.113075435161591,0.197440903866664,
,,,1.1742E-06,0.0208157896995544,0.197608267888427,
,,,1.1744E-06,0.087761402130127,0.19827772397548,
,,,1.1746E-06,-0.113075435161591,0.197440903866664,
,,,1.1748E-06,0.0208157896995544,0.198110359953716,
,,,1.175E-06,0.0208157896995544,0.19777563191019,
,,,1.1752E-06,0.0208157896995544,0.1972735398449,
,,,1.1754E-06,-0.0461298227310181,0.197440903866664,
,,,1.1756E-06,-0.0461298227310181,0.197942995931953,
,,,1.1758E-06,0.0208157896995544,0.198110359953716,
,,,1.176E-06,-0.0461298227310181,0.197942995931953,
,,,1.1762E-06,-0.0461298227310181,0.1972735398449,
,,,1.1764E-06,0.0208157896995544,0.197440903866664,
,,,1.1766E-06,0.0208157896995544,0.197106175823137,
,,,1.1768E-06,0.0208157896995544,0.196604083757848,
,,,1.177E-06,0.0208157896995544,0.196938811801374,
,,,1.1772E-06,0.087761402130127,0.1972735398449,
,,,1.1774E-06,-0.0461298227310181,0.19777563191019,
,,,1.1776E-06,0.0208157896995544,0.197106175823137,
,,,1.1778E-06,0.154707014560699,0.197440903866664,
,,,1.178E-06,-0.0461298227310181,0.197942995931953,
,,,1.1782E-06,-0.0461298227310181,0.1972735398449,
,,,1.1784E-06,0.0208157896995544,0.1972735398449,
,,,1.1786E-06,-0.0461298227310181,0.198110359953716,
,,,1.1788E-06,0.0208157896995544,0.19777563191019,
,,,1.179E-06,0.0208157896995544,0.1972735398449,
,,,1.1792E-06,0.087761402130127,0.196938811801374,
,,,1.1794E-06,-0.0461298227310181,0.197106175823137,
,,,1.1796E-06,0.0208157896995544,0.1972735398449,
,,,1.1798E-06,0.087761402130127,0.197440903866664,
,,,1.18E-06,-0.0461298227310181,0.1972735398449,
,,,1.1802E-06,-0.113075435161591,0.1972735398449,
,,,1.1804E-06,-0.113075435161591,0.198110359953716,
,,,1.1806E-06,-0.0461298227310181,0.197440903866664,
,,,1.1808E-06,0.0208157896995544,0.197106175823137,
,,,1.181E-06,-0.113075435161591,0.196604083757848,
,,,1.1812E-06,-0.0461298227310181,0.197106175823137,
,,,1.1814E-06,0.0208157896995544,0.196771447779611,
,,,1.1816E-06,0.0208157896995544,0.196436719736084,
,,,1.1818E-06,-0.0461298227310181,0.1972735398449,
,,,1.182E-06,0.0208157896995544,0.197608267888427,
,,,1.1822E-06,-0.0461298227310181,0.196604083757848,
,,,1.1824E-06,-0.0461298227310181,0.196938811801374,
,,,1.1826E-06,-0.113075435161591,0.197608267888427,
,,,1.1828E-06,0.0208157896995544,0.196938811801374,
,,,1.183E-06,0.0208157896995544,0.196436719736084,
,,,1.1832E-06,0.087761402130127,0.1972735398449,
,,,1.1834E-06,-0.0461298227310181,0.197440903866664,
,,,1.1836E-06,0.087761402130127,0.197106175823137,
,,,1.1838E-06,0.0208157896995544,0.197106175823137,
,,,1.184E-06,-0.0461298227310181,0.197608267888427,
,,,1.1842E-06,0.0208157896995544,0.197942995931953,
,,,1.1844E-06,-0.0461298227310181,0.1972735398449,
,,,1.1846E-06,0.0208157896995544,0.197106175823137,
,,,1.1848E-06,0.0208157896995544,0.19777563191019,
,,,1.185E-06,-0.0461298227310181,0.1972735398449,
,,,1.1852E-06,-0.0461298227310181,0.197608267888427,
,,,1.1854E-06,0.0208157896995544,0.197942995931953,
,,,1.1856E-06,0.154707014560699,0.197608267888427,
,,,1.1858E-06,0.0208157896995544,0.197440903866664,
,,,1.186E-06,0.154707014560699,0.197942995931953,
,,,1.1862E-06,-0.0461298227310181,0.19827772397548,
,,,1.1864E-06,-0.113075435161591,0.196938811801374,
,,,1.1866E-06,0.0208157896995544,0.19777563191019,
,,,1.1868E-06,0.0208157896995544,0.19777563191019,
,,,1.187E-06,0.0208157896995544,0.197942995931953,
,,,1.1872E-06,-0.0461298227310181,0.197106175823137,
,,,1.1874E-06,-0.0461298227310181,0.198110359953716,
,,,1.1876E-06,0.0208157896995544,0.198110359953716,
,,,1.1878E-06,0.087761402130127,0.19777563191019,
,,,1.188E-06,-0.0461298227310181,0.197608267888427,
,,,1.1882E-06,-0.0461298227310181,0.198110359953716,
,,,1.1884E-06,0.0208157896995544,0.197440903866664,
,,,1.1886E-06,0.0208157896995544,0.197942995931953,
,,,1.1888E-06,0.0208157896995544,0.197942995931953,
,,,1.189E-06,0.0208157896995544,0.198445087997243,
,,,1.1892E-06,-0.0461298227310181,0.1972735398449,
,,,1.1894E-06,-0.0461298227310181,0.19777563191019,
,,,1.1896E-06,0.087761402130127,0.1972735398449,
,,,1.1898E-06,-0.0461298227310181,0.197440903866664,
,,,1.19E-06,0.087761402130127,0.19777563191019,
,,,1.1902E-06,0.0208157896995544,0.197608267888427,
,,,1.1904E-06,0.0208157896995544,0.19777563191019,
,,,1.1906E-06,0.087761402130127,0.197942995931953,
,,,1.1908E-06,0.0208157896995544,0.19827772397548,
,,,1.191E-06,-0.0461298227310181,0.197440903866664,
,,,1.1912E-06,0.087761402130127,0.19777563191019,
,,,1.1914E-06,0.0208157896995544,0.198110359953716,
,,,1.1916E-06,0.0208157896995544,0.198110359953716,
,,,1.1918E-06,0.0208157896995544,0.197942995931953,
,,,1.192E-06,0.0208157896995544,0.197942995931953,
,,,1.1922E-06,-0.0461298227310181,0.19827772397548,
,,,1.1924E-06,0.087761402130127,0.198445087997243,
,,,1.1926E-06,0.0208157896995544,0.198445087997243,
,,,1.1928E-06,-0.113075435161591,0.1972735398449,
,,,1.193E-06,-0.113075435161591,0.197608267888427,
,,,1.1932E-06,0.0208157896995544,0.198612452019006,
,,,1.1934E-06,-0.0461298227310181,0.197942995931953,
,,,1.1936E-06,0.0208157896995544,0.198445087997243,
,,,1.1938E-06,-0.0461298227310181,0.198110359953716,
,,,1.194E-06,-0.0461298227310181,0.197608267888427,
,,,1.1942E-06,0.087761402130127,0.19777563191019,
,,,1.1944E-06,0.0208157896995544,0.19777563191019,
,,,1.1946E-06,-0.113075435161591,0.197440903866664,
,,,1.1948E-06,0.0208157896995544,0.197106175823137,
,,,1.195E-06,-0.0461298227310181,0.198445087997243,
,,,1.1952E-06,0.0208157896995544,0.197608267888427,
,,,1.1954E-06,-0.0461298227310181,0.197942995931953,
,,,1.1956E-06,0.0208157896995544,0.197942995931953,
,,,1.1958E-06,-0.0461298227310181,0.197608267888427,
,,,1.196E-06,0.0208157896995544,0.196938811801374,
,,,1.1962E-06,0.0208157896995544,0.197440903866664,
,,,1.1964E-06,0.087761402130127,0.198110359953716,
,,,1.1966E-06,0.087761402130127,0.19777563191019,
,,,1.1968E-06,-0.0461298227310181,0.197608267888427,
,,,1.197E-06,0.0208157896995544,0.197440903866664,
,,,1.1972E-06,0.0208157896995544,0.197106175823137,
,,,1.1974E-06,-0.0461298227310181,0.197608267888427,
,,,1.1976E-06,-0.0461298227310181,0.1972735398449,
,,,1.1978E-06,0.087761402130127,0.19777563191019,
,,,1.198E-06,0.0208157896995544,0.1972735398449,
,,,1.1982E-06,0.0208157896995544,0.1972735398449,
,,,1.1984E-06,0.0208157896995544,0.197106175823137,
,,,1.1986E-06,0.0208157896995544,0.19777563191019,
,,,1.1988E-06,-0.0461298227310181,0.197942995931953,
,,,1.199E-06,0.087761402130127,0.19777563191019,
,,,1.1992E-06,-0.0461298227310181,0.196771447779611,
,,,1.1994E-06,-0.0461298227310181,0.1972735398449,
,,,1.1996E-06,-0.0461298227310181,0.1972735398449,
,,,1.1998E-06,0.087761402130127,0.19827772397548,
,,,1.2E-06,0.087761402130127,0.197440903866664,
,,,1.2002E-06,-0.113075435161591,0.19777563191019,
,,,1.2004E-06,-0.0461298227310181,0.197608267888427,
,,,1.2006E-06,0.0208157896995544,0.198110359953716,
,,,1.2008E-06,0.0208157896995544,0.196938811801374,
,,,1.201E-06,-0.0461298227310181,0.198110359953716,
,,,1.2012E-06,-0.0461298227310181,0.198110359953716,
,,,1.2014E-06,-0.0461298227310181,0.1972735398449,
,,,1.2016E-06,0.087761402130127,0.197440903866664,
,,,1.2018E-06,0.0208157896995544,0.196938811801374,
,,,1.202E-06,0.0208157896995544,0.197440903866664,
,,,1.2022E-06,-0.0461298227310181,0.197608267888427,
,,,1.2024E-06,0.087761402130127,0.197608267888427,
,,,1.2026E-06,0.0208157896995544,0.1972735398449,
,,,1.2028E-06,0.0208157896995544,0.196604083757848,
,,,1.203E-06,0.0208157896995544,0.196436719736084,
,,,1.2032E-06,0.0208157896995544,0.196938811801374,
,,,1.2034E-06,0.0208157896995544,0.196771447779611,
,,,1.2036E-06,0.0208157896995544,0.197106175823137,
,,,1.2038E-06,-0.0461298227310181,0.197106175823137,
,,,1.204E-06,0.0208157896995544,0.196938811801374,
,,,1.2042E-06,0.0208157896995544,0.196771447779611,
,,,1.2044E-06,-0.0461298227310181,0.197106175823137,
,,,1.2046E-06,-0.0461298227310181,0.196604083757848,
,,,1.2048E-06,0.154707014560699,0.196604083757848,
,,,1.205E-06,-0.0461298227310181,0.196436719736084,
,,,1.2052E-06,-0.0461298227310181,0.196938811801374,
,,,1.2054E-06,0.0208157896995544,0.196771447779611,
,,,1.2056E-06,-0.0461298227310181,0.196771447779611,
,,,1.2058E-06,0.0208157896995544,0.196771447779611,
,,,1.206E-06,0.087761402130127,0.196771447779611,
,,,1.2062E-06,-0.0461298227310181,0.197106175823137,
,,,1.2064E-06,0.0208157896995544,0.197608267888427,
,,,1.2066E-06,-0.0461298227310181,0.1972735398449,
,,,1.2068E-06,0.0208157896995544,0.196938811801374,
,,,1.207E-06,0.0208157896995544,0.1972735398449,
,,,1.2072E-06,0.0208157896995544,0.197608267888427,
,,,1.2074E-06,-0.113075435161591,0.197942995931953,
,,,1.2076E-06,0.0208157896995544,0.197106175823137,
,,,1.2078E-06,-0.0461298227310181,0.196938811801374,
,,,1.208E-06,0.0208157896995544,0.197106175823137,
,,,1.2082E-06,-0.0461298227310181,0.197440903866664,
,,,1.2084E-06,0.0208157896995544,0.197440903866664,
,,,1.2086E-06,0.0208157896995544,0.1972735398449,
,,,1.2088E-06,0.0208157896995544,0.19777563191019,
,,,1.209E-06,0.0208157896995544,0.19777563191019,
,,,1.2092E-06,0.087761402130127,0.197942995931953,
,,,1.2094E-06,0.0208157896995544,0.198110359953716,
,,,1.2096E-06,-0.0461298227310181,0.197608267888427,
,,,1.2098E-06,0.087761402130127,0.197608267888427,
,,,1.21E-06,0.0208157896995544,0.197942995931953,
,,,1.2102E-06,-0.0461298227310181,0.197440903866664,
,,,1.2104E-06,-0.0461298227310181,0.198110359953716,
,,,1.2106E-06,0.0208157896995544,0.19777563191019,
,,,1.2108E-06,0.087761402130127,0.1972735398449,
,,,1.211E-06,-0.0461298227310181,0.19827772397548,
,,,1.2112E-06,0.087761402130127,0.197942995931953,
,,,1.2114E-06,0.0208157896995544,0.19777563191019,
,,,1.2116E-06,0.087761402130127,0.197608267888427,
,,,1.2118E-06,-0.0461298227310181,0.197942995931953,
,,,1.212E-06,0.0208157896995544,0.1972735398449,
,,,1.2122E-06,0.0208157896995544,0.198612452019006,
,,,1.2124E-06,-0.113075435161591,0.198110359953716,
,,,1.2126E-06,-0.0461298227310181,0.198110359953716,
,,,1.2128E-06,0.154707014560699,0.197608267888427,
,,,1.213E-06,-0.113075435161591,0.197942995931953,
,,,1.2132E-06,-0.113075435161591,0.19827772397548,
,,,1.2134E-06,0.0208157896995544,0.198445087997243,
,,,1.2136E-06,0.087761402130127,0.198612452019006,
,,,1.2138E-06,-0.0461298227310181,0.19827772397548,
,,,1.214E-06,0.0208157896995544,0.198110359953716,
,,,1.2142E-06,0.087761402130127,0.198612452019006,
,,,1.2144E-06,0.0208157896995544,0.198445087997243,
,,,1.2146E-06,-0.0461298227310181,0.197440903866664,
,,,1.2148E-06,-0.0461298227310181,0.19777563191019,
,,,1.215E-06,-0.0461298227310181,0.198947180062532,
,,,1.2152E-06,0.087761402130127,0.198110359953716,
,,,1.2154E-06,0.0208157896995544,0.198612452019006,
,,,1.2156E-06,0.087761402130127,0.198445087997243,
,,,1.2158E-06,0.0208157896995544,0.198445087997243,
,,,1.216E-06,0.0208157896995544,0.198445087997243,
,,,1.2162E-06,0.087761402130127,0.197942995931953,
,,,1.2164E-06,0.0208157896995544,0.198110359953716,
,,,1.2166E-06,-0.0461298227310181,0.198445087997243,
,,,1.2168E-06,0.087761402130127,0.197942995931953,
,,,1.217E-06,-0.0461298227310181,0.198110359953716,
,,,1.2172E-06,-0.0461298227310181,0.198445087997243,
,,,1.2174E-06,-0.0461298227310181,0.198779816040769,
,,,1.2176E-06,0.087761402130127,0.198110359953716,
,,,1.2178E-06,-0.0461298227310181,0.198779816040769,
,,,1.218E-06,0.087761402130127,0.198779816040769,
,,,1.2182E-06,0.0208157896995544,0.198110359953716,
,,,1.2184E-06,-0.0461298227310181,0.197608267888427,
,,,1.2186E-06,-0.0461298227310181,0.19827772397548,
,,,1.2188E-06,0.0208157896995544,0.197106175823137,
,,,1.219E-06,-0.0461298227310181,0.1972735398449,
,,,1.2192E-06,-0.0461298227310181,0.1972735398449,
,,,1.2194E-06,-0.0461298227310181,0.197440903866664,
,,,1.2196E-06,0.0208157896995544,0.196771447779611,
,,,1.2198E-06,0.0208157896995544,0.1972735398449,
,,,1.22E-06,0.0208157896995544,0.197106175823137,
,,,1.2202E-06,-0.113075435161591,0.196938811801374,
,,,1.2204E-06,0.0208157896995544,0.196436719736084,
,,,1.2206E-06,0.0208157896995544,0.197106175823137,
,,,1.2208E-06,-0.0461298227310181,0.196938811801374,
,,,1.221E-06,-0.0461298227310181,0.197608267888427,
,,,1.2212E-06,-0.113075435161591,0.197106175823137,
,,,1.2214E-06,-0.113075435161591,0.196604083757848,
,,,1.2216E-06,0.0208157896995544,0.196604083757848,
,,,1.2218E-06,-0.0461298227310181,0.196771447779611,
,,,1.222E-06,0.0208157896995544,0.197106175823137,
,,,1.2222E-06,0.0208157896995544,0.196771447779611,
,,,1.2224E-06,0.0208157896995544,0.197106175823137,
,,,1.2226E-06,0.087761402130127,0.1972735398449,
,,,1.2228E-06,-0.113075435161591,0.196436719736084,
,,,1.223E-06,0.087761402130127,0.197106175823137,
,,,1.2232E-06,0.0208157896995544,0.196771447779611,
,,,1.2234E-06,-0.0461298227310181,0.196938811801374,
,,,1.2236E-06,-0.0461298227310181,0.196771447779611,
,,,1.2238E-06,0.087761402130127,0.197608267888427,
,,,1.224E-06,0.0208157896995544,0.197608267888427,
,,,1.2242E-06,0.0208157896995544,0.196604083757848,
,,,1.2244E-06,0.0208157896995544,0.196771447779611,
,,,1.2246E-06,0.0208157896995544,0.196436719736084,
,,,1.2248E-06,-0.0461298227310181,0.196771447779611,
,,,1.225E-06,0.087761402130127,0.196771447779611,
,,,1.2252E-06,0.0208157896995544,0.197440903866664,
,,,1.2254E-06,-0.0461298227310181,0.19777563191019,
,,,1.2256E-06,0.087761402130127,0.196938811801374,
,,,1.2258E-06,-0.113075435161591,0.197106175823137,
,,,1.226E-06,0.0208157896995544,0.197106175823137,
,,,1.2262E-06,0.154707014560699,0.196771447779611,
,,,1.2264E-06,0.087761402130127,0.196771447779611,
,,,1.2266E-06,-0.0461298227310181,0.1972735398449,
,,,1.2268E-06,0.087761402130127,0.196938811801374,
,,,1.227E-06,-0.0461298227310181,0.1972735398449,
,,,1.2272E-06,-0.0461298227310181,0.197608267888427,
,,,1.2274E-06,-0.0461298227310181,0.197440903866664,
,,,1.2276E-06,0.087761402130127,0.197106175823137,
,,,1.2278E-06,-0.113075435161591,0.198110359953716,
,,,1.228E-06,0.0208157896995544,0.19777563191019,
,,,1.2282E-06,0.154707014560699,0.197440903866664,
,,,1.2284E-06,0.0208157896995544,0.198110359953716,
,,,1.2286E-06,-0.0461298227310181,0.197440903866664,
,,,1.2288E-06,0.087761402130127,0.196938811801374,
,,,1.229E-06,0.0208157896995544,0.197440903866664,
,,,1.2292E-06,0.0208157896995544,0.197942995931953,
,,,1.2294E-06,0.0208157896995544,0.197942995931953,
,,,1.2296E-06,-0.0461298227310181,0.197608267888427,
,,,1.2298E-06,-0.0461298227310181,0.19777563191019,
,,,1.23E-06,-0.0461298227310181,0.197440903866664,
,,,1.2302E-06,0.0208157896995544,0.197440903866664,
,,,1.2304E-06,0.087761402130127,0.197942995931953,
,,,1.2306E-06,-0.0461298227310181,0.197608267888427,
,,,1.2308E-06,0.087761402130127,0.198110359953716,
,,,1.231E-06,0.0208157896995544,0.197440903866664,
,,,1.2312E-06,0.0208157896995544,0.197942995931953,
,,,1.2314E-06,0.0208157896995544,0.198947180062532,
,,,1.2316E-06,-0.0461298227310181,0.198445087997243,
,,,1.2318E-06,0.0208157896995544,0.198445087997243,
,,,1.232E-06,0.087761402130127,0.198612452019006,
,,,1.2322E-06,-0.0461298227310181,0.19777563191019,
,,,1.2324E-06,-0.0461298227310181,0.197942995931953,
,,,1.2326E-06,0.087761402130127,0.198612452019006,
,,,1.2328E-06,-0.0461298227310181,0.198612452019006,
,,,1.233E-06,-0.113075435161591,0.19777563191019,
,,,1.2332E-06,0.0208157896995544,0.197608267888427,
,,,1.2334E-06,0.087761402130127,0.198110359953716,
,,,1.2336E-06,0.0208157896995544,0.197942995931953,
,,,1.2338E-06,-0.0461298227310181,0.197942995931953,
,,,1.234E-06,0.0208157896995544,0.1972735398449,
,,,1.2342E-06,0.0208157896995544,0.19777563191019,
,,,1.2344E-06,0.0208157896995544,0.197608267888427,
,,,1.2346E-06,-0.0461298227310181,0.197942995931953,
,,,1.2348E-06,0.087761402130127,0.19827772397548,
,,,1.235E-06,0.087761402130127,0.197942995931953,
,,,1.2352E-06,-0.0461298227310181,0.19777563191019,
,,,1.2354E-06,0.0208157896995544,0.196938811801374,
,,,1.2356E-06,-0.0461298227310181,0.197608267888427,
,,,1.2358E-06,0.087761402130127,0.19827772397548,
,,,1.236E-06,0.0208157896995544,0.197942995931953,
,,,1.2362E-06,0.0208157896995544,0.19827772397548,
,,,1.2364E-06,-0.0461298227310181,0.1972735398449,
,,,1.2366E-06,0.0208157896995544,0.196938811801374,
,,,1.2368E-06,0.087761402130127,0.197440903866664,
,,,1.237E-06,-0.113075435161591,0.19777563191019,
,,,1.2372E-06,0.0208157896995544,0.197608267888427,
,,,1.2374E-06,0.0208157896995544,0.196938811801374,
,,,1.2376E-06,0.0208157896995544,0.1972735398449,
,,,1.2378E-06,0.0208157896995544,0.197608267888427,
,,,1.238E-06,0.0208157896995544,0.197440903866664,
,,,1.2382E-06,0.0208157896995544,0.1972735398449,
,,,1.2384E-06,0.087761402130127,0.197608267888427,
,,,1.2386E-06,-0.113075435161591,0.197106175823137,
,,,1.2388E-06,0.0208157896995544,0.196938811801374,
,,,1.239E-06,0.0208157896995544,0.197440903866664,
,,,1.2392E-06,0.0208157896995544,0.1972735398449,
,,,1.2394E-06,-0.113075435161591,0.196436719736084,
,,,1.2396E-06,0.087761402130127,0.196771447779611,
,,,1.2398E-06,-0.0461298227310181,0.196938811801374,
,,,1.24E-06,0.0208157896995544,0.196938811801374,
,,,1.2402E-06,-0.113075435161591,0.1972735398449,
,,,1.2404E-06,0.087761402130127,0.196604083757848,
,,,1.2406E-06,-0.0461298227310181,0.196604083757848,
,,,1.2408E-06,0.087761402130127,0.196938811801374,
,,,1.241E-06,0.0208157896995544,0.196938811801374,
,,,1.2412E-06,0.087761402130127,0.196771447779611,
,,,1.2414E-06,0.0208157896995544,0.196938811801374,
,,,1.2416E-06,0.087761402130127,0.196771447779611,
,,,1.2418E-06,-0.0461298227310181,0.196269355714321,
,,,1.242E-06,0.087761402130127,0.197106175823137,
,,,1.2422E-06,-0.0461298227310181,0.196938811801374,
,,,1.2424E-06,-0.0461298227310181,0.1972735398449,
,,,1.2426E-06,-0.0461298227310181,0.196436719736084,
,,,1.2428E-06,0.0208157896995544,0.196938811801374,
,,,1.243E-06,0.087761402130127,0.196604083757848,
,,,1.2432E-06,0.087761402130127,0.197942995931953,
,,,1.2434E-06,-0.0461298227310181,0.196771447779611,
,,,1.2436E-06,0.087761402130127,0.196938811801374,
,,,1.2438E-06,-0.0461298227310181,0.197106175823137,
,,,1.244E-06,-0.0461298227310181,0.196771447779611,
,,,1.2442E-06,0.0208157896995544,0.196101991692558,
,,,1.2444E-06,0.087761402130127,0.197440903866664,
,,,1.2446E-06,-0.0461298227310181,0.197106175823137,
,,,1.2448E-06,0.087761402130127,0.1972735398449,
,,,1.245E-06,0.0208157896995544,0.196938811801374,
,,,1.2452E-06,0.0208157896995544,0.197106175823137,
,,,1.2454E-06,0.0208157896995544,0.1972735398449,
,,,1.2456E-06,0.0208157896995544,0.196938811801374,
,,,1.2458E-06,-0.0461298227310181,0.1972735398449,
,,,1.246E-06,0.0208157896995544,0.197440903866664,
,,,1.2462E-06,0.0208157896995544,0.197440903866664,
,,,1.2464E-06,0.0208157896995544,0.196604083757848,
,,,1.2466E-06,-0.0461298227310181,0.1972735398449,
,,,1.2468E-06,0.0208157896995544,0.197440903866664,
,,,1.247E-06,0.0208157896995544,0.196938811801374,
,,,1.2472E-06,0.087761402130127,0.197106175823137,
,,,1.2474E-06,-0.113075435161591,0.197942995931953,
,,,1.2476E-06,0.087761402130127,0.197608267888427,
,,,1.2478E-06,0.087761402130127,0.197106175823137,
,,,1.248E-06,0.0208157896995544,0.196938811801374,
,,,1.2482E-06,0.087761402130127,0.1972735398449,
,,,1.2484E-06,0.0208157896995544,0.196938811801374,
,,,1.2486E-06,-0.0461298227310181,0.197608267888427,
,,,1.2488E-06,0.0208157896995544,0.197106175823137,
,,,1.249E-06,0.0208157896995544,0.197106175823137,
,,,1.2492E-06,0.0208157896995544,0.19777563191019,
,,,1.2494E-06,-0.0461298227310181,0.197440903866664,
,,,1.2496E-06,0.154707014560699,0.1972735398449,
,,,1.2498E-06,0.0208157896995544,0.1972735398449,
,,,1.25E-06,0.087761402130127,0.19777563191019,
,,,1.2502E-06,-0.0461298227310181,0.19777563191019,
,,,1.2504E-06,-0.0461298227310181,0.197942995931953,
,,,1.2506E-06,-0.0461298227310181,0.197608267888427,
,,,1.2508E-06,0.0208157896995544,0.197608267888427,
,,,1.251E-06,0.0208157896995544,0.197106175823137,
,,,1.2512E-06,0.087761402130127,0.1972735398449,
,,,1.2514E-06,-0.0461298227310181,0.1972735398449,
,,,1.2516E-06,0.0208157896995544,0.197608267888427,
,,,1.2518E-06,-0.0461298227310181,0.197440903866664,
,,,1.252E-06,0.087761402130127,0.197106175823137,
,,,1.2522E-06,-0.113075435161591,0.19777563191019,
,,,1.2524E-06,0.0208157896995544,0.19777563191019,
,,,1.2526E-06,0.0208157896995544,0.196771447779611,
,,,1.2528E-06,0.0208157896995544,0.197106175823137,
,,,1.253E-06,-0.113075435161591,0.196938811801374,
,,,1.2532E-06,0.087761402130127,0.197608267888427,
,,,1.2534E-06,0.0208157896995544,0.197608267888427,
,,,1.2536E-06,0.087761402130127,0.197608267888427,
,,,1.2538E-06,0.154707014560699,0.196604083757848,
,,,1.254E-06,-0.0461298227310181,0.19777563191019,
,,,1.2542E-06,-0.0461298227310181,0.1972735398449,
,,,1.2544E-06,0.0208157896995544,0.196604083757848,
,,,1.2546E-06,0.087761402130127,0.197942995931953,
,,,1.2548E-06,-0.0461298227310181,0.1972735398449,
,,,1.255E-06,-0.0461298227310181,0.197106175823137,
,,,1.2552E-06,0.0208157896995544,0.19777563191019,
,,,1.2554E-06,0.0208157896995544,0.197440903866664,
,,,1.2556E-06,0.0208157896995544,0.197106175823137,
,,,1.2558E-06,0.0208157896995544,0.197440903866664,
,,,1.256E-06,0.0208157896995544,0.1972735398449,
,,,1.2562E-06,0.0208157896995544,0.197106175823137,
,,,1.2564E-06,0.0208157896995544,0.196771447779611,
,,,1.2566E-06,0.0208157896995544,0.197106175823137,
,,,1.2568E-06,-0.0461298227310181,0.196604083757848,
,,,1.257E-06,-0.0461298227310181,0.1972735398449,
,,,1.2572E-06,0.0208157896995544,0.196604083757848,
,,,1.2574E-06,0.0208157896995544,0.197942995931953,
,,,1.2576E-06,0.0208157896995544,0.197106175823137,
,,,1.2578E-06,-0.113075435161591,0.196101991692558,
,,,1.258E-06,-0.113075435161591,0.196436719736084,
,,,1.2582E-06,0.0208157896995544,0.196938811801374,
,,,1.2584E-06,0.087761402130127,0.196269355714321,
,,,1.2586E-06,0.087761402130127,0.197106175823137,
,,,1.2588E-06,-0.113075435161591,0.196771447779611,
,,,1.259E-06,-0.0461298227310181,0.196269355714321,
,,,1.2592E-06,0.087761402130127,0.196436719736084,
,,,1.2594E-06,-0.0461298227310181,0.196604083757848,
,,,1.2596E-06,-0.0461298227310181,0.196771447779611,
,,,1.2598E-06,-0.0461298227310181,0.196436719736084,
,,,1.26E-06,0.087761402130127,0.196436719736084,
,,,1.2602E-06,-0.0461298227310181,0.1972735398449,
,,,1.2604E-06,0.0208157896995544,0.196938811801374,
,,,1.2606E-06,0.0208157896995544,0.197440903866664,
,,,1.2608E-06,-0.0461298227310181,0.196938811801374,
,,,1.261E-06,0.087761402130127,0.197440903866664,
,,,1.2612E-06,0.0208157896995544,0.1972735398449,
,,,1.2614E-06,0.0208157896995544,0.1972735398449,
,,,1.2616E-06,0.154707014560699,0.197440903866664,
,,,1.2618E-06,0.0208157896995544,0.1972735398449,
,,,1.262E-06,-0.0461298227310181,0.196604083757848,
,,,1.2622E-06,-0.0461298227310181,0.197440903866664,
,,,1.2624E-06,0.087761402130127,0.197942995931953,
,,,1.2626E-06,-0.0461298227310181,0.197440903866664,
,,,1.2628E-06,0.0208157896995544,0.197106175823137,
,,,1.263E-06,0.0208157896995544,0.1972735398449,
,,,1.2632E-06,0.0208157896995544,0.197106175823137,
,,,1.2634E-06,0.0208157896995544,0.197106175823137,
,,,1.2636E-06,0.0208157896995544,0.197608267888427,
,,,1.2638E-06,0.087761402130127,0.1972735398449,
,,,1.264E-06,0.0208157896995544,0.197608267888427,
,,,1.2642E-06,-0.0461298227310181,0.197440903866664,
,,,1.2644E-06,0.0208157896995544,0.197608267888427,
,,,1.2646E-06,0.087761402130127,0.1972735398449,
,,,1.2648E-06,0.0208157896995544,0.197440903866664,
,,,1.265E-06,-0.0461298227310181,0.196771447779611,
,,,1.2652E-06,0.087761402130127,0.197608267888427,
,,,1.2654E-06,-0.0461298227310181,0.197440903866664,
,,,1.2656E-06,-0.0461298227310181,0.196604083757848,
,,,1.2658E-06,0.087761402130127,0.1972735398449,
,,,1.266E-06,0.0208157896995544,0.197608267888427,
,,,1.2662E-06,-0.0461298227310181,0.196604083757848,
,,,1.2664E-06,0.087761402130127,0.196771447779611,
,,,1.2666E-06,0.0208157896995544,0.19777563191019,
,,,1.2668E-06,0.0208157896995544,0.197608267888427,
,,,1.267E-06,0.087761402130127,0.1972735398449,
,,,1.2672E-06,0.087761402130127,0.197106175823137,
,,,1.2674E-06,0.0208157896995544,0.197440903866664,
,,,1.2676E-06,0.0208157896995544,0.197440903866664,
,,,1.2678E-06,0.0208157896995544,0.197608267888427,
,,,1.268E-06,0.0208157896995544,0.1972735398449,
,,,1.2682E-06,-0.0461298227310181,0.197608267888427,
,,,1.2684E-06,0.0208157896995544,0.1972735398449,
,,,1.2686E-06,0.0208157896995544,0.196269355714321,
,,,1.2688E-06,0.087761402130127,0.196938811801374,
,,,1.269E-06,0.0208157896995544,0.197942995931953,
,,,1.2692E-06,0.087761402130127,0.197440903866664,
,,,1.2694E-06,0.0208157896995544,0.197440903866664,
,,,1.2696E-06,-0.0461298227310181,0.197608267888427,
,,,1.2698E-06,-0.0461298227310181,0.1972735398449,
,,,1.27E-06,0.0208157896995544,0.1972735398449,
,,,1.2702E-06,0.087761402130127,0.198110359953716,
,,,1.2704E-06,0.0208157896995544,0.19777563191019,
,,,1.2706E-06,-0.0461298227310181,0.1972735398449,
,,,1.2708E-06,0.0208157896995544,0.198110359953716,
,,,1.271E-06,0.0208157896995544,0.197608267888427,
,,,1.2712E-06,0.0208157896995544,0.1972735398449,
,,,1.2714E-06,-0.0461298227310181,0.197440903866664,
,,,1.2716E-06,0.0208157896995544,0.197942995931953,
,,,1.2718E-06,-0.0461298227310181,0.197440903866664,
,,,1.272E-06,0.0208157896995544,0.197608267888427,
,,,1.2722E-06,-0.0461298227310181,0.197608267888427,
,,,1.2724E-06,0.0208157896995544,0.196938811801374,
,,,1.2726E-06,-0.0461298227310181,0.197608267888427,
,,,1.2728E-06,0.087761402130127,0.19777563191019,
,,,1.273E-06,0.0208157896995544,0.19777563191019,
,,,1.2732E-06,0.154707014560699,0.197106175823137,
,,,1.2734E-06,0.0208157896995544,0.197942995931953,
,,,1.2736E-06,-0.0461298227310181,0.197608267888427,
,,,1.2738E-06,0.0208157896995544,0.197106175823137,
,,,1.274E-06,-0.0461298227310181,0.197440903866664,
,,,1.2742E-06,-0.0461298227310181,0.198110359953716,
,,,1.2744E-06,0.087761402130127,0.197440903866664,
,,,1.2746E-06,-0.0461298227310181,0.19777563191019,
,,,1.2748E-06,0.0208157896995544,0.197608267888427,
,,,1.275E-06,0.0208157896995544,0.197942995931953,
,,,1.2752E-06,0.154707014560699,0.196269355714321,
,,,1.2754E-06,0.0208157896995544,0.196938811801374,
,,,1.2756E-06,0.0208157896995544,0.197440903866664,
,,,1.2758E-06,-0.0461298227310181,0.197942995931953,
,,,1.276E-06,0.0208157896995544,0.196938811801374,
,,,1.2762E-06,-0.0461298227310181,0.196938811801374,
,,,1.2764E-06,-0.113075435161591,0.197106175823137,
,,,1.2766E-06,0.087761402130127,0.197106175823137,
,,,1.2768E-06,0.087761402130127,0.196604083757848,
,,,1.277E-06,-0.0461298227310181,0.1972735398449,
,,,1.2772E-06,-0.0461298227310181,0.196771447779611,
,,,1.2774E-06,0.0208157896995544,0.197440903866664,
,,,1.2776E-06,0.0208157896995544,0.1972735398449,
,,,1.2778E-06,-0.0461298227310181,0.197106175823137,
,,,1.278E-06,0.087761402130127,0.197608267888427,
,,,1.2782E-06,-0.0461298227310181,0.197608267888427,
,,,1.2784E-06,0.0208157896995544,0.197608267888427,
,,,1.2786E-06,0.0208157896995544,0.1972735398449,
,,,1.2788E-06,-0.0461298227310181,0.197106175823137,
,,,1.279E-06,-0.113075435161591,0.197106175823137,
,,,1.2792E-06,0.087761402130127,0.19777563191019,
,,,1.2794E-06,0.0208157896995544,0.197106175823137,
,,,1.2796E-06,0.087761402130127,0.196771447779611,
,,,1.2798E-06,0.0208157896995544,0.1972735398449,
,,,1.28E-06,0.0208157896995544,0.197440903866664,
,,,1.2802E-06,0.087761402130127,0.196436719736084,
,,,1.2804E-06,0.0208157896995544,0.1972735398449,
,,,1.2806E-06,-0.0461298227310181,0.196101991692558,
,,,1.2808E-06,0.0208157896995544,0.197106175823137,
,,,1.281E-06,-0.0461298227310181,0.196604083757848,
,,,1.2812E-06,0.0208157896995544,0.196771447779611,
,,,1.2814E-06,0.0208157896995544,0.197106175823137,
,,,1.2816E-06,0.087761402130127,0.196938811801374,
,,,1.2818E-06,-0.0461298227310181,0.197942995931953,
,,,1.282E-06,-0.0461298227310181,0.197106175823137,
,,,1.2822E-06,0.0208157896995544,0.196771447779611,
,,,1.2824E-06,0.0208157896995544,0.197106175823137,
,,,1.2826E-06,-0.0461298227310181,0.197440903866664,
,,,1.2828E-06,-0.113075435161591,0.197440903866664,
,,,1.283E-06,0.087761402130127,0.1972735398449,
,,,1.2832E-06,0.087761402130127,0.197106175823137,
,,,1.2834E-06,-0.113075435161591,0.196604083757848,
,,,1.2836E-06,-0.0461298227310181,0.196938811801374,
,,,1.2838E-06,-0.0461298227310181,0.196771447779611,
,,,1.284E-06,0.087761402130127,0.196604083757848,
,,,1.2842E-06,-0.0461298227310181,0.1972735398449,
,,,1.2844E-06,0.0208157896995544,0.197440903866664,
,,,1.2846E-06,0.0208157896995544,0.196771447779611,
,,,1.2848E-06,-0.0461298227310181,0.196771447779611,
,,,1.285E-06,-0.113075435161591,0.196938811801374,
,,,1.2852E-06,0.0208157896995544,0.197106175823137,
,,,1.2854E-06,-0.113075435161591,0.197440903866664,
,,,1.2856E-06,0.0208157896995544,0.196938811801374,
,,,1.2858E-06,0.0208157896995544,0.196771447779611,
,,,1.286E-06,0.087761402130127,0.196771447779611,
,,,1.2862E-06,0.0208157896995544,0.1972735398449,
,,,1.2864E-06,-0.0461298227310181,0.196771447779611,
,,,1.2866E-06,0.0208157896995544,0.196604083757848,
,,,1.2868E-06,-0.0461298227310181,0.196938811801374,
,,,1.287E-06,0.0208157896995544,0.196436719736084,
,,,1.2872E-06,0.0208157896995544,0.19777563191019,
,,,1.2874E-06,0.0208157896995544,0.196604083757848,
,,,1.2876E-06,0.0208157896995544,0.196938811801374,
,,,1.2878E-06,0.0208157896995544,0.1972735398449,
,,,1.288E-06,0.0208157896995544,0.197106175823137,
,,,1.2882E-06,0.0208157896995544,0.196604083757848,
,,,1.2884E-06,0.0208157896995544,0.196604083757848,
,,,1.2886E-06,0.0208157896995544,0.196771447779611,
,,,1.2888E-06,-0.113075435161591,0.197106175823137,
,,,1.289E-06,-0.113075435161591,0.197106175823137,
,,,1.2892E-06,0.0208157896995544,0.197106175823137,
,,,1.2894E-06,0.087761402130127,0.1972735398449,
,,,1.2896E-06,-0.0461298227310181,0.197106175823137,
,,,1.2898E-06,-0.113075435161591,0.196938811801374,
,,,1.29E-06,0.0208157896995544,0.197440903866664,
,,,1.2902E-06,0.0208157896995544,0.197440903866664,
,,,1.2904E-06,0.0208157896995544,0.197106175823137,
,,,1.2906E-06,-0.0461298227310181,0.197608267888427,
,,,1.2908E-06,0.0208157896995544,0.19777563191019,
,,,1.291E-06,-0.0461298227310181,0.197106175823137,
,,,1.2912E-06,-0.0461298227310181,0.197440903866664,
,,,1.2914E-06,-0.0461298227310181,0.197440903866664,
,,,1.2916E-06,-0.0461298227310181,0.196938811801374,
,,,1.2918E-06,-0.113075435161591,0.196771447779611,
,,,1.292E-06,0.0208157896995544,0.196771447779611,
,,,1.2922E-06,0.087761402130127,0.1972735398449,
,,,1.2924E-06,0.0208157896995544,0.196938811801374,
,,,1.2926E-06,0.0208157896995544,0.1972735398449,
,,,1.2928E-06,-0.0461298227310181,0.1972735398449,
,,,1.293E-06,0.087761402130127,0.197106175823137,
,,,1.2932E-06,-0.180021047592163,0.196938811801374,
,,,1.2934E-06,-0.0461298227310181,0.196771447779611,
,,,1.2936E-06,0.0208157896995544,0.1972735398449,
,,,1.2938E-06,-0.113075435161591,0.197608267888427,
,,,1.294E-06,0.0208157896995544,0.197106175823137,
,,,1.2942E-06,0.0208157896995544,0.196938811801374,
,,,1.2944E-06,0.0208157896995544,0.197106175823137,
,,,1.2946E-06,0.0208157896995544,0.1972735398449,
,,,1.2948E-06,0.0208157896995544,0.197106175823137,
,,,1.295E-06,0.0208157896995544,0.197608267888427,
,,,1.2952E-06,0.0208157896995544,0.197440903866664,
,,,1.2954E-06,-0.0461298227310181,0.197440903866664,
,,,1.2956E-06,0.0208157896995544,0.196938811801374,
,,,1.2958E-06,-0.0461298227310181,0.197440903866664,
,,,1.296E-06,0.154707014560699,0.197440903866664,
,,,1.2962E-06,-0.113075435161591,0.196938811801374,
,,,1.2964E-06,-0.0461298227310181,0.197942995931953,
,,,1.2966E-06,0.087761402130127,0.196938811801374,
,,,1.2968E-06,0.087761402130127,0.197608267888427,
,,,1.297E-06,-0.0461298227310181,0.1972735398449,
,,,1.2972E-06,-0.0461298227310181,0.197440903866664,
,,,1.2974E-06,-0.0461298227310181,0.196938811801374,
,,,1.2976E-06,0.0208157896995544,0.197106175823137,
,,,1.2978E-06,-0.0461298227310181,0.196938811801374,
,,,1.298E-06,-0.0461298227310181,0.196938811801374,
,,,1.2982E-06,-0.0461298227310181,0.197106175823137,
,,,1.2984E-06,0.087761402130127,0.196771447779611,
,,,1.2986E-06,0.087761402130127,0.196938811801374,
,,,1.2988E-06,0.154707014560699,0.196771447779611,
,,,1.299E-06,0.0208157896995544,0.197106175823137,
,,,1.2992E-06,-0.0461298227310181,0.196436719736084,
,,,1.2994E-06,0.0208157896995544,0.196771447779611,
,,,1.2996E-06,0.0208157896995544,0.196938811801374,
,,,1.2998E-06,0.0208157896995544,0.197942995931953,
,,,1.3E-06,0.087761402130127,0.197106175823137,
,,,1.3002E-06,-0.0461298227310181,0.196938811801374,
,,,1.3004E-06,0.087761402130127,0.197106175823137,
,,,1.3006E-06,0.087761402130127,0.197942995931953,
,,,1.3008E-06,-0.0461298227310181,0.1972735398449,
,,,1.301E-06,0.0208157896995544,0.196938811801374,
,,,1.3012E-06,-0.0461298227310181,0.197440903866664,
,,,1.3014E-06,-0.113075435161591,0.197440903866664,
,,,1.3016E-06,0.0208157896995544,0.196938811801374,
,,,1.3018E-06,-0.0461298227310181,0.197106175823137,
,,,1.302E-06,-0.113075435161591,0.196938811801374,
,,,1.3022E-06,-0.0461298227310181,0.1972735398449,
,,,1.3024E-06,0.0208157896995544,0.197106175823137,
,,,1.3026E-06,-0.113075435161591,0.196436719736084,
,,,1.3028E-06,0.0208157896995544,0.196436719736084,
,,,1.303E-06,0.0208157896995544,0.196771447779611,
,,,1.3032E-06,0.087761402130127,0.196269355714321,
,,,1.3034E-06,-0.0461298227310181,0.196938811801374,
,,,1.3036E-06,-0.113075435161591,0.197106175823137,
,,,1.3038E-06,0.0208157896995544,0.196771447779611,
,,,1.304E-06,0.0208157896995544,0.196269355714321,
,,,1.3042E-06,0.0208157896995544,0.196938811801374,
,,,1.3044E-06,0.0208157896995544,0.196604083757848,
,,,1.3046E-06,-0.0461298227310181,0.1972735398449,
,,,1.3048E-06,0.0208157896995544,0.196604083757848,
,,,1.305E-06,-0.0461298227310181,0.196604083757848,
,,,1.3052E-06,0.087761402130127,0.196771447779611,
,,,1.3054E-06,0.087761402130127,0.196771447779611,
,,,1.3056E-06,-0.0461298227310181,0.196436719736084,
,,,1.3058E-06,0.0208157896995544,0.196938811801374,
,,,1.306E-06,0.0208157896995544,0.196938811801374,
,,,1.3062E-06,-0.0461298227310181,0.196101991692558,
,,,1.3064E-06,0.0208157896995544,0.196771447779611,
,,,1.3066E-06,0.087761402130127,0.196269355714321,
,,,1.3068E-06,0.0208157896995544,0.195934627670795,
,,,1.307E-06,0.087761402130127,0.196436719736084,
,,,1.3072E-06,0.087761402130127,0.196269355714321,
,,,1.3074E-06,-0.0461298227310181,0.196269355714321,
,,,1.3076E-06,-0.0461298227310181,0.196604083757848,
,,,1.3078E-06,-0.0461298227310181,0.196771447779611,
,,,1.308E-06,0.0208157896995544,0.196269355714321,
,,,1.3082E-06,0.0208157896995544,0.197106175823137,
,,,1.3084E-06,-0.0461298227310181,0.197440903866664,
,,,1.3086E-06,-0.0461298227310181,0.196269355714321,
,,,1.3088E-06,0.087761402130127,0.195767263649032,
,,,1.309E-06,-0.180021047592163,0.195767263649032,
,,,1.3092E-06,-0.113075435161591,0.196604083757848,
,,,1.3094E-06,0.0208157896995544,0.196938811801374,
,,,1.3096E-06,-0.0461298227310181,0.196436719736084,
,,,1.3098E-06,-0.0461298227310181,0.196436719736084,
,,,1.31E-06,0.0208157896995544,0.196101991692558,
,,,1.3102E-06,-0.0461298227310181,0.196604083757848,
,,,1.3104E-06,-0.0461298227310181,0.196771447779611,
,,,1.3106E-06,-0.0461298227310181,0.196604083757848,
,,,1.3108E-06,-0.0461298227310181,0.196604083757848,
,,,1.311E-06,-0.113075435161591,0.196101991692558,
,,,1.3112E-06,0.087761402130127,0.197106175823137,
,,,1.3114E-06,0.0208157896995544,0.197440903866664,
,,,1.3116E-06,0.087761402130127,0.196436719736084,
,,,1.3118E-06,0.0208157896995544,0.196436719736084,
,,,1.312E-06,-0.0461298227310181,0.196604083757848,
,,,1.3122E-06,0.087761402130127,0.196938811801374,
,,,1.3124E-06,0.0208157896995544,0.196269355714321,
,,,1.3126E-06,-0.0461298227310181,0.197106175823137,
,,,1.3128E-06,-0.0461298227310181,0.197440903866664,
,,,1.313E-06,-0.0461298227310181,0.196604083757848,
,,,1.3132E-06,0.0208157896995544,0.196938811801374,
,,,1.3134E-06,0.087761402130127,0.1972735398449,
,,,1.3136E-06,0.087761402130127,0.197942995931953,
,,,1.3138E-06,-0.0461298227310181,0.196938811801374,
,,,1.314E-06,0.0208157896995544,0.197608267888427,
,,,1.3142E-06,0.0208157896995544,0.197608267888427,
,,,1.3144E-06,-0.113075435161591,0.196771447779611,
,,,1.3146E-06,0.0208157896995544,0.197106175823137,
,,,1.3148E-06,0.0208157896995544,0.1972735398449,
,,,1.315E-06,-0.0461298227310181,0.198445087997243,
,,,1.3152E-06,0.0208157896995544,0.196771447779611,
,,,1.3154E-06,-0.0461298227310181,0.197440903866664,
,,,1.3156E-06,0.0208157896995544,0.1972735398449,
,,,1.3158E-06,0.0208157896995544,0.196771447779611,
,,,1.316E-06,0.0208157896995544,0.1972735398449,
,,,1.3162E-06,-0.0461298227310181,0.1972735398449,
,,,1.3164E-06,0.0208157896995544,0.197106175823137,
,,,1.3166E-06,-0.0461298227310181,0.196269355714321,
,,,1.3168E-06,-0.0461298227310181,0.197440903866664,
,,,1.317E-06,-0.0461298227310181,0.197106175823137,
,,,1.3172E-06,0.087761402130127,0.196771447779611,
,,,1.3174E-06,0.0208157896995544,0.1972735398449,
,,,1.3176E-06,-0.0461298227310181,0.19777563191019,
,,,1.3178E-06,0.0208157896995544,0.198110359953716,
,,,1.318E-06,0.154707014560699,0.19777563191019,
,,,1.3182E-06,0.0208157896995544,0.19777563191019,
,,,1.3184E-06,0.0208157896995544,0.1972735398449,
,,,1.3186E-06,0.087761402130127,0.197440903866664,
,,,1.3188E-06,0.087761402130127,0.197440903866664,
,,,1.319E-06,-0.0461298227310181,0.197106175823137,
,,,1.3192E-06,0.0208157896995544,0.1972735398449,
,,,1.3194E-06,-0.0461298227310181,0.196771447779611,
,,,1.3196E-06,0.0208157896995544,0.196604083757848,
,,,1.3198E-06,0.0208157896995544,0.1972735398449,
,,,1.32E-06,0.087761402130127,0.197440903866664,
,,,1.3202E-06,-0.0461298227310181,0.196938811801374,
,,,1.3204E-06,0.087761402130127,0.197106175823137,
,,,1.3206E-06,-0.113075435161591,0.197106175823137,
,,,1.3208E-06,-0.0461298227310181,0.196771447779611,
,,,1.321E-06,0.087761402130127,0.196938811801374,
,,,1.3212E-06,0.0208157896995544,0.197608267888427,
,,,1.3214E-06,-0.0461298227310181,0.197440903866664,
,,,1.3216E-06,0.087761402130127,0.197440903866664,
,,,1.3218E-06,-0.113075435161591,0.197440903866664,
,,,1.322E-06,0.0208157896995544,0.197942995931953,
,,,1.3222E-06,-0.0461298227310181,0.196938811801374,
,,,1.3224E-06,0.0208157896995544,0.1972735398449,
,,,1.3226E-06,-0.0461298227310181,0.197440903866664,
,,,1.3228E-06,0.0208157896995544,0.197106175823137,
,,,1.323E-06,-0.0461298227310181,0.19777563191019,
,,,1.3232E-06,0.0208157896995544,0.197942995931953,
,,,1.3234E-06,0.0208157896995544,0.197608267888427,
,,,1.3236E-06,0.0208157896995544,0.196938811801374,
,,,1.3238E-06,-0.0461298227310181,0.197608267888427,
,,,1.324E-06,0.0208157896995544,0.196269355714321,
,,,1.3242E-06,0.0208157896995544,0.196604083757848,
,,,1.3244E-06,0.087761402130127,0.196938811801374,
,,,1.3246E-06,0.0208157896995544,0.19777563191019,
,,,1.3248E-06,0.087761402130127,0.196938811801374,
,,,1.325E-06,0.0208157896995544,0.196938811801374,
,,,1.3252E-06,-0.113075435161591,0.196604083757848,
,,,1.3254E-06,0.087761402130127,0.197106175823137,
,,,1.3256E-06,-0.0461298227310181,0.196938811801374,
,,,1.3258E-06,-0.113075435161591,0.197106175823137,
,,,1.326E-06,0.087761402130127,0.197106175823137,
,,,1.3262E-06,0.0208157896995544,0.197106175823137,
,,,1.3264E-06,0.0208157896995544,0.196938811801374,
,,,1.3266E-06,0.0208157896995544,0.196604083757848,
,,,1.3268E-06,0.0208157896995544,0.196269355714321,
,,,1.327E-06,0.0208157896995544,0.197440903866664,
,,,1.3272E-06,0.0208157896995544,0.196938811801374,
,,,1.3274E-06,0.0208157896995544,0.196604083757848,
,,,1.3276E-06,0.0208157896995544,0.197440903866664,
,,,1.3278E-06,0.0208157896995544,0.19777563191019,
,,,1.328E-06,0.087761402130127,0.196938811801374,
,,,1.3282E-06,-0.0461298227310181,0.196101991692558,
,,,1.3284E-06,0.087761402130127,0.196938811801374,
,,,1.3286E-06,0.087761402130127,0.197440903866664,
,,,1.3288E-06,0.0208157896995544,0.196436719736084,
,,,1.329E-06,-0.0461298227310181,0.197106175823137,
,,,1.3292E-06,0.0208157896995544,0.19777563191019,
,,,1.3294E-06,-0.0461298227310181,0.197106175823137,
,,,1.3296E-06,0.0208157896995544,0.196436719736084,
,,,1.3298E-06,0.0208157896995544,0.197106175823137,
,,,1.33E-06,0.087761402130127,0.196771447779611,
,,,1.3302E-06,-0.0461298227310181,0.1972735398449,
,,,1.3304E-06,0.087761402130127,0.197106175823137,
,,,1.3306E-06,0.0208157896995544,0.196938811801374,
,,,1.3308E-06,0.154707014560699,0.196604083757848,
,,,1.331E-06,0.0208157896995544,0.197440903866664,
,,,1.3312E-06,0.0208157896995544,0.196938811801374,
,,,1.3314E-06,0.221652626991272,0.196771447779611,
,,,1.3316E-06,0.0208157896995544,0.19777563191019,
,,,1.3318E-06,-0.0461298227310181,0.197608267888427,
,,,1.332E-06,0.0208157896995544,0.197440903866664,
,,,1.3322E-06,-0.0461298227310181,0.197608267888427,
,,,1.3324E-06,0.0208157896995544,0.197440903866664,
,,,1.3326E-06,0.087761402130127,0.197106175823137,
,,,1.3328E-06,0.087761402130127,0.195934627670795,
,,,1.333E-06,0.0208157896995544,0.1972735398449,
,,,1.3332E-06,0.0208157896995544,0.196771447779611,
,,,1.3334E-06,0.0208157896995544,0.196938811801374,
,,,1.3336E-06,0.087761402130127,0.197106175823137,
,,,1.3338E-06,0.0208157896995544,0.1972735398449,
,,,1.334E-06,-0.0461298227310181,0.19777563191019,
,,,1.3342E-06,0.087761402130127,0.1972735398449,
,,,1.3344E-06,0.087761402130127,0.19777563191019,
,,,1.3346E-06,-0.0461298227310181,0.19777563191019,
,,,1.3348E-06,0.087761402130127,0.198110359953716,
,,,1.335E-06,0.087761402130127,0.198445087997243,
,,,1.3352E-06,0.087761402130127,0.198110359953716,
,,,1.3354E-06,-0.0461298227310181,0.19777563191019,
,,,1.3356E-06,0.0208157896995544,0.19777563191019,
,,,1.3358E-06,-0.0461298227310181,0.197942995931953,
,,,1.336E-06,0.0208157896995544,0.197106175823137,
,,,1.3362E-06,-0.113075435161591,0.197440903866664,
,,,1.3364E-06,0.0208157896995544,0.19827772397548,
,,,1.3366E-06,0.0208157896995544,0.197440903866664,
,,,1.3368E-06,-0.0461298227310181,0.197608267888427,
,,,1.337E-06,0.087761402130127,0.197440903866664,
,,,1.3372E-06,0.087761402130127,0.19827772397548,
,,,1.3374E-06,0.0208157896995544,0.197440903866664,
,,,1.3376E-06,0.0208157896995544,0.197608267888427,
,,,1.3378E-06,0.087761402130127,0.197608267888427,
,,,1.338E-06,0.087761402130127,0.197440903866664,
,,,1.3382E-06,0.0208157896995544,0.197608267888427,
,,,1.3384E-06,0.0208157896995544,0.197440903866664,
,,,1.3386E-06,0.0208157896995544,0.198110359953716,
,,,1.3388E-06,0.0208157896995544,0.19777563191019,
,,,1.339E-06,0.087761402130127,0.19827772397548,
,,,1.3392E-06,0.087761402130127,0.197106175823137,
,,,1.3394E-06,-0.0461298227310181,0.198110359953716,
,,,1.3396E-06,0.0208157896995544,0.197608267888427,
,,,1.3398E-06,0.0208157896995544,0.197106175823137,
,,,1.34E-06,0.0208157896995544,0.196604083757848,
,,,1.3402E-06,0.087761402130127,0.197106175823137,
,,,1.3404E-06,0.0208157896995544,0.197440903866664,
,,,1.3406E-06,-0.0461298227310181,0.197608267888427,
,,,1.3408E-06,0.154707014560699,0.196604083757848,
,,,1.341E-06,-0.0461298227310181,0.196938811801374,
,,,1.3412E-06,0.0208157896995544,0.197440903866664,
,,,1.3414E-06,0.087761402130127,0.196269355714321,
,,,1.3416E-06,-0.113075435161591,0.196771447779611,
,,,1.3418E-06,-0.0461298227310181,0.1972735398449,
,,,1.342E-06,0.0208157896995544,0.197106175823137,
,,,1.3422E-06,0.087761402130127,0.196938811801374,
,,,1.3424E-06,0.0208157896995544,0.197608267888427,
,,,1.3426E-06,-0.0461298227310181,0.197942995931953,
,,,1.3428E-06,0.0208157896995544,0.197942995931953,
,,,1.343E-06,0.0208157896995544,0.19827772397548,
,,,1.3432E-06,0.087761402130127,0.198110359953716,
,,,1.3434E-06,0.087761402130127,0.198110359953716,
,,,1.3436E-06,0.154707014560699,0.197942995931953,
,,,1.3438E-06,0.0208157896995544,0.19777563191019,
,,,1.344E-06,0.0208157896995544,0.19777563191019,
,,,1.3442E-06,0.087761402130127,0.197440903866664,
,,,1.3444E-06,-0.113075435161591,0.1972735398449,
,,,1.3446E-06,-0.0461298227310181,0.196771447779611,
,,,1.3448E-06,0.087761402130127,0.197106175823137,
,,,1.345E-06,-0.0461298227310181,0.196938811801374,
,,,1.3452E-06,0.087761402130127,0.197106175823137,
,,,1.3454E-06,0.087761402130127,0.1972735398449,
,,,1.3456E-06,0.154707014560699,0.197106175823137,
,,,1.3458E-06,-0.0461298227310181,0.196604083757848,
,,,1.346E-06,0.0208157896995544,0.196604083757848,
,,,1.3462E-06,0.0208157896995544,0.197608267888427,
,,,1.3464E-06,0.0208157896995544,0.196269355714321,
,,,1.3466E-06,0.0208157896995544,0.196771447779611,
,,,1.3468E-06,-0.113075435161591,0.197608267888427,
,,,1.347E-06,-0.0461298227310181,0.197440903866664,
,,,1.3472E-06,0.087761402130127,0.1972735398449,
,,,1.3474E-06,-0.113075435161591,0.197608267888427,
,,,1.3476E-06,0.0208157896995544,0.197440903866664,
,,,1.3478E-06,-0.0461298227310181,0.1972735398449,
,,,1.348E-06,-0.0461298227310181,0.197440903866664,
,,,1.3482E-06,0.0208157896995544,0.197942995931953,
,,,1.3484E-06,0.087761402130127,0.197106175823137,
,,,1.3486E-06,0.0208157896995544,0.197440903866664,
,,,1.3488E-06,0.0208157896995544,0.197106175823137,
,,,1.349E-06,0.0208157896995544,0.197440903866664,
,,,1.3492E-06,0.0208157896995544,0.197106175823137,
,,,1.3494E-06,-0.0461298227310181,0.197440903866664,
,,,1.3496E-06,0.087761402130127,0.19777563191019,
,,,1.3498E-06,0.0208157896995544,0.197440903866664,
,,,1.35E-06,0.0208157896995544,0.1972735398449,
,,,1.3502E-06,0.0208157896995544,0.196436719736084,
,,,1.3504E-06,0.0208157896995544,0.197608267888427,
,,,1.3506E-06,-0.0461298227310181,0.196604083757848,
,,,1.3508E-06,0.0208157896995544,0.197106175823137,
,,,1.351E-06,0.087761402130127,0.197440903866664,
,,,1.3512E-06,0.087761402130127,0.197440903866664,
,,,1.3514E-06,-0.113075435161591,0.1972735398449,
,,,1.3516E-06,-0.0461298227310181,0.196604083757848,
,,,1.3518E-06,0.0208157896995544,0.1972735398449,
,,,1.352E-06,0.154707014560699,0.197440903866664,
,,,1.3522E-06,0.0208157896995544,0.198110359953716,
,,,1.3524E-06,-0.0461298227310181,0.197106175823137,
,,,1.3526E-06,0.0208157896995544,0.197608267888427,
,,,1.3528E-06,0.0208157896995544,0.197608267888427,
,,,1.353E-06,0.0208157896995544,0.197106175823137,
,,,1.3532E-06,0.0208157896995544,0.197608267888427,
,,,1.3534E-06,0.0208157896995544,0.197942995931953,
,,,1.3536E-06,0.087761402130127,0.1972735398449,
,,,1.3538E-06,-0.0461298227310181,0.196938811801374,
,,,1.354E-06,-0.0461298227310181,0.197106175823137,
,,,1.3542E-06,0.087761402130127,0.196771447779611,
,,,1.3544E-06,0.0208157896995544,0.196771447779611,
,,,1.3546E-06,-0.0461298227310181,0.197106175823137,
,,,1.3548E-06,-0.0461298227310181,0.19777563191019,
,,,1.355E-06,-0.113075435161591,0.196771447779611,
,,,1.3552E-06,-0.0461298227310181,0.197608267888427,
,,,1.3554E-06,0.0208157896995544,0.196604083757848,
,,,1.3556E-06,-0.113075435161591,0.197106175823137,
,,,1.3558E-06,-0.0461298227310181,0.197440903866664,
,,,1.356E-06,0.087761402130127,0.196938811801374,
,,,1.3562E-06,-0.0461298227310181,0.1972735398449,
,,,1.3564E-06,0.087761402130127,0.197106175823137,
,,,1.3566E-06,0.0208157896995544,0.1972735398449,
,,,1.3568E-06,-0.0461298227310181,0.1972735398449,
,,,1.357E-06,0.087761402130127,0.197608267888427,
,,,1.3572E-06,0.0208157896995544,0.19777563191019,
,,,1.3574E-06,-0.0461298227310181,0.196771447779611,
,,,1.3576E-06,0.0208157896995544,0.197440903866664,
,,,1.3578E-06,0.0208157896995544,0.196771447779611,
,,,1.358E-06,0.087761402130127,0.196604083757848,
,,,1.3582E-06,0.0208157896995544,0.1972735398449,
,,,1.3584E-06,0.087761402130127,0.196938811801374,
,,,1.3586E-06,-0.0461298227310181,0.197440903866664,
,,,1.3588E-06,0.0208157896995544,0.196938811801374,
,,,1.359E-06,0.0208157896995544,0.196604083757848,
,,,1.3592E-06,-0.0461298227310181,0.196771447779611,
,,,1.3594E-06,-0.0461298227310181,0.197106175823137,
,,,1.3596E-06,0.0208157896995544,0.196771447779611,
,,,1.3598E-06,0.0208157896995544,0.1972735398449,
,,,1.36E-06,0.0208157896995544,0.198110359953716,
,,,1.3602E-06,-0.0461298227310181,0.196938811801374,
,,,1.3604E-06,-0.0461298227310181,0.197608267888427,
,,,1.3606E-06,0.154707014560699,0.19777563191019,
,,,1.3608E-06,0.087761402130127,0.19827772397548,
,,,1.361E-06,-0.0461298227310181,0.197440903866664,
,,,1.3612E-06,0.087761402130127,0.19777563191019,
,,,1.3614E-06,-0.0461298227310181,0.198445087997243,
,,,1.3616E-06,0.0208157896995544,0.196938811801374,
,,,1.3618E-06,-0.0461298227310181,0.1972735398449,
,,,1.362E-06,0.0208157896995544,0.197608267888427,
,,,1.3622E-06,0.0208157896995544,0.197608267888427,
,,,1.3624E-06,0.087761402130127,0.196938811801374,
,,,1.3626E-06,0.087761402130127,0.196938811801374,
,,,1.3628E-06,0.087761402130127,0.196938811801374,
,,,1.363E-06,0.0208157896995544,0.197440903866664,
,,,1.3632E-06,-0.0461298227310181,0.197106175823137,
,,,1.3634E-06,0.0208157896995544,0.196771447779611,
,,,1.3636E-06,-0.0461298227310181,0.1972735398449,
,,,1.3638E-06,0.0208157896995544,0.197106175823137,
,,,1.364E-06,0.0208157896995544,0.196938811801374,
,,,1.3642E-06,0.0208157896995544,0.196604083757848,
,,,1.3644E-06,-0.0461298227310181,0.19777563191019,
,,,1.3646E-06,-0.0461298227310181,0.196604083757848,
,,,1.3648E-06,0.154707014560699,0.195934627670795,
,,,1.365E-06,-0.0461298227310181,0.1972735398449,
,,,1.3652E-06,0.0208157896995544,0.198110359953716,
,,,1.3654E-06,0.087761402130127,0.196938811801374,
,,,1.3656E-06,0.0208157896995544,0.196771447779611,
,,,1.3658E-06,-0.0461298227310181,0.1972735398449,
,,,1.366E-06,-0.0461298227310181,0.196771447779611,
,,,1.3662E-06,0.0208157896995544,0.196604083757848,
,,,1.3664E-06,0.154707014560699,0.196938811801374,
,,,1.3666E-06,-0.113075435161591,0.195934627670795,
,,,1.3668E-06,0.0208157896995544,0.195934627670795,
,,,1.367E-06,0.087761402130127,0.195599899627268,
,,,1.3672E-06,0.0208157896995544,0.196101991692558,
,,,1.3674E-06,-0.113075435161591,0.196269355714321,
,,,1.3676E-06,0.087761402130127,0.1972735398449,
,,,1.3678E-06,-0.0461298227310181,0.197106175823137,
,,,1.368E-06,-0.0461298227310181,0.196771447779611,
,,,1.3682E-06,-0.113075435161591,0.196771447779611,
,,,1.3684E-06,0.0208157896995544,0.196101991692558,
,,,1.3686E-06,0.0208157896995544,0.196436719736084,
,,,1.3688E-06,0.0208157896995544,0.196938811801374,
,,,1.369E-06,0.0208157896995544,0.1972735398449,
,,,1.3692E-06,0.154707014560699,0.196604083757848,
,,,1.3694E-06,0.087761402130127,0.196771447779611,
,,,1.3696E-06,0.0208157896995544,0.196771447779611,
,,,1.3698E-06,0.0208157896995544,0.196436719736084,
,,,1.37E-06,-0.0461298227310181,0.196436719736084,
,,,1.3702E-06,0.087761402130127,0.196771447779611,
,,,1.3704E-06,0.0208157896995544,0.196771447779611,
,,,1.3706E-06,-0.0461298227310181,0.196771447779611,
,,,1.3708E-06,0.0208157896995544,0.196436719736084,
,,,1.371E-06,0.154707014560699,0.196604083757848,
,,,1.3712E-06,0.087761402130127,0.196269355714321,
,,,1.3714E-06,0.0208157896995544,0.1972735398449,
,,,1.3716E-06,0.0208157896995544,0.196269355714321,
,,,1.3718E-06,0.0208157896995544,0.197440903866664,
,,,1.372E-06,0.0208157896995544,0.197106175823137,
,,,1.3722E-06,0.0208157896995544,0.196938811801374,
,,,1.3724E-06,-0.0461298227310181,0.197608267888427,
,,,1.3726E-06,0.087761402130127,0.196938811801374,
,,,1.3728E-06,0.087761402130127,0.197440903866664,
,,,1.373E-06,-0.0461298227310181,0.197440903866664,
,,,1.3732E-06,-0.0461298227310181,0.197440903866664,
,,,1.3734E-06,0.087761402130127,0.197106175823137,
,,,1.3736E-06,0.0208157896995544,0.196938811801374,
,,,1.3738E-06,-0.0461298227310181,0.19777563191019,
,,,1.374E-06,0.0208157896995544,0.197106175823137,
,,,1.3742E-06,0.0208157896995544,0.196771447779611,
,,,1.3744E-06,-0.0461298227310181,0.1972735398449,
,,,1.3746E-06,-0.113075435161591,0.196938811801374,
,,,1.3748E-06,0.087761402130127,0.1972735398449,
,,,1.375E-06,-0.0461298227310181,0.196938811801374,
,,,1.3752E-06,0.087761402130127,0.197106175823137,
,,,1.3754E-06,0.087761402130127,0.196604083757848,
,,,1.3756E-06,0.087761402130127,0.1972735398449,
,,,1.3758E-06,-0.0461298227310181,0.197106175823137,
,,,1.376E-06,0.087761402130127,0.196604083757848,
,,,1.3762E-06,0.0208157896995544,0.196604083757848,
,,,1.3764E-06,-0.0461298227310181,0.19777563191019,
,,,1.3766E-06,0.087761402130127,0.197440903866664,
,,,1.3768E-06,0.087761402130127,0.196771447779611,
,,,1.377E-06,-0.113075435161591,0.196604083757848,
,,,1.3772E-06,0.0208157896995544,0.19777563191019,
,,,1.3774E-06,0.087761402130127,0.197106175823137,
,,,1.3776E-06,0.087761402130127,0.196604083757848,
,,,1.3778E-06,-0.0461298227310181,0.197106175823137,
,,,1.378E-06,0.087761402130127,0.19777563191019,
,,,1.3782E-06,0.087761402130127,0.197440903866664,
,,,1.3784E-06,-0.0461298227310181,0.197440903866664,
,,,1.3786E-06,-0.0461298227310181,0.197440903866664,
,,,1.3788E-06,0.0208157896995544,0.198110359953716,
,,,1.379E-06,0.087761402130127,0.197440903866664,
,,,1.3792E-06,0.0208157896995544,0.19777563191019,
,,,1.3794E-06,-0.0461298227310181,0.197440903866664,
,,,1.3796E-06,0.0208157896995544,0.19777563191019,
,,,1.3798E-06,0.0208157896995544,0.197440903866664,
,,,1.38E-06,0.0208157896995544,0.197608267888427,
,,,1.3802E-06,-0.0461298227310181,0.196938811801374,
,,,1.3804E-06,0.087761402130127,0.19777563191019,
,,,1.3806E-06,0.0208157896995544,0.197106175823137,
,,,1.3808E-06,0.087761402130127,0.1972735398449,
,,,1.381E-06,0.0208157896995544,0.196604083757848,
,,,1.3812E-06,0.0208157896995544,0.197608267888427,
,,,1.3814E-06,0.0208157896995544,0.1972735398449,
,,,1.3816E-06,0.154707014560699,0.196938811801374,
,,,1.3818E-06,-0.0461298227310181,0.19777563191019,
,,,1.382E-06,0.0208157896995544,0.198110359953716,
,,,1.3822E-06,-0.0461298227310181,0.1972735398449,
,,,1.3824E-06,0.087761402130127,0.196436719736084,
,,,1.3826E-06,0.087761402130127,0.196436719736084,
,,,1.3828E-06,-0.113075435161591,0.1972735398449,
,,,1.383E-06,0.0208157896995544,0.1972735398449,
,,,1.3832E-06,0.0208157896995544,0.196771447779611,
,,,1.3834E-06,-0.113075435161591,0.196771447779611,
,,,1.3836E-06,0.0208157896995544,0.197608267888427,
,,,1.3838E-06,0.0208157896995544,0.196938811801374,
,,,1.384E-06,0.087761402130127,0.196604083757848,
,,,1.3842E-06,0.0208157896995544,0.196436719736084,
,,,1.3844E-06,-0.0461298227310181,0.196604083757848,
,,,1.3846E-06,0.087761402130127,0.196269355714321,
,,,1.3848E-06,-0.0461298227310181,0.196771447779611,
,,,1.385E-06,-0.0461298227310181,0.197106175823137,
,,,1.3852E-06,0.0208157896995544,0.197106175823137,
,,,1.3854E-06,0.0208157896995544,0.197942995931953,
,,,1.3856E-06,0.0208157896995544,0.196604083757848,
,,,1.3858E-06,0.0208157896995544,0.197106175823137,
,,,1.386E-06,0.0208157896995544,0.196938811801374,
,,,1.3862E-06,0.087761402130127,0.196938811801374,
,,,1.3864E-06,0.0208157896995544,0.196938811801374,
,,,1.3866E-06,-0.0461298227310181,0.196604083757848,
,,,1.3868E-06,0.0208157896995544,0.196938811801374,
,,,1.387E-06,-0.0461298227310181,0.197440903866664,
,,,1.3872E-06,-0.113075435161591,0.1972735398449,
,,,1.3874E-06,0.0208157896995544,0.197106175823137,
,,,1.3876E-06,-0.0461298227310181,0.19827772397548,
,,,1.3878E-06,-0.0461298227310181,0.197440903866664,
,,,1.388E-06,0.087761402130127,0.197942995931953,
,,,1.3882E-06,-0.0461298227310181,0.19777563191019,
,,,1.3884E-06,0.087761402130127,0.1972735398449,
,,,1.3886E-06,0.087761402130127,0.196771447779611,
,,,1.3888E-06,-0.0461298227310181,0.1972735398449,
,,,1.389E-06,0.087761402130127,0.197106175823137,
,,,1.3892E-06,0.0208157896995544,0.197106175823137,
,,,1.3894E-06,0.0208157896995544,0.197942995931953,
,,,1.3896E-06,0.087761402130127,0.197106175823137,
,,,1.3898E-06,0.0208157896995544,0.197106175823137,
,,,1.39E-06,0.0208157896995544,0.197608267888427,
,,,1.3902E-06,0.0208157896995544,0.1972735398449,
,,,1.3904E-06,0.0208157896995544,0.19777563191019,
,,,1.3906E-06,0.0208157896995544,0.197942995931953,
,,,1.3908E-06,0.0208157896995544,0.197440903866664,
,,,1.391E-06,0.0208157896995544,0.197106175823137,
,,,1.3912E-06,0.087761402130127,0.197106175823137,
,,,1.3914E-06,-0.0461298227310181,0.197106175823137,
,,,1.3916E-06,-0.113075435161591,0.197942995931953,
,,,1.3918E-06,0.087761402130127,0.198110359953716,
,,,1.392E-06,0.087761402130127,0.197608267888427,
,,,1.3922E-06,-0.0461298227310181,0.19777563191019,
,,,1.3924E-06,0.0208157896995544,0.1972735398449,
,,,1.3926E-06,0.087761402130127,0.198110359953716,
,,,1.3928E-06,0.0208157896995544,0.19777563191019,
,,,1.393E-06,0.0208157896995544,0.197440903866664,
,,,1.3932E-06,-0.0461298227310181,0.19777563191019,
,,,1.3934E-06,-0.113075435161591,0.19777563191019,
,,,1.3936E-06,0.0208157896995544,0.197608267888427,
,,,1.3938E-06,0.0208157896995544,0.198110359953716,
,,,1.394E-06,0.0208157896995544,0.197942995931953,
,,,1.3942E-06,-0.0461298227310181,0.197608267888427,
,,,1.3944E-06,0.087761402130127,0.197608267888427,
,,,1.3946E-06,0.087761402130127,0.197942995931953,
,,,1.3948E-06,0.154707014560699,0.19827772397548,
,,,1.395E-06,0.0208157896995544,0.197608267888427,
,,,1.3952E-06,-0.0461298227310181,0.197942995931953,
,,,1.3954E-06,0.0208157896995544,0.19827772397548,
,,,1.3956E-06,-0.0461298227310181,0.197942995931953,
,,,1.3958E-06,0.0208157896995544,0.1972735398449,
,,,1.396E-06,0.0208157896995544,0.19777563191019,
,,,1.3962E-06,0.0208157896995544,0.197942995931953,
,,,1.3964E-06,-0.0461298227310181,0.197106175823137,
,,,1.3966E-06,0.0208157896995544,0.197608267888427,
,,,1.3968E-06,0.154707014560699,0.197440903866664,
,,,1.397E-06,-0.0461298227310181,0.197440903866664,
,,,1.3972E-06,-0.0461298227310181,0.19777563191019,
,,,1.3974E-06,0.087761402130127,0.19777563191019,
,,,1.3976E-06,-0.113075435161591,0.1972735398449,
,,,1.3978E-06,0.0208157896995544,0.197608267888427,
,,,1.398E-06,0.154707014560699,0.19777563191019,
,,,1.3982E-06,-0.0461298227310181,0.19777563191019,
,,,1.3984E-06,0.087761402130127,0.197942995931953,
,,,1.3986E-06,-0.113075435161591,0.1972735398449,
,,,1.3988E-06,0.0208157896995544,0.1972735398449,
,,,1.399E-06,0.0208157896995544,0.196771447779611,
,,,1.3992E-06,0.0208157896995544,0.196771447779611,
,,,1.3994E-06,-0.0461298227310181,0.1972735398449,
,,,1.3996E-06,-0.0461298227310181,0.197440903866664,
,,,1.3998E-06,-0.0461298227310181,0.196771447779611,
,,,1.4E-06,0.087761402130127,0.197440903866664,
,,,1.4002E-06,-0.0461298227310181,0.196938811801374,
,,,1.4004E-06,0.0208157896995544,0.197106175823137,
,,,1.4006E-06,0.0208157896995544,0.196938811801374,
,,,1.4008E-06,0.087761402130127,0.196771447779611,
,,,1.401E-06,0.0208157896995544,0.196604083757848,
,,,1.4012E-06,0.087761402130127,0.196771447779611,
,,,1.4014E-06,-0.0461298227310181,0.196938811801374,
,,,1.4016E-06,0.0208157896995544,0.197106175823137,
,,,1.4018E-06,0.0208157896995544,0.196771447779611,
,,,1.402E-06,0.0208157896995544,0.196938811801374,
,,,1.4022E-06,-0.0461298227310181,0.197106175823137,
,,,1.4024E-06,0.087761402130127,0.196436719736084,
,,,1.4026E-06,-0.113075435161591,0.196436719736084,
,,,1.4028E-06,0.0208157896995544,0.196436719736084,
,,,1.403E-06,0.0208157896995544,0.196938811801374,
,,,1.4032E-06,0.0208157896995544,0.196436719736084,
,,,1.4034E-06,-0.0461298227310181,0.195934627670795,
,,,1.4036E-06,0.087761402130127,0.196771447779611,
,,,1.4038E-06,-0.0461298227310181,0.196771447779611,
,,,1.404E-06,-0.0461298227310181,0.1972735398449,
,,,1.4042E-06,0.0208157896995544,0.196436719736084,
,,,1.4044E-06,-0.0461298227310181,0.1972735398449,
,,,1.4046E-06,0.087761402130127,0.196938811801374,
,,,1.4048E-06,0.0208157896995544,0.196604083757848,
,,,1.405E-06,-0.0461298227310181,0.196938811801374,
,,,1.4052E-06,0.0208157896995544,0.197106175823137,
,,,1.4054E-06,0.0208157896995544,0.197440903866664,
,,,1.4056E-06,-0.0461298227310181,0.197106175823137,
,,,1.4058E-06,-0.113075435161591,0.196938811801374,
,,,1.406E-06,-0.0461298227310181,0.197608267888427,
,,,1.4062E-06,-0.113075435161591,0.197440903866664,
,,,1.4064E-06,-0.113075435161591,0.197608267888427,
,,,1.4066E-06,0.0208157896995544,0.1972735398449,
,,,1.4068E-06,0.0208157896995544,0.1972735398449,
,,,1.407E-06,-0.0461298227310181,0.19777563191019,
,,,1.4072E-06,0.087761402130127,0.197942995931953,
,,,1.4074E-06,-0.0461298227310181,0.197608267888427,
,,,1.4076E-06,0.087761402130127,0.19827772397548,
,,,1.4078E-06,0.0208157896995544,0.197942995931953,
,,,1.408E-06,0.087761402130127,0.19777563191019,
,,,1.4082E-06,0.154707014560699,0.19777563191019,
,,,1.4084E-06,-0.0461298227310181,0.197440903866664,
,,,1.4086E-06,0.0208157896995544,0.1972735398449,
,,,1.4088E-06,0.0208157896995544,0.198110359953716,
,,,1.409E-06,-0.0461298227310181,0.197106175823137,
,,,1.4092E-06,0.0208157896995544,0.197440903866664,
,,,1.4094E-06,0.0208157896995544,0.197440903866664,
,,,1.4096E-06,0.087761402130127,0.197942995931953,
,,,1.4098E-06,-0.113075435161591,0.197608267888427,
,,,1.41E-06,0.087761402130127,0.197608267888427,
,,,1.4102E-06,0.0208157896995544,0.19827772397548,
,,,1.4104E-06,0.0208157896995544,0.19777563191019,
,,,1.4106E-06,-0.0461298227310181,0.19827772397548,
,,,1.4108E-06,0.0208157896995544,0.19827772397548,
,,,1.411E-06,0.087761402130127,0.198445087997243,
,,,1.4112E-06,0.087761402130127,0.197440903866664,
,,,1.4114E-06,-0.113075435161591,0.197440903866664,
,,,1.4116E-06,-0.0461298227310181,0.198110359953716,
,,,1.4118E-06,0.087761402130127,0.197440903866664,
,,,1.412E-06,0.0208157896995544,0.197942995931953,
,,,1.4122E-06,-0.0461298227310181,0.197942995931953,
,,,1.4124E-06,-0.0461298227310181,0.197608267888427,
,,,1.4126E-06,-0.0461298227310181,0.19827772397548,
,,,1.4128E-06,0.087761402130127,0.197608267888427,
,,,1.413E-06,-0.0461298227310181,0.197608267888427,
,,,1.4132E-06,0.0208157896995544,0.1972735398449,
,,,1.4134E-06,0.0208157896995544,0.19777563191019,
,,,1.4136E-06,0.087761402130127,0.197440903866664,
,,,1.4138E-06,0.0208157896995544,0.196938811801374,
,,,1.414E-06,0.087761402130127,0.197942995931953,
,,,1.4142E-06,-0.0461298227310181,0.197106175823137,
,,,1.4144E-06,-0.0461298227310181,0.197440903866664,
,,,1.4146E-06,0.087761402130127,0.197440903866664,
,,,1.4148E-06,-0.0461298227310181,0.197440903866664,
,,,1.415E-06,-0.0461298227310181,0.197106175823137,
,,,1.4152E-06,0.0208157896995544,0.197106175823137,
,,,1.4154E-06,-0.0461298227310181,0.197440903866664,
,,,1.4156E-06,0.0208157896995544,0.197608267888427,
,,,1.4158E-06,0.0208157896995544,0.197608267888427,
,,,1.416E-06,0.0208157896995544,0.197440903866664,
,,,1.4162E-06,-0.0461298227310181,0.196938811801374,
,,,1.4164E-06,0.0208157896995544,0.197106175823137,
,,,1.4166E-06,0.0208157896995544,0.197440903866664,
,,,1.4168E-06,-0.113075435161591,0.196604083757848,
,,,1.417E-06,0.0208157896995544,0.197440903866664,
,,,1.4172E-06,0.0208157896995544,0.1972735398449,
,,,1.4174E-06,0.0208157896995544,0.196771447779611,
,,,1.4176E-06,0.0208157896995544,0.196604083757848,
,,,1.4178E-06,-0.0461298227310181,0.196771447779611,
,,,1.418E-06,0.0208157896995544,0.197440903866664,
,,,1.4182E-06,0.0208157896995544,0.197440903866664,
,,,1.4184E-06,0.0208157896995544,0.197106175823137,
,,,1.4186E-06,-0.0461298227310181,0.196436719736084,
,,,1.4188E-06,0.087761402130127,0.197106175823137,
,,,1.419E-06,-0.0461298227310181,0.19777563191019,
,,,1.4192E-06,-0.0461298227310181,0.196436719736084,
,,,1.4194E-06,0.0208157896995544,0.196101991692558,
,,,1.4196E-06,0.0208157896995544,0.196771447779611,
,,,1.4198E-06,-0.0461298227310181,0.196771447779611,
,,,1.42E-06,0.087761402130127,0.197608267888427,
,,,1.4202E-06,-0.0461298227310181,0.196436719736084,
,,,1.4204E-06,0.0208157896995544,0.196436719736084,
,,,1.4206E-06,0.0208157896995544,0.197106175823137,
,,,1.4208E-06,0.0208157896995544,0.196436719736084,
,,,1.421E-06,-0.0461298227310181,0.1972735398449,
,,,1.4212E-06,-0.0461298227310181,0.196771447779611,
,,,1.4214E-06,0.087761402130127,0.196938811801374,
,,,1.4216E-06,0.0208157896995544,0.197106175823137,
,,,1.4218E-06,-0.113075435161591,0.196604083757848,
,,,1.422E-06,-0.113075435161591,0.196604083757848,
,,,1.4222E-06,0.0208157896995544,0.196771447779611,
,,,1.4224E-06,0.0208157896995544,0.196771447779611,
,,,1.4226E-06,-0.0461298227310181,0.1972735398449,
,,,1.4228E-06,0.087761402130127,0.1972735398449,
,,,1.423E-06,-0.0461298227310181,0.197106175823137,
,,,1.4232E-06,-0.113075435161591,0.196771447779611,
,,,1.4234E-06,0.0208157896995544,0.197440903866664,
,,,1.4236E-06,-0.0461298227310181,0.197106175823137,
,,,1.4238E-06,0.0208157896995544,0.197440903866664,
,,,1.424E-06,0.0208157896995544,0.19777563191019,
,,,1.4242E-06,-0.0461298227310181,0.19777563191019,
,,,1.4244E-06,-0.113075435161591,0.196938811801374,
,,,1.4246E-06,0.087761402130127,0.197440903866664,
,,,1.4248E-06,0.0208157896995544,0.197608267888427,
,,,1.425E-06,-0.113075435161591,0.197440903866664,
,,,1.4252E-06,0.0208157896995544,0.197942995931953,
,,,1.4254E-06,-0.0461298227310181,0.197608267888427,
,,,1.4256E-06,0.0208157896995544,0.197608267888427,
,,,1.4258E-06,0.0208157896995544,0.197942995931953,
,,,1.426E-06,0.087761402130127,0.197942995931953,
,,,1.4262E-06,-0.0461298227310181,0.197608267888427,
,,,1.4264E-06,0.0208157896995544,0.197942995931953,
,,,1.4266E-06,0.0208157896995544,0.197608267888427,
,,,1.4268E-06,0.087761402130127,0.197608267888427,
,,,1.427E-06,0.0208157896995544,0.19827772397548,
,,,1.4272E-06,0.087761402130127,0.197608267888427,
,,,1.4274E-06,0.087761402130127,0.197608267888427,
,,,1.4276E-06,0.0208157896995544,0.197608267888427,
,,,1.4278E-06,0.0208157896995544,0.19827772397548,
,,,1.428E-06,0.0208157896995544,0.197942995931953,
,,,1.4282E-06,-0.0461298227310181,0.197440903866664,
,,,1.4284E-06,-0.0461298227310181,0.197942995931953,
,,,1.4286E-06,0.0208157896995544,0.199114544084296,
,,,1.4288E-06,0.0208157896995544,0.19827772397548,
,,,1.429E-06,-0.113075435161591,0.198110359953716,
,,,1.4292E-06,0.0208157896995544,0.197942995931953,
,,,1.4294E-06,0.0208157896995544,0.197440903866664,
,,,1.4296E-06,-0.0461298227310181,0.197942995931953,
,,,1.4298E-06,0.0208157896995544,0.198612452019006,
,,,1.43E-06,0.0208157896995544,0.19777563191019,
,,,1.4302E-06,-0.0461298227310181,0.198110359953716,
,,,1.4304E-06,0.087761402130127,0.197608267888427,
,,,1.4306E-06,-0.0461298227310181,0.197106175823137,
,,,1.4308E-06,0.087761402130127,0.198445087997243,
,,,1.431E-06,0.0208157896995544,0.197608267888427,
,,,1.4312E-06,0.0208157896995544,0.197942995931953,
,,,1.4314E-06,-0.0461298227310181,0.198947180062532,
,,,1.4316E-06,0.087761402130127,0.198612452019006,
,,,1.4318E-06,-0.0461298227310181,0.19827772397548,
,,,1.432E-06,-0.0461298227310181,0.198445087997243,
,,,1.4322E-06,-0.0461298227310181,0.197942995931953,
,,,1.4324E-06,-0.0461298227310181,0.19827772397548,
,,,1.4326E-06,0.0208157896995544,0.198612452019006,
,,,1.4328E-06,0.087761402130127,0.198110359953716,
,,,1.433E-06,0.0208157896995544,0.197608267888427,
,,,1.4332E-06,0.087761402130127,0.19827772397548,
,,,1.4334E-06,0.0208157896995544,0.197942995931953,
,,,1.4336E-06,-0.0461298227310181,0.19777563191019,
,,,1.4338E-06,0.087761402130127,0.197942995931953,
,,,1.434E-06,0.0208157896995544,0.1972735398449,
,,,1.4342E-06,0.0208157896995544,0.197942995931953,
,,,1.4344E-06,0.087761402130127,0.197440903866664,
,,,1.4346E-06,-0.0461298227310181,0.19777563191019,
,,,1.4348E-06,-0.0461298227310181,0.196604083757848,
,,,1.435E-06,0.0208157896995544,0.197608267888427,
,,,1.4352E-06,0.0208157896995544,0.197608267888427,
,,,1.4354E-06,-0.0461298227310181,0.196771447779611,
,,,1.4356E-06,-0.0461298227310181,0.197106175823137,
,,,1.4358E-06,0.0208157896995544,0.197440903866664,
,,,1.436E-06,0.0208157896995544,0.196771447779611,
,,,1.4362E-06,0.0208157896995544,0.196604083757848,
,,,1.4364E-06,0.0208157896995544,0.197440903866664,
,,,1.4366E-06,0.0208157896995544,0.19777563191019,
,,,1.4368E-06,0.087761402130127,0.197942995931953,
,,,1.437E-06,0.0208157896995544,0.196938811801374,
,,,1.4372E-06,-0.0461298227310181,0.196269355714321,
,,,1.4374E-06,0.087761402130127,0.196938811801374,
,,,1.4376E-06,-0.0461298227310181,0.196604083757848,
,,,1.4378E-06,-0.0461298227310181,0.196938811801374,
,,,1.438E-06,-0.113075435161591,0.197106175823137,
,,,1.4382E-06,0.0208157896995544,0.196771447779611,
,,,1.4384E-06,-0.0461298227310181,0.196101991692558,
,,,1.4386E-06,-0.0461298227310181,0.197440903866664,
,,,1.4388E-06,0.087761402130127,0.197608267888427,
,,,1.439E-06,-0.113075435161591,0.196938811801374,
,,,1.4392E-06,0.087761402130127,0.197106175823137,
,,,1.4394E-06,0.0208157896995544,0.196771447779611,
,,,1.4396E-06,0.087761402130127,0.196771447779611,
,,,1.4398E-06,0.087761402130127,0.196938811801374,
,,,1.44E-06,0.0208157896995544,0.197106175823137,
,,,1.4402E-06,0.0208157896995544,0.197440903866664,
,,,1.4404E-06,-0.0461298227310181,0.196938811801374,
,,,1.4406E-06,0.087761402130127,0.197106175823137,
,,,1.4408E-06,0.0208157896995544,0.197608267888427,
,,,1.441E-06,0.0208157896995544,0.197608267888427,
,,,1.4412E-06,0.0208157896995544,0.1972735398449,
,,,1.4414E-06,0.0208157896995544,0.197942995931953,
,,,1.4416E-06,0.154707014560699,0.197440903866664,
,,,1.4418E-06,-0.0461298227310181,0.19777563191019,
,,,1.442E-06,0.087761402130127,0.196771447779611,
,,,1.4422E-06,0.0208157896995544,0.19827772397548,
,,,1.4424E-06,-0.0461298227310181,0.1972735398449,
,,,1.4426E-06,-0.0461298227310181,0.197608267888427,
,,,1.4428E-06,0.0208157896995544,0.197440903866664,
,,,1.443E-06,0.0208157896995544,0.198110359953716,
,,,1.4432E-06,0.0208157896995544,0.198110359953716,
,,,1.4434E-06,-0.113075435161591,0.197942995931953,
,,,1.4436E-06,-0.0461298227310181,0.197942995931953,
,,,1.4438E-06,0.087761402130127,0.197942995931953,
,,,1.444E-06,-0.0461298227310181,0.198110359953716,
,,,1.4442E-06,-0.0461298227310181,0.198110359953716,
,,,1.4444E-06,0.0208157896995544,0.198110359953716,
,,,1.4446E-06,-0.0461298227310181,0.19827772397548,
,,,1.4448E-06,0.0208157896995544,0.198779816040769,
,,,1.445E-06,0.0208157896995544,0.197942995931953,
,,,1.4452E-06,-0.0461298227310181,0.198110359953716,
,,,1.4454E-06,-0.0461298227310181,0.199616636149585,
,,,1.4456E-06,0.0208157896995544,0.199114544084296,
,,,1.4458E-06,-0.0461298227310181,0.198110359953716,
,,,1.446E-06,0.087761402130127,0.19827772397548,
,,,1.4462E-06,-0.0461298227310181,0.198612452019006,
,,,1.4464E-06,0.0208157896995544,0.198445087997243,
,,,1.4466E-06,0.087761402130127,0.199114544084296,
,,,1.4468E-06,-0.0461298227310181,0.198947180062532,
,,,1.447E-06,0.087761402130127,0.198779816040769,
,,,1.4472E-06,-0.0461298227310181,0.198779816040769,
,,,1.4474E-06,-0.113075435161591,0.199281908106059,
,,,1.4476E-06,0.0208157896995544,0.199114544084296,
,,,1.4478E-06,0.087761402130127,0.198779816040769,
,,,1.448E-06,0.087761402130127,0.199114544084296,
,,,1.4482E-06,-0.0461298227310181,0.198779816040769,
,,,1.4484E-06,0.0208157896995544,0.19827772397548,
,,,1.4486E-06,0.0208157896995544,0.198947180062532,
,,,1.4488E-06,0.0208157896995544,0.199281908106059,
,,,1.449E-06,-0.0461298227310181,0.198445087997243,
,,,1.4492E-06,0.0208157896995544,0.198445087997243,
,,,1.4494E-06,0.0208157896995544,0.198445087997243,
,,,1.4496E-06,0.0208157896995544,0.199114544084296,
,,,1.4498E-06,-0.0461298227310181,0.19827772397548,
,,,1.45E-06,-0.0461298227310181,0.19827772397548,
,,,1.4502E-06,0.0208157896995544,0.19777563191019,
,,,1.4504E-06,0.0208157896995544,0.198110359953716,
,,,1.4506E-06,-0.113075435161591,0.198445087997243,
,,,1.4508E-06,0.0208157896995544,0.198612452019006,
,,,1.451E-06,-0.0461298227310181,0.197440903866664,
,,,1.4512E-06,-0.0461298227310181,0.198110359953716,
,,,1.4514E-06,-0.113075435161591,0.198110359953716,
,,,1.4516E-06,-0.0461298227310181,0.1972735398449,
,,,1.4518E-06,-0.0461298227310181,0.1972735398449,
,,,1.452E-06,0.087761402130127,0.198110359953716,
,,,1.4522E-06,0.0208157896995544,0.197440903866664,
,,,1.4524E-06,0.087761402130127,0.1972735398449,
,,,1.4526E-06,0.087761402130127,0.1972735398449,
,,,1.4528E-06,-0.0461298227310181,0.197608267888427,
,,,1.453E-06,0.0208157896995544,0.197440903866664,
,,,1.4532E-06,-0.113075435161591,0.1972735398449,
,,,1.4534E-06,0.0208157896995544,0.196938811801374,
,,,1.4536E-06,0.0208157896995544,0.19777563191019,
,,,1.4538E-06,-0.113075435161591,0.197440903866664,
,,,1.454E-06,0.087761402130127,0.196771447779611,
,,,1.4542E-06,0.087761402130127,0.197106175823137,
,,,1.4544E-06,0.0208157896995544,0.1972735398449,
,,,1.4546E-06,-0.0461298227310181,0.196771447779611,
,,,1.4548E-06,0.0208157896995544,0.197106175823137,
,,,1.455E-06,0.087761402130127,0.197106175823137,
,,,1.4552E-06,0.0208157896995544,0.1972735398449,
,,,1.4554E-06,-0.0461298227310181,0.196771447779611,
,,,1.4556E-06,-0.0461298227310181,0.196938811801374,
,,,1.4558E-06,0.0208157896995544,0.196269355714321,
,,,1.456E-06,0.154707014560699,0.196771447779611,
,,,1.4562E-06,-0.113075435161591,0.196938811801374,
,,,1.4564E-06,-0.0461298227310181,0.197440903866664,
,,,1.4566E-06,0.0208157896995544,0.196938811801374,
,,,1.4568E-06,0.0208157896995544,0.196771447779611,
,,,1.457E-06,-0.113075435161591,0.196938811801374,
,,,1.4572E-06,0.0208157896995544,0.196771447779611,
,,,1.4574E-06,-0.0461298227310181,0.196938811801374,
,,,1.4576E-06,0.0208157896995544,0.196938811801374,
,,,1.4578E-06,-0.0461298227310181,0.197440903866664,
,,,1.458E-06,0.0208157896995544,0.197440903866664,
,,,1.4582E-06,0.0208157896995544,0.196938811801374,
,,,1.4584E-06,0.0208157896995544,0.196604083757848,
,,,1.4586E-06,0.087761402130127,0.196771447779611,
,,,1.4588E-06,0.087761402130127,0.196604083757848,
,,,1.459E-06,0.0208157896995544,0.196771447779611,
,,,1.4592E-06,-0.0461298227310181,0.195934627670795,
,,,1.4594E-06,0.0208157896995544,0.196938811801374,
,,,1.4596E-06,-0.0461298227310181,0.197106175823137,
,,,1.4598E-06,0.0208157896995544,0.197106175823137,
,,,1.46E-06,0.0208157896995544,0.197106175823137,
,,,1.4602E-06,-0.0461298227310181,0.196938811801374,
,,,1.4604E-06,0.0208157896995544,0.197106175823137,
,,,1.4606E-06,0.0208157896995544,0.1972735398449,
,,,1.4608E-06,0.087761402130127,0.197608267888427,
,,,1.461E-06,-0.0461298227310181,0.197440903866664,
,,,1.4612E-06,0.087761402130127,0.197942995931953,
,,,1.4614E-06,0.0208157896995544,0.19777563191019,
,,,1.4616E-06,0.0208157896995544,0.196938811801374,
,,,1.4618E-06,0.087761402130127,0.196938811801374,
,,,1.462E-06,0.0208157896995544,0.197608267888427,
,,,1.4622E-06,-0.0461298227310181,0.19827772397548,
,,,1.4624E-06,0.087761402130127,0.198445087997243,
,,,1.4626E-06,-0.0461298227310181,0.198612452019006,
,,,1.4628E-06,-0.0461298227310181,0.19777563191019,
,,,1.463E-06,-0.0461298227310181,0.197608267888427,
,,,1.4632E-06,0.0208157896995544,0.197942995931953,
,,,1.4634E-06,-0.0461298227310181,0.198110359953716,
,,,1.4636E-06,0.0208157896995544,0.19827772397548,
,,,1.4638E-06,-0.0461298227310181,0.19777563191019,
,,,1.464E-06,0.0208157896995544,0.198445087997243,
,,,1.4642E-06,-0.0461298227310181,0.198445087997243,
,,,1.4644E-06,-0.0461298227310181,0.19827772397548,
,,,1.4646E-06,-0.0461298227310181,0.197440903866664,
,,,1.4648E-06,0.0208157896995544,0.198445087997243,
,,,1.465E-06,0.087761402130127,0.198110359953716,
,,,1.4652E-06,0.087761402130127,0.198612452019006,
,,,1.4654E-06,-0.0461298227310181,0.197942995931953,
,,,1.4656E-06,-0.0461298227310181,0.199281908106059,
,,,1.4658E-06,0.087761402130127,0.198779816040769,
,,,1.466E-06,-0.0461298227310181,0.19827772397548,
,,,1.4662E-06,0.0208157896995544,0.19827772397548,
,,,1.4664E-06,0.0208157896995544,0.197942995931953,
,,,1.4666E-06,-0.0461298227310181,0.197942995931953,
,,,1.4668E-06,0.0208157896995544,0.198612452019006,
,,,1.467E-06,0.0208157896995544,0.197942995931953,
,,,1.4672E-06,0.154707014560699,0.19827772397548,
,,,1.4674E-06,-0.0461298227310181,0.198779816040769,
,,,1.4676E-06,0.0208157896995544,0.198612452019006,
,,,1.4678E-06,0.0208157896995544,0.19827772397548,
,,,1.468E-06,0.0208157896995544,0.198110359953716,
,,,1.4682E-06,0.0208157896995544,0.197942995931953,
,,,1.4684E-06,0.0208157896995544,0.19827772397548,
,,,1.4686E-06,0.0208157896995544,0.197942995931953,
,,,1.4688E-06,0.087761402130127,0.198445087997243,
,,,1.469E-06,-0.113075435161591,0.19777563191019,
,,,1.4692E-06,0.0208157896995544,0.198445087997243,
,,,1.4694E-06,0.087761402130127,0.197440903866664,
,,,1.4696E-06,0.087761402130127,0.197106175823137,
,,,1.4698E-06,-0.0461298227310181,0.197440903866664,
,,,1.47E-06,0.087761402130127,0.19777563191019,
,,,1.4702E-06,-0.0461298227310181,0.196771447779611,
,,,1.4704E-06,-0.0461298227310181,0.197106175823137,
,,,1.4706E-06,-0.0461298227310181,0.196938811801374,
,,,1.4708E-06,0.0208157896995544,0.196771447779611,
,,,1.471E-06,-0.0461298227310181,0.196771447779611,
,,,1.4712E-06,0.087761402130127,0.196436719736084,
,,,1.4714E-06,0.0208157896995544,0.196938811801374,
,,,1.4716E-06,0.0208157896995544,0.196101991692558,
,,,1.4718E-06,-0.0461298227310181,0.196938811801374,
,,,1.472E-06,-0.0461298227310181,0.196938811801374,
,,,1.4722E-06,0.0208157896995544,0.196938811801374,
,,,1.4724E-06,-0.0461298227310181,0.196269355714321,
,,,1.4726E-06,0.0208157896995544,0.195599899627268,
,,,1.4728E-06,0.0208157896995544,0.197106175823137,
,,,1.473E-06,0.0208157896995544,0.196436719736084,
,,,1.4732E-06,-0.0461298227310181,0.196938811801374,
,,,1.4734E-06,-0.0461298227310181,0.197106175823137,
,,,1.4736E-06,0.0208157896995544,0.197440903866664,
,,,1.4738E-06,-0.0461298227310181,0.196269355714321,
,,,1.474E-06,0.087761402130127,0.196269355714321,
,,,1.4742E-06,0.0208157896995544,0.196604083757848,
,,,1.4744E-06,-0.0461298227310181,0.196436719736084,
,,,1.4746E-06,0.0208157896995544,0.196938811801374,
,,,1.4748E-06,0.0208157896995544,0.196771447779611,
,,,1.475E-06,0.0208157896995544,0.196604083757848,
,,,1.4752E-06,0.0208157896995544,0.196269355714321,
,,,1.4754E-06,-0.113075435161591,0.196938811801374,
,,,1.4756E-06,-0.0461298227310181,0.196938811801374,
,,,1.4758E-06,0.0208157896995544,0.197106175823137,
,,,1.476E-06,0.0208157896995544,0.196604083757848,
,,,1.4762E-06,-0.0461298227310181,0.196101991692558,
,,,1.4764E-06,0.087761402130127,0.196771447779611,
,,,1.4766E-06,-0.0461298227310181,0.197106175823137,
,,,1.4768E-06,-0.0461298227310181,0.1972735398449,
,,,1.477E-06,0.0208157896995544,0.196938811801374,
,,,1.4772E-06,-0.0461298227310181,0.196938811801374,
,,,1.4774E-06,0.0208157896995544,0.196269355714321,
,,,1.4776E-06,0.087761402130127,0.195934627670795,
,,,1.4778E-06,0.0208157896995544,0.197106175823137,
,,,1.478E-06,0.087761402130127,0.196938811801374,
,,,1.4782E-06,0.0208157896995544,0.196938811801374,
,,,1.4784E-06,-0.180021047592163,0.195934627670795,
,,,1.4786E-06,0.0208157896995544,0.196938811801374,
,,,1.4788E-06,-0.0461298227310181,0.196938811801374,
,,,1.479E-06,0.087761402130127,0.196938811801374,
,,,1.4792E-06,0.087761402130127,0.196436719736084,
,,,1.4794E-06,-0.0461298227310181,0.197440903866664,
,,,1.4796E-06,0.0208157896995544,0.197440903866664,
,,,1.4798E-06,0.0208157896995544,0.196938811801374,
,,,1.48E-06,-0.0461298227310181,0.197106175823137,
,,,1.4802E-06,-0.0461298227310181,0.196938811801374,
,,,1.4804E-06,0.0208157896995544,0.197106175823137,
,,,1.4806E-06,0.0208157896995544,0.197106175823137,
,,,1.4808E-06,-0.0461298227310181,0.196938811801374,
,,,1.481E-06,0.0208157896995544,0.196436719736084,
,,,1.4812E-06,-0.113075435161591,0.197440903866664,
,,,1.4814E-06,0.0208157896995544,0.196938811801374,
,,,1.4816E-06,0.087761402130127,0.1972735398449,
,,,1.4818E-06,-0.180021047592163,0.196771447779611,
,,,1.482E-06,-0.0461298227310181,0.197608267888427,
,,,1.4822E-06,0.087761402130127,0.197942995931953,
,,,1.4824E-06,-0.0461298227310181,0.197608267888427,
,,,1.4826E-06,-0.0461298227310181,0.197608267888427,
,,,1.4828E-06,0.0208157896995544,0.197608267888427,
,,,1.483E-06,-0.0461298227310181,0.197942995931953,
,,,1.4832E-06,0.0208157896995544,0.197106175823137,
,,,1.4834E-06,-0.0461298227310181,0.19777563191019,
,,,1.4836E-06,0.0208157896995544,0.19777563191019,
,,,1.4838E-06,-0.0461298227310181,0.1972735398449,
,,,1.484E-06,0.087761402130127,0.19777563191019,
,,,1.4842E-06,0.087761402130127,0.198445087997243,
,,,1.4844E-06,0.087761402130127,0.197608267888427,
,,,1.4846E-06,0.0208157896995544,0.198110359953716,
,,,1.4848E-06,-0.0461298227310181,0.198110359953716,
,,,1.485E-06,0.0208157896995544,0.197608267888427,
,,,1.4852E-06,-0.113075435161591,0.197440903866664,
,,,1.4854E-06,0.0208157896995544,0.19777563191019,
,,,1.4856E-06,0.087761402130127,0.197440903866664,
,,,1.4858E-06,-0.113075435161591,0.198110359953716,
,,,1.486E-06,-0.0461298227310181,0.198110359953716,
,,,1.4862E-06,-0.0461298227310181,0.197608267888427,
,,,1.4864E-06,0.087761402130127,0.19777563191019,
,,,1.4866E-06,-0.0461298227310181,0.19827772397548,
,,,1.4868E-06,0.0208157896995544,0.19777563191019,
,,,1.487E-06,0.0208157896995544,0.197440903866664,
,,,1.4872E-06,0.0208157896995544,0.197106175823137,
,,,1.4874E-06,-0.0461298227310181,0.19777563191019,
,,,1.4876E-06,-0.0461298227310181,0.197440903866664,
,,,1.4878E-06,0.0208157896995544,0.197440903866664,
,,,1.488E-06,-0.0461298227310181,0.1972735398449,
,,,1.4882E-06,-0.0461298227310181,0.1972735398449,
,,,1.4884E-06,0.0208157896995544,0.1972735398449,
,,,1.4886E-06,0.087761402130127,0.197608267888427,
,,,1.4888E-06,-0.0461298227310181,0.196436719736084,
,,,1.489E-06,-0.0461298227310181,0.196938811801374,
,,,1.4892E-06,0.0208157896995544,0.197440903866664,
,,,1.4894E-06,-0.0461298227310181,0.196604083757848,
,,,1.4896E-06,0.0208157896995544,0.196771447779611,
,,,1.4898E-06,-0.0461298227310181,0.197106175823137,
,,,1.49E-06,-0.0461298227310181,0.196771447779611,
,,,1.4902E-06,0.0208157896995544,0.196771447779611,
,,,1.4904E-06,0.0208157896995544,0.196771447779611,
,,,1.4906E-06,0.0208157896995544,0.196101991692558,
,,,1.4908E-06,0.087761402130127,0.196604083757848,
,,,1.491E-06,0.0208157896995544,0.196436719736084,
,,,1.4912E-06,0.0208157896995544,0.196771447779611,
,,,1.4914E-06,0.0208157896995544,0.196604083757848,
,,,1.4916E-06,-0.113075435161591,0.197106175823137,
,,,1.4918E-06,0.0208157896995544,0.1972735398449,
,,,1.492E-06,0.0208157896995544,0.1972735398449,
,,,1.4922E-06,-0.0461298227310181,0.196771447779611,
,,,1.4924E-06,-0.0461298227310181,0.196938811801374,
,,,1.4926E-06,0.0208157896995544,0.196604083757848,
,,,1.4928E-06,0.0208157896995544,0.196604083757848,
,,,1.493E-06,0.0208157896995544,0.196771447779611,
,,,1.4932E-06,0.0208157896995544,0.196771447779611,
,,,1.4934E-06,0.0208157896995544,0.196436719736084,
,,,1.4936E-06,-0.0461298227310181,0.196604083757848,
,,,1.4938E-06,-0.0461298227310181,0.195934627670795,
,,,1.494E-06,0.0208157896995544,0.196436719736084,
,,,1.4942E-06,0.087761402130127,0.197106175823137,
,,,1.4944E-06,0.0208157896995544,0.196604083757848,
,,,1.4946E-06,-0.113075435161591,0.196771447779611,
,,,1.4948E-06,0.0208157896995544,0.196436719736084,
,,,1.495E-06,0.0208157896995544,0.196604083757848,
,,,1.4952E-06,0.0208157896995544,0.196604083757848,
,,,1.4954E-06,-0.0461298227310181,0.196604083757848,
,,,1.4956E-06,0.0208157896995544,0.196604083757848,
,,,1.4958E-06,-0.0461298227310181,0.196436719736084,
,,,1.496E-06,-0.0461298227310181,0.196269355714321,
,,,1.4962E-06,-0.0461298227310181,0.196771447779611,
,,,1.4964E-06,-0.0461298227310181,0.196938811801374,
,,,1.4966E-06,-0.113075435161591,0.197440903866664,
,,,1.4968E-06,0.087761402130127,0.196938811801374,
,,,1.497E-06,0.0208157896995544,0.196269355714321,
,,,1.4972E-06,0.0208157896995544,0.196604083757848,
,,,1.4974E-06,-0.0461298227310181,0.196101991692558,
,,,1.4976E-06,0.0208157896995544,0.196436719736084,
,,,1.4978E-06,0.087761402130127,0.196771447779611,
,,,1.498E-06,0.0208157896995544,0.196604083757848,
,,,1.4982E-06,0.0208157896995544,0.196269355714321,
,,,1.4984E-06,0.0208157896995544,0.197440903866664,
,,,1.4986E-06,0.0208157896995544,0.196771447779611,
,,,1.4988E-06,-0.113075435161591,0.196604083757848,
,,,1.499E-06,0.0208157896995544,0.197106175823137,
,,,1.4992E-06,0.154707014560699,0.196604083757848,
,,,1.4994E-06,-0.113075435161591,0.197106175823137,
,,,1.4996E-06,0.0208157896995544,0.196436719736084,
,,,1.4998E-06,0.0208157896995544,0.197106175823137,
,,,1.5E-06,0.0208157896995544,0.196436719736084,
,,,1.5002E-06,-0.0461298227310181,0.196771447779611,
,,,1.5004E-06,0.0208157896995544,0.196938811801374,
,,,1.5006E-06,-0.0461298227310181,0.196938811801374,
,,,1.5008E-06,0.0208157896995544,0.196938811801374,
,,,1.501E-06,-0.0461298227310181,0.196771447779611,
,,,1.5012E-06,-0.0461298227310181,0.196938811801374,
,,,1.5014E-06,0.0208157896995544,0.197440903866664,
,,,1.5016E-06,0.0208157896995544,0.196436719736084,
,,,1.5018E-06,0.0208157896995544,0.197106175823137,
,,,1.502E-06,-0.0461298227310181,0.197440903866664,
,,,1.5022E-06,0.0208157896995544,0.196938811801374,
,,,1.5024E-06,0.0208157896995544,0.1972735398449,
,,,1.5026E-06,-0.0461298227310181,0.197106175823137,
,,,1.5028E-06,-0.0461298227310181,0.196771447779611,
,,,1.503E-06,-0.0461298227310181,0.196771447779611,
,,,1.5032E-06,0.0208157896995544,0.196604083757848,
,,,1.5034E-06,0.0208157896995544,0.196938811801374,
,,,1.5036E-06,0.087761402130127,0.197106175823137,
,,,1.5038E-06,0.0208157896995544,0.196938811801374,
,,,1.504E-06,0.0208157896995544,0.196938811801374,
,,,1.5042E-06,0.0208157896995544,0.197440903866664,
,,,1.5044E-06,-0.0461298227310181,0.197106175823137,
,,,1.5046E-06,-0.0461298227310181,0.196938811801374,
,,,1.5048E-06,0.087761402130127,0.196938811801374,
,,,1.505E-06,-0.0461298227310181,0.1972735398449,
,,,1.5052E-06,0.0208157896995544,0.196436719736084,
,,,1.5054E-06,0.087761402130127,0.196938811801374,
,,,1.5056E-06,0.0208157896995544,0.197440903866664,
,,,1.5058E-06,-0.0461298227310181,0.196771447779611,
,,,1.506E-06,0.0208157896995544,0.196771447779611,
,,,1.5062E-06,0.0208157896995544,0.1972735398449,
,,,1.5064E-06,-0.0461298227310181,0.196771447779611,
,,,1.5066E-06,0.0208157896995544,0.197106175823137,
,,,1.5068E-06,0.0208157896995544,0.196938811801374,
,,,1.507E-06,0.0208157896995544,0.198110359953716,
,,,1.5072E-06,0.0208157896995544,0.1972735398449,
,,,1.5074E-06,-0.113075435161591,0.196771447779611,
,,,1.5076E-06,0.0208157896995544,0.1972735398449,
,,,1.5078E-06,0.087761402130127,0.196604083757848,
,,,1.508E-06,0.0208157896995544,0.196269355714321,
,,,1.5082E-06,-0.0461298227310181,0.196938811801374,
,,,1.5084E-06,0.0208157896995544,0.196938811801374,
,,,1.5086E-06,-0.0461298227310181,0.197440903866664,
,,,1.5088E-06,0.0208157896995544,0.196604083757848,
,,,1.509E-06,-0.0461298227310181,0.196101991692558,
,,,1.5092E-06,0.0208157896995544,0.196771447779611,
,,,1.5094E-06,-0.0461298227310181,0.196436719736084,
,,,1.5096E-06,0.087761402130127,0.196436719736084,
,,,1.5098E-06,0.0208157896995544,0.196436719736084,
,,,1.51E-06,0.087761402130127,0.1972735398449,
,,,1.5102E-06,0.0208157896995544,0.196269355714321,
,,,1.5104E-06,0.0208157896995544,0.196436719736084,
,,,1.5106E-06,0.0208157896995544,0.195767263649032,
,,,1.5108E-06,-0.113075435161591,0.196269355714321,
,,,1.511E-06,-0.0461298227310181,0.196101991692558,
,,,1.5112E-06,0.0208157896995544,0.197106175823137,
,,,1.5114E-06,-0.0461298227310181,0.196436719736084,
,,,1.5116E-06,-0.0461298227310181,0.196771447779611,
,,,1.5118E-06,0.0208157896995544,0.196436719736084,
,,,1.512E-06,0.087761402130127,0.196101991692558,
,,,1.5122E-06,-0.180021047592163,0.197106175823137,
,,,1.5124E-06,0.087761402130127,0.196101991692558,
,,,1.5126E-06,0.0208157896995544,0.196436719736084,
,,,1.5128E-06,-0.0461298227310181,0.196101991692558,
,,,1.513E-06,0.0208157896995544,0.196436719736084,
,,,1.5132E-06,0.0208157896995544,0.196269355714321,
,,,1.5134E-06,0.0208157896995544,0.196436719736084,
,,,1.5136E-06,0.087761402130127,0.196436719736084,
,,,1.5138E-06,-0.0461298227310181,0.196269355714321,
,,,1.514E-06,0.0208157896995544,0.196101991692558,
,,,1.5142E-06,0.0208157896995544,0.196938811801374,
,,,1.5144E-06,0.0208157896995544,0.195934627670795,
,,,1.5146E-06,-0.0461298227310181,0.196269355714321,
,,,1.5148E-06,0.087761402130127,0.196269355714321,
,,,1.515E-06,0.0208157896995544,0.196771447779611,
,,,1.5152E-06,-0.0461298227310181,0.197106175823137,
,,,1.5154E-06,-0.0461298227310181,0.196604083757848,
,,,1.5156E-06,0.0208157896995544,0.196938811801374,
,,,1.5158E-06,-0.0461298227310181,0.196436719736084,
,,,1.516E-06,-0.0461298227310181,0.196269355714321,
,,,1.5162E-06,0.0208157896995544,0.197106175823137,
,,,1.5164E-06,0.0208157896995544,0.196604083757848,
,,,1.5166E-06,0.0208157896995544,0.196604083757848,
,,,1.5168E-06,0.0208157896995544,0.196771447779611,
,,,1.517E-06,0.087761402130127,0.196938811801374,
,,,1.5172E-06,0.0208157896995544,0.195934627670795,
,,,1.5174E-06,0.0208157896995544,0.196771447779611,
,,,1.5176E-06,0.0208157896995544,0.197440903866664,
,,,1.5178E-06,0.0208157896995544,0.196938811801374,
,,,1.518E-06,-0.0461298227310181,0.196436719736084,
,,,1.5182E-06,0.087761402130127,0.19827772397548,
,,,1.5184E-06,0.087761402130127,0.197608267888427,
,,,1.5186E-06,0.0208157896995544,0.197440903866664,
,,,1.5188E-06,0.0208157896995544,0.197942995931953,
,,,1.519E-06,-0.0461298227310181,0.197440903866664,
,,,1.5192E-06,-0.0461298227310181,0.197106175823137,
,,,1.5194E-06,0.0208157896995544,0.197608267888427,
,,,1.5196E-06,-0.0461298227310181,0.197608267888427,
,,,1.5198E-06,0.0208157896995544,0.196938811801374,
,,,1.52E-06,0.087761402130127,0.1972735398449,
,,,1.5202E-06,-0.0461298227310181,0.196771447779611,
,,,1.5204E-06,0.0208157896995544,0.197608267888427,
,,,1.5206E-06,0.0208157896995544,0.197440903866664,
,,,1.5208E-06,0.0208157896995544,0.196938811801374,
,,,1.521E-06,-0.0461298227310181,0.196771447779611,
,,,1.5212E-06,0.087761402130127,0.197106175823137,
,,,1.5214E-06,0.0208157896995544,0.196771447779611,
,,,1.5216E-06,-0.0461298227310181,0.197106175823137,
,,,1.5218E-06,0.087761402130127,0.196771447779611,
,,,1.522E-06,0.087761402130127,0.196771447779611,
,,,1.5222E-06,-0.0461298227310181,0.196436719736084,
,,,1.5224E-06,0.0208157896995544,0.196604083757848,
,,,1.5226E-06,0.154707014560699,0.196938811801374,
,,,1.5228E-06,0.087761402130127,0.197440903866664,
,,,1.523E-06,0.0208157896995544,0.196101991692558,
,,,1.5232E-06,0.0208157896995544,0.196436719736084,
,,,1.5234E-06,0.087761402130127,0.197440903866664,
,,,1.5236E-06,-0.0461298227310181,0.197106175823137,
,,,1.5238E-06,0.0208157896995544,0.196771447779611,
,,,1.524E-06,0.0208157896995544,0.197106175823137,
,,,1.5242E-06,0.0208157896995544,0.196604083757848,
,,,1.5244E-06,0.0208157896995544,0.196101991692558,
,,,1.5246E-06,0.0208157896995544,0.196604083757848,
,,,1.5248E-06,0.087761402130127,0.196101991692558,
,,,1.525E-06,-0.0461298227310181,0.196436719736084,
,,,1.5252E-06,0.087761402130127,0.196436719736084,
,,,1.5254E-06,0.0208157896995544,0.196436719736084,
,,,1.5256E-06,0.0208157896995544,0.196101991692558,
,,,1.5258E-06,-0.0461298227310181,0.196771447779611,
,,,1.526E-06,0.0208157896995544,0.196604083757848,
,,,1.5262E-06,0.0208157896995544,0.196938811801374,
,,,1.5264E-06,0.087761402130127,0.196938811801374,
,,,1.5266E-06,-0.0461298227310181,0.196269355714321,
,,,1.5268E-06,-0.0461298227310181,0.196436719736084,
,,,1.527E-06,0.154707014560699,0.197106175823137,
,,,1.5272E-06,0.0208157896995544,0.195767263649032,
,,,1.5274E-06,-0.0461298227310181,0.196436719736084,
,,,1.5276E-06,0.087761402130127,0.196436719736084,
,,,1.5278E-06,-0.0461298227310181,0.196771447779611,
,,,1.528E-06,0.0208157896995544,0.197106175823137,
,,,1.5282E-06,-0.0461298227310181,0.196938811801374,
,,,1.5284E-06,0.0208157896995544,0.196938811801374,
,,,1.5286E-06,-0.0461298227310181,0.196269355714321,
,,,1.5288E-06,0.0208157896995544,0.196604083757848,
,,,1.529E-06,0.0208157896995544,0.196771447779611,
,,,1.5292E-06,0.087761402130127,0.196269355714321,
,,,1.5294E-06,0.0208157896995544,0.196604083757848,
,,,1.5296E-06,0.0208157896995544,0.197106175823137,
,,,1.5298E-06,0.087761402130127,0.196101991692558,
,,,1.53E-06,0.0208157896995544,0.196604083757848,
,,,1.5302E-06,-0.0461298227310181,0.196604083757848,
,,,1.5304E-06,0.0208157896995544,0.196101991692558,
,,,1.5306E-06,0.087761402130127,0.197106175823137,
,,,1.5308E-06,0.0208157896995544,0.196938811801374,
,,,1.531E-06,-0.0461298227310181,0.196938811801374,
,,,1.5312E-06,0.154707014560699,0.197106175823137,
,,,1.5314E-06,0.0208157896995544,0.196938811801374,
,,,1.5316E-06,0.0208157896995544,0.196938811801374,
,,,1.5318E-06,0.0208157896995544,0.197106175823137,
,,,1.532E-06,-0.180021047592163,0.196604083757848,
,,,1.5322E-06,0.0208157896995544,0.196771447779611,
,,,1.5324E-06,0.0208157896995544,0.197106175823137,
,,,1.5326E-06,0.087761402130127,0.1972735398449,
,,,1.5328E-06,0.0208157896995544,0.196771447779611,
,,,1.533E-06,-0.0461298227310181,0.196604083757848,
,,,1.5332E-06,-0.0461298227310181,0.196771447779611,
,,,1.5334E-06,0.087761402130127,0.196771447779611,
,,,1.5336E-06,0.0208157896995544,0.196604083757848,
,,,1.5338E-06,-0.0461298227310181,0.196771447779611,
,,,1.534E-06,-0.0461298227310181,0.197440903866664,
,,,1.5342E-06,-0.0461298227310181,0.196771447779611,
,,,1.5344E-06,0.0208157896995544,0.197106175823137,
,,,1.5346E-06,-0.113075435161591,0.197106175823137,
,,,1.5348E-06,0.0208157896995544,0.196771447779611,
,,,1.535E-06,-0.0461298227310181,0.196771447779611,
,,,1.5352E-06,0.087761402130127,0.197440903866664,
,,,1.5354E-06,0.087761402130127,0.197608267888427,
,,,1.5356E-06,0.0208157896995544,0.196771447779611,
,,,1.5358E-06,0.0208157896995544,0.197440903866664,
,,,1.536E-06,-0.0461298227310181,0.198445087997243,
,,,1.5362E-06,0.0208157896995544,0.1972735398449,
,,,1.5364E-06,0.0208157896995544,0.197440903866664,
,,,1.5366E-06,0.0208157896995544,0.196938811801374,
,,,1.5368E-06,0.087761402130127,0.197608267888427,
,,,1.537E-06,-0.113075435161591,0.1972735398449,
,,,1.5372E-06,0.0208157896995544,0.197608267888427,
,,,1.5374E-06,-0.0461298227310181,0.197106175823137,
,,,1.5376E-06,0.0208157896995544,0.198110359953716,
,,,1.5378E-06,0.0208157896995544,0.197608267888427,
,,,1.538E-06,-0.0461298227310181,0.197440903866664,
,,,1.5382E-06,0.0208157896995544,0.198110359953716,
,,,1.5384E-06,0.0208157896995544,0.196436719736084,
,,,1.5386E-06,0.0208157896995544,0.197440903866664,
,,,1.5388E-06,-0.113075435161591,0.197942995931953,
,,,1.539E-06,-0.0461298227310181,0.197942995931953,
,,,1.5392E-06,0.0208157896995544,0.1972735398449,
,,,1.5394E-06,-0.0461298227310181,0.196604083757848,
,,,1.5396E-06,-0.0461298227310181,0.197608267888427,
,,,1.5398E-06,0.0208157896995544,0.19777563191019,
,,,1.54E-06,0.0208157896995544,0.197106175823137,
,,,1.5402E-06,-0.0461298227310181,0.19777563191019,
,,,1.5404E-06,0.0208157896995544,0.197440903866664,
,,,1.5406E-06,-0.113075435161591,0.197106175823137,
,,,1.5408E-06,0.0208157896995544,0.197440903866664,
,,,1.541E-06,0.0208157896995544,0.197440903866664,
,,,1.5412E-06,0.0208157896995544,0.197106175823137,
,,,1.5414E-06,-0.0461298227310181,0.196771447779611,
,,,1.5416E-06,0.0208157896995544,0.196771447779611,
,,,1.5418E-06,0.0208157896995544,0.19827772397548,
,,,1.542E-06,0.087761402130127,0.19827772397548,
,,,1.5422E-06,0.0208157896995544,0.1972735398449,
,,,1.5424E-06,0.0208157896995544,0.1972735398449,
,,,1.5426E-06,0.087761402130127,0.19777563191019,
,,,1.5428E-06,-0.0461298227310181,0.196938811801374,
,,,1.543E-06,0.087761402130127,0.197106175823137,
,,,1.5432E-06,0.0208157896995544,0.197608267888427,
,,,1.5434E-06,0.0208157896995544,0.197106175823137,
,,,1.5436E-06,-0.0461298227310181,0.197440903866664,
,,,1.5438E-06,-0.0461298227310181,0.19777563191019,
,,,1.544E-06,0.0208157896995544,0.1972735398449,
,,,1.5442E-06,0.0208157896995544,0.197106175823137,
,,,1.5444E-06,0.0208157896995544,0.197608267888427,
,,,1.5446E-06,0.0208157896995544,0.197440903866664,
,,,1.5448E-06,-0.0461298227310181,0.196771447779611,
,,,1.545E-06,0.0208157896995544,0.197106175823137,
,,,1.5452E-06,0.0208157896995544,0.19777563191019,
,,,1.5454E-06,0.087761402130127,0.197106175823137,
,,,1.5456E-06,0.087761402130127,0.196938811801374,
,,,1.5458E-06,-0.113075435161591,0.1972735398449,
,,,1.546E-06,-0.0461298227310181,0.196436719736084,
,,,1.5462E-06,0.0208157896995544,0.196269355714321,
,,,1.5464E-06,0.221652626991272,0.196771447779611,
,,,1.5466E-06,-0.0461298227310181,0.197106175823137,
,,,1.5468E-06,-0.0461298227310181,0.196604083757848,
,,,1.547E-06,-0.0461298227310181,0.196938811801374,
,,,1.5472E-06,-0.0461298227310181,0.196269355714321,
,,,1.5474E-06,-0.0461298227310181,0.196604083757848,
,,,1.5476E-06,-0.0461298227310181,0.195934627670795,
,,,1.5478E-06,0.0208157896995544,0.196604083757848,
,,,1.548E-06,0.087761402130127,0.197106175823137,
,,,1.5482E-06,0.0208157896995544,0.197106175823137,
,,,1.5484E-06,0.087761402130127,0.196771447779611,
,,,1.5486E-06,0.0208157896995544,0.196938811801374,
,,,1.5488E-06,-0.0461298227310181,0.197106175823137,
,,,1.549E-06,0.087761402130127,0.196604083757848,
,,,1.5492E-06,-0.0461298227310181,0.197106175823137,
,,,1.5494E-06,0.0208157896995544,0.1972735398449,
,,,1.5496E-06,0.0208157896995544,0.196938811801374,
,,,1.5498E-06,-0.113075435161591,0.196771447779611,
,,,1.55E-06,0.0208157896995544,0.197440903866664,
,,,1.5502E-06,0.0208157896995544,0.197440903866664,
,,,1.5504E-06,-0.0461298227310181,0.197106175823137,
,,,1.5506E-06,-0.0461298227310181,0.1972735398449,
,,,1.5508E-06,0.0208157896995544,0.197106175823137,
,,,1.551E-06,-0.113075435161591,0.197106175823137,
,,,1.5512E-06,-0.0461298227310181,0.196938811801374,
,,,1.5514E-06,-0.0461298227310181,0.196938811801374,
,,,1.5516E-06,-0.113075435161591,0.198110359953716,
,,,1.5518E-06,0.0208157896995544,0.197440903866664,
,,,1.552E-06,0.0208157896995544,0.197608267888427,
,,,1.5522E-06,-0.0461298227310181,0.197608267888427,
,,,1.5524E-06,0.0208157896995544,0.197440903866664,
,,,1.5526E-06,0.0208157896995544,0.197106175823137,
,,,1.5528E-06,0.0208157896995544,0.197440903866664,
,,,1.553E-06,-0.0461298227310181,0.197440903866664,
,,,1.5532E-06,0.0208157896995544,0.19777563191019,
,,,1.5534E-06,0.0208157896995544,0.197440903866664,
,,,1.5536E-06,-0.0461298227310181,0.196938811801374,
,,,1.5538E-06,0.087761402130127,0.197106175823137,
,,,1.554E-06,-0.0461298227310181,0.1972735398449,
,,,1.5542E-06,-0.0461298227310181,0.1972735398449,
,,,1.5544E-06,0.087761402130127,0.1972735398449,
,,,1.5546E-06,0.0208157896995544,0.197942995931953,
,,,1.5548E-06,0.087761402130127,0.196938811801374,
,,,1.555E-06,0.0208157896995544,0.19777563191019,
,,,1.5552E-06,-0.0461298227310181,0.197106175823137,
,,,1.5554E-06,0.087761402130127,0.197608267888427,
,,,1.5556E-06,0.0208157896995544,0.196938811801374,
,,,1.5558E-06,0.0208157896995544,0.197608267888427,
,,,1.556E-06,-0.0461298227310181,0.19827772397548,
,,,1.5562E-06,0.0208157896995544,0.19827772397548,
,,,1.5564E-06,-0.0461298227310181,0.197106175823137,
,,,1.5566E-06,0.0208157896995544,0.198612452019006,
,,,1.5568E-06,0.0208157896995544,0.19777563191019,
,,,1.557E-06,0.0208157896995544,0.19827772397548,
,,,1.5572E-06,0.087761402130127,0.19777563191019,
,,,1.5574E-06,-0.113075435161591,0.19827772397548,
,,,1.5576E-06,-0.0461298227310181,0.1972735398449,
,,,1.5578E-06,-0.0461298227310181,0.197608267888427,
,,,1.558E-06,-0.0461298227310181,0.19777563191019,
,,,1.5582E-06,0.0208157896995544,0.19777563191019,
,,,1.5584E-06,0.087761402130127,0.197608267888427,
,,,1.5586E-06,-0.113075435161591,0.197440903866664,
,,,1.5588E-06,0.154707014560699,0.197106175823137,
,,,1.559E-06,0.0208157896995544,0.197440903866664,
,,,1.5592E-06,0.0208157896995544,0.1972735398449,
,,,1.5594E-06,-0.113075435161591,0.196771447779611,
,,,1.5596E-06,0.0208157896995544,0.19777563191019,
,,,1.5598E-06,-0.0461298227310181,0.1972735398449,
,,,1.56E-06,-0.0461298227310181,0.197440903866664,
,,,1.5602E-06,0.0208157896995544,0.197106175823137,
,,,1.5604E-06,-0.0461298227310181,0.196938811801374,
,,,1.5606E-06,-0.0461298227310181,0.196938811801374,
,,,1.5608E-06,0.0208157896995544,0.197440903866664,
,,,1.561E-06,-0.0461298227310181,0.1972735398449,
,,,1.5612E-06,0.087761402130127,0.197440903866664,
,,,1.5614E-06,0.0208157896995544,0.1972735398449,
,,,1.5616E-06,-0.0461298227310181,0.196938811801374,
,,,1.5618E-06,-0.0461298227310181,0.197106175823137,
,,,1.562E-06,0.0208157896995544,0.196771447779611,
,,,1.5622E-06,-0.0461298227310181,0.196938811801374,
,,,1.5624E-06,0.0208157896995544,0.196604083757848,
,,,1.5626E-06,-0.0461298227310181,0.196101991692558,
,,,1.5628E-06,0.0208157896995544,0.197608267888427,
,,,1.563E-06,0.087761402130127,0.1972735398449,
,,,1.5632E-06,0.087761402130127,0.196938811801374,
,,,1.5634E-06,-0.0461298227310181,0.196604083757848,
,,,1.5636E-06,0.0208157896995544,0.196604083757848,
,,,1.5638E-06,-0.0461298227310181,0.196604083757848,
,,,1.564E-06,-0.0461298227310181,0.197106175823137,
,,,1.5642E-06,0.0208157896995544,0.197106175823137,
,,,1.5644E-06,0.0208157896995544,0.196269355714321,
,,,1.5646E-06,0.0208157896995544,0.196771447779611,
,,,1.5648E-06,0.087761402130127,0.197106175823137,
,,,1.565E-06,-0.113075435161591,0.196101991692558,
,,,1.5652E-06,-0.0461298227310181,0.196101991692558,
,,,1.5654E-06,0.0208157896995544,0.197106175823137,
,,,1.5656E-06,0.0208157896995544,0.197440903866664,
,,,1.5658E-06,-0.113075435161591,0.196604083757848,
,,,1.566E-06,-0.0461298227310181,0.1972735398449,
,,,1.5662E-06,-0.0461298227310181,0.197106175823137,
,,,1.5664E-06,0.0208157896995544,0.196771447779611,
,,,1.5666E-06,-0.0461298227310181,0.196938811801374,
,,,1.5668E-06,0.0208157896995544,0.196938811801374,
,,,1.567E-06,0.0208157896995544,0.196938811801374,
,,,1.5672E-06,0.0208157896995544,0.197440903866664,
,,,1.5674E-06,0.087761402130127,0.196436719736084,
,,,1.5676E-06,0.087761402130127,0.196771447779611,
,,,1.5678E-06,0.0208157896995544,0.196938811801374,
,,,1.568E-06,0.0208157896995544,0.196604083757848,
,,,1.5682E-06,0.087761402130127,0.197608267888427,
,,,1.5684E-06,0.0208157896995544,0.196604083757848,
,,,1.5686E-06,0.0208157896995544,0.196938811801374,
,,,1.5688E-06,0.0208157896995544,0.1972735398449,
,,,1.569E-06,-0.0461298227310181,0.197440903866664,
,,,1.5692E-06,0.0208157896995544,0.196938811801374,
,,,1.5694E-06,-0.0461298227310181,0.196771447779611,
,,,1.5696E-06,0.087761402130127,0.197106175823137,
,,,1.5698E-06,-0.0461298227310181,0.196771447779611,
,,,1.57E-06,0.154707014560699,0.197106175823137,
,,,1.5702E-06,0.0208157896995544,0.197608267888427,
,,,1.5704E-06,-0.0461298227310181,0.197608267888427,
,,,1.5706E-06,-0.0461298227310181,0.196604083757848,
,,,1.5708E-06,-0.113075435161591,0.198110359953716,
,,,1.571E-06,0.087761402130127,0.197440903866664,
,,,1.5712E-06,0.087761402130127,0.19777563191019,
,,,1.5714E-06,-0.0461298227310181,0.196604083757848,
,,,1.5716E-06,0.0208157896995544,0.19777563191019,
,,,1.5718E-06,0.0208157896995544,0.197440903866664,
,,,1.572E-06,0.0208157896995544,0.197608267888427,
,,,1.5722E-06,-0.0461298227310181,0.198110359953716,
,,,1.5724E-06,0.087761402130127,0.198445087997243,
,,,1.5726E-06,-0.0461298227310181,0.197440903866664,
,,,1.5728E-06,-0.0461298227310181,0.197608267888427,
,,,1.573E-06,0.0208157896995544,0.197942995931953,
,,,1.5732E-06,0.0208157896995544,0.197608267888427,
,,,1.5734E-06,-0.0461298227310181,0.196771447779611,
,,,1.5736E-06,0.087761402130127,0.19777563191019,
,,,1.5738E-06,0.087761402130127,0.197440903866664,
,,,1.574E-06,0.087761402130127,0.1972735398449,
,,,1.5742E-06,-0.0461298227310181,0.197440903866664,
,,,1.5744E-06,-0.0461298227310181,0.19777563191019,
,,,1.5746E-06,0.087761402130127,0.1972735398449,
,,,1.5748E-06,-0.0461298227310181,0.19777563191019,
,,,1.575E-06,0.087761402130127,0.197608267888427,
,,,1.5752E-06,0.0208157896995544,0.198110359953716,
,,,1.5754E-06,-0.0461298227310181,0.19827772397548,
,,,1.5756E-06,0.0208157896995544,0.19777563191019,
,,,1.5758E-06,0.0208157896995544,0.197608267888427,
,,,1.576E-06,0.087761402130127,0.197608267888427,
,,,1.5762E-06,-0.0461298227310181,0.197942995931953,
,,,1.5764E-06,0.087761402130127,0.197106175823137,
,,,1.5766E-06,-0.0461298227310181,0.198110359953716,
,,,1.5768E-06,0.0208157896995544,0.196938811801374,
,,,1.577E-06,0.087761402130127,0.196938811801374,
,,,1.5772E-06,0.0208157896995544,0.197608267888427,
,,,1.5774E-06,-0.0461298227310181,0.197942995931953,
,,,1.5776E-06,0.087761402130127,0.196604083757848,
,,,1.5778E-06,-0.0461298227310181,0.1972735398449,
,,,1.578E-06,0.0208157896995544,0.197942995931953,
,,,1.5782E-06,0.0208157896995544,0.197440903866664,
,,,1.5784E-06,0.0208157896995544,0.197106175823137,
,,,1.5786E-06,-0.0461298227310181,0.19777563191019,
,,,1.5788E-06,0.087761402130127,0.197106175823137,
,,,1.579E-06,0.0208157896995544,0.197440903866664,
,,,1.5792E-06,-0.0461298227310181,0.197608267888427,
,,,1.5794E-06,-0.113075435161591,0.196604083757848,
,,,1.5796E-06,0.0208157896995544,0.196604083757848,
,,,1.5798E-06,-0.0461298227310181,0.196938811801374,
,,,1.58E-06,0.0208157896995544,0.1972735398449,
,,,1.5802E-06,-0.0461298227310181,0.197608267888427,
,,,1.5804E-06,0.087761402130127,0.196269355714321,
,,,1.5806E-06,0.0208157896995544,0.196604083757848,
,,,1.5808E-06,-0.0461298227310181,0.197106175823137,
,,,1.581E-06,0.087761402130127,0.196938811801374,
,,,1.5812E-06,0.0208157896995544,0.196604083757848,
,,,1.5814E-06,-0.0461298227310181,0.196771447779611,
,,,1.5816E-06,0.0208157896995544,0.196771447779611,
,,,1.5818E-06,-0.0461298227310181,0.197106175823137,
,,,1.582E-06,0.0208157896995544,0.196269355714321,
,,,1.5822E-06,0.0208157896995544,0.196938811801374,
,,,1.5824E-06,0.087761402130127,0.197608267888427,
,,,1.5826E-06,0.0208157896995544,0.197106175823137,
,,,1.5828E-06,0.0208157896995544,0.196604083757848,
,,,1.583E-06,0.087761402130127,0.196771447779611,
,,,1.5832E-06,-0.0461298227310181,0.196269355714321,
,,,1.5834E-06,0.0208157896995544,0.196771447779611,
,,,1.5836E-06,0.0208157896995544,0.197106175823137,
,,,1.5838E-06,0.0208157896995544,0.1972735398449,
,,,1.584E-06,0.087761402130127,0.196604083757848,
,,,1.5842E-06,-0.180021047592163,0.196771447779611,
,,,1.5844E-06,-0.0461298227310181,0.19777563191019,
,,,1.5846E-06,0.087761402130127,0.19777563191019,
,,,1.5848E-06,0.0208157896995544,0.197608267888427,
,,,1.585E-06,0.0208157896995544,0.196604083757848,
,,,1.5852E-06,0.0208157896995544,0.198110359953716,
,,,1.5854E-06,0.0208157896995544,0.197106175823137,
,,,1.5856E-06,-0.0461298227310181,0.196771447779611,
,,,1.5858E-06,-0.113075435161591,0.19777563191019,
,,,1.586E-06,-0.0461298227310181,0.198110359953716,
,,,1.5862E-06,-0.0461298227310181,0.196938811801374,
,,,1.5864E-06,0.087761402130127,0.197608267888427,
,,,1.5866E-06,0.0208157896995544,0.197608267888427,
,,,1.5868E-06,0.0208157896995544,0.197106175823137,
,,,1.587E-06,0.0208157896995544,0.197106175823137,
,,,1.5872E-06,0.0208157896995544,0.197106175823137,
,,,1.5874E-06,0.0208157896995544,0.197440903866664,
,,,1.5876E-06,-0.0461298227310181,0.198110359953716,
,,,1.5878E-06,0.0208157896995544,0.197942995931953,
,,,1.588E-06,0.0208157896995544,0.197440903866664,
,,,1.5882E-06,0.0208157896995544,0.19777563191019,
,,,1.5884E-06,0.087761402130127,0.197440903866664,
,,,1.5886E-06,0.0208157896995544,0.198110359953716,
,,,1.5888E-06,0.0208157896995544,0.19777563191019,
,,,1.589E-06,-0.0461298227310181,0.19777563191019,
,,,1.5892E-06,0.087761402130127,0.1972735398449,
,,,1.5894E-06,0.0208157896995544,0.1972735398449,
,,,1.5896E-06,-0.113075435161591,0.197106175823137,
,,,1.5898E-06,-0.0461298227310181,0.197942995931953,
,,,1.59E-06,-0.0461298227310181,0.1972735398449,
,,,1.5902E-06,0.087761402130127,0.198110359953716,
,,,1.5904E-06,-0.0461298227310181,0.197942995931953,
,,,1.5906E-06,-0.0461298227310181,0.19777563191019,
,,,1.5908E-06,0.0208157896995544,0.197942995931953,
,,,1.591E-06,0.0208157896995544,0.197440903866664,
,,,1.5912E-06,0.0208157896995544,0.19777563191019,
,,,1.5914E-06,-0.0461298227310181,0.196938811801374,
,,,1.5916E-06,0.0208157896995544,0.197106175823137,
,,,1.5918E-06,-0.0461298227310181,0.197608267888427,
,,,1.592E-06,0.0208157896995544,0.197440903866664,
,,,1.5922E-06,-0.113075435161591,0.197608267888427,
,,,1.5924E-06,0.087761402130127,0.198110359953716,
,,,1.5926E-06,0.0208157896995544,0.1972735398449,
,,,1.5928E-06,0.0208157896995544,0.197440903866664,
,,,1.593E-06,-0.0461298227310181,0.197942995931953,
,,,1.5932E-06,0.154707014560699,0.196436719736084,
,,,1.5934E-06,0.087761402130127,0.19777563191019,
,,,1.5936E-06,-0.0461298227310181,0.197440903866664,
,,,1.5938E-06,0.0208157896995544,0.197608267888427,
,,,1.594E-06,0.0208157896995544,0.196938811801374,
,,,1.5942E-06,-0.113075435161591,0.197608267888427,
,,,1.5944E-06,0.0208157896995544,0.197608267888427,
,,,1.5946E-06,0.087761402130127,0.197106175823137,
,,,1.5948E-06,0.0208157896995544,0.197440903866664,
,,,1.595E-06,0.0208157896995544,0.19827772397548,
,,,1.5952E-06,0.087761402130127,0.197106175823137,
,,,1.5954E-06,0.0208157896995544,0.19777563191019,
,,,1.5956E-06,0.087761402130127,0.198110359953716,
,,,1.5958E-06,0.0208157896995544,0.197106175823137,
,,,1.596E-06,-0.0461298227310181,0.197106175823137,
,,,1.5962E-06,-0.0461298227310181,0.197106175823137,
,,,1.5964E-06,0.0208157896995544,0.19777563191019,
,,,1.5966E-06,0.087761402130127,0.1972735398449,
,,,1.5968E-06,0.0208157896995544,0.197608267888427,
,,,1.597E-06,-0.0461298227310181,0.19777563191019,
,,,1.5972E-06,0.0208157896995544,0.197608267888427,
,,,1.5974E-06,0.087761402130127,0.19777563191019,
,,,1.5976E-06,-0.0461298227310181,0.197440903866664,
,,,1.5978E-06,-0.0461298227310181,0.197440903866664,
,,,1.598E-06,0.0208157896995544,0.196938811801374,
,,,1.5982E-06,-0.0461298227310181,0.197942995931953,
,,,1.5984E-06,-0.0461298227310181,0.197608267888427,
,,,1.5986E-06,-0.0461298227310181,0.197106175823137,
,,,1.5988E-06,0.0208157896995544,0.197608267888427,
,,,1.599E-06,0.0208157896995544,0.196771447779611,
,,,1.5992E-06,0.0208157896995544,0.196938811801374,
,,,1.5994E-06,0.0208157896995544,0.197106175823137,
,,,1.5996E-06,0.087761402130127,0.198110359953716,
,,,1.5998E-06,-0.0461298227310181,0.197440903866664,
,,,1.6E-06,-0.0461298227310181,0.196436719736084,
,,,1.6002E-06,0.087761402130127,0.1972735398449,
,,,1.6004E-06,0.087761402130127,0.197608267888427,
,,,1.6006E-06,-0.0461298227310181,0.1972735398449,
,,,1.6008E-06,0.0208157896995544,0.196938811801374,
,,,1.601E-06,-0.0461298227310181,0.197942995931953,
,,,1.6012E-06,0.0208157896995544,0.197440903866664,
,,,1.6014E-06,0.087761402130127,0.197106175823137,
,,,1.6016E-06,0.154707014560699,0.1972735398449,
,,,1.6018E-06,-0.0461298227310181,0.197440903866664,
,,,1.602E-06,-0.0461298227310181,0.197942995931953,
,,,1.6022E-06,0.0208157896995544,0.197608267888427,
,,,1.6024E-06,0.0208157896995544,0.1972735398449,
,,,1.6026E-06,-0.0461298227310181,0.1972735398449,
,,,1.6028E-06,0.0208157896995544,0.197608267888427,
,,,1.603E-06,0.0208157896995544,0.197608267888427,
,,,1.6032E-06,-0.0461298227310181,0.197608267888427,
,,,1.6034E-06,-0.0461298227310181,0.1972735398449,
,,,1.6036E-06,-0.0461298227310181,0.197942995931953,
,,,1.6038E-06,0.0208157896995544,0.197106175823137,
,,,1.604E-06,0.0208157896995544,0.197106175823137,
,,,1.6042E-06,-0.0461298227310181,0.196938811801374,
,,,1.6044E-06,0.0208157896995544,0.197106175823137,
,,,1.6046E-06,-0.0461298227310181,0.197440903866664,
,,,1.6048E-06,-0.0461298227310181,0.197608267888427,
,,,1.605E-06,0.0208157896995544,0.197608267888427,
,,,1.6052E-06,0.0208157896995544,0.197440903866664,
,,,1.6054E-06,-0.0461298227310181,0.19777563191019,
,,,1.6056E-06,0.0208157896995544,0.196604083757848,
,,,1.6058E-06,-0.0461298227310181,0.197106175823137,
,,,1.606E-06,0.087761402130127,0.197440903866664,
,,,1.6062E-06,0.0208157896995544,0.197440903866664,
,,,1.6064E-06,0.0208157896995544,0.1972735398449,
,,,1.6066E-06,0.087761402130127,0.19827772397548,
,,,1.6068E-06,-0.113075435161591,0.19777563191019,
,,,1.607E-06,0.087761402130127,0.197942995931953,
,,,1.6072E-06,-0.0461298227310181,0.198612452019006,
,,,1.6074E-06,-0.0461298227310181,0.197942995931953,
,,,1.6076E-06,0.0208157896995544,0.197608267888427,
,,,1.6078E-06,-0.0461298227310181,0.197440903866664,
,,,1.608E-06,0.0208157896995544,0.197608267888427,
,,,1.6082E-06,-0.0461298227310181,0.197942995931953,
,,,1.6084E-06,0.0208157896995544,0.1972735398449,
,,,1.6086E-06,-0.0461298227310181,0.19777563191019,
,,,1.6088E-06,-0.113075435161591,0.197608267888427,
,,,1.609E-06,0.0208157896995544,0.1972735398449,
,,,1.6092E-06,-0.113075435161591,0.19777563191019,
,,,1.6094E-06,-0.0461298227310181,0.197608267888427,
,,,1.6096E-06,0.0208157896995544,0.197608267888427,
,,,1.6098E-06,-0.180021047592163,0.19777563191019,
,,,1.61E-06,-0.0461298227310181,0.197440903866664,
,,,1.6102E-06,0.087761402130127,0.197106175823137,
,,,1.6104E-06,0.0208157896995544,0.197440903866664,
,,,1.6106E-06,-0.113075435161591,0.19827772397548,
,,,1.6108E-06,0.0208157896995544,0.197608267888427,
,,,1.611E-06,-0.0461298227310181,0.197608267888427,
,,,1.6112E-06,0.0208157896995544,0.1972735398449,
,,,1.6114E-06,-0.0461298227310181,0.197942995931953,
,,,1.6116E-06,0.0208157896995544,0.1972735398449,
,,,1.6118E-06,-0.113075435161591,0.1972735398449,
,,,1.612E-06,-0.0461298227310181,0.197106175823137,
,,,1.6122E-06,0.0208157896995544,0.197440903866664,
,,,1.6124E-06,0.154707014560699,0.196938811801374,
,,,1.6126E-06,0.0208157896995544,0.197440903866664,
,,,1.6128E-06,-0.0461298227310181,0.197440903866664,
,,,1.613E-06,0.0208157896995544,0.197440903866664,
,,,1.6132E-06,0.0208157896995544,0.197942995931953,
,,,1.6134E-06,0.087761402130127,0.196771447779611,
,,,1.6136E-06,0.0208157896995544,0.197440903866664,
,,,1.6138E-06,-0.113075435161591,0.19777563191019,
,,,1.614E-06,0.0208157896995544,0.196604083757848,
,,,1.6142E-06,0.0208157896995544,0.1972735398449,
,,,1.6144E-06,0.087761402130127,0.197106175823137,
,,,1.6146E-06,0.0208157896995544,0.196771447779611,
,,,1.6148E-06,0.087761402130127,0.196604083757848,
,,,1.615E-06,0.0208157896995544,0.197608267888427,
,,,1.6152E-06,0.0208157896995544,0.1972735398449,
,,,1.6154E-06,-0.0461298227310181,0.197440903866664,
,,,1.6156E-06,0.0208157896995544,0.196771447779611,
,,,1.6158E-06,0.154707014560699,0.1972735398449,
,,,1.616E-06,0.087761402130127,0.197440903866664,
,,,1.6162E-06,-0.113075435161591,0.1972735398449,
,,,1.6164E-06,-0.0461298227310181,0.198110359953716,
,,,1.6166E-06,0.0208157896995544,0.197440903866664,
,,,1.6168E-06,0.0208157896995544,0.197106175823137,
,,,1.617E-06,-0.0461298227310181,0.1972735398449,
,,,1.6172E-06,0.0208157896995544,0.197106175823137,
,,,1.6174E-06,-0.0461298227310181,0.197106175823137,
,,,1.6176E-06,0.0208157896995544,0.197106175823137,
,,,1.6178E-06,-0.0461298227310181,0.197106175823137,
,,,1.618E-06,0.154707014560699,0.19777563191019,
,,,1.6182E-06,-0.0461298227310181,0.19777563191019,
,,,1.6184E-06,0.0208157896995544,0.1972735398449,
,,,1.6186E-06,0.0208157896995544,0.197608267888427,
,,,1.6188E-06,-0.0461298227310181,0.1972735398449,
,,,1.619E-06,0.0208157896995544,0.197106175823137,
,,,1.6192E-06,0.0208157896995544,0.1972735398449,
,,,1.6194E-06,0.087761402130127,0.196771447779611,
,,,1.6196E-06,-0.0461298227310181,0.196938811801374,
,,,1.6198E-06,-0.0461298227310181,0.197106175823137,
,,,1.62E-06,-0.0461298227310181,0.196771447779611,
,,,1.6202E-06,-0.0461298227310181,0.196938811801374,
,,,1.6204E-06,-0.0461298227310181,0.197440903866664,
,,,1.6206E-06,0.087761402130127,0.1972735398449,
,,,1.6208E-06,0.154707014560699,0.197608267888427,
,,,1.621E-06,0.154707014560699,0.197608267888427,
,,,1.6212E-06,0.0208157896995544,0.197106175823137,
,,,1.6214E-06,-0.0461298227310181,0.19777563191019,
,,,1.6216E-06,-0.0461298227310181,0.1972735398449,
,,,1.6218E-06,0.0208157896995544,0.196436719736084,
,,,1.622E-06,0.0208157896995544,0.196938811801374,
,,,1.6222E-06,0.0208157896995544,0.197440903866664,
,,,1.6224E-06,0.0208157896995544,0.196771447779611,
,,,1.6226E-06,-0.0461298227310181,0.197440903866664,
,,,1.6228E-06,0.0208157896995544,0.197942995931953,
,,,1.623E-06,0.0208157896995544,0.1972735398449,
,,,1.6232E-06,0.0208157896995544,0.1972735398449,
,,,1.6234E-06,-0.0461298227310181,0.1972735398449,
,,,1.6236E-06,0.0208157896995544,0.199114544084296,
,,,1.6238E-06,-0.0461298227310181,0.19827772397548,
,,,1.624E-06,-0.0461298227310181,0.19827772397548,
,,,1.6242E-06,0.0208157896995544,0.198445087997243,
,,,1.6244E-06,0.0208157896995544,0.19827772397548,
,,,1.6246E-06,-0.0461298227310181,0.198110359953716,
,,,1.6248E-06,0.0208157896995544,0.197942995931953,
,,,1.625E-06,0.0208157896995544,0.197440903866664,
,,,1.6252E-06,0.087761402130127,0.19777563191019,
,,,1.6254E-06,0.0208157896995544,0.19827772397548,
,,,1.6256E-06,0.0208157896995544,0.198445087997243,
,,,1.6258E-06,0.087761402130127,0.197608267888427,
,,,1.626E-06,-0.0461298227310181,0.198110359953716,
,,,1.6262E-06,-0.0461298227310181,0.197440903866664,
,,,1.6264E-06,0.0208157896995544,0.197440903866664,
,,,1.6266E-06,0.0208157896995544,0.19827772397548,
,,,1.6268E-06,0.087761402130127,0.198445087997243,
,,,1.627E-06,0.0208157896995544,0.1972735398449,
,,,1.6272E-06,-0.0461298227310181,0.197106175823137,
,,,1.6274E-06,-0.0461298227310181,0.1972735398449,
,,,1.6276E-06,0.087761402130127,0.1972735398449,
,,,1.6278E-06,0.087761402130127,0.19777563191019,
,,,1.628E-06,-0.113075435161591,0.197608267888427,
,,,1.6282E-06,0.154707014560699,0.196604083757848,
,,,1.6284E-06,-0.0461298227310181,0.197608267888427,
,,,1.6286E-06,-0.0461298227310181,0.197608267888427,
,,,1.6288E-06,0.087761402130127,0.197608267888427,
,,,1.629E-06,0.0208157896995544,0.197440903866664,
,,,1.6292E-06,0.0208157896995544,0.19777563191019,
,,,1.6294E-06,0.0208157896995544,0.1972735398449,
,,,1.6296E-06,0.087761402130127,0.197106175823137,
,,,1.6298E-06,-0.0461298227310181,0.196771447779611,
,,,1.63E-06,0.087761402130127,0.197440903866664,
,,,1.6302E-06,0.0208157896995544,0.19777563191019,
,,,1.6304E-06,-0.0461298227310181,0.1972735398449,
,,,1.6306E-06,-0.0461298227310181,0.197942995931953,
,,,1.6308E-06,0.0208157896995544,0.19777563191019,
,,,1.631E-06,-0.0461298227310181,0.197106175823137,
,,,1.6312E-06,0.087761402130127,0.197440903866664,
,,,1.6314E-06,0.0208157896995544,0.1972735398449,
,,,1.6316E-06,0.087761402130127,0.1972735398449,
,,,1.6318E-06,0.0208157896995544,0.197942995931953,
,,,1.632E-06,-0.0461298227310181,0.1972735398449,
,,,1.6322E-06,0.087761402130127,0.19777563191019,
,,,1.6324E-06,-0.0461298227310181,0.197440903866664,
,,,1.6326E-06,0.0208157896995544,0.197106175823137,
,,,1.6328E-06,0.087761402130127,0.197106175823137,
,,,1.633E-06,-0.0461298227310181,0.196938811801374,
,,,1.6332E-06,-0.0461298227310181,0.1972735398449,
,,,1.6334E-06,-0.0461298227310181,0.197106175823137,
,,,1.6336E-06,0.087761402130127,0.1972735398449,
,,,1.6338E-06,-0.0461298227310181,0.197106175823137,
,,,1.634E-06,0.0208157896995544,0.197608267888427,
,,,1.6342E-06,0.0208157896995544,0.196771447779611,
,,,1.6344E-06,-0.0461298227310181,0.197106175823137,
,,,1.6346E-06,-0.0461298227310181,0.196938811801374,
,,,1.6348E-06,-0.0461298227310181,0.196771447779611,
,,,1.635E-06,-0.0461298227310181,0.196938811801374,
,,,1.6352E-06,0.087761402130127,0.197106175823137,
,,,1.6354E-06,-0.113075435161591,0.196771447779611,
,,,1.6356E-06,0.0208157896995544,0.196604083757848,
,,,1.6358E-06,0.087761402130127,0.196604083757848,
,,,1.636E-06,0.0208157896995544,0.197440903866664,
,,,1.6362E-06,-0.0461298227310181,0.196771447779611,
,,,1.6364E-06,0.087761402130127,0.197106175823137,
,,,1.6366E-06,0.0208157896995544,0.196771447779611,
,,,1.6368E-06,0.0208157896995544,0.196269355714321,
,,,1.637E-06,-0.0461298227310181,0.196938811801374,
,,,1.6372E-06,-0.0461298227310181,0.196436719736084,
,,,1.6374E-06,-0.0461298227310181,0.197608267888427,
,,,1.6376E-06,0.0208157896995544,0.196269355714321,
,,,1.6378E-06,0.0208157896995544,0.196604083757848,
,,,1.638E-06,0.087761402130127,0.196269355714321,
,,,1.6382E-06,0.0208157896995544,0.196938811801374,
,,,1.6384E-06,0.087761402130127,0.196101991692558,
,,,1.6386E-06,0.0208157896995544,0.1972735398449,
,,,1.6388E-06,-0.0461298227310181,0.196436719736084,
,,,1.639E-06,-0.0461298227310181,0.197106175823137,
,,,1.6392E-06,0.0208157896995544,0.196771447779611,
,,,1.6394E-06,-0.0461298227310181,0.197106175823137,
,,,1.6396E-06,0.0208157896995544,0.19777563191019,
,,,1.6398E-06,0.0208157896995544,0.197106175823137,
,,,1.64E-06,-0.0461298227310181,0.196938811801374,
,,,1.6402E-06,-0.0461298227310181,0.197440903866664,
,,,1.6404E-06,-0.0461298227310181,0.19777563191019,
,,,1.6406E-06,-0.0461298227310181,0.19777563191019,
,,,1.6408E-06,-0.113075435161591,0.197608267888427,
,,,1.641E-06,0.0208157896995544,0.197608267888427,
,,,1.6412E-06,0.0208157896995544,0.197440903866664,
,,,1.6414E-06,-0.0461298227310181,0.19777563191019,
,,,1.6416E-06,0.0208157896995544,0.19777563191019,
,,,1.6418E-06,-0.0461298227310181,0.197106175823137,
,,,1.642E-06,-0.0461298227310181,0.197440903866664,
,,,1.6422E-06,-0.0461298227310181,0.198110359953716,
,,,1.6424E-06,0.0208157896995544,0.198110359953716,
,,,1.6426E-06,-0.0461298227310181,0.1972735398449,
,,,1.6428E-06,-0.0461298227310181,0.19777563191019,
,,,1.643E-06,-0.0461298227310181,0.197942995931953,
,,,1.6432E-06,0.0208157896995544,0.197608267888427,
,,,1.6434E-06,-0.0461298227310181,0.197942995931953,
,,,1.6436E-06,0.0208157896995544,0.198779816040769,
,,,1.6438E-06,-0.0461298227310181,0.197440903866664,
,,,1.644E-06,0.0208157896995544,0.197942995931953,
,,,1.6442E-06,-0.0461298227310181,0.19777563191019,
,,,1.6444E-06,0.0208157896995544,0.19777563191019,
,,,1.6446E-06,0.0208157896995544,0.197440903866664,
,,,1.6448E-06,-0.0461298227310181,0.198110359953716,
,,,1.645E-06,0.0208157896995544,0.198445087997243,
,,,1.6452E-06,-0.113075435161591,0.197942995931953,
,,,1.6454E-06,-0.0461298227310181,0.197942995931953,
,,,1.6456E-06,-0.0461298227310181,0.19827772397548,
,,,1.6458E-06,-0.0461298227310181,0.19777563191019,
,,,1.646E-06,0.0208157896995544,0.19777563191019,
,,,1.6462E-06,-0.0461298227310181,0.1972735398449,
,,,1.6464E-06,0.087761402130127,0.198110359953716,
,,,1.6466E-06,-0.0461298227310181,0.19777563191019,
,,,1.6468E-06,0.0208157896995544,0.198779816040769,
,,,1.647E-06,-0.113075435161591,0.19777563191019,
,,,1.6472E-06,0.0208157896995544,0.197942995931953,
,,,1.6474E-06,-0.0461298227310181,0.19827772397548,
,,,1.6476E-06,-0.0461298227310181,0.198110359953716,
,,,1.6478E-06,0.0208157896995544,0.19777563191019,
,,,1.648E-06,0.087761402130127,0.19777563191019,
,,,1.6482E-06,-0.113075435161591,0.197440903866664,
,,,1.6484E-06,0.0208157896995544,0.197942995931953,
,,,1.6486E-06,0.0208157896995544,0.197942995931953,
,,,1.6488E-06,-0.0461298227310181,0.197608267888427,
,,,1.649E-06,-0.0461298227310181,0.197440903866664,
,,,1.6492E-06,0.0208157896995544,0.198110359953716,
,,,1.6494E-06,-0.0461298227310181,0.197942995931953,
,,,1.6496E-06,-0.0461298227310181,0.197440903866664,
,,,1.6498E-06,-0.0461298227310181,0.19777563191019,
,,,1.65E-06,0.0208157896995544,0.197942995931953,
,,,1.6502E-06,-0.113075435161591,0.197608267888427,
,,,1.6504E-06,0.087761402130127,0.19777563191019,
,,,1.6506E-06,0.0208157896995544,0.197106175823137,
,,,1.6508E-06,0.0208157896995544,0.197608267888427,
,,,1.651E-06,0.0208157896995544,0.19777563191019,
,,,1.6512E-06,0.087761402130127,0.19777563191019,
,,,1.6514E-06,0.0208157896995544,0.197440903866664,
,,,1.6516E-06,-0.0461298227310181,0.19827772397548,
,,,1.6518E-06,0.087761402130127,0.19827772397548,
,,,1.652E-06,0.0208157896995544,0.198110359953716,
,,,1.6522E-06,-0.113075435161591,0.19827772397548,
,,,1.6524E-06,0.0208157896995544,0.198779816040769,
,,,1.6526E-06,0.087761402130127,0.196938811801374,
,,,1.6528E-06,0.087761402130127,0.198110359953716,
,,,1.653E-06,0.0208157896995544,0.198110359953716,
,,,1.6532E-06,0.0208157896995544,0.197942995931953,
,,,1.6534E-06,-0.0461298227310181,0.19777563191019,
,,,1.6536E-06,0.0208157896995544,0.1972735398449,
,,,1.6538E-06,0.087761402130127,0.19777563191019,
,,,1.654E-06,0.0208157896995544,0.1972735398449,
,,,1.6542E-06,0.087761402130127,0.197942995931953,
,,,1.6544E-06,0.0208157896995544,0.19777563191019,
,,,1.6546E-06,-0.0461298227310181,0.197608267888427,
,,,1.6548E-06,0.0208157896995544,0.19777563191019,
,,,1.655E-06,0.0208157896995544,0.197942995931953,
,,,1.6552E-06,0.0208157896995544,0.197942995931953,
,,,1.6554E-06,-0.113075435161591,0.198110359953716,
,,,1.6556E-06,0.0208157896995544,0.198110359953716,
,,,1.6558E-06,0.0208157896995544,0.19777563191019,
,,,1.656E-06,0.0208157896995544,0.197608267888427,
,,,1.6562E-06,-0.0461298227310181,0.197942995931953,
,,,1.6564E-06,0.0208157896995544,0.198445087997243,
,,,1.6566E-06,-0.0461298227310181,0.19827772397548,
,,,1.6568E-06,0.087761402130127,0.197942995931953,
,,,1.657E-06,0.0208157896995544,0.198110359953716,
,,,1.6572E-06,0.087761402130127,0.197942995931953,
,,,1.6574E-06,-0.0461298227310181,0.19827772397548,
,,,1.6576E-06,0.0208157896995544,0.1972735398449,
,,,1.6578E-06,0.0208157896995544,0.198110359953716,
,,,1.658E-06,0.0208157896995544,0.19777563191019,
,,,1.6582E-06,0.0208157896995544,0.197106175823137,
,,,1.6584E-06,0.0208157896995544,0.197608267888427,
,,,1.6586E-06,-0.0461298227310181,0.198110359953716,
,,,1.6588E-06,-0.0461298227310181,0.197608267888427,
,,,1.659E-06,0.0208157896995544,0.1972735398449,
,,,1.6592E-06,0.0208157896995544,0.197942995931953,
,,,1.6594E-06,0.0208157896995544,0.198110359953716,
,,,1.6596E-06,0.0208157896995544,0.197440903866664,
,,,1.6598E-06,0.0208157896995544,0.19777563191019,
,,,1.66E-06,-0.0461298227310181,0.197440903866664,
,,,1.6602E-06,0.0208157896995544,0.1972735398449,
,,,1.6604E-06,-0.0461298227310181,0.197942995931953,
,,,1.6606E-06,-0.0461298227310181,0.19827772397548,
,,,1.6608E-06,0.087761402130127,0.197942995931953,
,,,1.661E-06,-0.0461298227310181,0.197942995931953,
,,,1.6612E-06,-0.0461298227310181,0.197942995931953,
,,,1.6614E-06,0.0208157896995544,0.197608267888427,
,,,1.6616E-06,0.0208157896995544,0.19777563191019,
,,,1.6618E-06,-0.113075435161591,0.19777563191019,
,,,1.662E-06,0.0208157896995544,0.19777563191019,
,,,1.6622E-06,0.087761402130127,0.198612452019006,
,,,1.6624E-06,0.0208157896995544,0.19827772397548,
,,,1.6626E-06,0.0208157896995544,0.198110359953716,
,,,1.6628E-06,0.0208157896995544,0.197440903866664,
,,,1.663E-06,-0.0461298227310181,0.197608267888427,
,,,1.6632E-06,0.087761402130127,0.197608267888427,
,,,1.6634E-06,-0.0461298227310181,0.198110359953716,
,,,1.6636E-06,0.087761402130127,0.19777563191019,
,,,1.6638E-06,-0.0461298227310181,0.197440903866664,
,,,1.664E-06,0.0208157896995544,0.197608267888427,
,,,1.6642E-06,0.0208157896995544,0.197608267888427,
,,,1.6644E-06,-0.113075435161591,0.197608267888427,
,,,1.6646E-06,-0.0461298227310181,0.197106175823137,
,,,1.6648E-06,0.0208157896995544,0.197942995931953,
,,,1.665E-06,-0.0461298227310181,0.198110359953716,
,,,1.6652E-06,0.0208157896995544,0.196938811801374,
,,,1.6654E-06,0.0208157896995544,0.19827772397548,
,,,1.6656E-06,0.0208157896995544,0.197942995931953,
,,,1.6658E-06,-0.0461298227310181,0.197608267888427,
,,,1.666E-06,0.0208157896995544,0.19827772397548,
,,,1.6662E-06,0.0208157896995544,0.198612452019006,
,,,1.6664E-06,-0.113075435161591,0.197608267888427,
,,,1.6666E-06,-0.0461298227310181,0.197440903866664,
,,,1.6668E-06,0.0208157896995544,0.197942995931953,
,,,1.667E-06,-0.0461298227310181,0.198612452019006,
,,,1.6672E-06,0.0208157896995544,0.19827772397548,
,,,1.6674E-06,-0.0461298227310181,0.197440903866664,
,,,1.6676E-06,-0.0461298227310181,0.197440903866664,
,,,1.6678E-06,-0.0461298227310181,0.19827772397548,
,,,1.668E-06,0.0208157896995544,0.19777563191019,
,,,1.6682E-06,-0.0461298227310181,0.197942995931953,
,,,1.6684E-06,-0.0461298227310181,0.19827772397548,
,,,1.6686E-06,-0.113075435161591,0.19827772397548,
,,,1.6688E-06,0.0208157896995544,0.197942995931953,
,,,1.669E-06,0.0208157896995544,0.19777563191019,
,,,1.6692E-06,0.0208157896995544,0.197440903866664,
,,,1.6694E-06,-0.0461298227310181,0.19777563191019,
,,,1.6696E-06,0.087761402130127,0.198110359953716,
,,,1.6698E-06,0.0208157896995544,0.19827772397548,
,,,1.67E-06,0.087761402130127,0.198612452019006,
,,,1.6702E-06,0.087761402130127,0.197608267888427,
,,,1.6704E-06,-0.0461298227310181,0.197942995931953,
,,,1.6706E-06,0.0208157896995544,0.19777563191019,
,,,1.6708E-06,-0.0461298227310181,0.19777563191019,
,,,1.671E-06,0.087761402130127,0.196938811801374,
,,,1.6712E-06,0.087761402130127,0.198445087997243,
,,,1.6714E-06,-0.0461298227310181,0.19827772397548,
,,,1.6716E-06,0.0208157896995544,0.197440903866664,
,,,1.6718E-06,-0.0461298227310181,0.197942995931953,
,,,1.672E-06,0.087761402130127,0.1972735398449,
,,,1.6722E-06,-0.0461298227310181,0.197942995931953,
,,,1.6724E-06,-0.0461298227310181,0.19777563191019,
,,,1.6726E-06,0.0208157896995544,0.198110359953716,
,,,1.6728E-06,0.0208157896995544,0.198110359953716,
,,,1.673E-06,-0.0461298227310181,0.197942995931953,
,,,1.6732E-06,0.0208157896995544,0.198110359953716,
,,,1.6734E-06,0.087761402130127,0.198110359953716,
,,,1.6736E-06,0.0208157896995544,0.198110359953716,
,,,1.6738E-06,-0.0461298227310181,0.197942995931953,
,,,1.674E-06,-0.0461298227310181,0.198779816040769,
,,,1.6742E-06,0.087761402130127,0.197608267888427,
,,,1.6744E-06,0.0208157896995544,0.197942995931953,
,,,1.6746E-06,0.0208157896995544,0.197440903866664,
,,,1.6748E-06,0.0208157896995544,0.197608267888427,
,,,1.675E-06,-0.0461298227310181,0.197608267888427,
,,,1.6752E-06,-0.0461298227310181,0.19777563191019,
,,,1.6754E-06,0.0208157896995544,0.19777563191019,
,,,1.6756E-06,0.0208157896995544,0.198445087997243,
,,,1.6758E-06,0.0208157896995544,0.19777563191019,
,,,1.676E-06,0.154707014560699,0.197608267888427,
,,,1.6762E-06,-0.0461298227310181,0.198110359953716,
,,,1.6764E-06,0.087761402130127,0.198445087997243,
,,,1.6766E-06,0.0208157896995544,0.19777563191019,
,,,1.6768E-06,0.0208157896995544,0.197440903866664,
,,,1.677E-06,0.087761402130127,0.197942995931953,
,,,1.6772E-06,0.0208157896995544,0.197440903866664,
,,,1.6774E-06,-0.0461298227310181,0.1972735398449,
,,,1.6776E-06,0.0208157896995544,0.198110359953716,
,,,1.6778E-06,-0.0461298227310181,0.197942995931953,
,,,1.678E-06,0.0208157896995544,0.197440903866664,
,,,1.6782E-06,-0.0461298227310181,0.19777563191019,
,,,1.6784E-06,0.0208157896995544,0.19777563191019,
,,,1.6786E-06,-0.0461298227310181,0.19777563191019,
,,,1.6788E-06,-0.0461298227310181,0.1972735398449,
,,,1.679E-06,0.087761402130127,0.197440903866664,
,,,1.6792E-06,0.0208157896995544,0.198110359953716,
,,,1.6794E-06,-0.0461298227310181,0.197608267888427,
,,,1.6796E-06,-0.113075435161591,0.197942995931953,
,,,1.6798E-06,-0.0461298227310181,0.19827772397548,
,,,1.68E-06,0.087761402130127,0.198110359953716,
,,,1.6802E-06,-0.0461298227310181,0.1972735398449,
,,,1.6804E-06,0.0208157896995544,0.19827772397548,
,,,1.6806E-06,0.0208157896995544,0.198445087997243,
,,,1.6808E-06,0.0208157896995544,0.197608267888427,
,,,1.681E-06,-0.0461298227310181,0.197440903866664,
,,,1.6812E-06,0.087761402130127,0.19827772397548,
,,,1.6814E-06,-0.0461298227310181,0.1972735398449,
,,,1.6816E-06,0.0208157896995544,0.196938811801374,
,,,1.6818E-06,-0.0461298227310181,0.19827772397548,
,,,1.682E-06,0.0208157896995544,0.19777563191019,
,,,1.6822E-06,-0.113075435161591,0.197942995931953,
,,,1.6824E-06,0.087761402130127,0.198445087997243,
,,,1.6826E-06,0.087761402130127,0.19827772397548,
,,,1.6828E-06,0.0208157896995544,0.197608267888427,
,,,1.683E-06,0.0208157896995544,0.19827772397548,
,,,1.6832E-06,-0.0461298227310181,0.1972735398449,
,,,1.6834E-06,0.0208157896995544,0.197608267888427,
,,,1.6836E-06,0.0208157896995544,0.198110359953716,
,,,1.6838E-06,0.087761402130127,0.19827772397548,
,,,1.684E-06,0.0208157896995544,0.197440903866664,
,,,1.6842E-06,-0.113075435161591,0.19777563191019,
,,,1.6844E-06,0.0208157896995544,0.197942995931953,
,,,1.6846E-06,0.0208157896995544,0.197942995931953,
,,,1.6848E-06,0.087761402130127,0.19777563191019,
,,,1.685E-06,0.0208157896995544,0.198612452019006,
,,,1.6852E-06,0.0208157896995544,0.198612452019006,
,,,1.6854E-06,0.0208157896995544,0.19827772397548,
,,,1.6856E-06,0.0208157896995544,0.197608267888427,
,,,1.6858E-06,-0.0461298227310181,0.197942995931953,
,,,1.686E-06,0.0208157896995544,0.198110359953716,
,,,1.6862E-06,0.087761402130127,0.19827772397548,
,,,1.6864E-06,0.0208157896995544,0.19827772397548,
,,,1.6866E-06,-0.113075435161591,0.19777563191019,
,,,1.6868E-06,0.0208157896995544,0.197608267888427,
,,,1.687E-06,0.154707014560699,0.198110359953716,
,,,1.6872E-06,0.0208157896995544,0.1972735398449,
,,,1.6874E-06,-0.113075435161591,0.19777563191019,
,,,1.6876E-06,0.0208157896995544,0.197942995931953,
,,,1.6878E-06,0.0208157896995544,0.197440903866664,
,,,1.688E-06,0.0208157896995544,0.1972735398449,
,,,1.6882E-06,-0.0461298227310181,0.197608267888427,
,,,1.6884E-06,0.0208157896995544,0.197440903866664,
,,,1.6886E-06,0.0208157896995544,0.197106175823137,
,,,1.6888E-06,0.087761402130127,0.197106175823137,
,,,1.689E-06,0.087761402130127,0.197608267888427,
,,,1.6892E-06,0.0208157896995544,0.197106175823137,
,,,1.6894E-06,0.0208157896995544,0.197608267888427,
,,,1.6896E-06,0.0208157896995544,0.196771447779611,
,,,1.6898E-06,0.087761402130127,0.196938811801374,
,,,1.69E-06,-0.0461298227310181,0.197106175823137,
,,,1.6902E-06,0.087761402130127,0.196938811801374,
,,,1.6904E-06,0.0208157896995544,0.197440903866664,
,,,1.6906E-06,-0.113075435161591,0.196771447779611,
,,,1.6908E-06,-0.0461298227310181,0.1972735398449,
,,,1.691E-06,0.0208157896995544,0.198110359953716,
,,,1.6912E-06,0.087761402130127,0.197106175823137,
,,,1.6914E-06,-0.0461298227310181,0.197440903866664,
,,,1.6916E-06,0.0208157896995544,0.197942995931953,
,,,1.6918E-06,0.0208157896995544,0.197106175823137,
,,,1.692E-06,-0.0461298227310181,0.197106175823137,
,,,1.6922E-06,0.0208157896995544,0.19827772397548,
,,,1.6924E-06,0.0208157896995544,0.197942995931953,
,,,1.6926E-06,0.0208157896995544,0.198445087997243,
,,,1.6928E-06,0.087761402130127,0.198445087997243,
,,,1.693E-06,-0.0461298227310181,0.197440903866664,
,,,1.6932E-06,-0.0461298227310181,0.19777563191019,
,,,1.6934E-06,-0.0461298227310181,0.19777563191019,
,,,1.6936E-06,0.0208157896995544,0.197608267888427,
,,,1.6938E-06,-0.0461298227310181,0.19777563191019,
,,,1.694E-06,0.0208157896995544,0.197440903866664,
,,,1.6942E-06,-0.0461298227310181,0.1972735398449,
,,,1.6944E-06,0.0208157896995544,0.197942995931953,
,,,1.6946E-06,-0.0461298227310181,0.197608267888427,
,,,1.6948E-06,0.0208157896995544,0.19777563191019,
,,,1.695E-06,-0.0461298227310181,0.1972735398449,
,,,1.6952E-06,0.087761402130127,0.19777563191019,
,,,1.6954E-06,0.0208157896995544,0.19777563191019,
,,,1.6956E-06,0.0208157896995544,0.197942995931953,
,,,1.6958E-06,0.0208157896995544,0.197942995931953,
,,,1.696E-06,0.0208157896995544,0.1972735398449,
,,,1.6962E-06,0.087761402130127,0.19777563191019,
,,,1.6964E-06,0.0208157896995544,0.197608267888427,
,,,1.6966E-06,-0.0461298227310181,0.197106175823137,
,,,1.6968E-06,0.0208157896995544,0.19777563191019,
,,,1.697E-06,-0.0461298227310181,0.197608267888427,
,,,1.6972E-06,0.0208157896995544,0.197942995931953,
,,,1.6974E-06,-0.0461298227310181,0.19827772397548,
,,,1.6976E-06,0.154707014560699,0.197608267888427,
,,,1.6978E-06,0.0208157896995544,0.197608267888427,
,,,1.698E-06,-0.0461298227310181,0.197608267888427,
,,,1.6982E-06,0.0208157896995544,0.198445087997243,
,,,1.6984E-06,0.0208157896995544,0.19777563191019,
,,,1.6986E-06,-0.0461298227310181,0.197608267888427,
,,,1.6988E-06,-0.0461298227310181,0.19777563191019,
,,,1.699E-06,-0.0461298227310181,0.19777563191019,
,,,1.6992E-06,0.154707014560699,0.19777563191019,
,,,1.6994E-06,-0.0461298227310181,0.1972735398449,
,,,1.6996E-06,0.0208157896995544,0.197440903866664,
,,,1.6998E-06,0.087761402130127,0.197608267888427,
,,,1.7E-06,0.0208157896995544,0.197440903866664,
,,,1.7002E-06,0.0208157896995544,0.19777563191019,
,,,1.7004E-06,-0.0461298227310181,0.197440903866664,
,,,1.7006E-06,-0.0461298227310181,0.198445087997243,
,,,1.7008E-06,-0.0461298227310181,0.198445087997243,
,,,1.701E-06,-0.113075435161591,0.19777563191019,
,,,1.7012E-06,0.087761402130127,0.1972735398449,
,,,1.7014E-06,-0.0461298227310181,0.197608267888427,
,,,1.7016E-06,0.087761402130127,0.197440903866664,
,,,1.7018E-06,0.0208157896995544,0.197440903866664,
,,,1.702E-06,0.154707014560699,0.197440903866664,
,,,1.7022E-06,0.087761402130127,0.197106175823137,
,,,1.7024E-06,0.0208157896995544,0.1972735398449,
,,,1.7026E-06,0.0208157896995544,0.197440903866664,
,,,1.7028E-06,-0.0461298227310181,0.19777563191019,
,,,1.703E-06,0.0208157896995544,0.1972735398449,
,,,1.7032E-06,0.0208157896995544,0.198110359953716,
,,,1.7034E-06,-0.0461298227310181,0.19777563191019,
,,,1.7036E-06,-0.0461298227310181,0.196938811801374,
,,,1.7038E-06,0.0208157896995544,0.197440903866664,
,,,1.704E-06,0.0208157896995544,0.197608267888427,
,,,1.7042E-06,-0.0461298227310181,0.1972735398449,
,,,1.7044E-06,-0.0461298227310181,0.197440903866664,
,,,1.7046E-06,-0.0461298227310181,0.19777563191019,
,,,1.7048E-06,-0.0461298227310181,0.197106175823137,
,,,1.705E-06,-0.0461298227310181,0.197608267888427,
,,,1.7052E-06,-0.113075435161591,0.197608267888427,
,,,1.7054E-06,0.0208157896995544,0.197608267888427,
,,,1.7056E-06,-0.0461298227310181,0.198110359953716,
,,,1.7058E-06,-0.0461298227310181,0.197942995931953,
,,,1.706E-06,-0.0461298227310181,0.1972735398449,
,,,1.7062E-06,0.087761402130127,0.196604083757848,
,,,1.7064E-06,0.0208157896995544,0.197608267888427,
,,,1.7066E-06,-0.0461298227310181,0.19827772397548,
,,,1.7068E-06,0.0208157896995544,0.197608267888427,
,,,1.707E-06,-0.0461298227310181,0.197942995931953,
,,,1.7072E-06,0.0208157896995544,0.196771447779611,
,,,1.7074E-06,-0.0461298227310181,0.197440903866664,
,,,1.7076E-06,-0.0461298227310181,0.198110359953716,
,,,1.7078E-06,-0.0461298227310181,0.197942995931953,
,,,1.708E-06,0.0208157896995544,0.197440903866664,
,,,1.7082E-06,0.0208157896995544,0.197608267888427,
,,,1.7084E-06,0.087761402130127,0.197440903866664,
,,,1.7086E-06,0.0208157896995544,0.1972735398449,
,,,1.7088E-06,-0.0461298227310181,0.197608267888427,
,,,1.709E-06,0.0208157896995544,0.196938811801374,
,,,1.7092E-06,0.0208157896995544,0.19777563191019,
,,,1.7094E-06,-0.0461298227310181,0.197942995931953,
,,,1.7096E-06,0.087761402130127,0.197440903866664,
,,,1.7098E-06,0.0208157896995544,0.1972735398449,
,,,1.71E-06,-0.0461298227310181,0.19827772397548,
,,,1.7102E-06,0.0208157896995544,0.19777563191019,
,,,1.7104E-06,0.154707014560699,0.197106175823137,
,,,1.7106E-06,0.0208157896995544,0.196938811801374,
,,,1.7108E-06,-0.0461298227310181,0.198110359953716,
,,,1.711E-06,0.0208157896995544,0.19777563191019,
,,,1.7112E-06,-0.0461298227310181,0.196436719736084,
,,,1.7114E-06,0.0208157896995544,0.197440903866664,
,,,1.7116E-06,0.0208157896995544,0.197440903866664,
,,,1.7118E-06,-0.0461298227310181,0.1972735398449,
,,,1.712E-06,0.0208157896995544,0.198110359953716,
,,,1.7122E-06,-0.0461298227310181,0.1972735398449,
,,,1.7124E-06,-0.0461298227310181,0.1972735398449,
,,,1.7126E-06,0.0208157896995544,0.1972735398449,
,,,1.7128E-06,0.087761402130127,0.19777563191019,
,,,1.713E-06,-0.180021047592163,0.198110359953716,
,,,1.7132E-06,0.0208157896995544,0.197608267888427,
,,,1.7134E-06,-0.0461298227310181,0.197608267888427,
,,,1.7136E-06,-0.113075435161591,0.197106175823137,
,,,1.7138E-06,0.0208157896995544,0.196938811801374,
,,,1.714E-06,-0.0461298227310181,0.197608267888427,
,,,1.7142E-06,-0.0461298227310181,0.197440903866664,
,,,1.7144E-06,0.087761402130127,0.1972735398449,
,,,1.7146E-06,0.0208157896995544,0.196269355714321,
,,,1.7148E-06,0.154707014560699,0.197942995931953,
,,,1.715E-06,0.0208157896995544,0.19777563191019,
,,,1.7152E-06,-0.0461298227310181,0.197942995931953,
,,,1.7154E-06,0.0208157896995544,0.197608267888427,
,,,1.7156E-06,-0.0461298227310181,0.19777563191019,
,,,1.7158E-06,0.087761402130127,0.197106175823137,
,,,1.716E-06,0.087761402130127,0.198110359953716,
,,,1.7162E-06,-0.113075435161591,0.197608267888427,
,,,1.7164E-06,-0.0461298227310181,0.197440903866664,
,,,1.7166E-06,-0.0461298227310181,0.197106175823137,
,,,1.7168E-06,0.087761402130127,0.197608267888427,
,,,1.717E-06,-0.0461298227310181,0.196938811801374,
,,,1.7172E-06,-0.0461298227310181,0.197106175823137,
,,,1.7174E-06,-0.0461298227310181,0.197608267888427,
,,,1.7176E-06,-0.0461298227310181,0.197440903866664,
,,,1.7178E-06,-0.113075435161591,0.196938811801374,
,,,1.718E-06,-0.0461298227310181,0.196938811801374,
,,,1.7182E-06,-0.0461298227310181,0.1972735398449,
,,,1.7184E-06,0.0208157896995544,0.197440903866664,
,,,1.7186E-06,-0.113075435161591,0.197440903866664,
,,,1.7188E-06,-0.0461298227310181,0.198110359953716,
,,,1.719E-06,0.0208157896995544,0.197608267888427,
,,,1.7192E-06,0.0208157896995544,0.198110359953716,
,,,1.7194E-06,0.0208157896995544,0.197440903866664,
,,,1.7196E-06,0.0208157896995544,0.196604083757848,
,,,1.7198E-06,0.0208157896995544,0.1972735398449,
,,,1.72E-06,0.087761402130127,0.197106175823137,
,,,1.7202E-06,-0.113075435161591,0.19777563191019,
,,,1.7204E-06,0.0208157896995544,0.197608267888427,
,,,1.7206E-06,0.0208157896995544,0.197608267888427,
,,,1.7208E-06,0.087761402130127,0.197440903866664,
,,,1.721E-06,-0.0461298227310181,0.196436719736084,
,,,1.7212E-06,0.087761402130127,0.1972735398449,
,,,1.7214E-06,0.0208157896995544,0.197106175823137,
,,,1.7216E-06,0.0208157896995544,0.196269355714321,
,,,1.7218E-06,0.087761402130127,0.1972735398449,
,,,1.722E-06,-0.0461298227310181,0.1972735398449,
,,,1.7222E-06,-0.0461298227310181,0.197608267888427,
,,,1.7224E-06,0.087761402130127,0.196938811801374,
,,,1.7226E-06,-0.113075435161591,0.197440903866664,
,,,1.7228E-06,0.0208157896995544,0.197440903866664,
,,,1.723E-06,0.0208157896995544,0.196771447779611,
,,,1.7232E-06,0.087761402130127,0.197440903866664,
,,,1.7234E-06,-0.0461298227310181,0.197440903866664,
,,,1.7236E-06,0.0208157896995544,0.197106175823137,
,,,1.7238E-06,-0.0461298227310181,0.196938811801374,
,,,1.724E-06,-0.113075435161591,0.196938811801374,
,,,1.7242E-06,-0.0461298227310181,0.197942995931953,
,,,1.7244E-06,0.0208157896995544,0.197942995931953,
,,,1.7246E-06,0.0208157896995544,0.196938811801374,
,,,1.7248E-06,0.0208157896995544,0.197440903866664,
,,,1.725E-06,-0.113075435161591,0.197440903866664,
,,,1.7252E-06,0.0208157896995544,0.1972735398449,
,,,1.7254E-06,0.0208157896995544,0.1972735398449,
,,,1.7256E-06,-0.0461298227310181,0.1972735398449,
,,,1.7258E-06,0.0208157896995544,0.197608267888427,
,,,1.726E-06,0.0208157896995544,0.197106175823137,
,,,1.7262E-06,-0.0461298227310181,0.196938811801374,
,,,1.7264E-06,0.0208157896995544,0.197608267888427,
,,,1.7266E-06,-0.0461298227310181,0.196771447779611,
,,,1.7268E-06,0.0208157896995544,0.196938811801374,
,,,1.727E-06,0.0208157896995544,0.196938811801374,
,,,1.7272E-06,0.0208157896995544,0.197440903866664,
,,,1.7274E-06,0.087761402130127,0.1972735398449,
,,,1.7276E-06,0.087761402130127,0.197106175823137,
,,,1.7278E-06,-0.0461298227310181,0.1972735398449,
,,,1.728E-06,0.0208157896995544,0.196938811801374,
,,,1.7282E-06,0.154707014560699,0.19827772397548,
,,,1.7284E-06,-0.0461298227310181,0.197106175823137,
,,,1.7286E-06,-0.0461298227310181,0.197440903866664,
,,,1.7288E-06,0.087761402130127,0.197440903866664,
,,,1.729E-06,0.0208157896995544,0.19777563191019,
,,,1.7292E-06,-0.113075435161591,0.196771447779611,
,,,1.7294E-06,0.087761402130127,0.197440903866664,
,,,1.7296E-06,0.087761402130127,0.197608267888427,
,,,1.7298E-06,-0.0461298227310181,0.1972735398449,
,,,1.73E-06,-0.0461298227310181,0.1972735398449,
,,,1.7302E-06,0.0208157896995544,0.197106175823137,
,,,1.7304E-06,-0.113075435161591,0.196938811801374,
,,,1.7306E-06,-0.0461298227310181,0.196604083757848,
,,,1.7308E-06,0.0208157896995544,0.197106175823137,
,,,1.731E-06,0.0208157896995544,0.196604083757848,
,,,1.7312E-06,0.0208157896995544,0.19777563191019,
,,,1.7314E-06,-0.113075435161591,0.196269355714321,
,,,1.7316E-06,-0.0461298227310181,0.197608267888427,
,,,1.7318E-06,0.087761402130127,0.197106175823137,
,,,1.732E-06,-0.0461298227310181,0.196269355714321,
,,,1.7322E-06,-0.113075435161591,0.197440903866664,
,,,1.7324E-06,0.0208157896995544,0.197106175823137,
,,,1.7326E-06,-0.0461298227310181,0.196771447779611,
,,,1.7328E-06,-0.0461298227310181,0.197440903866664,
,,,1.733E-06,0.0208157896995544,0.196938811801374,
,,,1.7332E-06,0.0208157896995544,0.196938811801374,
,,,1.7334E-06,-0.113075435161591,0.196938811801374,
,,,1.7336E-06,0.087761402130127,0.1972735398449,
,,,1.7338E-06,0.0208157896995544,0.196604083757848,
,,,1.734E-06,0.087761402130127,0.197106175823137,
,,,1.7342E-06,0.087761402130127,0.196604083757848,
,,,1.7344E-06,0.0208157896995544,0.197106175823137,
,,,1.7346E-06,0.087761402130127,0.197608267888427,
,,,1.7348E-06,-0.113075435161591,0.197106175823137,
,,,1.735E-06,0.087761402130127,0.196604083757848,
,,,1.7352E-06,0.0208157896995544,0.196938811801374,
,,,1.7354E-06,-0.113075435161591,0.198110359953716,
,,,1.7356E-06,0.087761402130127,0.196938811801374,
,,,1.7358E-06,0.087761402130127,0.197106175823137,
,,,1.736E-06,0.0208157896995544,0.196771447779611,
,,,1.7362E-06,-0.0461298227310181,0.196604083757848,
,,,1.7364E-06,-0.0461298227310181,0.196938811801374,
,,,1.7366E-06,0.087761402130127,0.197106175823137,
,,,1.7368E-06,-0.0461298227310181,0.196269355714321,
,,,1.737E-06,-0.0461298227310181,0.197440903866664,
,,,1.7372E-06,0.0208157896995544,0.1972735398449,
,,,1.7374E-06,0.087761402130127,0.196604083757848,
,,,1.7376E-06,0.087761402130127,0.1972735398449,
,,,1.7378E-06,-0.0461298227310181,0.196938811801374,
,,,1.738E-06,-0.0461298227310181,0.1972735398449,
,,,1.7382E-06,0.0208157896995544,0.197608267888427,
,,,1.7384E-06,0.0208157896995544,0.197106175823137,
,,,1.7386E-06,-0.0461298227310181,0.196771447779611,
,,,1.7388E-06,0.0208157896995544,0.197106175823137,
,,,1.739E-06,0.087761402130127,0.19777563191019,
,,,1.7392E-06,-0.0461298227310181,0.196938811801374,
,,,1.7394E-06,-0.0461298227310181,0.196436719736084,
,,,1.7396E-06,0.0208157896995544,0.196604083757848,
,,,1.7398E-06,-0.0461298227310181,0.197106175823137,
,,,1.74E-06,0.0208157896995544,0.196101991692558,
,,,1.7402E-06,0.0208157896995544,0.196604083757848,
,,,1.7404E-06,0.087761402130127,0.196436719736084,
,,,1.7406E-06,0.0208157896995544,0.197106175823137,
,,,1.7408E-06,0.0208157896995544,0.196436719736084,
,,,1.741E-06,0.087761402130127,0.196771447779611,
,,,1.7412E-06,-0.0461298227310181,0.196604083757848,
,,,1.7414E-06,-0.0461298227310181,0.196938811801374,
,,,1.7416E-06,0.0208157896995544,0.196938811801374,
,,,1.7418E-06,-0.0461298227310181,0.196604083757848,
,,,1.742E-06,0.0208157896995544,0.196938811801374,
,,,1.7422E-06,0.0208157896995544,0.196938811801374,
,,,1.7424E-06,-0.0461298227310181,0.1972735398449,
,,,1.7426E-06,-0.0461298227310181,0.196604083757848,
,,,1.7428E-06,-0.0461298227310181,0.196269355714321,
,,,1.743E-06,-0.0461298227310181,0.197106175823137,
,,,1.7432E-06,0.0208157896995544,0.197106175823137,
,,,1.7434E-06,0.0208157896995544,0.197440903866664,
,,,1.7436E-06,0.0208157896995544,0.197942995931953,
,,,1.7438E-06,-0.0461298227310181,0.197608267888427,
,,,1.744E-06,0.087761402130127,0.197106175823137,
,,,1.7442E-06,-0.0461298227310181,0.196938811801374,
,,,1.7444E-06,0.0208157896995544,0.1972735398449,
,,,1.7446E-06,0.087761402130127,0.1972735398449,
,,,1.7448E-06,-0.0461298227310181,0.196771447779611,
,,,1.745E-06,-0.113075435161591,0.1972735398449,
,,,1.7452E-06,0.087761402130127,0.196938811801374,
,,,1.7454E-06,-0.0461298227310181,0.196604083757848,
,,,1.7456E-06,-0.0461298227310181,0.197440903866664,
,,,1.7458E-06,0.0208157896995544,0.1972735398449,
,,,1.746E-06,0.0208157896995544,0.196771447779611,
,,,1.7462E-06,-0.180021047592163,0.1972735398449,
,,,1.7464E-06,0.0208157896995544,0.1972735398449,
,,,1.7466E-06,0.087761402130127,0.196938811801374,
,,,1.7468E-06,0.087761402130127,0.196771447779611,
,,,1.747E-06,0.0208157896995544,0.197106175823137,
,,,1.7472E-06,-0.0461298227310181,0.197440903866664,
,,,1.7474E-06,0.087761402130127,0.1972735398449,
,,,1.7476E-06,-0.0461298227310181,0.197106175823137,
,,,1.7478E-06,0.0208157896995544,0.196938811801374,
,,,1.748E-06,0.0208157896995544,0.196771447779611,
,,,1.7482E-06,-0.113075435161591,0.197106175823137,
,,,1.7484E-06,-0.0461298227310181,0.19777563191019,
,,,1.7486E-06,-0.0461298227310181,0.197106175823137,
,,,1.7488E-06,0.087761402130127,0.197106175823137,
,,,1.749E-06,0.0208157896995544,0.1972735398449,
,,,1.7492E-06,0.0208157896995544,0.197106175823137,
,,,1.7494E-06,-0.0461298227310181,0.196771447779611,
,,,1.7496E-06,-0.0461298227310181,0.196771447779611,
,,,1.7498E-06,-0.113075435161591,0.196604083757848,
,,,1.75E-06,-0.180021047592163,0.197608267888427,
,,,1.7502E-06,-0.0461298227310181,0.197440903866664,
,,,1.7504E-06,0.0208157896995544,0.1972735398449,
,,,1.7506E-06,-0.113075435161591,0.196101991692558,
,,,1.7508E-06,0.0208157896995544,0.196938811801374,
,,,1.751E-06,0.0208157896995544,0.19777563191019,
,,,1.7512E-06,0.0208157896995544,0.196771447779611,
,,,1.7514E-06,-0.0461298227310181,0.196771447779611,
,,,1.7516E-06,-0.0461298227310181,0.196604083757848,
,,,1.7518E-06,-0.0461298227310181,0.196938811801374,
,,,1.752E-06,0.0208157896995544,0.197106175823137,
,,,1.7522E-06,-0.0461298227310181,0.197440903866664,
,,,1.7524E-06,-0.0461298227310181,0.196938811801374,
,,,1.7526E-06,0.0208157896995544,0.1972735398449,
,,,1.7528E-06,0.0208157896995544,0.197942995931953,
,,,1.753E-06,0.0208157896995544,0.196771447779611,
,,,1.7532E-06,0.087761402130127,0.197106175823137,
,,,1.7534E-06,0.0208157896995544,0.1972735398449,
,,,1.7536E-06,-0.0461298227310181,0.196938811801374,
,,,1.7538E-06,0.0208157896995544,0.196604083757848,
,,,1.754E-06,-0.0461298227310181,0.197106175823137,
,,,1.7542E-06,-0.0461298227310181,0.196436719736084,
,,,1.7544E-06,0.0208157896995544,0.196269355714321,
,,,1.7546E-06,0.0208157896995544,0.1972735398449,
,,,1.7548E-06,-0.0461298227310181,0.197106175823137,
,,,1.755E-06,0.0208157896995544,0.196436719736084,
,,,1.7552E-06,0.154707014560699,0.197608267888427,
,,,1.7554E-06,0.0208157896995544,0.196938811801374,
,,,1.7556E-06,0.087761402130127,0.196604083757848,
,,,1.7558E-06,0.0208157896995544,0.197440903866664,
,,,1.756E-06,0.0208157896995544,0.197106175823137,
,,,1.7562E-06,0.0208157896995544,0.196436719736084,
,,,1.7564E-06,-0.113075435161591,0.19777563191019,
,,,1.7566E-06,0.0208157896995544,0.1972735398449,
,,,1.7568E-06,0.154707014560699,0.197440903866664,
,,,1.757E-06,-0.113075435161591,0.196436719736084,
,,,1.7572E-06,0.0208157896995544,0.197440903866664,
,,,1.7574E-06,0.0208157896995544,0.197608267888427,
,,,1.7576E-06,-0.0461298227310181,0.1972735398449,
,,,1.7578E-06,-0.0461298227310181,0.196771447779611,
,,,1.758E-06,0.0208157896995544,0.197106175823137,
,,,1.7582E-06,-0.0461298227310181,0.196771447779611,
,,,1.7584E-06,-0.0461298227310181,0.196771447779611,
,,,1.7586E-06,0.0208157896995544,0.1972735398449,
,,,1.7588E-06,0.0208157896995544,0.196604083757848,
,,,1.759E-06,-0.0461298227310181,0.196101991692558,
,,,1.7592E-06,0.087761402130127,0.197440903866664,
,,,1.7594E-06,0.0208157896995544,0.196938811801374,
,,,1.7596E-06,0.087761402130127,0.196771447779611,
,,,1.7598E-06,0.0208157896995544,0.1972735398449,
,,,1.76E-06,0.0208157896995544,0.196604083757848,
,,,1.7602E-06,0.0208157896995544,0.196604083757848,
,,,1.7604E-06,-0.0461298227310181,0.196938811801374,
,,,1.7606E-06,0.087761402130127,0.196436719736084,
,,,1.7608E-06,0.0208157896995544,0.196436719736084,
,,,1.761E-06,-0.0461298227310181,0.196604083757848,
,,,1.7612E-06,0.0208157896995544,0.196436719736084,
,,,1.7614E-06,0.0208157896995544,0.196269355714321,
,,,1.7616E-06,0.0208157896995544,0.196938811801374,
,,,1.7618E-06,0.0208157896995544,0.196436719736084,
,,,1.762E-06,0.087761402130127,0.196938811801374,
,,,1.7622E-06,-0.0461298227310181,0.196938811801374,
,,,1.7624E-06,-0.0461298227310181,0.196436719736084,
,,,1.7626E-06,0.0208157896995544,0.1972735398449,
,,,1.7628E-06,-0.113075435161591,0.196938811801374,
,,,1.763E-06,0.0208157896995544,0.196771447779611,
,,,1.7632E-06,0.087761402130127,0.196938811801374,
,,,1.7634E-06,-0.0461298227310181,0.1972735398449,
,,,1.7636E-06,0.0208157896995544,0.196436719736084,
,,,1.7638E-06,0.0208157896995544,0.196269355714321,
,,,1.764E-06,-0.0461298227310181,0.196771447779611,
,,,1.7642E-06,-0.0461298227310181,0.197440903866664,
,,,1.7644E-06,-0.0461298227310181,0.197106175823137,
,,,1.7646E-06,0.0208157896995544,0.196938811801374,
,,,1.7648E-06,0.0208157896995544,0.196938811801374,
,,,1.765E-06,0.0208157896995544,0.196604083757848,
,,,1.7652E-06,-0.0461298227310181,0.196604083757848,
,,,1.7654E-06,-0.0461298227310181,0.196938811801374,
,,,1.7656E-06,0.0208157896995544,0.196938811801374,
,,,1.7658E-06,0.0208157896995544,0.1972735398449,
,,,1.766E-06,0.0208157896995544,0.196771447779611,
,,,1.7662E-06,0.0208157896995544,0.196938811801374,
,,,1.7664E-06,0.0208157896995544,0.196101991692558,
,,,1.7666E-06,0.0208157896995544,0.196938811801374,
,,,1.7668E-06,-0.0461298227310181,0.197106175823137,
,,,1.767E-06,-0.0461298227310181,0.196604083757848,
,,,1.7672E-06,0.087761402130127,0.196771447779611,
,,,1.7674E-06,-0.113075435161591,0.197440903866664,
,,,1.7676E-06,0.0208157896995544,0.1972735398449,
,,,1.7678E-06,-0.0461298227310181,0.197106175823137,
,,,1.768E-06,0.0208157896995544,0.196771447779611,
,,,1.7682E-06,-0.0461298227310181,0.197106175823137,
,,,1.7684E-06,-0.0461298227310181,0.197106175823137,
,,,1.7686E-06,-0.0461298227310181,0.197106175823137,
,,,1.7688E-06,-0.0461298227310181,0.196938811801374,
,,,1.769E-06,0.0208157896995544,0.1972735398449,
,,,1.7692E-06,-0.113075435161591,0.19777563191019,
,,,1.7694E-06,-0.0461298227310181,0.196771447779611,
,,,1.7696E-06,0.154707014560699,0.196771447779611,
,,,1.7698E-06,-0.0461298227310181,0.197440903866664,
,,,1.77E-06,0.0208157896995544,0.1972735398449,
,,,1.7702E-06,0.087761402130127,0.196771447779611,
,,,1.7704E-06,0.0208157896995544,0.196771447779611,
,,,1.7706E-06,-0.0461298227310181,0.196436719736084,
,,,1.7708E-06,0.087761402130127,0.196771447779611,
,,,1.771E-06,-0.0461298227310181,0.196436719736084,
,,,1.7712E-06,0.0208157896995544,0.196604083757848,
,,,1.7714E-06,-0.113075435161591,0.196604083757848,
,,,1.7716E-06,-0.0461298227310181,0.196771447779611,
,,,1.7718E-06,-0.0461298227310181,0.1972735398449,
,,,1.772E-06,0.087761402130127,0.196269355714321,
,,,1.7722E-06,0.087761402130127,0.196771447779611,
,,,1.7724E-06,0.221652626991272,0.1972735398449,
,,,1.7726E-06,-0.0461298227310181,0.1972735398449,
,,,1.7728E-06,0.0208157896995544,0.195767263649032,
,,,1.773E-06,0.154707014560699,0.197440903866664,
,,,1.7732E-06,-0.113075435161591,0.196604083757848,
,,,1.7734E-06,-0.0461298227310181,0.196604083757848,
,,,1.7736E-06,0.0208157896995544,0.196938811801374,
,,,1.7738E-06,-0.0461298227310181,0.19777563191019,
,,,1.774E-06,0.0208157896995544,0.1972735398449,
,,,1.7742E-06,0.0208157896995544,0.19777563191019,
,,,1.7744E-06,0.0208157896995544,0.1972735398449,
,,,1.7746E-06,-0.0461298227310181,0.197106175823137,
,,,1.7748E-06,0.0208157896995544,0.1972735398449,
,,,1.775E-06,-0.0461298227310181,0.196938811801374,
,,,1.7752E-06,-0.0461298227310181,0.196436719736084,
,,,1.7754E-06,0.0208157896995544,0.197942995931953,
,,,1.7756E-06,-0.0461298227310181,0.197440903866664,
,,,1.7758E-06,0.0208157896995544,0.197608267888427,
,,,1.776E-06,0.087761402130127,0.197608267888427,
,,,1.7762E-06,-0.0461298227310181,0.1972735398449,
,,,1.7764E-06,0.0208157896995544,0.196938811801374,
,,,1.7766E-06,0.087761402130127,0.196771447779611,
,,,1.7768E-06,0.0208157896995544,0.196771447779611,
,,,1.777E-06,-0.0461298227310181,0.197106175823137,
,,,1.7772E-06,0.0208157896995544,0.196771447779611,
,,,1.7774E-06,0.087761402130127,0.196771447779611,
,,,1.7776E-06,0.0208157896995544,0.196771447779611,
,,,1.7778E-06,-0.0461298227310181,0.196938811801374,
,,,1.778E-06,0.0208157896995544,0.196771447779611,
,,,1.7782E-06,-0.0461298227310181,0.196771447779611,
,,,1.7784E-06,0.087761402130127,0.196938811801374,
,,,1.7786E-06,0.087761402130127,0.196938811801374,
,,,1.7788E-06,0.154707014560699,0.1972735398449,
,,,1.779E-06,0.0208157896995544,0.197440903866664,
,,,1.7792E-06,0.0208157896995544,0.197440903866664,
,,,1.7794E-06,0.154707014560699,0.197440903866664,
,,,1.7796E-06,-0.113075435161591,0.1972735398449,
,,,1.7798E-06,-0.0461298227310181,0.197106175823137,
,,,1.78E-06,0.0208157896995544,0.198612452019006,
,,,1.7802E-06,0.0208157896995544,0.196938811801374,
,,,1.7804E-06,0.0208157896995544,0.196771447779611,
,,,1.7806E-06,-0.0461298227310181,0.197440903866664,
,,,1.7808E-06,0.087761402130127,0.1972735398449,
,,,1.781E-06,0.0208157896995544,0.197106175823137,
,,,1.7812E-06,0.0208157896995544,0.197106175823137,
,,,1.7814E-06,0.0208157896995544,0.196938811801374,
,,,1.7816E-06,0.0208157896995544,0.196938811801374,
,,,1.7818E-06,0.087761402130127,0.197608267888427,
,,,1.782E-06,-0.0461298227310181,0.196938811801374,
,,,1.7822E-06,-0.0461298227310181,0.196938811801374,
,,,1.7824E-06,0.087761402130127,0.1972735398449,
,,,1.7826E-06,-0.113075435161591,0.1972735398449,
,,,1.7828E-06,0.087761402130127,0.196436719736084,
,,,1.783E-06,0.0208157896995544,0.197608267888427,
,,,1.7832E-06,0.0208157896995544,0.197106175823137,
,,,1.7834E-06,-0.0461298227310181,0.196269355714321,
,,,1.7836E-06,0.0208157896995544,0.197106175823137,
,,,1.7838E-06,-0.0461298227310181,0.197608267888427,
,,,1.784E-06,0.0208157896995544,0.196604083757848,
,,,1.7842E-06,-0.0461298227310181,0.1972735398449,
,,,1.7844E-06,0.0208157896995544,0.197106175823137,
,,,1.7846E-06,-0.0461298227310181,0.196436719736084,
,,,1.7848E-06,0.087761402130127,0.196771447779611,
,,,1.785E-06,0.0208157896995544,0.197106175823137,
,,,1.7852E-06,0.154707014560699,0.196604083757848,
,,,1.7854E-06,0.0208157896995544,0.196604083757848,
,,,1.7856E-06,-0.0461298227310181,0.1972735398449,
,,,1.7858E-06,0.154707014560699,0.196604083757848,
,,,1.786E-06,-0.0461298227310181,0.196771447779611,
,,,1.7862E-06,0.0208157896995544,0.196938811801374,
,,,1.7864E-06,0.087761402130127,0.196604083757848,
,,,1.7866E-06,-0.0461298227310181,0.196938811801374,
,,,1.7868E-06,0.0208157896995544,0.196771447779611,
,,,1.787E-06,0.0208157896995544,0.1972735398449,
,,,1.7872E-06,0.154707014560699,0.197106175823137,
,,,1.7874E-06,0.0208157896995544,0.198110359953716,
,,,1.7876E-06,-0.0461298227310181,0.1972735398449,
,,,1.7878E-06,-0.0461298227310181,0.197608267888427,
,,,1.788E-06,-0.0461298227310181,0.19777563191019,
,,,1.7882E-06,0.087761402130127,0.1972735398449,
,,,1.7884E-06,-0.0461298227310181,0.197440903866664,
,,,1.7886E-06,0.0208157896995544,0.19827772397548,
,,,1.7888E-06,0.154707014560699,0.197608267888427,
,,,1.789E-06,0.0208157896995544,0.197106175823137,
,,,1.7892E-06,-0.0461298227310181,0.197440903866664,
,,,1.7894E-06,0.0208157896995544,0.197106175823137,
,,,1.7896E-06,0.0208157896995544,0.197608267888427,
,,,1.7898E-06,-0.0461298227310181,0.1972735398449,
,,,1.79E-06,0.0208157896995544,0.198110359953716,
,,,1.7902E-06,-0.0461298227310181,0.1972735398449,
,,,1.7904E-06,0.0208157896995544,0.196771447779611,
,,,1.7906E-06,0.0208157896995544,0.196771447779611,
,,,1.7908E-06,0.0208157896995544,0.197106175823137,
,,,1.791E-06,-0.0461298227310181,0.196938811801374,
,,,1.7912E-06,0.0208157896995544,0.196938811801374,
,,,1.7914E-06,-0.0461298227310181,0.197440903866664,
,,,1.7916E-06,0.087761402130127,0.196269355714321,
,,,1.7918E-06,0.087761402130127,0.196938811801374,
,,,1.792E-06,0.0208157896995544,0.197106175823137,
,,,1.7922E-06,0.087761402130127,0.196771447779611,
,,,1.7924E-06,0.0208157896995544,0.197106175823137,
,,,1.7926E-06,-0.0461298227310181,0.196938811801374,
,,,1.7928E-06,0.0208157896995544,0.197440903866664,
,,,1.793E-06,-0.0461298227310181,0.197608267888427,
,,,1.7932E-06,-0.0461298227310181,0.197608267888427,
,,,1.7934E-06,0.0208157896995544,0.197106175823137,
,,,1.7936E-06,0.154707014560699,0.197106175823137,
,,,1.7938E-06,-0.0461298227310181,0.197440903866664,
,,,1.794E-06,0.0208157896995544,0.196771447779611,
,,,1.7942E-06,0.0208157896995544,0.1972735398449,
,,,1.7944E-06,-0.113075435161591,0.196604083757848,
,,,1.7946E-06,-0.0461298227310181,0.196436719736084,
,,,1.7948E-06,0.0208157896995544,0.195934627670795,
,,,1.795E-06,-0.0461298227310181,0.196771447779611,
,,,1.7952E-06,0.0208157896995544,0.19777563191019,
,,,1.7954E-06,-0.113075435161591,0.196101991692558,
,,,1.7956E-06,-0.113075435161591,0.196101991692558,
,,,1.7958E-06,0.0208157896995544,0.196436719736084,
,,,1.796E-06,0.0208157896995544,0.195432535605505,
,,,1.7962E-06,-0.0461298227310181,0.197106175823137,
,,,1.7964E-06,0.0208157896995544,0.197106175823137,
,,,1.7966E-06,0.0208157896995544,0.1972735398449,
,,,1.7968E-06,0.0208157896995544,0.196436719736084,
,,,1.797E-06,-0.0461298227310181,0.197106175823137,
,,,1.7972E-06,-0.0461298227310181,0.196771447779611,
,,,1.7974E-06,-0.0461298227310181,0.196938811801374,
,,,1.7976E-06,0.0208157896995544,0.196938811801374,
,,,1.7978E-06,0.0208157896995544,0.196938811801374,
,,,1.798E-06,0.0208157896995544,0.197106175823137,
,,,1.7982E-06,-0.0461298227310181,0.197106175823137,
,,,1.7984E-06,0.0208157896995544,0.196604083757848,
,,,1.7986E-06,0.154707014560699,0.196771447779611,
,,,1.7988E-06,-0.113075435161591,0.196604083757848,
,,,1.799E-06,-0.0461298227310181,0.196604083757848,
,,,1.7992E-06,0.0208157896995544,0.1972735398449,
,,,1.7994E-06,-0.0461298227310181,0.196938811801374,
,,,1.7996E-06,-0.0461298227310181,0.196771447779611,
,,,1.7998E-06,0.0208157896995544,0.196771447779611,
,,,1.8E-06,0.154707014560699,0.197106175823137,
,,,1.8002E-06,-0.0461298227310181,0.196771447779611,
,,,1.8004E-06,-0.0461298227310181,0.196938811801374,
,,,1.8006E-06,0.0208157896995544,0.196771447779611,
,,,1.8008E-06,-0.0461298227310181,0.196771447779611,
,,,1.801E-06,-0.0461298227310181,0.196101991692558,
,,,1.8012E-06,0.0208157896995544,0.196604083757848,
,,,1.8014E-06,0.0208157896995544,0.197608267888427,
,,,1.8016E-06,0.087761402130127,0.1972735398449,
,,,1.8018E-06,-0.113075435161591,0.196604083757848,
,,,1.802E-06,0.0208157896995544,0.196604083757848,
,,,1.8022E-06,0.0208157896995544,0.1972735398449,
,,,1.8024E-06,-0.0461298227310181,0.196938811801374,
,,,1.8026E-06,-0.0461298227310181,0.1972735398449,
,,,1.8028E-06,-0.0461298227310181,0.1972735398449,
,,,1.803E-06,-0.0461298227310181,0.196604083757848,
,,,1.8032E-06,-0.0461298227310181,0.196938811801374,
,,,1.8034E-06,-0.0461298227310181,0.1972735398449,
,,,1.8036E-06,0.087761402130127,0.1972735398449,
,,,1.8038E-06,-0.0461298227310181,0.197440903866664,
,,,1.804E-06,0.0208157896995544,0.196938811801374,
,,,1.8042E-06,-0.0461298227310181,0.197440903866664,
,,,1.8044E-06,0.087761402130127,0.1972735398449,
,,,1.8046E-06,0.0208157896995544,0.1972735398449,
,,,1.8048E-06,0.0208157896995544,0.197440903866664,
,,,1.805E-06,0.221652626991272,0.196938811801374,
,,,1.8052E-06,-0.0461298227310181,0.1972735398449,
,,,1.8054E-06,-0.0461298227310181,0.197440903866664,
,,,1.8056E-06,0.087761402130127,0.197440903866664,
,,,1.8058E-06,-0.0461298227310181,0.197440903866664,
,,,1.806E-06,0.0208157896995544,0.196771447779611,
,,,1.8062E-06,0.0208157896995544,0.19777563191019,
,,,1.8064E-06,0.087761402130127,0.197106175823137,
,,,1.8066E-06,-0.0461298227310181,0.19777563191019,
,,,1.8068E-06,-0.0461298227310181,0.196938811801374,
,,,1.807E-06,0.0208157896995544,0.197106175823137,
,,,1.8072E-06,-0.0461298227310181,0.196938811801374,
,,,1.8074E-06,-0.113075435161591,0.1972735398449,
,,,1.8076E-06,0.0208157896995544,0.19777563191019,
,,,1.8078E-06,-0.0461298227310181,0.1972735398449,
,,,1.808E-06,0.0208157896995544,0.196771447779611,
,,,1.8082E-06,-0.0461298227310181,0.1972735398449,
,,,1.8084E-06,0.0208157896995544,0.197440903866664,
,,,1.8086E-06,0.0208157896995544,0.197942995931953,
,,,1.8088E-06,0.0208157896995544,0.197106175823137,
,,,1.809E-06,-0.0461298227310181,0.19777563191019,
,,,1.8092E-06,0.0208157896995544,0.1972735398449,
,,,1.8094E-06,-0.0461298227310181,0.1972735398449,
,,,1.8096E-06,0.0208157896995544,0.1972735398449,
,,,1.8098E-06,-0.0461298227310181,0.196938811801374,
,,,1.81E-06,0.0208157896995544,0.197440903866664,
,,,1.8102E-06,0.0208157896995544,0.196938811801374,
,,,1.8104E-06,0.087761402130127,0.196436719736084,
,,,1.8106E-06,-0.0461298227310181,0.196938811801374,
,,,1.8108E-06,0.087761402130127,0.196604083757848,
,,,1.811E-06,0.0208157896995544,0.196436719736084,
,,,1.8112E-06,-0.0461298227310181,0.196938811801374,
,,,1.8114E-06,0.087761402130127,0.196771447779611,
,,,1.8116E-06,-0.0461298227310181,0.196938811801374,
,,,1.8118E-06,-0.113075435161591,0.196269355714321,
,,,1.812E-06,0.0208157896995544,0.196771447779611,
,,,1.8122E-06,0.0208157896995544,0.196771447779611,
,,,1.8124E-06,0.0208157896995544,0.196101991692558,
,,,1.8126E-06,0.0208157896995544,0.196436719736084,
,,,1.8128E-06,0.0208157896995544,0.197106175823137,
,,,1.813E-06,0.0208157896995544,0.196269355714321,
,,,1.8132E-06,0.0208157896995544,0.196269355714321,
,,,1.8134E-06,-0.0461298227310181,0.197608267888427,
,,,1.8136E-06,0.0208157896995544,0.197106175823137,
,,,1.8138E-06,0.0208157896995544,0.196436719736084,
,,,1.814E-06,0.0208157896995544,0.196604083757848,
,,,1.8142E-06,-0.0461298227310181,0.196269355714321,
,,,1.8144E-06,0.0208157896995544,0.197106175823137,
,,,1.8146E-06,-0.113075435161591,0.196436719736084,
,,,1.8148E-06,0.0208157896995544,0.196938811801374,
,,,1.815E-06,0.0208157896995544,0.197440903866664,
,,,1.8152E-06,0.0208157896995544,0.196269355714321,
,,,1.8154E-06,-0.113075435161591,0.196938811801374,
,,,1.8156E-06,0.0208157896995544,0.197440903866664,
,,,1.8158E-06,-0.0461298227310181,0.196771447779611,
,,,1.816E-06,0.0208157896995544,0.1972735398449,
,,,1.8162E-06,-0.113075435161591,0.197608267888427,
,,,1.8164E-06,-0.0461298227310181,0.197942995931953,
,,,1.8166E-06,-0.0461298227310181,0.197440903866664,
,,,1.8168E-06,0.0208157896995544,0.1972735398449,
,,,1.817E-06,0.0208157896995544,0.19777563191019,
,,,1.8172E-06,0.154707014560699,0.19777563191019,
,,,1.8174E-06,-0.0461298227310181,0.197440903866664,
,,,1.8176E-06,-0.0461298227310181,0.19777563191019,
,,,1.8178E-06,0.0208157896995544,0.19777563191019,
,,,1.818E-06,-0.0461298227310181,0.197106175823137,
,,,1.8182E-06,-0.0461298227310181,0.197106175823137,
,,,1.8184E-06,0.087761402130127,0.19777563191019,
,,,1.8186E-06,-0.0461298227310181,0.197440903866664,
,,,1.8188E-06,0.0208157896995544,0.197608267888427,
,,,1.819E-06,-0.0461298227310181,0.197608267888427,
,,,1.8192E-06,-0.0461298227310181,0.197106175823137,
,,,1.8194E-06,-0.0461298227310181,0.1972735398449,
,,,1.8196E-06,0.0208157896995544,0.197106175823137,
,,,1.8198E-06,0.0208157896995544,0.197440903866664,
,,,1.82E-06,-0.113075435161591,0.196771447779611,
,,,1.8202E-06,-0.0461298227310181,0.196771447779611,
,,,1.8204E-06,0.0208157896995544,0.197106175823137,
,,,1.8206E-06,-0.0461298227310181,0.197942995931953,
,,,1.8208E-06,0.0208157896995544,0.196771447779611,
,,,1.821E-06,-0.113075435161591,0.196771447779611,
,,,1.8212E-06,0.087761402130127,0.197608267888427,
,,,1.8214E-06,0.0208157896995544,0.1972735398449,
,,,1.8216E-06,0.0208157896995544,0.196771447779611,
,,,1.8218E-06,-0.113075435161591,0.197106175823137,
,,,1.822E-06,-0.0461298227310181,0.196938811801374,
,,,1.8222E-06,-0.0461298227310181,0.19777563191019,
,,,1.8224E-06,-0.113075435161591,0.1972735398449,
,,,1.8226E-06,-0.113075435161591,0.19777563191019,
,,,1.8228E-06,0.0208157896995544,0.1972735398449,
,,,1.823E-06,-0.0461298227310181,0.197942995931953,
,,,1.8232E-06,0.087761402130127,0.197440903866664,
,,,1.8234E-06,0.087761402130127,0.197608267888427,
,,,1.8236E-06,0.0208157896995544,0.197440903866664,
,,,1.8238E-06,0.0208157896995544,0.1972735398449,
,,,1.824E-06,0.0208157896995544,0.196938811801374,
,,,1.8242E-06,0.0208157896995544,0.197942995931953,
,,,1.8244E-06,-0.0461298227310181,0.19777563191019,
,,,1.8246E-06,-0.0461298227310181,0.197440903866664,
,,,1.8248E-06,0.0208157896995544,0.19777563191019,
,,,1.825E-06,-0.113075435161591,0.196938811801374,
,,,1.8252E-06,0.0208157896995544,0.198110359953716,
,,,1.8254E-06,0.0208157896995544,0.197608267888427,
,,,1.8256E-06,0.087761402130127,0.198110359953716,
,,,1.8258E-06,-0.0461298227310181,0.197608267888427,
,,,1.826E-06,0.0208157896995544,0.197608267888427,
,,,1.8262E-06,-0.0461298227310181,0.197440903866664,
,,,1.8264E-06,-0.113075435161591,0.197608267888427,
,,,1.8266E-06,0.0208157896995544,0.196938811801374,
,,,1.8268E-06,0.0208157896995544,0.197440903866664,
,,,1.827E-06,-0.0461298227310181,0.19777563191019,
,,,1.8272E-06,-0.0461298227310181,0.196771447779611,
,,,1.8274E-06,-0.113075435161591,0.196938811801374,
,,,1.8276E-06,0.0208157896995544,0.197106175823137,
,,,1.8278E-06,0.0208157896995544,0.196771447779611,
,,,1.828E-06,-0.0461298227310181,0.1972735398449,
,,,1.8282E-06,0.0208157896995544,0.1972735398449,
,,,1.8284E-06,0.0208157896995544,0.196938811801374,
,,,1.8286E-06,-0.113075435161591,0.197608267888427,
,,,1.8288E-06,-0.0461298227310181,0.196436719736084,
,,,1.829E-06,-0.0461298227310181,0.197106175823137,
,,,1.8292E-06,-0.0461298227310181,0.198110359953716,
,,,1.8294E-06,-0.0461298227310181,0.197608267888427,
,,,1.8296E-06,0.087761402130127,0.197106175823137,
,,,1.8298E-06,0.0208157896995544,0.1972735398449,
,,,1.83E-06,0.0208157896995544,0.197942995931953,
,,,1.8302E-06,0.0208157896995544,0.197106175823137,
,,,1.8304E-06,-0.0461298227310181,0.197106175823137,
,,,1.8306E-06,0.0208157896995544,0.1972735398449,
,,,1.8308E-06,-0.0461298227310181,0.197608267888427,
,,,1.831E-06,0.154707014560699,0.196938811801374,
,,,1.8312E-06,0.0208157896995544,0.1972735398449,
,,,1.8314E-06,-0.113075435161591,0.198445087997243,
,,,1.8316E-06,0.0208157896995544,0.19777563191019,
,,,1.8318E-06,0.0208157896995544,0.197440903866664,
,,,1.832E-06,0.087761402130127,0.197608267888427,
,,,1.8322E-06,-0.0461298227310181,0.19777563191019,
,,,1.8324E-06,0.0208157896995544,0.197440903866664,
,,,1.8326E-06,-0.0461298227310181,0.196771447779611,
,,,1.8328E-06,-0.113075435161591,0.19777563191019,
,,,1.833E-06,0.0208157896995544,0.1972735398449,
,,,1.8332E-06,-0.113075435161591,0.197608267888427,
,,,1.8334E-06,0.0208157896995544,0.1972735398449,
,,,1.8336E-06,0.087761402130127,0.196938811801374,
,,,1.8338E-06,-0.113075435161591,0.197106175823137,
,,,1.834E-06,0.0208157896995544,0.197106175823137,
,,,1.8342E-06,0.087761402130127,0.1972735398449,
,,,1.8344E-06,0.0208157896995544,0.197106175823137,
,,,1.8346E-06,-0.113075435161591,0.196938811801374,
,,,1.8348E-06,0.0208157896995544,0.197608267888427,
,,,1.835E-06,-0.0461298227310181,0.197440903866664,
,,,1.8352E-06,-0.0461298227310181,0.196771447779611,
,,,1.8354E-06,-0.0461298227310181,0.19777563191019,
,,,1.8356E-06,0.087761402130127,0.198110359953716,
,,,1.8358E-06,-0.0461298227310181,0.197106175823137,
,,,1.836E-06,0.0208157896995544,0.197942995931953,
,,,1.8362E-06,0.0208157896995544,0.198110359953716,
,,,1.8364E-06,0.0208157896995544,0.197942995931953,
,,,1.8366E-06,0.0208157896995544,0.198110359953716,
,,,1.8368E-06,0.0208157896995544,0.19777563191019,
,,,1.837E-06,0.0208157896995544,0.198110359953716,
,,,1.8372E-06,0.0208157896995544,0.197942995931953,
,,,1.8374E-06,-0.0461298227310181,0.1972735398449,
,,,1.8376E-06,0.0208157896995544,0.19777563191019,
,,,1.8378E-06,-0.0461298227310181,0.19827772397548,
,,,1.838E-06,0.0208157896995544,0.197942995931953,
,,,1.8382E-06,-0.0461298227310181,0.19777563191019,
,,,1.8384E-06,-0.0461298227310181,0.197440903866664,
,,,1.8386E-06,-0.0461298227310181,0.197608267888427,
,,,1.8388E-06,-0.0461298227310181,0.197608267888427,
,,,1.839E-06,0.0208157896995544,0.196771447779611,
,,,1.8392E-06,0.0208157896995544,0.197942995931953,
,,,1.8394E-06,0.0208157896995544,0.197942995931953,
,,,1.8396E-06,-0.0461298227310181,0.19777563191019,
,,,1.8398E-06,0.0208157896995544,0.198110359953716,
,,,1.84E-06,0.087761402130127,0.197608267888427,
,,,1.8402E-06,-0.0461298227310181,0.19777563191019,
,,,1.8404E-06,-0.0461298227310181,0.197440903866664,
,,,1.8406E-06,-0.0461298227310181,0.196938811801374,
,,,1.8408E-06,0.087761402130127,0.197106175823137,
,,,1.841E-06,-0.0461298227310181,0.197440903866664,
,,,1.8412E-06,-0.0461298227310181,0.198110359953716,
,,,1.8414E-06,0.0208157896995544,0.196771447779611,
,,,1.8416E-06,-0.0461298227310181,0.197106175823137,
,,,1.8418E-06,-0.0461298227310181,0.197608267888427,
,,,1.842E-06,-0.0461298227310181,0.1972735398449,
,,,1.8422E-06,-0.113075435161591,0.197106175823137,
,,,1.8424E-06,-0.0461298227310181,0.197942995931953,
,,,1.8426E-06,-0.0461298227310181,0.197440903866664,
,,,1.8428E-06,0.0208157896995544,0.197106175823137,
,,,1.843E-06,0.0208157896995544,0.197440903866664,
,,,1.8432E-06,0.0208157896995544,0.197608267888427,
,,,1.8434E-06,0.0208157896995544,0.197106175823137,
,,,1.8436E-06,0.0208157896995544,0.197608267888427,
,,,1.8438E-06,0.0208157896995544,0.19777563191019,
,,,1.844E-06,0.0208157896995544,0.197440903866664,
,,,1.8442E-06,-0.0461298227310181,0.197106175823137,
,,,1.8444E-06,0.0208157896995544,0.197440903866664,
,,,1.8446E-06,0.0208157896995544,0.1972735398449,
,,,1.8448E-06,0.0208157896995544,0.1972735398449,
,,,1.845E-06,-0.113075435161591,0.197608267888427,
,,,1.8452E-06,0.0208157896995544,0.197440903866664,
,,,1.8454E-06,0.0208157896995544,0.196771447779611,
,,,1.8456E-06,0.0208157896995544,0.196604083757848,
,,,1.8458E-06,-0.0461298227310181,0.198110359953716,
,,,1.846E-06,-0.113075435161591,0.19777563191019,
,,,1.8462E-06,0.0208157896995544,0.197608267888427,
,,,1.8464E-06,0.0208157896995544,0.197608267888427,
,,,1.8466E-06,-0.113075435161591,0.197440903866664,
,,,1.8468E-06,0.0208157896995544,0.198110359953716,
,,,1.847E-06,0.0208157896995544,0.19777563191019,
,,,1.8472E-06,0.0208157896995544,0.197608267888427,
,,,1.8474E-06,-0.113075435161591,0.19777563191019,
,,,1.8476E-06,0.087761402130127,0.197608267888427,
,,,1.8478E-06,-0.113075435161591,0.19777563191019,
,,,1.848E-06,-0.0461298227310181,0.19777563191019,
,,,1.8482E-06,-0.0461298227310181,0.197440903866664,
,,,1.8484E-06,0.0208157896995544,0.197942995931953,
,,,1.8486E-06,-0.0461298227310181,0.197608267888427,
,,,1.8488E-06,0.087761402130127,0.196938811801374,
,,,1.849E-06,0.0208157896995544,0.197440903866664,
,,,1.8492E-06,0.0208157896995544,0.198110359953716,
,,,1.8494E-06,0.0208157896995544,0.197106175823137,
,,,1.8496E-06,-0.0461298227310181,0.197106175823137,
,,,1.8498E-06,0.0208157896995544,0.197608267888427,
,,,1.85E-06,-0.113075435161591,0.1972735398449,
,,,1.8502E-06,-0.0461298227310181,0.195934627670795,
,,,1.8504E-06,-0.0461298227310181,0.197106175823137,
,,,1.8506E-06,0.0208157896995544,0.1972735398449,
,,,1.8508E-06,0.0208157896995544,0.197440903866664,
,,,1.851E-06,0.0208157896995544,0.197106175823137,
,,,1.8512E-06,0.087761402130127,0.1972735398449,
,,,1.8514E-06,-0.0461298227310181,0.198110359953716,
,,,1.8516E-06,-0.0461298227310181,0.196771447779611,
,,,1.8518E-06,0.0208157896995544,0.197608267888427,
,,,1.852E-06,-0.0461298227310181,0.197942995931953,
,,,1.8522E-06,-0.0461298227310181,0.197440903866664,
,,,1.8524E-06,0.0208157896995544,0.1972735398449,
,,,1.8526E-06,0.0208157896995544,0.19777563191019,
,,,1.8528E-06,0.0208157896995544,0.197106175823137,
,,,1.853E-06,-0.113075435161591,0.196771447779611,
,,,1.8532E-06,0.0208157896995544,0.197608267888427,
,,,1.8534E-06,-0.0461298227310181,0.197942995931953,
,,,1.8536E-06,0.0208157896995544,0.197106175823137,
,,,1.8538E-06,-0.0461298227310181,0.197106175823137,
,,,1.854E-06,0.0208157896995544,0.197440903866664,
,,,1.8542E-06,-0.113075435161591,0.197440903866664,
,,,1.8544E-06,-0.0461298227310181,0.197440903866664,
,,,1.8546E-06,-0.0461298227310181,0.197942995931953,
,,,1.8548E-06,0.0208157896995544,0.197106175823137,
,,,1.855E-06,-0.113075435161591,0.196938811801374,
,,,1.8552E-06,0.087761402130127,0.197608267888427,
,,,1.8554E-06,0.0208157896995544,0.197608267888427,
,,,1.8556E-06,0.087761402130127,0.1972735398449,
,,,1.8558E-06,0.0208157896995544,0.197942995931953,
,,,1.856E-06,-0.0461298227310181,0.196938811801374,
,,,1.8562E-06,0.0208157896995544,0.197942995931953,
,,,1.8564E-06,0.0208157896995544,0.197608267888427,
,,,1.8566E-06,-0.0461298227310181,0.197942995931953,
,,,1.8568E-06,0.0208157896995544,0.19777563191019,
,,,1.857E-06,-0.0461298227310181,0.198110359953716,
,,,1.8572E-06,0.0208157896995544,0.198110359953716,
,,,1.8574E-06,-0.0461298227310181,0.19827772397548,
,,,1.8576E-06,0.087761402130127,0.1972735398449,
,,,1.8578E-06,0.0208157896995544,0.197440903866664,
,,,1.858E-06,-0.0461298227310181,0.1972735398449,
,,,1.8582E-06,-0.0461298227310181,0.1972735398449,
,,,1.8584E-06,-0.113075435161591,0.1972735398449,
,,,1.8586E-06,-0.0461298227310181,0.197440903866664,
,,,1.8588E-06,0.0208157896995544,0.197942995931953,
,,,1.859E-06,-0.0461298227310181,0.197440903866664,
,,,1.8592E-06,0.0208157896995544,0.197440903866664,
,,,1.8594E-06,-0.113075435161591,0.197608267888427,
,,,1.8596E-06,0.0208157896995544,0.196938811801374,
,,,1.8598E-06,0.0208157896995544,0.197608267888427,
,,,1.86E-06,-0.0461298227310181,0.197106175823137,
,,,1.8602E-06,-0.0461298227310181,0.19827772397548,
,,,1.8604E-06,0.0208157896995544,0.197942995931953,
,,,1.8606E-06,-0.0461298227310181,0.197440903866664,
,,,1.8608E-06,-0.113075435161591,0.198110359953716,
,,,1.861E-06,-0.0461298227310181,0.197942995931953,
,,,1.8612E-06,0.0208157896995544,0.197942995931953,
,,,1.8614E-06,-0.0461298227310181,0.197440903866664,
,,,1.8616E-06,0.0208157896995544,0.19777563191019,
,,,1.8618E-06,0.087761402130127,0.197942995931953,
,,,1.862E-06,0.087761402130127,0.196771447779611,
,,,1.8622E-06,0.0208157896995544,0.1972735398449,
,,,1.8624E-06,-0.0461298227310181,0.1972735398449,
,,,1.8626E-06,0.087761402130127,0.197440903866664,
,,,1.8628E-06,0.0208157896995544,0.198110359953716,
,,,1.863E-06,-0.0461298227310181,0.197440903866664,
,,,1.8632E-06,0.087761402130127,0.19777563191019,
,,,1.8634E-06,0.087761402130127,0.197440903866664,
,,,1.8636E-06,-0.113075435161591,0.197608267888427,
,,,1.8638E-06,-0.113075435161591,0.197106175823137,
,,,1.864E-06,0.0208157896995544,0.19827772397548,
,,,1.8642E-06,-0.113075435161591,0.197942995931953,
,,,1.8644E-06,-0.0461298227310181,0.197942995931953,
,,,1.8646E-06,-0.0461298227310181,0.198110359953716,
,,,1.8648E-06,-0.0461298227310181,0.197942995931953,
,,,1.865E-06,-0.0461298227310181,0.197440903866664,
,,,1.8652E-06,0.0208157896995544,0.196771447779611,
,,,1.8654E-06,-0.113075435161591,0.197608267888427,
,,,1.8656E-06,0.0208157896995544,0.19777563191019,
,,,1.8658E-06,-0.113075435161591,0.19827772397548,
,,,1.866E-06,0.0208157896995544,0.19777563191019,
,,,1.8662E-06,0.0208157896995544,0.1972735398449,
,,,1.8664E-06,0.0208157896995544,0.197440903866664,
,,,1.8666E-06,-0.0461298227310181,0.197106175823137,
,,,1.8668E-06,0.0208157896995544,0.197440903866664,
,,,1.867E-06,-0.0461298227310181,0.197106175823137,
,,,1.8672E-06,-0.0461298227310181,0.197608267888427,
,,,1.8674E-06,0.0208157896995544,0.196604083757848,
,,,1.8676E-06,-0.0461298227310181,0.196604083757848,
,,,1.8678E-06,0.0208157896995544,0.197608267888427,
,,,1.868E-06,0.0208157896995544,0.198445087997243,
,,,1.8682E-06,-0.0461298227310181,0.1972735398449,
,,,1.8684E-06,0.0208157896995544,0.198612452019006,
,,,1.8686E-06,0.0208157896995544,0.198110359953716,
,,,1.8688E-06,-0.0461298227310181,0.196604083757848,
,,,1.869E-06,0.0208157896995544,0.196938811801374,
,,,1.8692E-06,-0.0461298227310181,0.19777563191019,
,,,1.8694E-06,-0.0461298227310181,0.197608267888427,
,,,1.8696E-06,0.0208157896995544,0.197440903866664,
,,,1.8698E-06,-0.0461298227310181,0.19777563191019,
,,,1.87E-06,-0.113075435161591,0.197942995931953,
,,,1.8702E-06,-0.0461298227310181,0.198445087997243,
,,,1.8704E-06,0.087761402130127,0.1972735398449,
,,,1.8706E-06,-0.0461298227310181,0.198445087997243,
,,,1.8708E-06,-0.0461298227310181,0.198110359953716,
,,,1.871E-06,0.0208157896995544,0.197608267888427,
,,,1.8712E-06,0.0208157896995544,0.198110359953716,
,,,1.8714E-06,-0.113075435161591,0.198445087997243,
,,,1.8716E-06,0.0208157896995544,0.198110359953716,
,,,1.8718E-06,0.0208157896995544,0.19777563191019,
,,,1.872E-06,-0.0461298227310181,0.198110359953716,
,,,1.8722E-06,-0.113075435161591,0.197440903866664,
,,,1.8724E-06,0.0208157896995544,0.197440903866664,
,,,1.8726E-06,0.0208157896995544,0.198110359953716,
,,,1.8728E-06,0.0208157896995544,0.1972735398449,
,,,1.873E-06,-0.0461298227310181,0.197440903866664,
,,,1.8732E-06,0.0208157896995544,0.197942995931953,
,,,1.8734E-06,-0.0461298227310181,0.197608267888427,
,,,1.8736E-06,0.0208157896995544,0.1972735398449,
,,,1.8738E-06,-0.0461298227310181,0.19777563191019,
,,,1.874E-06,0.0208157896995544,0.197942995931953,
,,,1.8742E-06,-0.0461298227310181,0.198110359953716,
,,,1.8744E-06,0.0208157896995544,0.197942995931953,
,,,1.8746E-06,0.0208157896995544,0.198445087997243,
,,,1.8748E-06,0.087761402130127,0.197942995931953,
,,,1.875E-06,0.0208157896995544,0.19777563191019,
,,,1.8752E-06,-0.0461298227310181,0.197942995931953,
,,,1.8754E-06,0.087761402130127,0.19827772397548,
,,,1.8756E-06,0.0208157896995544,0.198110359953716,
,,,1.8758E-06,0.0208157896995544,0.197942995931953,
,,,1.876E-06,-0.0461298227310181,0.198612452019006,
,,,1.8762E-06,0.0208157896995544,0.19827772397548,
,,,1.8764E-06,0.087761402130127,0.19777563191019,
,,,1.8766E-06,0.0208157896995544,0.197608267888427,
,,,1.8768E-06,0.154707014560699,0.197440903866664,
,,,1.877E-06,0.0208157896995544,0.197608267888427,
,,,1.8772E-06,0.087761402130127,0.198110359953716,
,,,1.8774E-06,-0.0461298227310181,0.19777563191019,
,,,1.8776E-06,0.0208157896995544,0.198110359953716,
,,,1.8778E-06,0.0208157896995544,0.198612452019006,
,,,1.878E-06,-0.0461298227310181,0.197942995931953,
,,,1.8782E-06,0.087761402130127,0.19827772397548,
,,,1.8784E-06,0.154707014560699,0.19827772397548,
,,,1.8786E-06,-0.113075435161591,0.197942995931953,
,,,1.8788E-06,0.0208157896995544,0.19827772397548,
,,,1.879E-06,-0.0461298227310181,0.198110359953716,
,,,1.8792E-06,0.0208157896995544,0.1972735398449,
,,,1.8794E-06,-0.0461298227310181,0.19827772397548,
,,,1.8796E-06,0.087761402130127,0.197942995931953,
,,,1.8798E-06,-0.113075435161591,0.198445087997243,
,,,1.88E-06,0.0208157896995544,0.197942995931953,
,,,1.8802E-06,-0.0461298227310181,0.198110359953716,
,,,1.8804E-06,0.0208157896995544,0.198110359953716,
,,,1.8806E-06,-0.113075435161591,0.19827772397548,
,,,1.8808E-06,0.087761402130127,0.198779816040769,
,,,1.881E-06,0.087761402130127,0.198110359953716,
,,,1.8812E-06,0.0208157896995544,0.198445087997243,
,,,1.8814E-06,0.0208157896995544,0.198947180062532,
,,,1.8816E-06,0.087761402130127,0.19827772397548,
,,,1.8818E-06,0.087761402130127,0.198445087997243,
,,,1.882E-06,0.0208157896995544,0.198110359953716,
,,,1.8822E-06,0.0208157896995544,0.19827772397548,
,,,1.8824E-06,0.0208157896995544,0.198445087997243,
,,,1.8826E-06,-0.0461298227310181,0.198110359953716,
,,,1.8828E-06,0.0208157896995544,0.197942995931953,
,,,1.883E-06,-0.0461298227310181,0.19827772397548,
,,,1.8832E-06,0.087761402130127,0.197440903866664,
,,,1.8834E-06,0.0208157896995544,0.198445087997243,
,,,1.8836E-06,0.087761402130127,0.198110359953716,
,,,1.8838E-06,-0.0461298227310181,0.197942995931953,
,,,1.884E-06,-0.113075435161591,0.198445087997243,
,,,1.8842E-06,0.0208157896995544,0.197942995931953,
,,,1.8844E-06,-0.0461298227310181,0.19777563191019,
,,,1.8846E-06,0.0208157896995544,0.19777563191019,
,,,1.8848E-06,0.087761402130127,0.198110359953716,
,,,1.885E-06,-0.0461298227310181,0.197942995931953,
,,,1.8852E-06,0.0208157896995544,0.19777563191019,
,,,1.8854E-06,0.0208157896995544,0.197942995931953,
,,,1.8856E-06,0.0208157896995544,0.198110359953716,
,,,1.8858E-06,0.087761402130127,0.198110359953716,
,,,1.886E-06,0.087761402130127,0.198445087997243,
,,,1.8862E-06,-0.113075435161591,0.198612452019006,
,,,1.8864E-06,-0.0461298227310181,0.197942995931953,
,,,1.8866E-06,0.0208157896995544,0.19777563191019,
,,,1.8868E-06,0.0208157896995544,0.19827772397548,
,,,1.887E-06,-0.180021047592163,0.1972735398449,
,,,1.8872E-06,0.087761402130127,0.198110359953716,
,,,1.8874E-06,-0.0461298227310181,0.19827772397548,
,,,1.8876E-06,0.087761402130127,0.197942995931953,
,,,1.8878E-06,0.087761402130127,0.197608267888427,
,,,1.888E-06,0.087761402130127,0.197440903866664,
,,,1.8882E-06,0.087761402130127,0.197608267888427,
,,,1.8884E-06,-0.0461298227310181,0.197608267888427,
,,,1.8886E-06,0.0208157896995544,0.19827772397548,
,,,1.8888E-06,0.0208157896995544,0.198110359953716,
,,,1.889E-06,-0.0461298227310181,0.198110359953716,
,,,1.8892E-06,0.0208157896995544,0.198110359953716,
,,,1.8894E-06,0.0208157896995544,0.19777563191019,
,,,1.8896E-06,-0.0461298227310181,0.198110359953716,
,,,1.8898E-06,-0.0461298227310181,0.19827772397548,
,,,1.89E-06,0.0208157896995544,0.19777563191019,
,,,1.8902E-06,-0.0461298227310181,0.19777563191019,
,,,1.8904E-06,0.087761402130127,0.197942995931953,
,,,1.8906E-06,0.0208157896995544,0.197608267888427,
,,,1.8908E-06,-0.113075435161591,0.198110359953716,
,,,1.891E-06,0.0208157896995544,0.198445087997243,
,,,1.8912E-06,0.0208157896995544,0.198110359953716,
,,,1.8914E-06,-0.113075435161591,0.1972735398449,
,,,1.8916E-06,0.0208157896995544,0.197942995931953,
,,,1.8918E-06,0.0208157896995544,0.19827772397548,
,,,1.892E-06,0.0208157896995544,0.19777563191019,
,,,1.8922E-06,-0.0461298227310181,0.197608267888427,
,,,1.8924E-06,-0.0461298227310181,0.198110359953716,
,,,1.8926E-06,0.0208157896995544,0.198445087997243,
,,,1.8928E-06,0.087761402130127,0.19827772397548,
,,,1.893E-06,-0.0461298227310181,0.198110359953716,
,,,1.8932E-06,-0.0461298227310181,0.198779816040769,
,,,1.8934E-06,0.0208157896995544,0.198110359953716,
,,,1.8936E-06,0.087761402130127,0.198110359953716,
,,,1.8938E-06,0.0208157896995544,0.198612452019006,
,,,1.894E-06,0.087761402130127,0.19827772397548,
,,,1.8942E-06,0.087761402130127,0.198110359953716,
,,,1.8944E-06,0.0208157896995544,0.198110359953716,
,,,1.8946E-06,0.087761402130127,0.198947180062532,
,,,1.8948E-06,-0.0461298227310181,0.197942995931953,
,,,1.895E-06,0.087761402130127,0.19827772397548,
,,,1.8952E-06,0.0208157896995544,0.198612452019006,
,,,1.8954E-06,0.0208157896995544,0.198110359953716,
,,,1.8956E-06,-0.0461298227310181,0.197942995931953,
,,,1.8958E-06,0.0208157896995544,0.198612452019006,
,,,1.896E-06,0.087761402130127,0.198110359953716,
,,,1.8962E-06,-0.0461298227310181,0.19827772397548,
,,,1.8964E-06,0.0208157896995544,0.198445087997243,
,,,1.8966E-06,-0.0461298227310181,0.19827772397548,
,,,1.8968E-06,-0.0461298227310181,0.198110359953716,
,,,1.897E-06,0.0208157896995544,0.19777563191019,
,,,1.8972E-06,0.0208157896995544,0.198612452019006,
,,,1.8974E-06,-0.0461298227310181,0.198947180062532,
,,,1.8976E-06,0.087761402130127,0.198779816040769,
,,,1.8978E-06,-0.0461298227310181,0.19777563191019,
,,,1.898E-06,0.0208157896995544,0.19827772397548,
,,,1.8982E-06,0.0208157896995544,0.198612452019006,
,,,1.8984E-06,0.0208157896995544,0.197942995931953,
,,,1.8986E-06,-0.0461298227310181,0.19777563191019,
,,,1.8988E-06,0.0208157896995544,0.198612452019006,
,,,1.899E-06,-0.0461298227310181,0.199114544084296,
,,,1.8992E-06,-0.0461298227310181,0.198947180062532,
,,,1.8994E-06,-0.0461298227310181,0.198947180062532,
,,,1.8996E-06,-0.0461298227310181,0.198612452019006,
,,,1.8998E-06,-0.0461298227310181,0.197608267888427,
,,,1.9E-06,0.087761402130127,0.198947180062532,
,,,1.9002E-06,0.0208157896995544,0.198779816040769,
,,,1.9004E-06,0.0208157896995544,0.198445087997243,
,,,1.9006E-06,0.0208157896995544,0.198612452019006,
,,,1.9008E-06,0.0208157896995544,0.19777563191019,
,,,1.901E-06,-0.0461298227310181,0.198445087997243,
,,,1.9012E-06,-0.0461298227310181,0.19827772397548,
,,,1.9014E-06,-0.0461298227310181,0.198110359953716,
,,,1.9016E-06,0.0208157896995544,0.197942995931953,
,,,1.9018E-06,-0.113075435161591,0.197942995931953,
,,,1.902E-06,0.0208157896995544,0.198445087997243,
,,,1.9022E-06,0.0208157896995544,0.198110359953716,
,,,1.9024E-06,0.0208157896995544,0.19777563191019,
,,,1.9026E-06,0.0208157896995544,0.198445087997243,
,,,1.9028E-06,0.087761402130127,0.198110359953716,
,,,1.903E-06,0.0208157896995544,0.19827772397548,
,,,1.9032E-06,-0.113075435161591,0.197608267888427,
,,,1.9034E-06,-0.0461298227310181,0.19827772397548,
,,,1.9036E-06,0.0208157896995544,0.198445087997243,
,,,1.9038E-06,-0.0461298227310181,0.19827772397548,
,,,1.904E-06,0.087761402130127,0.198110359953716,
,,,1.9042E-06,-0.113075435161591,0.1972735398449,
,,,1.9044E-06,0.0208157896995544,0.198445087997243,
,,,1.9046E-06,0.0208157896995544,0.198779816040769,
,,,1.9048E-06,0.0208157896995544,0.197440903866664,
,,,1.905E-06,-0.113075435161591,0.19777563191019,
,,,1.9052E-06,-0.0461298227310181,0.19777563191019,
,,,1.9054E-06,-0.113075435161591,0.197942995931953,
,,,1.9056E-06,-0.113075435161591,0.19777563191019,
,,,1.9058E-06,-0.113075435161591,0.197942995931953,
,,,1.906E-06,0.0208157896995544,0.197440903866664,
,,,1.9062E-06,0.0208157896995544,0.197608267888427,
,,,1.9064E-06,0.087761402130127,0.196938811801374,
,,,1.9066E-06,-0.113075435161591,0.196938811801374,
,,,1.9068E-06,0.087761402130127,0.19777563191019,
,,,1.907E-06,0.0208157896995544,0.19827772397548,
,,,1.9072E-06,-0.0461298227310181,0.19777563191019,
,,,1.9074E-06,0.087761402130127,0.197608267888427,
,,,1.9076E-06,0.0208157896995544,0.198110359953716,
,,,1.9078E-06,0.087761402130127,0.197608267888427,
,,,1.908E-06,0.0208157896995544,0.198110359953716,
,,,1.9082E-06,0.0208157896995544,0.198612452019006,
,,,1.9084E-06,0.0208157896995544,0.197440903866664,
,,,1.9086E-06,0.154707014560699,0.197608267888427,
,,,1.9088E-06,0.154707014560699,0.19777563191019,
,,,1.909E-06,-0.0461298227310181,0.19777563191019,
,,,1.9092E-06,0.154707014560699,0.19777563191019,
,,,1.9094E-06,0.087761402130127,0.19827772397548,
,,,1.9096E-06,0.0208157896995544,0.197106175823137,
,,,1.9098E-06,0.0208157896995544,0.198445087997243,
,,,1.91E-06,0.0208157896995544,0.197440903866664,
,,,1.9102E-06,-0.0461298227310181,0.198110359953716,
,,,1.9104E-06,-0.0461298227310181,0.197440903866664,
,,,1.9106E-06,-0.0461298227310181,0.197942995931953,
,,,1.9108E-06,0.087761402130127,0.197942995931953,
,,,1.911E-06,0.087761402130127,0.19777563191019,
,,,1.9112E-06,0.0208157896995544,0.197942995931953,
,,,1.9114E-06,-0.0461298227310181,0.197942995931953,
,,,1.9116E-06,0.0208157896995544,0.198612452019006,
,,,1.9118E-06,-0.0461298227310181,0.197608267888427,
,,,1.912E-06,-0.113075435161591,0.198110359953716,
,,,1.9122E-06,-0.0461298227310181,0.198110359953716,
,,,1.9124E-06,-0.0461298227310181,0.198110359953716,
,,,1.9126E-06,0.0208157896995544,0.197608267888427,
,,,1.9128E-06,0.154707014560699,0.198110359953716,
,,,1.913E-06,0.087761402130127,0.197942995931953,
,,,1.9132E-06,0.087761402130127,0.197608267888427,
,,,1.9134E-06,0.087761402130127,0.197440903866664,
,,,1.9136E-06,0.0208157896995544,0.197942995931953,
,,,1.9138E-06,0.087761402130127,0.19777563191019,
,,,1.914E-06,-0.0461298227310181,0.19777563191019,
,,,1.9142E-06,-0.0461298227310181,0.19777563191019,
,,,1.9144E-06,0.0208157896995544,0.19777563191019,
,,,1.9146E-06,-0.113075435161591,0.19777563191019,
,,,1.9148E-06,-0.0461298227310181,0.197608267888427,
,,,1.915E-06,0.087761402130127,0.197608267888427,
,,,1.9152E-06,0.087761402130127,0.197608267888427,
,,,1.9154E-06,-0.0461298227310181,0.197942995931953,
,,,1.9156E-06,0.0208157896995544,0.198110359953716,
,,,1.9158E-06,-0.0461298227310181,0.198445087997243,
,,,1.916E-06,-0.0461298227310181,0.198110359953716,
,,,1.9162E-06,-0.0461298227310181,0.197440903866664,
,,,1.9164E-06,-0.113075435161591,0.197440903866664,
,,,1.9166E-06,0.087761402130127,0.19777563191019,
,,,1.9168E-06,0.087761402130127,0.197608267888427,
,,,1.917E-06,-0.0461298227310181,0.197942995931953,
,,,1.9172E-06,0.0208157896995544,0.19777563191019,
,,,1.9174E-06,0.154707014560699,0.197942995931953,
,,,1.9176E-06,0.0208157896995544,0.197440903866664,
,,,1.9178E-06,-0.0461298227310181,0.197942995931953,
,,,1.918E-06,0.087761402130127,0.197608267888427,
,,,1.9182E-06,0.087761402130127,0.197942995931953,
,,,1.9184E-06,-0.0461298227310181,0.197608267888427,
,,,1.9186E-06,0.0208157896995544,0.1972735398449,
,,,1.9188E-06,0.0208157896995544,0.197106175823137,
,,,1.919E-06,-0.0461298227310181,0.197106175823137,
,,,1.9192E-06,0.087761402130127,0.197106175823137,
,,,1.9194E-06,-0.0461298227310181,0.196771447779611,
,,,1.9196E-06,0.087761402130127,0.197106175823137,
,,,1.9198E-06,-0.0461298227310181,0.19777563191019,
,,,1.92E-06,-0.0461298227310181,0.1972735398449,
,,,1.9202E-06,0.087761402130127,0.197608267888427,
,,,1.9204E-06,-0.0461298227310181,0.197608267888427,
,,,1.9206E-06,0.087761402130127,0.1972735398449,
,,,1.9208E-06,0.0208157896995544,0.197608267888427,
,,,1.921E-06,-0.0461298227310181,0.196938811801374,
,,,1.9212E-06,0.0208157896995544,0.1972735398449,
,,,1.9214E-06,0.087761402130127,0.198110359953716,
,,,1.9216E-06,0.154707014560699,0.1972735398449,
,,,1.9218E-06,0.0208157896995544,0.19777563191019,
,,,1.922E-06,0.0208157896995544,0.197440903866664,
,,,1.9222E-06,0.0208157896995544,0.197440903866664,
,,,1.9224E-06,-0.0461298227310181,0.197106175823137,
,,,1.9226E-06,-0.0461298227310181,0.197440903866664,
,,,1.9228E-06,0.0208157896995544,0.197608267888427,
,,,1.923E-06,0.0208157896995544,0.1972735398449,
,,,1.9232E-06,-0.0461298227310181,0.197106175823137,
,,,1.9234E-06,-0.0461298227310181,0.196771447779611,
,,,1.9236E-06,-0.113075435161591,0.196436719736084,
,,,1.9238E-06,0.087761402130127,0.196771447779611,
,,,1.924E-06,0.0208157896995544,0.197440903866664,
,,,1.9242E-06,-0.0461298227310181,0.1972735398449,
,,,1.9244E-06,0.087761402130127,0.196771447779611,
,,,1.9246E-06,-0.0461298227310181,0.19777563191019,
,,,1.9248E-06,-0.0461298227310181,0.196771447779611,
,,,1.925E-06,-0.0461298227310181,0.196604083757848,
,,,1.9252E-06,-0.0461298227310181,0.197440903866664,
,,,1.9254E-06,-0.0461298227310181,0.197106175823137,
,,,1.9256E-06,0.0208157896995544,0.197106175823137,
,,,1.9258E-06,0.087761402130127,0.1972735398449,
,,,1.926E-06,0.154707014560699,0.197106175823137,
,,,1.9262E-06,0.0208157896995544,0.196938811801374,
,,,1.9264E-06,-0.0461298227310181,0.197440903866664,
,,,1.9266E-06,0.0208157896995544,0.1972735398449,
,,,1.9268E-06,0.0208157896995544,0.197106175823137,
,,,1.927E-06,0.0208157896995544,0.1972735398449,
,,,1.9272E-06,0.087761402130127,0.196771447779611,
,,,1.9274E-06,-0.0461298227310181,0.196436719736084,
,,,1.9276E-06,0.0208157896995544,0.197440903866664,
,,,1.9278E-06,0.0208157896995544,0.196771447779611,
,,,1.928E-06,0.087761402130127,0.197440903866664,
,,,1.9282E-06,-0.0461298227310181,0.196604083757848,
,,,1.9284E-06,0.087761402130127,0.197106175823137,
,,,1.9286E-06,0.0208157896995544,0.197106175823137,
,,,1.9288E-06,-0.0461298227310181,0.197106175823137,
,,,1.929E-06,0.0208157896995544,0.196938811801374,
,,,1.9292E-06,0.0208157896995544,0.197608267888427,
,,,1.9294E-06,-0.0461298227310181,0.198110359953716,
,,,1.9296E-06,0.087761402130127,0.197106175823137,
,,,1.9298E-06,-0.113075435161591,0.197106175823137,
,,,1.93E-06,-0.0461298227310181,0.1972735398449,
,,,1.9302E-06,0.0208157896995544,0.197942995931953,
,,,1.9304E-06,0.0208157896995544,0.197440903866664,
,,,1.9306E-06,0.0208157896995544,0.197106175823137,
,,,1.9308E-06,0.0208157896995544,0.196604083757848,
,,,1.931E-06,-0.0461298227310181,0.196938811801374,
,,,1.9312E-06,-0.0461298227310181,0.1972735398449,
,,,1.9314E-06,0.0208157896995544,0.197608267888427,
,,,1.9316E-06,-0.0461298227310181,0.196938811801374,
,,,1.9318E-06,0.0208157896995544,0.196771447779611,
,,,1.932E-06,0.087761402130127,0.197440903866664,
,,,1.9322E-06,-0.113075435161591,0.197608267888427,
,,,1.9324E-06,0.087761402130127,0.1972735398449,
,,,1.9326E-06,0.0208157896995544,0.196604083757848,
,,,1.9328E-06,-0.0461298227310181,0.197106175823137,
,,,1.933E-06,-0.0461298227310181,0.196938811801374,
,,,1.9332E-06,0.0208157896995544,0.196938811801374,
,,,1.9334E-06,0.0208157896995544,0.196938811801374,
,,,1.9336E-06,0.087761402130127,0.1972735398449,
,,,1.9338E-06,0.0208157896995544,0.196436719736084,
,,,1.934E-06,0.0208157896995544,0.197106175823137,
,,,1.9342E-06,0.087761402130127,0.196771447779611,
,,,1.9344E-06,0.0208157896995544,0.196938811801374,
,,,1.9346E-06,-0.0461298227310181,0.196269355714321,
,,,1.9348E-06,0.087761402130127,0.1972735398449,
,,,1.935E-06,0.0208157896995544,0.1972735398449,
,,,1.9352E-06,-0.0461298227310181,0.196436719736084,
,,,1.9354E-06,0.0208157896995544,0.196436719736084,
,,,1.9356E-06,0.0208157896995544,0.1972735398449,
,,,1.9358E-06,-0.0461298227310181,0.196436719736084,
,,,1.936E-06,0.087761402130127,0.197608267888427,
,,,1.9362E-06,0.0208157896995544,0.196604083757848,
,,,1.9364E-06,0.0208157896995544,0.196938811801374,
,,,1.9366E-06,0.0208157896995544,0.196436719736084,
,,,1.9368E-06,0.0208157896995544,0.196771447779611,
,,,1.937E-06,-0.113075435161591,0.196269355714321,
,,,1.9372E-06,-0.113075435161591,0.196938811801374,
,,,1.9374E-06,-0.0461298227310181,0.1972735398449,
,,,1.9376E-06,0.0208157896995544,0.196771447779611,
,,,1.9378E-06,-0.0461298227310181,0.197440903866664,
,,,1.938E-06,0.0208157896995544,0.197106175823137,
,,,1.9382E-06,-0.113075435161591,0.196938811801374,
,,,1.9384E-06,0.0208157896995544,0.1972735398449,
,,,1.9386E-06,0.087761402130127,0.196938811801374,
,,,1.9388E-06,0.087761402130127,0.196269355714321,
,,,1.939E-06,-0.0461298227310181,0.197106175823137,
,,,1.9392E-06,-0.0461298227310181,0.196436719736084,
,,,1.9394E-06,0.087761402130127,0.196101991692558,
,,,1.9396E-06,-0.0461298227310181,0.196771447779611,
,,,1.9398E-06,-0.0461298227310181,0.197106175823137,
,,,1.94E-06,0.0208157896995544,0.196269355714321,
,,,1.9402E-06,-0.113075435161591,0.196269355714321,
,,,1.9404E-06,-0.0461298227310181,0.196771447779611,
,,,1.9406E-06,0.0208157896995544,0.196938811801374,
,,,1.9408E-06,0.0208157896995544,0.196269355714321,
,,,1.941E-06,0.0208157896995544,0.196436719736084,
,,,1.9412E-06,0.0208157896995544,0.196101991692558,
,,,1.9414E-06,-0.113075435161591,0.196436719736084,
,,,1.9416E-06,-0.0461298227310181,0.196101991692558,
,,,1.9418E-06,0.0208157896995544,0.196436719736084,
,,,1.942E-06,0.0208157896995544,0.196604083757848,
,,,1.9422E-06,-0.0461298227310181,0.196938811801374,
,,,1.9424E-06,0.087761402130127,0.196101991692558,
,,,1.9426E-06,-0.113075435161591,0.196269355714321,
,,,1.9428E-06,0.0208157896995544,0.196604083757848,
,,,1.943E-06,0.0208157896995544,0.196436719736084,
,,,1.9432E-06,0.0208157896995544,0.195767263649032,
,,,1.9434E-06,-0.113075435161591,0.196604083757848,
,,,1.9436E-06,0.0208157896995544,0.197106175823137,
,,,1.9438E-06,-0.0461298227310181,0.195934627670795,
,,,1.944E-06,-0.0461298227310181,0.196269355714321,
,,,1.9442E-06,-0.0461298227310181,0.196436719736084,
,,,1.9444E-06,0.0208157896995544,0.196771447779611,
,,,1.9446E-06,-0.113075435161591,0.196604083757848,
,,,1.9448E-06,0.087761402130127,0.196771447779611,
,,,1.945E-06,0.0208157896995544,0.196436719736084,
,,,1.9452E-06,0.087761402130127,0.196269355714321,
,,,1.9454E-06,0.0208157896995544,0.196604083757848,
,,,1.9456E-06,0.0208157896995544,0.196604083757848,
,,,1.9458E-06,0.087761402130127,0.196604083757848,
,,,1.946E-06,-0.0461298227310181,0.196101991692558,
,,,1.9462E-06,-0.0461298227310181,0.196269355714321,
,,,1.9464E-06,0.0208157896995544,0.196436719736084,
,,,1.9466E-06,0.0208157896995544,0.196604083757848,
,,,1.9468E-06,0.0208157896995544,0.196604083757848,
,,,1.947E-06,0.0208157896995544,0.195934627670795,
,,,1.9472E-06,0.0208157896995544,0.196604083757848,
,,,1.9474E-06,-0.0461298227310181,0.196771447779611,
,,,1.9476E-06,0.154707014560699,0.196604083757848,
,,,1.9478E-06,0.0208157896995544,0.196436719736084,
,,,1.948E-06,-0.0461298227310181,0.196436719736084,
,,,1.9482E-06,0.0208157896995544,0.196436719736084,
,,,1.9484E-06,-0.113075435161591,0.196436719736084,
,,,1.9486E-06,0.0208157896995544,0.196269355714321,
,,,1.9488E-06,0.0208157896995544,0.195934627670795,
,,,1.949E-06,-0.0461298227310181,0.195934627670795,
,,,1.9492E-06,0.0208157896995544,0.196771447779611,
,,,1.9494E-06,0.0208157896995544,0.195767263649032,
,,,1.9496E-06,-0.0461298227310181,0.195432535605505,
,,,1.9498E-06,-0.0461298227310181,0.196938811801374,
,,,1.95E-06,0.087761402130127,0.196101991692558,
,,,1.9502E-06,0.0208157896995544,0.195934627670795,
,,,1.9504E-06,-0.0461298227310181,0.196771447779611,
,,,1.9506E-06,-0.0461298227310181,0.196771447779611,
,,,1.9508E-06,-0.0461298227310181,0.195934627670795,
,,,1.951E-06,0.0208157896995544,0.196771447779611,
,,,1.9512E-06,0.0208157896995544,0.196436719736084,
,,,1.9514E-06,0.0208157896995544,0.196436719736084,
,,,1.9516E-06,0.087761402130127,0.196436719736084,
,,,1.9518E-06,0.0208157896995544,0.196604083757848,
,,,1.952E-06,0.0208157896995544,0.195767263649032,
,,,1.9522E-06,0.087761402130127,0.196101991692558,
,,,1.9524E-06,-0.0461298227310181,0.196604083757848,
,,,1.9526E-06,0.087761402130127,0.196436719736084,
,,,1.9528E-06,-0.0461298227310181,0.196436719736084,
,,,1.953E-06,-0.0461298227310181,0.196269355714321,
,,,1.9532E-06,0.0208157896995544,0.195767263649032,
,,,1.9534E-06,-0.0461298227310181,0.196436719736084,
,,,1.9536E-06,0.0208157896995544,0.195599899627268,
,,,1.9538E-06,-0.0461298227310181,0.195767263649032,
,,,1.954E-06,0.0208157896995544,0.196436719736084,
,,,1.9542E-06,-0.0461298227310181,0.197440903866664,
,,,1.9544E-06,-0.0461298227310181,0.196771447779611,
,,,1.9546E-06,0.0208157896995544,0.196436719736084,
,,,1.9548E-06,0.0208157896995544,0.195934627670795,
,,,1.955E-06,-0.0461298227310181,0.196771447779611,
,,,1.9552E-06,0.087761402130127,0.195934627670795,
,,,1.9554E-06,-0.0461298227310181,0.196938811801374,
,,,1.9556E-06,-0.0461298227310181,0.196604083757848,
,,,1.9558E-06,-0.0461298227310181,0.196604083757848,
,,,1.956E-06,0.0208157896995544,0.196436719736084,
,,,1.9562E-06,-0.0461298227310181,0.196101991692558,
,,,1.9564E-06,0.0208157896995544,0.196771447779611,
,,,1.9566E-06,-0.0461298227310181,0.196101991692558,
,,,1.9568E-06,-0.0461298227310181,0.196436719736084,
,,,1.957E-06,-0.113075435161591,0.196436719736084,
,,,1.9572E-06,0.0208157896995544,0.196604083757848,
,,,1.9574E-06,0.0208157896995544,0.1972735398449,
,,,1.9576E-06,0.0208157896995544,0.196101991692558,
,,,1.9578E-06,0.087761402130127,0.196101991692558,
,,,1.958E-06,0.087761402130127,0.196269355714321,
,,,1.9582E-06,0.0208157896995544,0.196436719736084,
,,,1.9584E-06,-0.0461298227310181,0.196436719736084,
,,,1.9586E-06,0.0208157896995544,0.196101991692558,
,,,1.9588E-06,-0.0461298227310181,0.195767263649032,
,,,1.959E-06,0.0208157896995544,0.196269355714321,
,,,1.9592E-06,0.0208157896995544,0.196269355714321,
,,,1.9594E-06,0.087761402130127,0.196269355714321,
,,,1.9596E-06,-0.0461298227310181,0.196269355714321,
,,,1.9598E-06,-0.0461298227310181,0.196101991692558,
,,,1.96E-06,0.0208157896995544,0.197106175823137,
,,,1.9602E-06,-0.0461298227310181,0.196269355714321,
,,,1.9604E-06,0.0208157896995544,0.196101991692558,
,,,1.9606E-06,-0.0461298227310181,0.196101991692558,
,,,1.9608E-06,0.0208157896995544,0.195934627670795,
,,,1.961E-06,0.0208157896995544,0.196101991692558,
,,,1.9612E-06,0.0208157896995544,0.196436719736084,
,,,1.9614E-06,-0.0461298227310181,0.196938811801374,
,,,1.9616E-06,0.0208157896995544,0.196269355714321,
,,,1.9618E-06,-0.0461298227310181,0.195432535605505,
,,,1.962E-06,-0.0461298227310181,0.196604083757848,
,,,1.9622E-06,0.0208157896995544,0.196604083757848,
,,,1.9624E-06,0.0208157896995544,0.195599899627268,
,,,1.9626E-06,-0.0461298227310181,0.195934627670795,
,,,1.9628E-06,-0.0461298227310181,0.196101991692558,
,,,1.963E-06,-0.0461298227310181,0.196269355714321,
,,,1.9632E-06,0.0208157896995544,0.195934627670795,
,,,1.9634E-06,-0.0461298227310181,0.196436719736084,
,,,1.9636E-06,0.0208157896995544,0.196436719736084,
,,,1.9638E-06,-0.0461298227310181,0.196771447779611,
,,,1.964E-06,0.087761402130127,0.195599899627268,
,,,1.9642E-06,-0.0461298227310181,0.196436719736084,
,,,1.9644E-06,0.0208157896995544,0.195432535605505,
,,,1.9646E-06,0.0208157896995544,0.196269355714321,
,,,1.9648E-06,0.0208157896995544,0.195767263649032,
,,,1.965E-06,0.0208157896995544,0.195934627670795,
,,,1.9652E-06,-0.0461298227310181,0.196269355714321,
,,,1.9654E-06,0.087761402130127,0.195599899627268,
,,,1.9656E-06,0.0208157896995544,0.195599899627268,
,,,1.9658E-06,-0.0461298227310181,0.196771447779611,
,,,1.966E-06,0.0208157896995544,0.196101991692558,
,,,1.9662E-06,-0.0461298227310181,0.195934627670795,
,,,1.9664E-06,0.0208157896995544,0.197106175823137,
,,,1.9666E-06,0.0208157896995544,0.196269355714321,
,,,1.9668E-06,-0.0461298227310181,0.195599899627268,
,,,1.967E-06,0.0208157896995544,0.196436719736084,
,,,1.9672E-06,0.0208157896995544,0.196436719736084,
,,,1.9674E-06,0.0208157896995544,0.195767263649032,
,,,1.9676E-06,-0.113075435161591,0.196604083757848,
,,,1.9678E-06,0.087761402130127,0.196604083757848,
,,,1.968E-06,0.087761402130127,0.196604083757848,
,,,1.9682E-06,-0.113075435161591,0.196436719736084,
,,,1.9684E-06,-0.0461298227310181,0.196269355714321,
,,,1.9686E-06,-0.0461298227310181,0.196269355714321,
,,,1.9688E-06,0.0208157896995544,0.195767263649032,
,,,1.969E-06,-0.113075435161591,0.195934627670795,
,,,1.9692E-06,0.0208157896995544,0.196269355714321,
,,,1.9694E-06,0.0208157896995544,0.195934627670795,
,,,1.9696E-06,0.087761402130127,0.195097807561979,
,,,1.9698E-06,-0.0461298227310181,0.196269355714321,
,,,1.97E-06,0.0208157896995544,0.195934627670795,
,,,1.9702E-06,-0.0461298227310181,0.195767263649032,
,,,1.9704E-06,0.087761402130127,0.196101991692558,
,,,1.9706E-06,-0.0461298227310181,0.196101991692558,
,,,1.9708E-06,0.087761402130127,0.195934627670795,
,,,1.971E-06,0.0208157896995544,0.195767263649032,
,,,1.9712E-06,-0.0461298227310181,0.195767263649032,
,,,1.9714E-06,-0.0461298227310181,0.196604083757848,
,,,1.9716E-06,0.0208157896995544,0.195934627670795,
,,,1.9718E-06,0.0208157896995544,0.195599899627268,
,,,1.972E-06,-0.0461298227310181,0.196269355714321,
,,,1.9722E-06,-0.113075435161591,0.195265171583742,
,,,1.9724E-06,0.0208157896995544,0.196101991692558,
,,,1.9726E-06,-0.0461298227310181,0.196101991692558,
,,,1.9728E-06,0.0208157896995544,0.196436719736084,
,,,1.973E-06,-0.0461298227310181,0.195934627670795,
,,,1.9732E-06,0.0208157896995544,0.195934627670795,
,,,1.9734E-06,-0.0461298227310181,0.195599899627268,
,,,1.9736E-06,-0.0461298227310181,0.195767263649032,
,,,1.9738E-06,0.0208157896995544,0.196101991692558,
,,,1.974E-06,-0.0461298227310181,0.196101991692558,
,,,1.9742E-06,0.0208157896995544,0.196269355714321,
,,,1.9744E-06,0.087761402130127,0.196604083757848,
,,,1.9746E-06,-0.113075435161591,0.195767263649032,
,,,1.9748E-06,-0.0461298227310181,0.196269355714321,
,,,1.975E-06,0.0208157896995544,0.196436719736084,
,,,1.9752E-06,0.0208157896995544,0.196101991692558,
,,,1.9754E-06,-0.113075435161591,0.196269355714321,
,,,1.9756E-06,0.0208157896995544,0.196771447779611,
,,,1.9758E-06,-0.113075435161591,0.196604083757848,
,,,1.976E-06,0.0208157896995544,0.196771447779611,
,,,1.9762E-06,0.0208157896995544,0.195767263649032,
,,,1.9764E-06,-0.0461298227310181,0.195934627670795,
,,,1.9766E-06,0.0208157896995544,0.195767263649032,
,,,1.9768E-06,0.0208157896995544,0.195934627670795,
,,,1.977E-06,0.0208157896995544,0.196269355714321,
,,,1.9772E-06,0.154707014560699,0.195599899627268,
,,,1.9774E-06,0.0208157896995544,0.195767263649032,
,,,1.9776E-06,-0.0461298227310181,0.195599899627268,
,,,1.9778E-06,0.0208157896995544,0.195599899627268,
,,,1.978E-06,0.0208157896995544,0.196436719736084,
,,,1.9782E-06,0.0208157896995544,0.196269355714321,
,,,1.9784E-06,0.0208157896995544,0.195767263649032,
,,,1.9786E-06,-0.0461298227310181,0.195265171583742,
,,,1.9788E-06,0.0208157896995544,0.195934627670795,
,,,1.979E-06,0.0208157896995544,0.195767263649032,
,,,1.9792E-06,0.154707014560699,0.195599899627268,
,,,1.9794E-06,-0.0461298227310181,0.195767263649032,
,,,1.9796E-06,-0.0461298227310181,0.195767263649032,
,,,1.9798E-06,-0.0461298227310181,0.195432535605505,
,,,1.98E-06,-0.0461298227310181,0.195767263649032,
,,,1.9802E-06,-0.0461298227310181,0.195599899627268,
,,,1.9804E-06,-0.113075435161591,0.195599899627268,
,,,1.9806E-06,0.0208157896995544,0.196604083757848,
,,,1.9808E-06,0.087761402130127,0.196101991692558,
,,,1.981E-06,-0.0461298227310181,0.195599899627268,
,,,1.9812E-06,0.0208157896995544,0.195767263649032,
,,,1.9814E-06,-0.0461298227310181,0.196101991692558,
,,,1.9816E-06,0.0208157896995544,0.196101991692558,
,,,1.9818E-06,-0.0461298227310181,0.196604083757848,
,,,1.982E-06,-0.0461298227310181,0.196436719736084,
,,,1.9822E-06,-0.0461298227310181,0.196101991692558,
,,,1.9824E-06,0.154707014560699,0.195767263649032,
,,,1.9826E-06,0.0208157896995544,0.195767263649032,
,,,1.9828E-06,-0.0461298227310181,0.195934627670795,
,,,1.983E-06,0.0208157896995544,0.195432535605505,
,,,1.9832E-06,0.087761402130127,0.196101991692558,
,,,1.9834E-06,0.0208157896995544,0.196604083757848,
,,,1.9836E-06,0.087761402130127,0.194763079518452,
,,,1.9838E-06,0.0208157896995544,0.196269355714321,
,,,1.984E-06,0.087761402130127,0.195599899627268,
,,,1.9842E-06,0.087761402130127,0.195599899627268,
,,,1.9844E-06,-0.0461298227310181,0.195432535605505,
,,,1.9846E-06,0.087761402130127,0.196101991692558,
,,,1.9848E-06,0.087761402130127,0.196269355714321,
,,,1.985E-06,0.0208157896995544,0.196436719736084,
,,,1.9852E-06,0.0208157896995544,0.196269355714321,
,,,1.9854E-06,0.0208157896995544,0.196269355714321,
,,,1.9856E-06,-0.0461298227310181,0.196604083757848,
,,,1.9858E-06,-0.0461298227310181,0.196771447779611,
,,,1.986E-06,0.0208157896995544,0.196771447779611,
,,,1.9862E-06,-0.113075435161591,0.196436719736084,
,,,1.9864E-06,-0.0461298227310181,0.196604083757848,
,,,1.9866E-06,-0.0461298227310181,0.196269355714321,
,,,1.9868E-06,-0.0461298227310181,0.196101991692558,
,,,1.987E-06,0.0208157896995544,0.196101991692558,
,,,1.9872E-06,0.0208157896995544,0.196269355714321,
,,,1.9874E-06,-0.0461298227310181,0.196101991692558,
,,,1.9876E-06,0.0208157896995544,0.196771447779611,
,,,1.9878E-06,-0.0461298227310181,0.196436719736084,
,,,1.988E-06,0.0208157896995544,0.196101991692558,
,,,1.9882E-06,-0.0461298227310181,0.195934627670795,
,,,1.9884E-06,0.0208157896995544,0.195432535605505,
,,,1.9886E-06,-0.0461298227310181,0.196604083757848,
,,,1.9888E-06,-0.0461298227310181,0.196269355714321,
,,,1.989E-06,-0.0461298227310181,0.196101991692558,
,,,1.9892E-06,0.0208157896995544,0.196101991692558,
,,,1.9894E-06,0.0208157896995544,0.195934627670795,
,,,1.9896E-06,0.0208157896995544,0.195767263649032,
,,,1.9898E-06,0.0208157896995544,0.196771447779611,
,,,1.99E-06,0.087761402130127,0.196436719736084,
,,,1.9902E-06,0.0208157896995544,0.195934627670795,
,,,1.9904E-06,-0.0461298227310181,0.196269355714321,
,,,1.9906E-06,0.087761402130127,0.195432535605505,
,,,1.9908E-06,-0.0461298227310181,0.195934627670795,
,,,1.991E-06,-0.0461298227310181,0.195432535605505,
,,,1.9912E-06,0.087761402130127,0.196604083757848,
,,,1.9914E-06,-0.0461298227310181,0.195767263649032,
,,,1.9916E-06,-0.0461298227310181,0.195934627670795,
,,,1.9918E-06,0.0208157896995544,0.196771447779611,
,,,1.992E-06,0.0208157896995544,0.195432535605505,
,,,1.9922E-06,-0.0461298227310181,0.195934627670795,
,,,1.9924E-06,-0.0461298227310181,0.195767263649032,
,,,1.9926E-06,-0.0461298227310181,0.196269355714321,
,,,1.9928E-06,-0.0461298227310181,0.195599899627268,
,,,1.993E-06,0.0208157896995544,0.196269355714321,
,,,1.9932E-06,0.0208157896995544,0.196101991692558,
,,,1.9934E-06,-0.0461298227310181,0.196436719736084,
,,,1.9936E-06,0.0208157896995544,0.196604083757848,
,,,1.9938E-06,0.0208157896995544,0.195432535605505,
,,,1.994E-06,-0.0461298227310181,0.195767263649032,
,,,1.9942E-06,0.0208157896995544,0.196604083757848,
,,,1.9944E-06,0.0208157896995544,0.195934627670795,
,,,1.9946E-06,-0.113075435161591,0.195432535605505,
,,,1.9948E-06,-0.113075435161591,0.196269355714321,
,,,1.995E-06,-0.0461298227310181,0.195934627670795,
,,,1.9952E-06,0.0208157896995544,0.195934627670795,
,,,1.9954E-06,-0.0461298227310181,0.196101991692558,
,,,1.9956E-06,0.0208157896995544,0.195767263649032,
,,,1.9958E-06,-0.0461298227310181,0.196101991692558,
,,,1.996E-06,0.087761402130127,0.196771447779611,
,,,1.9962E-06,-0.113075435161591,0.196771447779611,
,,,1.9964E-06,0.087761402130127,0.196604083757848,
,,,1.9966E-06,0.087761402130127,0.196101991692558,
,,,1.9968E-06,0.0208157896995544,0.196269355714321,
,,,1.997E-06,0.0208157896995544,0.196269355714321,
,,,1.9972E-06,0.0208157896995544,0.196436719736084,
,,,1.9974E-06,0.0208157896995544,0.196269355714321,
,,,1.9976E-06,0.0208157896995544,0.196269355714321,
,,,1.9978E-06,-0.113075435161591,0.196938811801374,
,,,1.998E-06,-0.113075435161591,0.196771447779611,
,,,1.9982E-06,-0.0461298227310181,0.196269355714321,
,,,1.9984E-06,0.154707014560699,0.196436719736084,
,,,1.9986E-06,-0.0461298227310181,0.196269355714321,
,,,1.9988E-06,0.087761402130127,0.195432535605505,
,,,1.999E-06,0.0208157896995544,0.196101991692558,
,,,1.9992E-06,-0.113075435161591,0.196604083757848,
,,,1.9994E-06,-0.0461298227310181,0.196436719736084,
,,,1.9996E-06,0.0208157896995544,0.195934627670795,
,,,1.9998E-06,0.0208157896995544,0.1972735398449,
,,,2E-06,0.087761402130127,0.196101991692558,
,,,2.0002E-06,-0.0461298227310181,0.195934627670795,
,,,2.0004E-06,-0.0461298227310181,0.196269355714321,
,,,2.0006E-06,0.0208157896995544,0.196269355714321,
,,,2.0008E-06,0.087761402130127,0.195432535605505,
,,,2.001E-06,-0.113075435161591,0.195934627670795,
,,,2.0012E-06,0.087761402130127,0.196436719736084,
,,,2.0014E-06,-0.0461298227310181,0.196269355714321,
,,,2.0016E-06,-0.0461298227310181,0.196101991692558,
,,,2.0018E-06,-0.113075435161591,0.196101991692558,
,,,2.002E-06,0.087761402130127,0.195432535605505,
,,,2.0022E-06,-0.0461298227310181,0.195599899627268,
,,,2.0024E-06,0.087761402130127,0.196269355714321,
,,,2.0026E-06,0.0208157896995544,0.196269355714321,
,,,2.0028E-06,0.087761402130127,0.195599899627268,
,,,2.003E-06,0.0208157896995544,0.195432535605505,
,,,2.0032E-06,-0.0461298227310181,0.195599899627268,
,,,2.0034E-06,0.0208157896995544,0.195767263649032,
,,,2.0036E-06,-0.113075435161591,0.195767263649032,
,,,2.0038E-06,-0.0461298227310181,0.196269355714321,
,,,2.004E-06,0.0208157896995544,0.196771447779611,
,,,2.0042E-06,-0.0461298227310181,0.195432535605505,
,,,2.0044E-06,0.0208157896995544,0.195767263649032,
,,,2.0046E-06,0.0208157896995544,0.195767263649032,
,,,2.0048E-06,0.0208157896995544,0.195934627670795,
,,,2.005E-06,-0.0461298227310181,0.195767263649032,
,,,2.0052E-06,0.0208157896995544,0.195599899627268,
,,,2.0054E-06,-0.0461298227310181,0.196101991692558,
,,,2.0056E-06,-0.0461298227310181,0.195934627670795,
,,,2.0058E-06,0.0208157896995544,0.195432535605505,
,,,2.006E-06,0.0208157896995544,0.196436719736084,
,,,2.0062E-06,0.0208157896995544,0.196101991692558,
,,,2.0064E-06,0.087761402130127,0.195934627670795,
,,,2.0066E-06,-0.0461298227310181,0.196101991692558,
,,,2.0068E-06,-0.0461298227310181,0.195767263649032,
,,,2.007E-06,0.087761402130127,0.196436719736084,
,,,2.0072E-06,0.0208157896995544,0.197106175823137,
,,,2.0074E-06,-0.113075435161591,0.196436719736084,
,,,2.0076E-06,0.087761402130127,0.196269355714321,
,,,2.0078E-06,0.0208157896995544,0.196771447779611,
,,,2.008E-06,-0.0461298227310181,0.196101991692558,
,,,2.0082E-06,-0.113075435161591,0.195767263649032,
,,,2.0084E-06,0.087761402130127,0.195265171583742,
,,,2.0086E-06,-0.113075435161591,0.196269355714321,
,,,2.0088E-06,0.0208157896995544,0.195265171583742,
,,,2.009E-06,0.087761402130127,0.196101991692558,
,,,2.0092E-06,0.154707014560699,0.195934627670795,
,,,2.0094E-06,-0.0461298227310181,0.195934627670795,
,,,2.0096E-06,-0.0461298227310181,0.196436719736084,
,,,2.0098E-06,-0.0461298227310181,0.196938811801374,
,,,2.01E-06,-0.0461298227310181,0.196269355714321,
,,,2.0102E-06,-0.0461298227310181,0.196269355714321,
,,,2.0104E-06,0.087761402130127,0.196269355714321,
,,,2.0106E-06,-0.113075435161591,0.196436719736084,
,,,2.0108E-06,0.087761402130127,0.196436719736084,
,,,2.011E-06,0.087761402130127,0.196436719736084,
,,,2.0112E-06,0.087761402130127,0.196604083757848,
,,,2.0114E-06,-0.113075435161591,0.196938811801374,
,,,2.0116E-06,-0.113075435161591,0.196269355714321,
,,,2.0118E-06,0.0208157896995544,0.196604083757848,
,,,2.012E-06,-0.0461298227310181,0.196436719736084,
,,,2.0122E-06,-0.0461298227310181,0.195599899627268,
,,,2.0124E-06,-0.113075435161591,0.196436719736084,
,,,2.0126E-06,-0.0461298227310181,0.196604083757848,
,,,2.0128E-06,0.087761402130127,0.196604083757848,
,,,2.013E-06,-0.0461298227310181,0.195767263649032,
,,,2.0132E-06,-0.0461298227310181,0.196269355714321,
,,,2.0134E-06,0.087761402130127,0.196101991692558,
,,,2.0136E-06,0.087761402130127,0.196101991692558,
,,,2.0138E-06,-0.180021047592163,0.196436719736084,
,,,2.014E-06,0.0208157896995544,0.196269355714321,
,,,2.0142E-06,-0.0461298227310181,0.195767263649032,
,,,2.0144E-06,0.0208157896995544,0.196771447779611,
,,,2.0146E-06,-0.0461298227310181,0.196604083757848,
,,,2.0148E-06,0.087761402130127,0.196436719736084,
,,,2.015E-06,0.0208157896995544,0.196436719736084,
,,,2.0152E-06,0.0208157896995544,0.196436719736084,
,,,2.0154E-06,0.0208157896995544,0.196269355714321,
,,,2.0156E-06,0.087761402130127,0.195934627670795,
,,,2.0158E-06,-0.0461298227310181,0.196269355714321,
,,,2.016E-06,0.0208157896995544,0.196269355714321,
,,,2.0162E-06,0.087761402130127,0.195432535605505,
,,,2.0164E-06,0.0208157896995544,0.195265171583742,
,,,2.0166E-06,-0.0461298227310181,0.195599899627268,
,,,2.0168E-06,0.0208157896995544,0.196604083757848,
,,,2.017E-06,-0.113075435161591,0.195767263649032,
,,,2.0172E-06,0.0208157896995544,0.196436719736084,
,,,2.0174E-06,0.0208157896995544,0.196436719736084,
,,,2.0176E-06,-0.0461298227310181,0.196771447779611,
,,,2.0178E-06,-0.0461298227310181,0.196938811801374,
,,,2.018E-06,-0.113075435161591,0.196604083757848,
,,,2.0182E-06,0.0208157896995544,0.197106175823137,
,,,2.0184E-06,-0.113075435161591,0.196269355714321,
,,,2.0186E-06,0.0208157896995544,0.196436719736084,
,,,2.0188E-06,0.0208157896995544,0.196436719736084,
,,,2.019E-06,-0.113075435161591,0.196101991692558,
,,,2.0192E-06,-0.0461298227310181,0.195934627670795,
,,,2.0194E-06,-0.113075435161591,0.196771447779611,
,,,2.0196E-06,0.0208157896995544,0.196436719736084,
,,,2.0198E-06,0.0208157896995544,0.196771447779611,
,,,2.02E-06,0.0208157896995544,0.195934627670795,
,,,2.0202E-06,-0.113075435161591,0.195767263649032,
,,,2.0204E-06,-0.0461298227310181,0.196269355714321,
,,,2.0206E-06,-0.0461298227310181,0.196101991692558,
,,,2.0208E-06,0.0208157896995544,0.196436719736084,
,,,2.021E-06,0.0208157896995544,0.196938811801374,
,,,2.0212E-06,0.087761402130127,0.197106175823137,
,,,2.0214E-06,-0.113075435161591,0.196269355714321,
,,,2.0216E-06,0.0208157896995544,0.196436719736084,
,,,2.0218E-06,0.0208157896995544,0.196436719736084,
,,,2.022E-06,0.0208157896995544,0.195934627670795,
,,,2.0222E-06,0.0208157896995544,0.196604083757848,
,,,2.0224E-06,0.0208157896995544,0.195767263649032,
,,,2.0226E-06,0.0208157896995544,0.196101991692558,
,,,2.0228E-06,-0.0461298227310181,0.196436719736084,
,,,2.023E-06,0.0208157896995544,0.196269355714321,
,,,2.0232E-06,0.0208157896995544,0.1972735398449,
,,,2.0234E-06,0.0208157896995544,0.196269355714321,
,,,2.0236E-06,0.0208157896995544,0.196771447779611,
,,,2.0238E-06,0.087761402130127,0.196771447779611,
,,,2.024E-06,0.087761402130127,0.196938811801374,
,,,2.0242E-06,-0.0461298227310181,0.196604083757848,
,,,2.0244E-06,-0.0461298227310181,0.196436719736084,
,,,2.0246E-06,0.0208157896995544,0.196938811801374,
,,,2.0248E-06,-0.0461298227310181,0.196269355714321,
,,,2.025E-06,0.0208157896995544,0.196771447779611,
,,,2.0252E-06,0.087761402130127,0.196771447779611,
,,,2.0254E-06,0.087761402130127,0.196938811801374,
,,,2.0256E-06,0.087761402130127,0.196938811801374,
,,,2.0258E-06,-0.0461298227310181,0.1972735398449,
,,,2.026E-06,-0.0461298227310181,0.197942995931953,
,,,2.0262E-06,0.0208157896995544,0.197106175823137,
,,,2.0264E-06,0.0208157896995544,0.196938811801374,
,,,2.0266E-06,-0.113075435161591,0.1972735398449,
,,,2.0268E-06,-0.0461298227310181,0.197608267888427,
,,,2.027E-06,-0.0461298227310181,0.197106175823137,
,,,2.0272E-06,0.0208157896995544,0.1972735398449,
,,,2.0274E-06,-0.0461298227310181,0.197440903866664,
,,,2.0276E-06,-0.0461298227310181,0.196436719736084,
,,,2.0278E-06,-0.0461298227310181,0.196771447779611,
,,,2.028E-06,0.087761402130127,0.196604083757848,
,,,2.0282E-06,0.087761402130127,0.196771447779611,
,,,2.0284E-06,0.087761402130127,0.196436719736084,
,,,2.0286E-06,0.0208157896995544,0.196604083757848,
,,,2.0288E-06,-0.0461298227310181,0.196269355714321,
,,,2.029E-06,0.087761402130127,0.196604083757848,
,,,2.0292E-06,0.0208157896995544,0.196604083757848,
,,,2.0294E-06,0.0208157896995544,0.196101991692558,
,,,2.0296E-06,0.0208157896995544,0.1972735398449,
,,,2.0298E-06,0.0208157896995544,0.196604083757848,
,,,2.03E-06,0.0208157896995544,0.196101991692558,
,,,2.0302E-06,0.087761402130127,0.1972735398449,
,,,2.0304E-06,0.0208157896995544,0.1972735398449,
,,,2.0306E-06,0.0208157896995544,0.196436719736084,
,,,2.0308E-06,0.087761402130127,0.196771447779611,
,,,2.031E-06,0.0208157896995544,0.196269355714321,
,,,2.0312E-06,-0.0461298227310181,0.196101991692558,
,,,2.0314E-06,-0.0461298227310181,0.196604083757848,
,,,2.0316E-06,0.0208157896995544,0.196771447779611,
,,,2.0318E-06,0.0208157896995544,0.196938811801374,
,,,2.032E-06,0.154707014560699,0.196938811801374,
,,,2.0322E-06,0.0208157896995544,0.195767263649032,
,,,2.0324E-06,-0.113075435161591,0.197106175823137,
,,,2.0326E-06,0.0208157896995544,0.196101991692558,
,,,2.0328E-06,0.0208157896995544,0.195767263649032,
,,,2.033E-06,0.0208157896995544,0.196101991692558,
,,,2.0332E-06,-0.0461298227310181,0.196436719736084,
,,,2.0334E-06,-0.0461298227310181,0.196604083757848,
,,,2.0336E-06,-0.0461298227310181,0.196101991692558,
,,,2.0338E-06,0.0208157896995544,0.195599899627268,
,,,2.034E-06,-0.0461298227310181,0.195934627670795,
,,,2.0342E-06,-0.0461298227310181,0.196771447779611,
,,,2.0344E-06,0.0208157896995544,0.196269355714321,
,,,2.0346E-06,0.0208157896995544,0.196269355714321,
,,,2.0348E-06,0.087761402130127,0.196436719736084,
,,,2.035E-06,-0.0461298227310181,0.196436719736084,
,,,2.0352E-06,0.0208157896995544,0.196101991692558,
,,,2.0354E-06,0.0208157896995544,0.196938811801374,
,,,2.0356E-06,-0.0461298227310181,0.196604083757848,
,,,2.0358E-06,-0.0461298227310181,0.197106175823137,
,,,2.036E-06,0.0208157896995544,0.1972735398449,
,,,2.0362E-06,-0.0461298227310181,0.196604083757848,
,,,2.0364E-06,0.0208157896995544,0.196604083757848,
,,,2.0366E-06,0.0208157896995544,0.196269355714321,
,,,2.0368E-06,0.0208157896995544,0.196938811801374,
,,,2.037E-06,-0.0461298227310181,0.196938811801374,
,,,2.0372E-06,0.0208157896995544,0.197106175823137,
,,,2.0374E-06,-0.0461298227310181,0.196771447779611,
,,,2.0376E-06,0.0208157896995544,0.1972735398449,
,,,2.0378E-06,0.0208157896995544,0.1972735398449,
,,,2.038E-06,-0.113075435161591,0.196771447779611,
,,,2.0382E-06,0.0208157896995544,0.197608267888427,
,,,2.0384E-06,0.087761402130127,0.197608267888427,
,,,2.0386E-06,-0.113075435161591,0.196436719736084,
,,,2.0388E-06,0.0208157896995544,0.19827772397548,
,,,2.039E-06,0.087761402130127,0.197608267888427,
,,,2.0392E-06,0.0208157896995544,0.1972735398449,
,,,2.0394E-06,-0.0461298227310181,0.19777563191019,
,,,2.0396E-06,-0.0461298227310181,0.197942995931953,
,,,2.0398E-06,-0.0461298227310181,0.19777563191019,
,,,2.04E-06,-0.0461298227310181,0.197440903866664,
,,,2.0402E-06,0.0208157896995544,0.198110359953716,
,,,2.0404E-06,0.087761402130127,0.19827772397548,
,,,2.0406E-06,0.0208157896995544,0.198110359953716,
,,,2.0408E-06,0.0208157896995544,0.197942995931953,
,,,2.041E-06,0.0208157896995544,0.19777563191019,
,,,2.0412E-06,0.087761402130127,0.197440903866664,
,,,2.0414E-06,0.0208157896995544,0.197440903866664,
,,,2.0416E-06,0.0208157896995544,0.1972735398449,
,,,2.0418E-06,0.154707014560699,0.197440903866664,
,,,2.042E-06,-0.0461298227310181,0.198445087997243,
,,,2.0422E-06,-0.0461298227310181,0.197942995931953,
,,,2.0424E-06,0.0208157896995544,0.1972735398449,
,,,2.0426E-06,-0.0461298227310181,0.198110359953716,
,,,2.0428E-06,-0.0461298227310181,0.197608267888427,
,,,2.043E-06,0.0208157896995544,0.197608267888427,
,,,2.0432E-06,0.0208157896995544,0.197608267888427,
,,,2.0434E-06,-0.0461298227310181,0.197942995931953,
,,,2.0436E-06,-0.0461298227310181,0.1972735398449,
,,,2.0438E-06,0.0208157896995544,0.197942995931953,
,,,2.044E-06,-0.0461298227310181,0.1972735398449,
,,,2.0442E-06,0.0208157896995544,0.197440903866664,
,,,2.0444E-06,-0.0461298227310181,0.198445087997243,
,,,2.0446E-06,-0.0461298227310181,0.197608267888427,
,,,2.0448E-06,-0.0461298227310181,0.19777563191019,
,,,2.045E-06,-0.0461298227310181,0.1972735398449,
,,,2.0452E-06,-0.0461298227310181,0.1972735398449,
,,,2.0454E-06,0.087761402130127,0.1972735398449,
,,,2.0456E-06,0.0208157896995544,0.198110359953716,
,,,2.0458E-06,-0.113075435161591,0.197106175823137,
,,,2.046E-06,0.0208157896995544,0.197608267888427,
,,,2.0462E-06,-0.0461298227310181,0.1972735398449,
,,,2.0464E-06,0.0208157896995544,0.1972735398449,
,,,2.0466E-06,0.0208157896995544,0.196938811801374,
,,,2.0468E-06,-0.0461298227310181,0.197942995931953,
,,,2.047E-06,-0.0461298227310181,0.197440903866664,
,,,2.0472E-06,0.087761402130127,0.19777563191019,
,,,2.0474E-06,0.0208157896995544,0.197942995931953,
,,,2.0476E-06,0.0208157896995544,0.197440903866664,
,,,2.0478E-06,0.0208157896995544,0.197942995931953,
,,,2.048E-06,0.0208157896995544,0.197942995931953,
,,,2.0482E-06,0.0208157896995544,0.197608267888427,
,,,2.0484E-06,-0.113075435161591,0.19777563191019,
,,,2.0486E-06,-0.0461298227310181,0.1972735398449,
,,,2.0488E-06,0.0208157896995544,0.19777563191019,
,,,2.049E-06,-0.0461298227310181,0.198445087997243,
,,,2.0492E-06,0.0208157896995544,0.198445087997243,
,,,2.0494E-06,0.0208157896995544,0.19777563191019,
,,,2.0496E-06,0.154707014560699,0.196938811801374,
,,,2.0498E-06,0.0208157896995544,0.19777563191019,
,,,2.05E-06,-0.0461298227310181,0.197608267888427,
,,,2.0502E-06,0.0208157896995544,0.197608267888427,
,,,2.0504E-06,0.0208157896995544,0.197608267888427,
,,,2.0506E-06,0.0208157896995544,0.197106175823137,
,,,2.0508E-06,0.0208157896995544,0.19777563191019,
,,,2.051E-06,0.0208157896995544,0.197608267888427,
,,,2.0512E-06,0.087761402130127,0.19777563191019,
,,,2.0514E-06,-0.113075435161591,0.1972735398449,
,,,2.0516E-06,0.0208157896995544,0.198110359953716,
,,,2.0518E-06,0.0208157896995544,0.19777563191019,
,,,2.052E-06,0.0208157896995544,0.197608267888427,
,,,2.0522E-06,-0.113075435161591,0.198445087997243,
,,,2.0524E-06,0.087761402130127,0.198445087997243,
,,,2.0526E-06,0.087761402130127,0.197440903866664,
,,,2.0528E-06,0.0208157896995544,0.197608267888427,
,,,2.053E-06,-0.0461298227310181,0.198445087997243,
,,,2.0532E-06,-0.0461298227310181,0.198110359953716,
,,,2.0534E-06,0.0208157896995544,0.198445087997243,
,,,2.0536E-06,0.087761402130127,0.197106175823137,
,,,2.0538E-06,0.0208157896995544,0.197942995931953,
,,,2.054E-06,0.087761402130127,0.197942995931953,
,,,2.0542E-06,0.0208157896995544,0.197608267888427,
,,,2.0544E-06,-0.0461298227310181,0.19777563191019,
,,,2.0546E-06,0.0208157896995544,0.198110359953716,
,,,2.0548E-06,0.087761402130127,0.197942995931953,
,,,2.055E-06,0.0208157896995544,0.19777563191019,
,,,2.0552E-06,-0.0461298227310181,0.19777563191019,
,,,2.0554E-06,-0.0461298227310181,0.197608267888427,
,,,2.0556E-06,0.0208157896995544,0.19827772397548,
,,,2.0558E-06,0.0208157896995544,0.197942995931953,
,,,2.056E-06,0.0208157896995544,0.19777563191019,
,,,2.0562E-06,-0.0461298227310181,0.198445087997243,
,,,2.0564E-06,0.0208157896995544,0.19827772397548,
,,,2.0566E-06,0.0208157896995544,0.198445087997243,
,,,2.0568E-06,0.0208157896995544,0.198110359953716,
,,,2.057E-06,-0.0461298227310181,0.198445087997243,
,,,2.0572E-06,0.0208157896995544,0.197942995931953,
,,,2.0574E-06,0.0208157896995544,0.19827772397548,
,,,2.0576E-06,-0.0461298227310181,0.19777563191019,
,,,2.0578E-06,-0.113075435161591,0.197942995931953,
,,,2.058E-06,-0.0461298227310181,0.197440903866664,
,,,2.0582E-06,0.087761402130127,0.19827772397548,
,,,2.0584E-06,-0.0461298227310181,0.19777563191019,
,,,2.0586E-06,-0.0461298227310181,0.197440903866664,
,,,2.0588E-06,0.0208157896995544,0.19777563191019,
,,,2.059E-06,-0.0461298227310181,0.19827772397548,
,,,2.0592E-06,-0.0461298227310181,0.1972735398449,
,,,2.0594E-06,-0.113075435161591,0.19777563191019,
,,,2.0596E-06,-0.0461298227310181,0.198612452019006,
,,,2.0598E-06,-0.113075435161591,0.197942995931953,
,,,2.06E-06,-0.0461298227310181,0.197942995931953,
,,,2.0602E-06,0.0208157896995544,0.19777563191019,
,,,2.0604E-06,0.0208157896995544,0.198612452019006,
,,,2.0606E-06,0.087761402130127,0.197608267888427,
,,,2.0608E-06,0.0208157896995544,0.19777563191019,
,,,2.061E-06,0.0208157896995544,0.198445087997243,
,,,2.0612E-06,-0.113075435161591,0.198110359953716,
,,,2.0614E-06,-0.0461298227310181,0.19827772397548,
,,,2.0616E-06,0.0208157896995544,0.198445087997243,
,,,2.0618E-06,-0.0461298227310181,0.198445087997243,
,,,2.062E-06,-0.113075435161591,0.198110359953716,
,,,2.0622E-06,-0.0461298227310181,0.198445087997243,
,,,2.0624E-06,0.087761402130127,0.19777563191019,
,,,2.0626E-06,-0.0461298227310181,0.198110359953716,
,,,2.0628E-06,0.0208157896995544,0.19777563191019,
,,,2.063E-06,0.0208157896995544,0.198779816040769,
,,,2.0632E-06,0.0208157896995544,0.19827772397548,
,,,2.0634E-06,0.0208157896995544,0.198779816040769,
,,,2.0636E-06,-0.113075435161591,0.198947180062532,
,,,2.0638E-06,-0.0461298227310181,0.198445087997243,
,,,2.064E-06,0.0208157896995544,0.198612452019006,
,,,2.0642E-06,0.0208157896995544,0.19777563191019,
,,,2.0644E-06,-0.0461298227310181,0.198612452019006,
,,,2.0646E-06,0.087761402130127,0.198612452019006,
,,,2.0648E-06,0.0208157896995544,0.198110359953716,
,,,2.065E-06,-0.0461298227310181,0.198445087997243,
,,,2.0652E-06,0.0208157896995544,0.198779816040769,
,,,2.0654E-06,-0.0461298227310181,0.197942995931953,
,,,2.0656E-06,0.087761402130127,0.198445087997243,
,,,2.0658E-06,0.0208157896995544,0.198947180062532,
,,,2.066E-06,0.0208157896995544,0.199281908106059,
,,,2.0662E-06,0.0208157896995544,0.198612452019006,
,,,2.0664E-06,0.087761402130127,0.198612452019006,
,,,2.0666E-06,-0.0461298227310181,0.19777563191019,
,,,2.0668E-06,0.154707014560699,0.19777563191019,
,,,2.067E-06,0.087761402130127,0.199281908106059,
,,,2.0672E-06,0.0208157896995544,0.198445087997243,
,,,2.0674E-06,0.0208157896995544,0.197942995931953,
,,,2.0676E-06,0.0208157896995544,0.198110359953716,
,,,2.0678E-06,-0.0461298227310181,0.197942995931953,
,,,2.068E-06,0.0208157896995544,0.197440903866664,
,,,2.0682E-06,0.0208157896995544,0.198445087997243,
,,,2.0684E-06,0.0208157896995544,0.198612452019006,
,,,2.0686E-06,0.0208157896995544,0.198445087997243,
,,,2.0688E-06,0.087761402130127,0.198947180062532,
,,,2.069E-06,0.0208157896995544,0.198779816040769,
,,,2.0692E-06,0.0208157896995544,0.19777563191019,
,,,2.0694E-06,-0.0461298227310181,0.19827772397548,
,,,2.0696E-06,-0.0461298227310181,0.198612452019006,
,,,2.0698E-06,0.0208157896995544,0.197942995931953,
,,,2.07E-06,-0.0461298227310181,0.197942995931953,
,,,2.0702E-06,0.0208157896995544,0.198947180062532,
,,,2.0704E-06,0.0208157896995544,0.198612452019006,
,,,2.0706E-06,-0.0461298227310181,0.197440903866664,
,,,2.0708E-06,0.0208157896995544,0.198779816040769,
,,,2.071E-06,0.0208157896995544,0.19777563191019,
,,,2.0712E-06,0.0208157896995544,0.19777563191019,
,,,2.0714E-06,-0.113075435161591,0.198110359953716,
,,,2.0716E-06,0.0208157896995544,0.198445087997243,
,,,2.0718E-06,0.0208157896995544,0.19827772397548,
,,,2.072E-06,0.0208157896995544,0.197942995931953,
,,,2.0722E-06,0.0208157896995544,0.19827772397548,
,,,2.0724E-06,0.0208157896995544,0.197942995931953,
,,,2.0726E-06,0.0208157896995544,0.19777563191019,
,,,2.0728E-06,0.0208157896995544,0.197942995931953,
,,,2.073E-06,0.0208157896995544,0.197942995931953,
,,,2.0732E-06,0.087761402130127,0.198110359953716,
,,,2.0734E-06,0.0208157896995544,0.198445087997243,
,,,2.0736E-06,0.0208157896995544,0.198110359953716,
,,,2.0738E-06,0.154707014560699,0.198445087997243,
,,,2.074E-06,-0.113075435161591,0.197608267888427,
,,,2.0742E-06,0.0208157896995544,0.197608267888427,
,,,2.0744E-06,0.0208157896995544,0.1972735398449,
,,,2.0746E-06,-0.0461298227310181,0.19777563191019,
,,,2.0748E-06,-0.0461298227310181,0.197608267888427,
,,,2.075E-06,0.0208157896995544,0.19777563191019,
,,,2.0752E-06,0.0208157896995544,0.19777563191019,
,,,2.0754E-06,-0.113075435161591,0.19827772397548,
,,,2.0756E-06,0.0208157896995544,0.197942995931953,
,,,2.0758E-06,0.0208157896995544,0.197608267888427,
,,,2.076E-06,0.0208157896995544,0.197106175823137,
,,,2.0762E-06,0.0208157896995544,0.19777563191019,
,,,2.0764E-06,-0.113075435161591,0.198110359953716,
,,,2.0766E-06,-0.0461298227310181,0.197440903866664,
,,,2.0768E-06,0.087761402130127,0.198779816040769,
,,,2.077E-06,-0.113075435161591,0.197942995931953,
,,,2.0772E-06,-0.0461298227310181,0.198779816040769,
,,,2.0774E-06,-0.0461298227310181,0.19827772397548,
,,,2.0776E-06,-0.0461298227310181,0.197608267888427,
,,,2.0778E-06,-0.0461298227310181,0.19827772397548,
,,,2.078E-06,0.0208157896995544,0.198445087997243,
,,,2.0782E-06,0.0208157896995544,0.198779816040769,
,,,2.0784E-06,0.087761402130127,0.198445087997243,
,,,2.0786E-06,-0.113075435161591,0.198779816040769,
,,,2.0788E-06,-0.113075435161591,0.198110359953716,
,,,2.079E-06,-0.113075435161591,0.198612452019006,
,,,2.0792E-06,0.087761402130127,0.19827772397548,
,,,2.0794E-06,0.087761402130127,0.198779816040769,
,,,2.0796E-06,0.087761402130127,0.198445087997243,
,,,2.0798E-06,0.0208157896995544,0.198779816040769,
,,,2.08E-06,0.0208157896995544,0.19827772397548,
,,,2.0802E-06,0.087761402130127,0.198445087997243,
,,,2.0804E-06,0.0208157896995544,0.198612452019006,
,,,2.0806E-06,-0.0461298227310181,0.198445087997243,
,,,2.0808E-06,0.0208157896995544,0.198947180062532,
,,,2.081E-06,0.0208157896995544,0.198445087997243,
,,,2.0812E-06,0.0208157896995544,0.198612452019006,
,,,2.0814E-06,0.087761402130127,0.198779816040769,
,,,2.0816E-06,0.154707014560699,0.198445087997243,
,,,2.0818E-06,0.0208157896995544,0.198445087997243,
,,,2.082E-06,0.0208157896995544,0.198110359953716,
,,,2.0822E-06,0.0208157896995544,0.198779816040769,
,,,2.0824E-06,0.0208157896995544,0.198445087997243,
,,,2.0826E-06,-0.0461298227310181,0.198612452019006,
,,,2.0828E-06,-0.0461298227310181,0.198947180062532,
,,,2.083E-06,0.087761402130127,0.19827772397548,
,,,2.0832E-06,0.087761402130127,0.19827772397548,
,,,2.0834E-06,-0.113075435161591,0.197942995931953,
,,,2.0836E-06,0.0208157896995544,0.198779816040769,
,,,2.0838E-06,-0.0461298227310181,0.19827772397548,
,,,2.084E-06,0.0208157896995544,0.197608267888427,
,,,2.0842E-06,-0.113075435161591,0.198612452019006,
,,,2.0844E-06,0.0208157896995544,0.198445087997243,
,,,2.0846E-06,-0.0461298227310181,0.198779816040769,
,,,2.0848E-06,0.087761402130127,0.198110359953716,
,,,2.085E-06,-0.113075435161591,0.198612452019006,
,,,2.0852E-06,0.0208157896995544,0.199114544084296,
,,,2.0854E-06,-0.0461298227310181,0.197608267888427,
,,,2.0856E-06,0.0208157896995544,0.198612452019006,
,,,2.0858E-06,-0.0461298227310181,0.199114544084296,
,,,2.086E-06,0.087761402130127,0.198445087997243,
,,,2.0862E-06,0.0208157896995544,0.198110359953716,
,,,2.0864E-06,-0.0461298227310181,0.198612452019006,
,,,2.0866E-06,-0.0461298227310181,0.19827772397548,
,,,2.0868E-06,-0.0461298227310181,0.19827772397548,
,,,2.087E-06,0.0208157896995544,0.197942995931953,
,,,2.0872E-06,0.087761402130127,0.198612452019006,
,,,2.0874E-06,-0.0461298227310181,0.19827772397548,
,,,2.0876E-06,0.0208157896995544,0.197942995931953,
,,,2.0878E-06,0.0208157896995544,0.19827772397548,
,,,2.088E-06,0.0208157896995544,0.19777563191019,
,,,2.0882E-06,0.0208157896995544,0.197440903866664,
,,,2.0884E-06,-0.0461298227310181,0.1972735398449,
,,,2.0886E-06,-0.0461298227310181,0.19777563191019,
,,,2.0888E-06,-0.0461298227310181,0.197942995931953,
,,,2.089E-06,-0.113075435161591,0.197440903866664,
,,,2.0892E-06,-0.0461298227310181,0.197942995931953,
,,,2.0894E-06,-0.0461298227310181,0.19777563191019,
,,,2.0896E-06,0.0208157896995544,0.197942995931953,
,,,2.0898E-06,-0.113075435161591,0.19777563191019,
,,,2.09E-06,-0.0461298227310181,0.198110359953716,
,,,2.0902E-06,0.0208157896995544,0.19827772397548,
,,,2.0904E-06,-0.0461298227310181,0.198110359953716,
,,,2.0906E-06,-0.0461298227310181,0.198445087997243,
,,,2.0908E-06,-0.0461298227310181,0.198612452019006,
,,,2.091E-06,-0.0461298227310181,0.19777563191019,
,,,2.0912E-06,0.0208157896995544,0.197942995931953,
,,,2.0914E-06,-0.113075435161591,0.198110359953716,
,,,2.0916E-06,-0.113075435161591,0.197942995931953,
,,,2.0918E-06,0.0208157896995544,0.198110359953716,
,,,2.092E-06,0.0208157896995544,0.198110359953716,
,,,2.0922E-06,0.0208157896995544,0.198110359953716,
,,,2.0924E-06,0.087761402130127,0.197942995931953,
,,,2.0926E-06,0.0208157896995544,0.19827772397548,
,,,2.0928E-06,0.0208157896995544,0.197942995931953,
,,,2.093E-06,0.087761402130127,0.198445087997243,
,,,2.0932E-06,-0.0461298227310181,0.19827772397548,
,,,2.0934E-06,-0.0461298227310181,0.197608267888427,
,,,2.0936E-06,0.0208157896995544,0.197942995931953,
,,,2.0938E-06,-0.0461298227310181,0.19777563191019,
,,,2.094E-06,0.0208157896995544,0.198110359953716,
,,,2.0942E-06,0.087761402130127,0.198110359953716,
,,,2.0944E-06,0.0208157896995544,0.197942995931953,
,,,2.0946E-06,0.0208157896995544,0.198110359953716,
,,,2.0948E-06,-0.0461298227310181,0.19777563191019,
,,,2.095E-06,-0.0461298227310181,0.198110359953716,
,,,2.0952E-06,0.0208157896995544,0.198110359953716,
,,,2.0954E-06,0.0208157896995544,0.198110359953716,
,,,2.0956E-06,0.0208157896995544,0.198445087997243,
,,,2.0958E-06,0.0208157896995544,0.198947180062532,
,,,2.096E-06,-0.0461298227310181,0.198779816040769,
,,,2.0962E-06,-0.0461298227310181,0.19777563191019,
,,,2.0964E-06,0.0208157896995544,0.197942995931953,
,,,2.0966E-06,0.0208157896995544,0.198445087997243,
,,,2.0968E-06,0.0208157896995544,0.197942995931953,
,,,2.097E-06,-0.113075435161591,0.198947180062532,
,,,2.0972E-06,0.0208157896995544,0.198110359953716,
,,,2.0974E-06,-0.0461298227310181,0.197942995931953,
,,,2.0976E-06,-0.0461298227310181,0.198445087997243,
,,,2.0978E-06,0.0208157896995544,0.199281908106059,
,,,2.098E-06,0.0208157896995544,0.19827772397548,
,,,2.0982E-06,-0.113075435161591,0.197608267888427,
,,,2.0984E-06,0.087761402130127,0.198445087997243,
,,,2.0986E-06,0.087761402130127,0.199449272127822,
,,,2.0988E-06,0.0208157896995544,0.198947180062532,
,,,2.099E-06,-0.0461298227310181,0.198612452019006,
,,,2.0992E-06,0.0208157896995544,0.198445087997243,
,,,2.0994E-06,0.0208157896995544,0.198947180062532,
,,,2.0996E-06,-0.113075435161591,0.197942995931953,
,,,2.0998E-06,-0.0461298227310181,0.198110359953716,
,,,2.1E-06,0.0208157896995544,0.198779816040769,
,,,2.1002E-06,-0.0461298227310181,0.19827772397548,
,,,2.1004E-06,-0.0461298227310181,0.198612452019006,
,,,2.1006E-06,0.0208157896995544,0.198110359953716,
,,,2.1008E-06,0.0208157896995544,0.19827772397548,
,,,2.101E-06,-0.0461298227310181,0.19827772397548,
,,,2.1012E-06,0.0208157896995544,0.198612452019006,
,,,2.1014E-06,-0.0461298227310181,0.19827772397548,
,,,2.1016E-06,-0.0461298227310181,0.198612452019006,
,,,2.1018E-06,0.0208157896995544,0.198110359953716,
,,,2.102E-06,-0.113075435161591,0.19827772397548,
,,,2.1022E-06,-0.0461298227310181,0.197942995931953,
,,,2.1024E-06,0.087761402130127,0.198612452019006,
,,,2.1026E-06,-0.113075435161591,0.197608267888427,
,,,2.1028E-06,-0.0461298227310181,0.197942995931953,
,,,2.103E-06,-0.0461298227310181,0.198445087997243,
,,,2.1032E-06,-0.0461298227310181,0.198445087997243,
,,,2.1034E-06,0.0208157896995544,0.19827772397548,
,,,2.1036E-06,0.0208157896995544,0.198110359953716,
,,,2.1038E-06,-0.0461298227310181,0.198445087997243,
,,,2.104E-06,-0.0461298227310181,0.197942995931953,
,,,2.1042E-06,0.087761402130127,0.198445087997243,
,,,2.1044E-06,-0.0461298227310181,0.198110359953716,
,,,2.1046E-06,-0.0461298227310181,0.19777563191019,
,,,2.1048E-06,0.0208157896995544,0.197942995931953,
,,,2.105E-06,0.087761402130127,0.197440903866664,
,,,2.1052E-06,0.0208157896995544,0.19777563191019,
,,,2.1054E-06,0.0208157896995544,0.19827772397548,
,,,2.1056E-06,-0.0461298227310181,0.197440903866664,
,,,2.1058E-06,-0.0461298227310181,0.198110359953716,
,,,2.106E-06,-0.0461298227310181,0.198110359953716,
,,,2.1062E-06,-0.0461298227310181,0.197942995931953,
,,,2.1064E-06,0.087761402130127,0.198110359953716,
,,,2.1066E-06,0.0208157896995544,0.198110359953716,
,,,2.1068E-06,-0.0461298227310181,0.197942995931953,
,,,2.107E-06,0.087761402130127,0.198947180062532,
,,,2.1072E-06,0.087761402130127,0.199114544084296,
,,,2.1074E-06,-0.113075435161591,0.198110359953716,
,,,2.1076E-06,0.0208157896995544,0.19777563191019,
,,,2.1078E-06,0.087761402130127,0.198779816040769,
,,,2.108E-06,0.0208157896995544,0.19827772397548,
,,,2.1082E-06,0.0208157896995544,0.198110359953716,
,,,2.1084E-06,0.0208157896995544,0.19827772397548,
,,,2.1086E-06,0.0208157896995544,0.198445087997243,
,,,2.1088E-06,0.154707014560699,0.197942995931953,
,,,2.109E-06,-0.0461298227310181,0.197942995931953,
,,,2.1092E-06,-0.0461298227310181,0.19777563191019,
,,,2.1094E-06,0.0208157896995544,0.19777563191019,
,,,2.1096E-06,0.0208157896995544,0.197608267888427,
,,,2.1098E-06,-0.0461298227310181,0.198110359953716,
,,,2.11E-06,0.0208157896995544,0.197608267888427,
,,,2.1102E-06,-0.0461298227310181,0.197608267888427,
,,,2.1104E-06,0.0208157896995544,0.19777563191019,
,,,2.1106E-06,-0.0461298227310181,0.19777563191019,
,,,2.1108E-06,0.0208157896995544,0.197608267888427,
,,,2.111E-06,-0.0461298227310181,0.197440903866664,
,,,2.1112E-06,0.154707014560699,0.197440903866664,
,,,2.1114E-06,0.087761402130127,0.1972735398449,
,,,2.1116E-06,0.0208157896995544,0.197608267888427,
,,,2.1118E-06,0.0208157896995544,0.1972735398449,
,,,2.112E-06,0.0208157896995544,0.19827772397548,
,,,2.1122E-06,0.087761402130127,0.19827772397548,
,,,2.1124E-06,0.0208157896995544,0.19777563191019,
,,,2.1126E-06,0.087761402130127,0.197608267888427,
,,,2.1128E-06,-0.0461298227310181,0.197608267888427,
,,,2.113E-06,0.0208157896995544,0.197608267888427,
,,,2.1132E-06,-0.0461298227310181,0.197942995931953,
,,,2.1134E-06,0.0208157896995544,0.198110359953716,
,,,2.1136E-06,0.0208157896995544,0.19777563191019,
,,,2.1138E-06,-0.0461298227310181,0.1972735398449,
,,,2.114E-06,-0.113075435161591,0.197608267888427,
,,,2.1142E-06,0.0208157896995544,0.197440903866664,
,,,2.1144E-06,-0.0461298227310181,0.197106175823137,
,,,2.1146E-06,0.0208157896995544,0.197440903866664,
,,,2.1148E-06,0.0208157896995544,0.198110359953716,
,,,2.115E-06,0.0208157896995544,0.196938811801374,
,,,2.1152E-06,0.087761402130127,0.1972735398449,
,,,2.1154E-06,-0.180021047592163,0.19777563191019,
,,,2.1156E-06,0.0208157896995544,0.1972735398449,
,,,2.1158E-06,0.087761402130127,0.19777563191019,
,,,2.116E-06,0.154707014560699,0.198110359953716,
,,,2.1162E-06,-0.0461298227310181,0.197942995931953,
,,,2.1164E-06,-0.0461298227310181,0.197942995931953,
,,,2.1166E-06,-0.0461298227310181,0.197106175823137,
,,,2.1168E-06,-0.0461298227310181,0.197608267888427,
,,,2.117E-06,-0.113075435161591,0.197608267888427,
,,,2.1172E-06,-0.0461298227310181,0.198445087997243,
,,,2.1174E-06,-0.0461298227310181,0.197106175823137,
,,,2.1176E-06,0.087761402130127,0.1972735398449,
,,,2.1178E-06,-0.0461298227310181,0.197106175823137,
,,,2.118E-06,0.087761402130127,0.197608267888427,
,,,2.1182E-06,0.087761402130127,0.197440903866664,
,,,2.1184E-06,-0.0461298227310181,0.1972735398449,
,,,2.1186E-06,0.087761402130127,0.197440903866664,
,,,2.1188E-06,0.0208157896995544,0.197440903866664,
,,,2.119E-06,-0.0461298227310181,0.1972735398449,
,,,2.1192E-06,0.0208157896995544,0.1972735398449,
,,,2.1194E-06,0.0208157896995544,0.197440903866664,
,,,2.1196E-06,-0.0461298227310181,0.197608267888427,
,,,2.1198E-06,-0.0461298227310181,0.197440903866664,
,,,2.12E-06,0.154707014560699,0.197440903866664,
,,,2.1202E-06,0.0208157896995544,0.197608267888427,
,,,2.1204E-06,-0.113075435161591,0.197106175823137,
,,,2.1206E-06,0.087761402130127,0.197106175823137,
,,,2.1208E-06,0.0208157896995544,0.197608267888427,
,,,2.121E-06,-0.0461298227310181,0.19777563191019,
,,,2.1212E-06,-0.0461298227310181,0.1972735398449,
,,,2.1214E-06,0.0208157896995544,0.197942995931953,
,,,2.1216E-06,0.087761402130127,0.197942995931953,
,,,2.1218E-06,-0.113075435161591,0.197440903866664,
,,,2.122E-06,0.0208157896995544,0.1972735398449,
,,,2.1222E-06,0.0208157896995544,0.19777563191019,
,,,2.1224E-06,0.0208157896995544,0.197440903866664,
,,,2.1226E-06,0.0208157896995544,0.197942995931953,
,,,2.1228E-06,-0.0461298227310181,0.19827772397548,
,,,2.123E-06,-0.0461298227310181,0.197440903866664,
,,,2.1232E-06,0.087761402130127,0.197942995931953,
,,,2.1234E-06,-0.0461298227310181,0.197942995931953,
,,,2.1236E-06,-0.113075435161591,0.198779816040769,
,,,2.1238E-06,0.0208157896995544,0.197608267888427,
,,,2.124E-06,0.0208157896995544,0.19827772397548,
,,,2.1242E-06,-0.113075435161591,0.197942995931953,
,,,2.1244E-06,0.0208157896995544,0.197942995931953,
,,,2.1246E-06,0.0208157896995544,0.197942995931953,
,,,2.1248E-06,-0.0461298227310181,0.19777563191019,
,,,2.125E-06,0.0208157896995544,0.19827772397548,
,,,2.1252E-06,-0.0461298227310181,0.19827772397548,
,,,2.1254E-06,-0.0461298227310181,0.197942995931953,
,,,2.1256E-06,-0.0461298227310181,0.198612452019006,
,,,2.1258E-06,-0.0461298227310181,0.197942995931953,
,,,2.126E-06,0.0208157896995544,0.197942995931953,
,,,2.1262E-06,0.0208157896995544,0.19827772397548,
,,,2.1264E-06,0.087761402130127,0.198445087997243,
,,,2.1266E-06,-0.0461298227310181,0.19777563191019,
,,,2.1268E-06,-0.0461298227310181,0.197942995931953,
,,,2.127E-06,-0.0461298227310181,0.19827772397548,
,,,2.1272E-06,-0.0461298227310181,0.197106175823137,
,,,2.1274E-06,0.0208157896995544,0.198612452019006,
,,,2.1276E-06,-0.0461298227310181,0.198445087997243,
,,,2.1278E-06,-0.0461298227310181,0.197942995931953,
,,,2.128E-06,-0.0461298227310181,0.19827772397548,
,,,2.1282E-06,-0.0461298227310181,0.198110359953716,
,,,2.1284E-06,-0.0461298227310181,0.198110359953716,
,,,2.1286E-06,0.0208157896995544,0.1972735398449,
,,,2.1288E-06,0.0208157896995544,0.197608267888427,
,,,2.129E-06,-0.113075435161591,0.197106175823137,
,,,2.1292E-06,-0.113075435161591,0.19777563191019,
,,,2.1294E-06,-0.0461298227310181,0.198110359953716,
,,,2.1296E-06,-0.0461298227310181,0.1972735398449,
,,,2.1298E-06,-0.113075435161591,0.197608267888427,
,,,2.13E-06,0.0208157896995544,0.197942995931953,
,,,2.1302E-06,-0.0461298227310181,0.197608267888427,
,,,2.1304E-06,0.0208157896995544,0.19777563191019,
,,,2.1306E-06,0.0208157896995544,0.19777563191019,
,,,2.1308E-06,0.0208157896995544,0.197608267888427,
,,,2.131E-06,0.0208157896995544,0.197608267888427,
,,,2.1312E-06,0.0208157896995544,0.198110359953716,
,,,2.1314E-06,0.0208157896995544,0.198445087997243,
,,,2.1316E-06,-0.113075435161591,0.198445087997243,
,,,2.1318E-06,-0.0461298227310181,0.198110359953716,
,,,2.132E-06,0.0208157896995544,0.19777563191019,
,,,2.1322E-06,-0.0461298227310181,0.197608267888427,
,,,2.1324E-06,0.0208157896995544,0.196771447779611,
,,,2.1326E-06,-0.0461298227310181,0.197942995931953,
,,,2.1328E-06,0.087761402130127,0.197942995931953,
,,,2.133E-06,-0.113075435161591,0.19827772397548,
,,,2.1332E-06,0.087761402130127,0.197440903866664,
,,,2.1334E-06,-0.0461298227310181,0.197608267888427,
,,,2.1336E-06,-0.0461298227310181,0.19777563191019,
,,,2.1338E-06,-0.0461298227310181,0.196938811801374,
,,,2.134E-06,0.0208157896995544,0.197106175823137,
,,,2.1342E-06,-0.0461298227310181,0.197440903866664,
,,,2.1344E-06,0.0208157896995544,0.197608267888427,
,,,2.1346E-06,-0.113075435161591,0.196938811801374,
,,,2.1348E-06,0.0208157896995544,0.196938811801374,
,,,2.135E-06,0.0208157896995544,0.1972735398449,
,,,2.1352E-06,0.0208157896995544,0.197106175823137,
,,,2.1354E-06,-0.0461298227310181,0.196771447779611,
,,,2.1356E-06,-0.0461298227310181,0.196938811801374,
,,,2.1358E-06,0.0208157896995544,0.197608267888427,
,,,2.136E-06,-0.0461298227310181,0.197106175823137,
,,,2.1362E-06,0.087761402130127,0.196938811801374,
,,,2.1364E-06,-0.113075435161591,0.197106175823137,
,,,2.1366E-06,-0.0461298227310181,0.196938811801374,
,,,2.1368E-06,0.087761402130127,0.196604083757848,
,,,2.137E-06,-0.0461298227310181,0.196436719736084,
,,,2.1372E-06,0.087761402130127,0.196771447779611,
,,,2.1374E-06,0.087761402130127,0.197440903866664,
,,,2.1376E-06,0.0208157896995544,0.196771447779611,
,,,2.1378E-06,0.087761402130127,0.196771447779611,
,,,2.138E-06,-0.0461298227310181,0.196938811801374,
,,,2.1382E-06,-0.0461298227310181,0.196938811801374,
,,,2.1384E-06,-0.0461298227310181,0.196938811801374,
,,,2.1386E-06,-0.0461298227310181,0.196771447779611,
,,,2.1388E-06,-0.0461298227310181,0.196938811801374,
,,,2.139E-06,-0.0461298227310181,0.1972735398449,
,,,2.1392E-06,0.154707014560699,0.196604083757848,
,,,2.1394E-06,0.0208157896995544,0.196938811801374,
,,,2.1396E-06,-0.0461298227310181,0.196101991692558,
,,,2.1398E-06,-0.0461298227310181,0.196771447779611,
,,,2.14E-06,0.0208157896995544,0.195934627670795,
,,,2.1402E-06,-0.0461298227310181,0.196436719736084,
,,,2.1404E-06,0.0208157896995544,0.196436719736084,
,,,2.1406E-06,-0.0461298227310181,0.196938811801374,
,,,2.1408E-06,0.087761402130127,0.197106175823137,
,,,2.141E-06,-0.0461298227310181,0.196771447779611,
,,,2.1412E-06,-0.0461298227310181,0.197106175823137,
,,,2.1414E-06,-0.0461298227310181,0.1972735398449,
,,,2.1416E-06,0.0208157896995544,0.196938811801374,
,,,2.1418E-06,0.0208157896995544,0.196436719736084,
,,,2.142E-06,-0.0461298227310181,0.197106175823137,
,,,2.1422E-06,-0.0461298227310181,0.196269355714321,
,,,2.1424E-06,0.0208157896995544,0.196938811801374,
,,,2.1426E-06,-0.0461298227310181,0.1972735398449,
,,,2.1428E-06,0.0208157896995544,0.196938811801374,
,,,2.143E-06,0.0208157896995544,0.196604083757848,
,,,2.1432E-06,0.087761402130127,0.196938811801374,
,,,2.1434E-06,-0.0461298227310181,0.196938811801374,
,,,2.1436E-06,0.087761402130127,0.196938811801374,
,,,2.1438E-06,0.0208157896995544,0.197440903866664,
,,,2.144E-06,0.0208157896995544,0.196938811801374,
,,,2.1442E-06,0.0208157896995544,0.196771447779611,
,,,2.1444E-06,0.0208157896995544,0.197106175823137,
,,,2.1446E-06,-0.0461298227310181,0.197106175823137,
,,,2.1448E-06,0.087761402130127,0.197440903866664,
,,,2.145E-06,-0.0461298227310181,0.1972735398449,
,,,2.1452E-06,0.0208157896995544,0.196604083757848,
,,,2.1454E-06,-0.0461298227310181,0.196604083757848,
,,,2.1456E-06,0.154707014560699,0.197106175823137,
,,,2.1458E-06,-0.0461298227310181,0.196269355714321,
,,,2.146E-06,0.087761402130127,0.197106175823137,
,,,2.1462E-06,0.087761402130127,0.196771447779611,
,,,2.1464E-06,-0.0461298227310181,0.196604083757848,
,,,2.1466E-06,-0.0461298227310181,0.197106175823137,
,,,2.1468E-06,0.0208157896995544,0.197440903866664,
,,,2.147E-06,0.0208157896995544,0.1972735398449,
,,,2.1472E-06,0.087761402130127,0.196269355714321,
,,,2.1474E-06,-0.0461298227310181,0.196604083757848,
,,,2.1476E-06,0.0208157896995544,0.197106175823137,
,,,2.1478E-06,-0.113075435161591,0.1972735398449,
,,,2.148E-06,-0.0461298227310181,0.197440903866664,
,,,2.1482E-06,-0.0461298227310181,0.197608267888427,
,,,2.1484E-06,-0.0461298227310181,0.197440903866664,
,,,2.1486E-06,-0.0461298227310181,0.196938811801374,
,,,2.1488E-06,-0.0461298227310181,0.1972735398449,
,,,2.149E-06,-0.0461298227310181,0.197106175823137,
,,,2.1492E-06,0.0208157896995544,0.1972735398449,
,,,2.1494E-06,-0.0461298227310181,0.196771447779611,
,,,2.1496E-06,0.0208157896995544,0.196269355714321,
,,,2.1498E-06,0.0208157896995544,0.196938811801374,
,,,2.15E-06,0.087761402130127,0.197106175823137,
,,,2.1502E-06,0.0208157896995544,0.196771447779611,
,,,2.1504E-06,0.0208157896995544,0.196771447779611,
,,,2.1506E-06,0.087761402130127,0.196604083757848,
,,,2.1508E-06,0.0208157896995544,0.196436719736084,
,,,2.151E-06,0.0208157896995544,0.196604083757848,
,,,2.1512E-06,0.087761402130127,0.196938811801374,
,,,2.1514E-06,0.0208157896995544,0.196604083757848,
,,,2.1516E-06,0.087761402130127,0.19777563191019,
,,,2.1518E-06,0.0208157896995544,0.197440903866664,
,,,2.152E-06,0.087761402130127,0.196604083757848,
,,,2.1522E-06,-0.0461298227310181,0.196771447779611,
,,,2.1524E-06,0.0208157896995544,0.196771447779611,
,,,2.1526E-06,-0.0461298227310181,0.197106175823137,
,,,2.1528E-06,0.0208157896995544,0.196101991692558,
,,,2.153E-06,0.0208157896995544,0.196604083757848,
,,,2.1532E-06,0.0208157896995544,0.196771447779611,
,,,2.1534E-06,-0.0461298227310181,0.196604083757848,
,,,2.1536E-06,-0.0461298227310181,0.196604083757848,
,,,2.1538E-06,-0.113075435161591,0.196938811801374,
,,,2.154E-06,-0.0461298227310181,0.196604083757848,
,,,2.1542E-06,-0.0461298227310181,0.196101991692558,
,,,2.1544E-06,-0.0461298227310181,0.196269355714321,
,,,2.1546E-06,-0.0461298227310181,0.196436719736084,
,,,2.1548E-06,0.087761402130127,0.196269355714321,
,,,2.155E-06,-0.0461298227310181,0.195767263649032,
,,,2.1552E-06,0.0208157896995544,0.196938811801374,
,,,2.1554E-06,-0.0461298227310181,0.195767263649032,
,,,2.1556E-06,0.0208157896995544,0.195934627670795,
,,,2.1558E-06,-0.0461298227310181,0.196269355714321,
,,,2.156E-06,0.0208157896995544,0.195767263649032,
,,,2.1562E-06,0.0208157896995544,0.194595715496689,
,,,2.1564E-06,0.154707014560699,0.196269355714321,
,,,2.1566E-06,0.087761402130127,0.196604083757848,
,,,2.1568E-06,0.0208157896995544,0.195934627670795,
,,,2.157E-06,0.087761402130127,0.195934627670795,
,,,2.1572E-06,0.0208157896995544,0.195767263649032,
,,,2.1574E-06,-0.0461298227310181,0.195767263649032,
,,,2.1576E-06,0.0208157896995544,0.195934627670795,
,,,2.1578E-06,0.0208157896995544,0.195265171583742,
,,,2.158E-06,0.0208157896995544,0.195599899627268,
,,,2.1582E-06,0.0208157896995544,0.195599899627268,
,,,2.1584E-06,0.0208157896995544,0.195432535605505,
,,,2.1586E-06,-0.0461298227310181,0.195265171583742,
,,,2.1588E-06,0.087761402130127,0.195767263649032,
,,,2.159E-06,0.0208157896995544,0.195767263649032,
,,,2.1592E-06,0.0208157896995544,0.195265171583742,
,,,2.1594E-06,-0.0461298227310181,0.195265171583742,
,,,2.1596E-06,0.0208157896995544,0.195432535605505,
,,,2.1598E-06,0.087761402130127,0.195432535605505,
,,,2.16E-06,0.154707014560699,0.196101991692558,
,,,2.1602E-06,-0.0461298227310181,0.195432535605505,
,,,2.1604E-06,-0.0461298227310181,0.195599899627268,
,,,2.1606E-06,0.087761402130127,0.195599899627268,
,,,2.1608E-06,0.0208157896995544,0.195599899627268,
,,,2.161E-06,-0.0461298227310181,0.195599899627268,
,,,2.1612E-06,0.0208157896995544,0.195265171583742,
,,,2.1614E-06,-0.0461298227310181,0.196101991692558,
,,,2.1616E-06,-0.0461298227310181,0.195599899627268,
,,,2.1618E-06,-0.0461298227310181,0.195432535605505,
,,,2.162E-06,-0.0461298227310181,0.196101991692558,
,,,2.1622E-06,-0.0461298227310181,0.195599899627268,
,,,2.1624E-06,0.087761402130127,0.195097807561979,
,,,2.1626E-06,-0.0461298227310181,0.195432535605505,
,,,2.1628E-06,0.087761402130127,0.195097807561979,
,,,2.163E-06,-0.0461298227310181,0.195432535605505,
,,,2.1632E-06,0.0208157896995544,0.195265171583742,
,,,2.1634E-06,0.087761402130127,0.195432535605505,
,,,2.1636E-06,0.0208157896995544,0.195265171583742,
,,,2.1638E-06,-0.0461298227310181,0.195432535605505,
,,,2.164E-06,0.0208157896995544,0.195265171583742,
,,,2.1642E-06,0.0208157896995544,0.195265171583742,
,,,2.1644E-06,0.0208157896995544,0.195432535605505,
,,,2.1646E-06,0.0208157896995544,0.194763079518452,
,,,2.1648E-06,0.087761402130127,0.195767263649032,
,,,2.165E-06,0.0208157896995544,0.195767263649032,
,,,2.1652E-06,0.0208157896995544,0.195265171583742,
,,,2.1654E-06,0.0208157896995544,0.195432535605505,
,,,2.1656E-06,0.0208157896995544,0.195767263649032,
,,,2.1658E-06,0.0208157896995544,0.195432535605505,
,,,2.166E-06,-0.0461298227310181,0.195265171583742,
,,,2.1662E-06,0.0208157896995544,0.195265171583742,
,,,2.1664E-06,0.087761402130127,0.195934627670795,
,,,2.1666E-06,-0.0461298227310181,0.195599899627268,
,,,2.1668E-06,-0.0461298227310181,0.195767263649032,
,,,2.167E-06,0.087761402130127,0.196101991692558,
,,,2.1672E-06,0.087761402130127,0.195767263649032,
,,,2.1674E-06,-0.0461298227310181,0.195432535605505,
,,,2.1676E-06,-0.0461298227310181,0.195767263649032,
,,,2.1678E-06,-0.0461298227310181,0.195934627670795,
,,,2.168E-06,0.0208157896995544,0.195265171583742,
,,,2.1682E-06,0.0208157896995544,0.196101991692558,
,,,2.1684E-06,0.087761402130127,0.195432535605505,
,,,2.1686E-06,-0.113075435161591,0.195934627670795,
,,,2.1688E-06,-0.0461298227310181,0.195432535605505,
,,,2.169E-06,0.0208157896995544,0.195934627670795,
,,,2.1692E-06,0.087761402130127,0.195934627670795,
,,,2.1694E-06,0.0208157896995544,0.195767263649032,
,,,2.1696E-06,0.0208157896995544,0.195432535605505,
,,,2.1698E-06,0.087761402130127,0.195934627670795,
,,,2.17E-06,-0.0461298227310181,0.196101991692558,
,,,2.1702E-06,0.087761402130127,0.195599899627268,
,,,2.1704E-06,0.087761402130127,0.196269355714321,
,,,2.1706E-06,-0.113075435161591,0.195432535605505,
,,,2.1708E-06,-0.0461298227310181,0.195599899627268,
,,,2.171E-06,0.0208157896995544,0.195599899627268,
,,,2.1712E-06,0.154707014560699,0.195599899627268,
,,,2.1714E-06,-0.0461298227310181,0.194930443540215,
,,,2.1716E-06,-0.0461298227310181,0.196101991692558,
,,,2.1718E-06,-0.0461298227310181,0.195767263649032,
,,,2.172E-06,-0.0461298227310181,0.195265171583742,
,,,2.1722E-06,-0.0461298227310181,0.196101991692558,
,,,2.1724E-06,0.0208157896995544,0.195599899627268,
,,,2.1726E-06,0.087761402130127,0.195599899627268,
,,,2.1728E-06,0.0208157896995544,0.195767263649032,
,,,2.173E-06,-0.180021047592163,0.195265171583742,
,,,2.1732E-06,0.0208157896995544,0.195097807561979,
,,,2.1734E-06,0.087761402130127,0.196101991692558,
,,,2.1736E-06,0.0208157896995544,0.195432535605505,
,,,2.1738E-06,-0.113075435161591,0.195432535605505,
,,,2.174E-06,0.0208157896995544,0.195265171583742,
,,,2.1742E-06,-0.113075435161591,0.195265171583742,
,,,2.1744E-06,0.0208157896995544,0.195265171583742,
,,,2.1746E-06,-0.0461298227310181,0.195599899627268,
,,,2.1748E-06,-0.113075435161591,0.194763079518452,
,,,2.175E-06,-0.113075435161591,0.195934627670795,
,,,2.1752E-06,0.087761402130127,0.195265171583742,
,,,2.1754E-06,-0.0461298227310181,0.195265171583742,
,,,2.1756E-06,0.0208157896995544,0.195432535605505,
,,,2.1758E-06,0.0208157896995544,0.194930443540215,
,,,2.176E-06,0.0208157896995544,0.194930443540215,
,,,2.1762E-06,-0.0461298227310181,0.195599899627268,
,,,2.1764E-06,-0.0461298227310181,0.194930443540215,
,,,2.1766E-06,-0.0461298227310181,0.195265171583742,
,,,2.1768E-06,0.0208157896995544,0.195265171583742,
,,,2.177E-06,-0.0461298227310181,0.195599899627268,
,,,2.1772E-06,-0.0461298227310181,0.195097807561979,
,,,2.1774E-06,0.087761402130127,0.195097807561979,
,,,2.1776E-06,0.087761402130127,0.195097807561979,
,,,2.1778E-06,0.0208157896995544,0.195432535605505,
,,,2.178E-06,0.087761402130127,0.195432535605505,
,,,2.1782E-06,0.0208157896995544,0.195432535605505,
,,,2.1784E-06,-0.0461298227310181,0.195265171583742,
,,,2.1786E-06,0.0208157896995544,0.194930443540215,
,,,2.1788E-06,-0.0461298227310181,0.195097807561979,
,,,2.179E-06,0.0208157896995544,0.194260987453163,
,,,2.1792E-06,0.087761402130127,0.195265171583742,
,,,2.1794E-06,-0.0461298227310181,0.195432535605505,
,,,2.1796E-06,-0.0461298227310181,0.194763079518452,
,,,2.1798E-06,0.087761402130127,0.195265171583742,
,,,2.18E-06,0.0208157896995544,0.194763079518452,
,,,2.1802E-06,-0.0461298227310181,0.194595715496689,
,,,2.1804E-06,0.0208157896995544,0.194595715496689,
,,,2.1806E-06,-0.0461298227310181,0.194763079518452,
,,,2.1808E-06,-0.0461298227310181,0.194763079518452,
,,,2.181E-06,-0.0461298227310181,0.195097807561979,
,,,2.1812E-06,0.0208157896995544,0.195599899627268,
,,,2.1814E-06,-0.0461298227310181,0.195265171583742,
,,,2.1816E-06,0.087761402130127,0.194930443540215,
,,,2.1818E-06,0.0208157896995544,0.195265171583742,
,,,2.182E-06,0.0208157896995544,0.195599899627268,
,,,2.1822E-06,0.0208157896995544,0.194930443540215,
,,,2.1824E-06,0.0208157896995544,0.195599899627268,
,,,2.1826E-06,0.087761402130127,0.195432535605505,
,,,2.1828E-06,0.0208157896995544,0.195265171583742,
,,,2.183E-06,-0.0461298227310181,0.194930443540215,
,,,2.1832E-06,0.0208157896995544,0.195599899627268,
,,,2.1834E-06,0.0208157896995544,0.194930443540215,
,,,2.1836E-06,-0.0461298227310181,0.195265171583742,
,,,2.1838E-06,-0.0461298227310181,0.195265171583742,
,,,2.184E-06,0.087761402130127,0.195265171583742,
,,,2.1842E-06,-0.0461298227310181,0.195432535605505,
,,,2.1844E-06,-0.0461298227310181,0.195767263649032,
,,,2.1846E-06,-0.0461298227310181,0.194930443540215,
,,,2.1848E-06,-0.113075435161591,0.194763079518452,
,,,2.185E-06,-0.0461298227310181,0.195599899627268,
,,,2.1852E-06,-0.113075435161591,0.194930443540215,
,,,2.1854E-06,0.0208157896995544,0.195097807561979,
,,,2.1856E-06,0.087761402130127,0.195265171583742,
,,,2.1858E-06,-0.113075435161591,0.195599899627268,
,,,2.186E-06,0.0208157896995544,0.194595715496689,
,,,2.1862E-06,0.154707014560699,0.195432535605505,
,,,2.1864E-06,0.0208157896995544,0.195432535605505,
,,,2.1866E-06,-0.0461298227310181,0.195097807561979,
,,,2.1868E-06,0.0208157896995544,0.195432535605505,
,,,2.187E-06,0.087761402130127,0.194930443540215,
,,,2.1872E-06,-0.0461298227310181,0.195265171583742,
,,,2.1874E-06,-0.0461298227310181,0.195432535605505,
,,,2.1876E-06,-0.0461298227310181,0.194930443540215,
,,,2.1878E-06,-0.0461298227310181,0.195097807561979,
,,,2.188E-06,0.0208157896995544,0.195265171583742,
,,,2.1882E-06,0.0208157896995544,0.195934627670795,
,,,2.1884E-06,0.087761402130127,0.195767263649032,
,,,2.1886E-06,0.0208157896995544,0.195097807561979,
,,,2.1888E-06,-0.0461298227310181,0.195432535605505,
,,,2.189E-06,0.0208157896995544,0.195599899627268,
,,,2.1892E-06,-0.0461298227310181,0.195265171583742,
,,,2.1894E-06,-0.0461298227310181,0.195097807561979,
,,,2.1896E-06,0.0208157896995544,0.194763079518452,
,,,2.1898E-06,0.0208157896995544,0.194930443540215,
,,,2.19E-06,0.0208157896995544,0.195599899627268,
,,,2.1902E-06,-0.0461298227310181,0.196101991692558,
,,,2.1904E-06,0.087761402130127,0.195097807561979,
,,,2.1906E-06,-0.0461298227310181,0.195265171583742,
,,,2.1908E-06,0.0208157896995544,0.195265171583742,
,,,2.191E-06,0.0208157896995544,0.195432535605505,
,,,2.1912E-06,-0.0461298227310181,0.195265171583742,
,,,2.1914E-06,0.0208157896995544,0.195432535605505,
,,,2.1916E-06,-0.0461298227310181,0.195767263649032,
,,,2.1918E-06,0.0208157896995544,0.195432535605505,
,,,2.192E-06,0.0208157896995544,0.195767263649032,
,,,2.1922E-06,-0.180021047592163,0.195767263649032,
,,,2.1924E-06,0.0208157896995544,0.195767263649032,
,,,2.1926E-06,0.0208157896995544,0.195432535605505,
,,,2.1928E-06,0.0208157896995544,0.195265171583742,
,,,2.193E-06,-0.0461298227310181,0.195599899627268,
,,,2.1932E-06,0.0208157896995544,0.196101991692558,
,,,2.1934E-06,-0.0461298227310181,0.195767263649032,
,,,2.1936E-06,-0.0461298227310181,0.194930443540215,
,,,2.1938E-06,-0.113075435161591,0.195934627670795,
,,,2.194E-06,0.0208157896995544,0.195934627670795,
,,,2.1942E-06,-0.0461298227310181,0.195432535605505,
,,,2.1944E-06,0.0208157896995544,0.195599899627268,
,,,2.1946E-06,-0.0461298227310181,0.195265171583742,
,,,2.1948E-06,0.0208157896995544,0.195599899627268,
,,,2.195E-06,-0.0461298227310181,0.194930443540215,
,,,2.1952E-06,-0.0461298227310181,0.195599899627268,
,,,2.1954E-06,0.221652626991272,0.195767263649032,
,,,2.1956E-06,0.0208157896995544,0.195599899627268,
,,,2.1958E-06,0.087761402130127,0.195265171583742,
,,,2.196E-06,0.0208157896995544,0.195599899627268,
,,,2.1962E-06,-0.0461298227310181,0.195265171583742,
,,,2.1964E-06,-0.0461298227310181,0.195432535605505,
,,,2.1966E-06,-0.0461298227310181,0.195265171583742,
,,,2.1968E-06,0.0208157896995544,0.195767263649032,
,,,2.197E-06,-0.0461298227310181,0.196269355714321,
,,,2.1972E-06,0.0208157896995544,0.195599899627268,
,,,2.1974E-06,0.0208157896995544,0.195767263649032,
,,,2.1976E-06,0.0208157896995544,0.195265171583742,
,,,2.1978E-06,-0.113075435161591,0.196101991692558,
,,,2.198E-06,0.0208157896995544,0.195432535605505,
,,,2.1982E-06,0.0208157896995544,0.195432535605505,
,,,2.1984E-06,0.087761402130127,0.195599899627268,
,,,2.1986E-06,-0.0461298227310181,0.195599899627268,
,,,2.1988E-06,0.154707014560699,0.195934627670795,
,,,2.199E-06,0.0208157896995544,0.195767263649032,
,,,2.1992E-06,0.0208157896995544,0.195599899627268,
,,,2.1994E-06,-0.0461298227310181,0.195599899627268,
,,,2.1996E-06,-0.0461298227310181,0.195599899627268,
,,,2.1998E-06,-0.0461298227310181,0.196101991692558,
,,,2.2E-06,-0.0461298227310181,0.195265171583742,
,,,2.2002E-06,-0.113075435161591,0.195599899627268,
,,,2.2004E-06,0.0208157896995544,0.195767263649032,
,,,2.2006E-06,-0.0461298227310181,0.195432535605505,
,,,2.2008E-06,0.0208157896995544,0.195767263649032,
,,,2.201E-06,0.0208157896995544,0.196604083757848,
,,,2.2012E-06,0.087761402130127,0.195934627670795,
,,,2.2014E-06,-0.0461298227310181,0.195767263649032,
,,,2.2016E-06,-0.0461298227310181,0.195934627670795,
,,,2.2018E-06,0.087761402130127,0.196269355714321,
,,,2.202E-06,-0.0461298227310181,0.195265171583742,
,,,2.2022E-06,-0.0461298227310181,0.195934627670795,
,,,2.2024E-06,0.087761402130127,0.195767263649032,
,,,2.2026E-06,0.087761402130127,0.195934627670795,
,,,2.2028E-06,-0.0461298227310181,0.195767263649032,
,,,2.203E-06,0.087761402130127,0.196101991692558,
,,,2.2032E-06,0.087761402130127,0.195432535605505,
,,,2.2034E-06,-0.113075435161591,0.195934627670795,
,,,2.2036E-06,0.0208157896995544,0.195097807561979,
,,,2.2038E-06,0.0208157896995544,0.195934627670795,
,,,2.204E-06,0.0208157896995544,0.196436719736084,
,,,2.2042E-06,-0.0461298227310181,0.195599899627268,
,,,2.2044E-06,-0.0461298227310181,0.196604083757848,
,,,2.2046E-06,-0.0461298227310181,0.195599899627268,
,,,2.2048E-06,0.087761402130127,0.195934627670795,
,,,2.205E-06,-0.0461298227310181,0.195767263649032,
,,,2.2052E-06,-0.0461298227310181,0.196436719736084,
,,,2.2054E-06,0.0208157896995544,0.195934627670795,
,,,2.2056E-06,0.0208157896995544,0.195934627670795,
,,,2.2058E-06,-0.113075435161591,0.195934627670795,
,,,2.206E-06,0.0208157896995544,0.195767263649032,
,,,2.2062E-06,-0.0461298227310181,0.196101991692558,
,,,2.2064E-06,-0.113075435161591,0.196269355714321,
,,,2.2066E-06,-0.0461298227310181,0.195432535605505,
,,,2.2068E-06,-0.0461298227310181,0.196436719736084,
,,,2.207E-06,-0.113075435161591,0.196101991692558,
,,,2.2072E-06,0.0208157896995544,0.195432535605505,
,,,2.2074E-06,-0.0461298227310181,0.195767263649032,
,,,2.2076E-06,-0.0461298227310181,0.196938811801374,
,,,2.2078E-06,-0.0461298227310181,0.196101991692558,
,,,2.208E-06,0.0208157896995544,0.195265171583742,
,,,2.2082E-06,0.0208157896995544,0.196269355714321,
,,,2.2084E-06,-0.0461298227310181,0.195934627670795,
,,,2.2086E-06,0.0208157896995544,0.195934627670795,
,,,2.2088E-06,0.0208157896995544,0.195934627670795,
,,,2.209E-06,0.087761402130127,0.195934627670795,
,,,2.2092E-06,-0.0461298227310181,0.195934627670795,
,,,2.2094E-06,0.0208157896995544,0.195767263649032,
,,,2.2096E-06,0.0208157896995544,0.196938811801374,
,,,2.2098E-06,-0.0461298227310181,0.196436719736084,
,,,2.21E-06,0.087761402130127,0.195934627670795,
,,,2.2102E-06,0.087761402130127,0.196938811801374,
,,,2.2104E-06,0.0208157896995544,0.196269355714321,
,,,2.2106E-06,-0.0461298227310181,0.196436719736084,
,,,2.2108E-06,-0.113075435161591,0.196604083757848,
,,,2.211E-06,-0.0461298227310181,0.196771447779611,
,,,2.2112E-06,0.087761402130127,0.196101991692558,
,,,2.2114E-06,-0.0461298227310181,0.196604083757848,
,,,2.2116E-06,0.087761402130127,0.197106175823137,
,,,2.2118E-06,0.154707014560699,0.195934627670795,
,,,2.212E-06,0.0208157896995544,0.195934627670795,
,,,2.2122E-06,-0.113075435161591,0.196771447779611,
,,,2.2124E-06,0.0208157896995544,0.196101991692558,
,,,2.2126E-06,0.0208157896995544,0.196604083757848,
,,,2.2128E-06,0.0208157896995544,0.196938811801374,
,,,2.213E-06,-0.0461298227310181,0.196436719736084,
,,,2.2132E-06,-0.0461298227310181,0.196604083757848,
,,,2.2134E-06,0.0208157896995544,0.196436719736084,
,,,2.2136E-06,0.0208157896995544,0.196771447779611,
,,,2.2138E-06,0.087761402130127,0.196938811801374,
,,,2.214E-06,0.087761402130127,0.196604083757848,
,,,2.2142E-06,0.0208157896995544,0.196938811801374,
,,,2.2144E-06,0.0208157896995544,0.196101991692558,
,,,2.2146E-06,0.087761402130127,0.196436719736084,
,,,2.2148E-06,-0.0461298227310181,0.196604083757848,
,,,2.215E-06,0.0208157896995544,0.196269355714321,
,,,2.2152E-06,0.0208157896995544,0.196771447779611,
,,,2.2154E-06,-0.113075435161591,0.196436719736084,
,,,2.2156E-06,0.0208157896995544,0.195767263649032,
,,,2.2158E-06,0.0208157896995544,0.196436719736084,
,,,2.216E-06,0.0208157896995544,0.195934627670795,
,,,2.2162E-06,-0.0461298227310181,0.196269355714321,
,,,2.2164E-06,0.087761402130127,0.196269355714321,
,,,2.2166E-06,-0.0461298227310181,0.196604083757848,
,,,2.2168E-06,-0.0461298227310181,0.195599899627268,
,,,2.217E-06,-0.0461298227310181,0.196269355714321,
,,,2.2172E-06,-0.113075435161591,0.196101991692558,
,,,2.2174E-06,-0.0461298227310181,0.195599899627268,
,,,2.2176E-06,0.154707014560699,0.196436719736084,
,,,2.2178E-06,-0.0461298227310181,0.196269355714321,
,,,2.218E-06,-0.113075435161591,0.196436719736084,
,,,2.2182E-06,0.0208157896995544,0.196269355714321,
,,,2.2184E-06,0.0208157896995544,0.196269355714321,
,,,2.2186E-06,-0.113075435161591,0.196436719736084,
,,,2.2188E-06,0.0208157896995544,0.196938811801374,
,,,2.219E-06,-0.0461298227310181,0.195767263649032,
,,,2.2192E-06,0.0208157896995544,0.195934627670795,
,,,2.2194E-06,0.0208157896995544,0.196101991692558,
,,,2.2196E-06,0.0208157896995544,0.195265171583742,
,,,2.2198E-06,-0.0461298227310181,0.196101991692558,
,,,2.22E-06,0.087761402130127,0.196269355714321,
,,,2.2202E-06,0.0208157896995544,0.195934627670795,
,,,2.2204E-06,0.087761402130127,0.195265171583742,
,,,2.2206E-06,0.0208157896995544,0.195934627670795,
,,,2.2208E-06,0.0208157896995544,0.195599899627268,
,,,2.221E-06,0.0208157896995544,0.195599899627268,
,,,2.2212E-06,-0.0461298227310181,0.195934627670795,
,,,2.2214E-06,-0.0461298227310181,0.195767263649032,
,,,2.2216E-06,0.0208157896995544,0.195934627670795,
,,,2.2218E-06,-0.0461298227310181,0.195767263649032,
,,,2.222E-06,0.0208157896995544,0.195767263649032,
,,,2.2222E-06,0.0208157896995544,0.196269355714321,
,,,2.2224E-06,0.0208157896995544,0.195934627670795,
,,,2.2226E-06,-0.0461298227310181,0.195934627670795,
,,,2.2228E-06,0.087761402130127,0.195767263649032,
,,,2.223E-06,0.087761402130127,0.196269355714321,
,,,2.2232E-06,-0.0461298227310181,0.195599899627268,
,,,2.2234E-06,-0.0461298227310181,0.195432535605505,
,,,2.2236E-06,0.0208157896995544,0.196269355714321,
,,,2.2238E-06,-0.0461298227310181,0.197440903866664,
,,,2.224E-06,-0.0461298227310181,0.196604083757848,
,,,2.2242E-06,-0.0461298227310181,0.196269355714321,
,,,2.2244E-06,-0.0461298227310181,0.196938811801374,
,,,2.2246E-06,-0.0461298227310181,0.196938811801374,
,,,2.2248E-06,0.0208157896995544,0.196101991692558,
,,,2.225E-06,-0.0461298227310181,0.195934627670795,
,,,2.2252E-06,0.087761402130127,0.197106175823137,
,,,2.2254E-06,-0.0461298227310181,0.197106175823137,
,,,2.2256E-06,0.0208157896995544,0.197106175823137,
,,,2.2258E-06,-0.113075435161591,0.197106175823137,
,,,2.226E-06,-0.113075435161591,0.197608267888427,
,,,2.2262E-06,-0.0461298227310181,0.197440903866664,
,,,2.2264E-06,-0.0461298227310181,0.196938811801374,
,,,2.2266E-06,0.087761402130127,0.1972735398449,
,,,2.2268E-06,0.0208157896995544,0.196771447779611,
,,,2.227E-06,-0.0461298227310181,0.1972735398449,
,,,2.2272E-06,-0.0461298227310181,0.196604083757848,
,,,2.2274E-06,-0.0461298227310181,0.196771447779611,
,,,2.2276E-06,-0.113075435161591,0.197440903866664,
,,,2.2278E-06,0.087761402130127,0.197440903866664,
,,,2.228E-06,0.0208157896995544,0.197608267888427,
,,,2.2282E-06,-0.113075435161591,0.1972735398449,
,,,2.2284E-06,-0.0461298227310181,0.197608267888427,
,,,2.2286E-06,0.0208157896995544,0.19777563191019,
,,,2.2288E-06,-0.0461298227310181,0.1972735398449,
,,,2.229E-06,-0.0461298227310181,0.1972735398449,
,,,2.2292E-06,0.0208157896995544,0.197440903866664,
,,,2.2294E-06,-0.0461298227310181,0.19777563191019,
,,,2.2296E-06,0.0208157896995544,0.197608267888427,
,,,2.2298E-06,0.0208157896995544,0.197942995931953,
,,,2.23E-06,-0.113075435161591,0.197608267888427,
,,,2.2302E-06,0.0208157896995544,0.19827772397548,
,,,2.2304E-06,0.0208157896995544,0.19777563191019,
,,,2.2306E-06,-0.113075435161591,0.197608267888427,
,,,2.2308E-06,0.0208157896995544,0.1972735398449,
,,,2.231E-06,0.0208157896995544,0.197942995931953,
,,,2.2312E-06,0.0208157896995544,0.197608267888427,
,,,2.2314E-06,-0.113075435161591,0.197440903866664,
,,,2.2316E-06,-0.0461298227310181,0.19777563191019,
,,,2.2318E-06,-0.0461298227310181,0.198110359953716,
,,,2.232E-06,0.0208157896995544,0.197106175823137,
,,,2.2322E-06,-0.113075435161591,0.197608267888427,
,,,2.2324E-06,0.0208157896995544,0.1972735398449,
,,,2.2326E-06,-0.0461298227310181,0.198445087997243,
,,,2.2328E-06,0.087761402130127,0.197106175823137,
,,,2.233E-06,0.0208157896995544,0.196604083757848,
,,,2.2332E-06,0.087761402130127,0.197106175823137,
,,,2.2334E-06,0.0208157896995544,0.1972735398449,
,,,2.2336E-06,-0.0461298227310181,0.196771447779611,
,,,2.2338E-06,-0.0461298227310181,0.196938811801374,
,,,2.234E-06,-0.0461298227310181,0.1972735398449,
,,,2.2342E-06,0.0208157896995544,0.196938811801374,
,,,2.2344E-06,-0.0461298227310181,0.197440903866664,
,,,2.2346E-06,0.0208157896995544,0.197440903866664,
,,,2.2348E-06,0.0208157896995544,0.196771447779611,
,,,2.235E-06,0.0208157896995544,0.196938811801374,
,,,2.2352E-06,0.087761402130127,0.197106175823137,
,,,2.2354E-06,-0.0461298227310181,0.196938811801374,
,,,2.2356E-06,0.0208157896995544,0.197106175823137,
,,,2.2358E-06,0.0208157896995544,0.197440903866664,
,,,2.236E-06,-0.113075435161591,0.197106175823137,
,,,2.2362E-06,0.0208157896995544,0.197440903866664,
,,,2.2364E-06,0.0208157896995544,0.196771447779611,
,,,2.2366E-06,-0.0461298227310181,0.197440903866664,
,,,2.2368E-06,0.0208157896995544,0.196938811801374,
,,,2.237E-06,0.0208157896995544,0.196269355714321,
,,,2.2372E-06,-0.0461298227310181,0.1972735398449,
,,,2.2374E-06,0.0208157896995544,0.196771447779611,
,,,2.2376E-06,0.0208157896995544,0.196938811801374,
,,,2.2378E-06,-0.0461298227310181,0.1972735398449,
,,,2.238E-06,0.087761402130127,0.196771447779611,
,,,2.2382E-06,-0.0461298227310181,0.196771447779611,
,,,2.2384E-06,0.0208157896995544,0.196771447779611,
,,,2.2386E-06,-0.113075435161591,0.196436719736084,
,,,2.2388E-06,-0.0461298227310181,0.196771447779611,
,,,2.239E-06,-0.113075435161591,0.196269355714321,
,,,2.2392E-06,0.087761402130127,0.196771447779611,
,,,2.2394E-06,0.087761402130127,0.196604083757848,
,,,2.2396E-06,0.087761402130127,0.196436719736084,
,,,2.2398E-06,0.0208157896995544,0.195934627670795,
,,,2.24E-06,-0.0461298227310181,0.196436719736084,
,,,2.2402E-06,0.087761402130127,0.196938811801374,
,,,2.2404E-06,0.0208157896995544,0.196938811801374,
,,,2.2406E-06,0.0208157896995544,0.197440903866664,
,,,2.2408E-06,0.0208157896995544,0.196938811801374,
,,,2.241E-06,0.0208157896995544,0.196771447779611,
,,,2.2412E-06,0.087761402130127,0.197106175823137,
,,,2.2414E-06,-0.0461298227310181,0.197608267888427,
,,,2.2416E-06,0.087761402130127,0.196771447779611,
,,,2.2418E-06,0.0208157896995544,0.197440903866664,
,,,2.242E-06,0.0208157896995544,0.197440903866664,
,,,2.2422E-06,0.0208157896995544,0.197106175823137,
,,,2.2424E-06,-0.113075435161591,0.1972735398449,
,,,2.2426E-06,-0.0461298227310181,0.197106175823137,
,,,2.2428E-06,-0.0461298227310181,0.197608267888427,
,,,2.243E-06,0.087761402130127,0.197608267888427,
,,,2.2432E-06,0.0208157896995544,0.197440903866664,
,,,2.2434E-06,-0.113075435161591,0.19777563191019,
,,,2.2436E-06,0.0208157896995544,0.19827772397548,
,,,2.2438E-06,0.0208157896995544,0.19777563191019,
,,,2.244E-06,-0.0461298227310181,0.197608267888427,
,,,2.2442E-06,0.0208157896995544,0.197440903866664,
,,,2.2444E-06,0.0208157896995544,0.197440903866664,
,,,2.2446E-06,-0.0461298227310181,0.197942995931953,
,,,2.2448E-06,0.087761402130127,0.197608267888427,
,,,2.245E-06,0.087761402130127,0.197942995931953,
,,,2.2452E-06,0.0208157896995544,0.197440903866664,
,,,2.2454E-06,-0.113075435161591,0.19777563191019,
,,,2.2456E-06,0.0208157896995544,0.19827772397548,
,,,2.2458E-06,0.0208157896995544,0.19827772397548,
,,,2.246E-06,0.087761402130127,0.198445087997243,
,,,2.2462E-06,-0.0461298227310181,0.197942995931953,
,,,2.2464E-06,0.0208157896995544,0.19827772397548,
,,,2.2466E-06,0.087761402130127,0.198445087997243,
,,,2.2468E-06,-0.0461298227310181,0.198779816040769,
,,,2.247E-06,0.087761402130127,0.197440903866664,
,,,2.2472E-06,0.087761402130127,0.198612452019006,
,,,2.2474E-06,-0.0461298227310181,0.198612452019006,
,,,2.2476E-06,0.0208157896995544,0.198445087997243,
,,,2.2478E-06,0.154707014560699,0.198110359953716,
,,,2.248E-06,0.087761402130127,0.198110359953716,
,,,2.2482E-06,-0.0461298227310181,0.19827772397548,
,,,2.2484E-06,0.0208157896995544,0.19827772397548,
,,,2.2486E-06,0.0208157896995544,0.199114544084296,
,,,2.2488E-06,-0.113075435161591,0.198779816040769,
,,,2.249E-06,-0.0461298227310181,0.19827772397548,
,,,2.2492E-06,0.0208157896995544,0.198947180062532,
,,,2.2494E-06,0.0208157896995544,0.199449272127822,
,,,2.2496E-06,0.0208157896995544,0.19827772397548,
,,,2.2498E-06,-0.180021047592163,0.198947180062532,
,,,2.25E-06,-0.0461298227310181,0.199281908106059,
,,,2.2502E-06,0.0208157896995544,0.198779816040769,
,,,2.2504E-06,0.0208157896995544,0.197942995931953,
,,,2.2506E-06,-0.0461298227310181,0.198947180062532,
,,,2.2508E-06,0.0208157896995544,0.198110359953716,
,,,2.251E-06,0.0208157896995544,0.198612452019006,
,,,2.2512E-06,-0.0461298227310181,0.198612452019006,
,,,2.2514E-06,-0.113075435161591,0.198947180062532,
,,,2.2516E-06,0.0208157896995544,0.19827772397548,
,,,2.2518E-06,-0.0461298227310181,0.19827772397548,
,,,2.252E-06,0.087761402130127,0.19777563191019,
,,,2.2522E-06,-0.0461298227310181,0.197608267888427,
,,,2.2524E-06,0.0208157896995544,0.198110359953716,
,,,2.2526E-06,0.0208157896995544,0.198110359953716,
,,,2.2528E-06,-0.0461298227310181,0.19777563191019,
,,,2.253E-06,0.087761402130127,0.197440903866664,
,,,2.2532E-06,-0.0461298227310181,0.198110359953716,
,,,2.2534E-06,0.087761402130127,0.19827772397548,
,,,2.2536E-06,0.0208157896995544,0.197942995931953,
,,,2.2538E-06,-0.0461298227310181,0.198110359953716,
,,,2.254E-06,-0.0461298227310181,0.19827772397548,
,,,2.2542E-06,0.0208157896995544,0.197440903866664,
,,,2.2544E-06,0.087761402130127,0.197942995931953,
,,,2.2546E-06,-0.0461298227310181,0.19827772397548,
,,,2.2548E-06,0.087761402130127,0.19777563191019,
,,,2.255E-06,0.0208157896995544,0.198445087997243,
,,,2.2552E-06,-0.0461298227310181,0.19777563191019,
,,,2.2554E-06,-0.0461298227310181,0.19777563191019,
,,,2.2556E-06,0.0208157896995544,0.198612452019006,
,,,2.2558E-06,0.0208157896995544,0.198110359953716,
,,,2.256E-06,0.087761402130127,0.198110359953716,
,,,2.2562E-06,-0.0461298227310181,0.197942995931953,
,,,2.2564E-06,-0.0461298227310181,0.198110359953716,
,,,2.2566E-06,-0.0461298227310181,0.198445087997243,
,,,2.2568E-06,-0.0461298227310181,0.197440903866664,
,,,2.257E-06,0.0208157896995544,0.198445087997243,
,,,2.2572E-06,0.0208157896995544,0.199114544084296,
,,,2.2574E-06,-0.180021047592163,0.198110359953716,
,,,2.2576E-06,-0.0461298227310181,0.197942995931953,
,,,2.2578E-06,-0.0461298227310181,0.197942995931953,
,,,2.258E-06,0.0208157896995544,0.197608267888427,
,,,2.2582E-06,-0.0461298227310181,0.197440903866664,
,,,2.2584E-06,0.0208157896995544,0.198612452019006,
,,,2.2586E-06,0.087761402130127,0.198110359953716,
,,,2.2588E-06,0.087761402130127,0.197608267888427,
,,,2.259E-06,-0.0461298227310181,0.198779816040769,
,,,2.2592E-06,0.0208157896995544,0.198947180062532,
,,,2.2594E-06,0.0208157896995544,0.197608267888427,
,,,2.2596E-06,0.087761402130127,0.197608267888427,
,,,2.2598E-06,0.0208157896995544,0.198110359953716,
,,,2.26E-06,0.0208157896995544,0.19827772397548,
,,,2.2602E-06,0.087761402130127,0.19777563191019,
,,,2.2604E-06,-0.0461298227310181,0.19827772397548,
,,,2.2606E-06,-0.0461298227310181,0.19827772397548,
,,,2.2608E-06,0.154707014560699,0.198110359953716,
,,,2.261E-06,0.0208157896995544,0.197608267888427,
,,,2.2612E-06,0.0208157896995544,0.198445087997243,
,,,2.2614E-06,-0.0461298227310181,0.197942995931953,
,,,2.2616E-06,-0.113075435161591,0.19777563191019,
,,,2.2618E-06,0.087761402130127,0.198612452019006,
,,,2.262E-06,-0.0461298227310181,0.19827772397548,
,,,2.2622E-06,-0.0461298227310181,0.19827772397548,
,,,2.2624E-06,0.154707014560699,0.198110359953716,
,,,2.2626E-06,-0.0461298227310181,0.198612452019006,
,,,2.2628E-06,-0.0461298227310181,0.198779816040769,
,,,2.263E-06,0.0208157896995544,0.198612452019006,
,,,2.2632E-06,0.087761402130127,0.198110359953716,
,,,2.2634E-06,-0.0461298227310181,0.198445087997243,
,,,2.2636E-06,0.0208157896995544,0.198779816040769,
,,,2.2638E-06,0.0208157896995544,0.198779816040769,
,,,2.264E-06,-0.0461298227310181,0.198612452019006,
,,,2.2642E-06,-0.113075435161591,0.198445087997243,
,,,2.2644E-06,0.0208157896995544,0.19827772397548,
,,,2.2646E-06,0.0208157896995544,0.198445087997243,
,,,2.2648E-06,0.087761402130127,0.19827772397548,
,,,2.265E-06,0.0208157896995544,0.198612452019006,
,,,2.2652E-06,0.087761402130127,0.198612452019006,
,,,2.2654E-06,0.0208157896995544,0.198612452019006,
,,,2.2656E-06,0.0208157896995544,0.199114544084296,
,,,2.2658E-06,0.0208157896995544,0.198612452019006,
,,,2.266E-06,-0.0461298227310181,0.198779816040769,
,,,2.2662E-06,0.0208157896995544,0.198779816040769,
,,,2.2664E-06,0.0208157896995544,0.198612452019006,
,,,2.2666E-06,-0.113075435161591,0.198612452019006,
,,,2.2668E-06,0.0208157896995544,0.199449272127822,
,,,2.267E-06,0.0208157896995544,0.198612452019006,
,,,2.2672E-06,0.0208157896995544,0.199281908106059,
,,,2.2674E-06,0.0208157896995544,0.199449272127822,
,,,2.2676E-06,-0.0461298227310181,0.199281908106059,
,,,2.2678E-06,0.0208157896995544,0.198947180062532,
,,,2.268E-06,-0.0461298227310181,0.198947180062532,
,,,2.2682E-06,0.0208157896995544,0.199114544084296,
,,,2.2684E-06,0.0208157896995544,0.199449272127822,
,,,2.2686E-06,-0.0461298227310181,0.198947180062532,
,,,2.2688E-06,0.087761402130127,0.198612452019006,
,,,2.269E-06,-0.0461298227310181,0.199616636149585,
,,,2.2692E-06,0.0208157896995544,0.199616636149585,
,,,2.2694E-06,0.087761402130127,0.199616636149585,
,,,2.2696E-06,0.0208157896995544,0.198445087997243,
,,,2.2698E-06,-0.0461298227310181,0.198947180062532,
,,,2.27E-06,-0.0461298227310181,0.199281908106059,
,,,2.2702E-06,-0.113075435161591,0.198779816040769,
,,,2.2704E-06,0.087761402130127,0.199616636149585,
,,,2.2706E-06,0.0208157896995544,0.198947180062532,
,,,2.2708E-06,0.0208157896995544,0.198612452019006,
,,,2.271E-06,-0.0461298227310181,0.199616636149585,
,,,2.2712E-06,0.087761402130127,0.199784000171348,
,,,2.2714E-06,-0.0461298227310181,0.199951364193112,
,,,2.2716E-06,0.0208157896995544,0.198779816040769,
,,,2.2718E-06,0.0208157896995544,0.199281908106059,
,,,2.272E-06,-0.0461298227310181,0.198779816040769,
,,,2.2722E-06,0.087761402130127,0.199114544084296,
,,,2.2724E-06,-0.0461298227310181,0.199449272127822,
,,,2.2726E-06,0.0208157896995544,0.199449272127822,
,,,2.2728E-06,0.0208157896995544,0.198445087997243,
,,,2.273E-06,0.087761402130127,0.198612452019006,
,,,2.2732E-06,0.0208157896995544,0.198445087997243,
,,,2.2734E-06,-0.0461298227310181,0.199281908106059,
,,,2.2736E-06,0.087761402130127,0.199616636149585,
,,,2.2738E-06,-0.0461298227310181,0.198110359953716,
,,,2.274E-06,0.0208157896995544,0.198779816040769,
,,,2.2742E-06,-0.113075435161591,0.198947180062532,
,,,2.2744E-06,-0.0461298227310181,0.198110359953716,
,,,2.2746E-06,0.087761402130127,0.198779816040769,
,,,2.2748E-06,0.0208157896995544,0.199114544084296,
,,,2.275E-06,0.0208157896995544,0.198779816040769,
,,,2.2752E-06,0.0208157896995544,0.198779816040769,
,,,2.2754E-06,-0.113075435161591,0.197942995931953,
,,,2.2756E-06,0.0208157896995544,0.198445087997243,
,,,2.2758E-06,0.0208157896995544,0.198445087997243,
,,,2.276E-06,0.0208157896995544,0.198947180062532,
,,,2.2762E-06,-0.113075435161591,0.198612452019006,
,,,2.2764E-06,0.0208157896995544,0.198612452019006,
,,,2.2766E-06,-0.0461298227310181,0.198947180062532,
,,,2.2768E-06,-0.0461298227310181,0.198779816040769,
,,,2.277E-06,-0.113075435161591,0.198612452019006,
,,,2.2772E-06,0.0208157896995544,0.19827772397548,
,,,2.2774E-06,-0.113075435161591,0.19777563191019,
,,,2.2776E-06,0.087761402130127,0.198612452019006,
,,,2.2778E-06,0.087761402130127,0.198445087997243,
,,,2.278E-06,0.087761402130127,0.198445087997243,
,,,2.2782E-06,-0.0461298227310181,0.198779816040769,
,,,2.2784E-06,0.087761402130127,0.198445087997243,
,,,2.2786E-06,-0.0461298227310181,0.198779816040769,
,,,2.2788E-06,-0.0461298227310181,0.197440903866664,
,,,2.279E-06,-0.0461298227310181,0.198110359953716,
,,,2.2792E-06,0.0208157896995544,0.19827772397548,
,,,2.2794E-06,0.0208157896995544,0.19827772397548,
,,,2.2796E-06,-0.0461298227310181,0.19777563191019,
,,,2.2798E-06,0.0208157896995544,0.198947180062532,
,,,2.28E-06,0.0208157896995544,0.198947180062532,
,,,2.2802E-06,0.0208157896995544,0.198445087997243,
,,,2.2804E-06,-0.0461298227310181,0.198445087997243,
,,,2.2806E-06,-0.0461298227310181,0.198779816040769,
,,,2.2808E-06,-0.0461298227310181,0.198779816040769,
,,,2.281E-06,0.0208157896995544,0.198445087997243,
,,,2.2812E-06,0.0208157896995544,0.198947180062532,
,,,2.2814E-06,0.0208157896995544,0.198947180062532,
,,,2.2816E-06,-0.0461298227310181,0.197942995931953,
,,,2.2818E-06,-0.113075435161591,0.198612452019006,
,,,2.282E-06,0.087761402130127,0.198947180062532,
,,,2.2822E-06,0.0208157896995544,0.198779816040769,
,,,2.2824E-06,0.0208157896995544,0.198779816040769,
,,,2.2826E-06,-0.0461298227310181,0.198947180062532,
,,,2.2828E-06,0.087761402130127,0.197942995931953,
,,,2.283E-06,0.0208157896995544,0.198612452019006,
,,,2.2832E-06,0.0208157896995544,0.198779816040769,
,,,2.2834E-06,0.087761402130127,0.198612452019006,
,,,2.2836E-06,0.0208157896995544,0.19827772397548,
,,,2.2838E-06,-0.113075435161591,0.198779816040769,
,,,2.284E-06,-0.0461298227310181,0.198779816040769,
,,,2.2842E-06,0.0208157896995544,0.199114544084296,
,,,2.2844E-06,0.087761402130127,0.199281908106059,
,,,2.2846E-06,-0.0461298227310181,0.198612452019006,
,,,2.2848E-06,0.0208157896995544,0.198779816040769,
,,,2.285E-06,0.0208157896995544,0.199616636149585,
,,,2.2852E-06,-0.0461298227310181,0.199616636149585,
,,,2.2854E-06,0.0208157896995544,0.198612452019006,
,,,2.2856E-06,0.087761402130127,0.199281908106059,
,,,2.2858E-06,0.0208157896995544,0.198947180062532,
,,,2.286E-06,-0.0461298227310181,0.199449272127822,
,,,2.2862E-06,0.0208157896995544,0.199281908106059,
,,,2.2864E-06,-0.0461298227310181,0.199281908106059,
,,,2.2866E-06,-0.0461298227310181,0.199114544084296,
,,,2.2868E-06,0.0208157896995544,0.198110359953716,
,,,2.287E-06,-0.0461298227310181,0.199114544084296,
,,,2.2872E-06,-0.0461298227310181,0.199449272127822,
,,,2.2874E-06,0.0208157896995544,0.198612452019006,
,,,2.2876E-06,0.0208157896995544,0.198612452019006,
,,,2.2878E-06,-0.0461298227310181,0.198947180062532,
,,,2.288E-06,0.0208157896995544,0.198779816040769,
,,,2.2882E-06,-0.0461298227310181,0.198612452019006,
,,,2.2884E-06,-0.0461298227310181,0.198947180062532,
,,,2.2886E-06,-0.0461298227310181,0.199114544084296,
,,,2.2888E-06,0.0208157896995544,0.198947180062532,
,,,2.289E-06,-0.0461298227310181,0.198445087997243,
,,,2.2892E-06,-0.0461298227310181,0.199114544084296,
,,,2.2894E-06,-0.0461298227310181,0.199114544084296,
,,,2.2896E-06,0.0208157896995544,0.198445087997243,
,,,2.2898E-06,-0.113075435161591,0.198445087997243,
,,,2.29E-06,0.0208157896995544,0.198445087997243,
,,,2.2902E-06,-0.0461298227310181,0.198445087997243,
,,,2.2904E-06,0.087761402130127,0.19827772397548,
,,,2.2906E-06,0.0208157896995544,0.198445087997243,
,,,2.2908E-06,0.087761402130127,0.198947180062532,
,,,2.291E-06,0.0208157896995544,0.19827772397548,
,,,2.2912E-06,0.087761402130127,0.19827772397548,
,,,2.2914E-06,0.154707014560699,0.199114544084296,
,,,2.2916E-06,-0.0461298227310181,0.199281908106059,
,,,2.2918E-06,-0.0461298227310181,0.198612452019006,
,,,2.292E-06,-0.0461298227310181,0.199281908106059,
,,,2.2922E-06,-0.0461298227310181,0.19827772397548,
,,,2.2924E-06,-0.0461298227310181,0.198779816040769,
,,,2.2926E-06,0.0208157896995544,0.198779816040769,
,,,2.2928E-06,0.154707014560699,0.198612452019006,
,,,2.293E-06,-0.113075435161591,0.198947180062532,
,,,2.2932E-06,0.0208157896995544,0.198779816040769,
,,,2.2934E-06,0.0208157896995544,0.198779816040769,
,,,2.2936E-06,-0.0461298227310181,0.197942995931953,
,,,2.2938E-06,0.0208157896995544,0.199449272127822,
,,,2.294E-06,0.0208157896995544,0.199449272127822,
,,,2.2942E-06,0.0208157896995544,0.198947180062532,
,,,2.2944E-06,0.087761402130127,0.19827772397548,
,,,2.2946E-06,-0.180021047592163,0.198947180062532,
,,,2.2948E-06,-0.0461298227310181,0.198779816040769,
,,,2.295E-06,0.087761402130127,0.198947180062532,
,,,2.2952E-06,0.087761402130127,0.198612452019006,
,,,2.2954E-06,-0.0461298227310181,0.198612452019006,
,,,2.2956E-06,-0.0461298227310181,0.198612452019006,
,,,2.2958E-06,-0.0461298227310181,0.198947180062532,
,,,2.296E-06,0.0208157896995544,0.198445087997243,
,,,2.2962E-06,-0.0461298227310181,0.198947180062532,
,,,2.2964E-06,0.0208157896995544,0.198947180062532,
,,,2.2966E-06,0.0208157896995544,0.19827772397548,
,,,2.2968E-06,0.0208157896995544,0.198110359953716,
,,,2.297E-06,0.0208157896995544,0.198947180062532,
,,,2.2972E-06,0.0208157896995544,0.19777563191019,
,,,2.2974E-06,0.0208157896995544,0.198779816040769,
,,,2.2976E-06,0.0208157896995544,0.19827772397548,
,,,2.2978E-06,0.0208157896995544,0.198612452019006,
,,,2.298E-06,0.0208157896995544,0.198779816040769,
,,,2.2982E-06,0.087761402130127,0.198445087997243,
,,,2.2984E-06,0.087761402130127,0.19827772397548,
,,,2.2986E-06,0.0208157896995544,0.19827772397548,
,,,2.2988E-06,0.0208157896995544,0.198612452019006,
,,,2.299E-06,0.087761402130127,0.199281908106059,
,,,2.2992E-06,0.087761402130127,0.198779816040769,
,,,2.2994E-06,-0.0461298227310181,0.198779816040769,
,,,2.2996E-06,-0.0461298227310181,0.199114544084296,
,,,2.2998E-06,0.087761402130127,0.198110359953716,
,,,2.3E-06,0.0208157896995544,0.19827772397548,
,,,2.3002E-06,0.0208157896995544,0.198110359953716,
,,,2.3004E-06,0.0208157896995544,0.198445087997243,
,,,2.3006E-06,-0.0461298227310181,0.198947180062532,
,,,2.3008E-06,0.0208157896995544,0.198612452019006,
,,,2.301E-06,-0.0461298227310181,0.198947180062532,
,,,2.3012E-06,0.0208157896995544,0.198779816040769,
,,,2.3014E-06,0.0208157896995544,0.198779816040769,
,,,2.3016E-06,-0.0461298227310181,0.198612452019006,
,,,2.3018E-06,-0.0461298227310181,0.198947180062532,
,,,2.302E-06,0.0208157896995544,0.198445087997243,
,,,2.3022E-06,-0.0461298227310181,0.197942995931953,
,,,2.3024E-06,0.0208157896995544,0.199114544084296,
,,,2.3026E-06,-0.0461298227310181,0.198612452019006,
,,,2.3028E-06,0.0208157896995544,0.19777563191019,
,,,2.303E-06,-0.0461298227310181,0.198612452019006,
,,,2.3032E-06,0.087761402130127,0.197942995931953,
,,,2.3034E-06,0.087761402130127,0.198445087997243,
,,,2.3036E-06,0.087761402130127,0.198947180062532,
,,,2.3038E-06,-0.0461298227310181,0.198612452019006,
,,,2.304E-06,0.0208157896995544,0.198445087997243,
,,,2.3042E-06,0.087761402130127,0.199114544084296,
,,,2.3044E-06,-0.113075435161591,0.19827772397548,
,,,2.3046E-06,0.0208157896995544,0.198110359953716,
,,,2.3048E-06,0.0208157896995544,0.198779816040769,
,,,2.305E-06,-0.113075435161591,0.198947180062532,
,,,2.3052E-06,-0.0461298227310181,0.199114544084296,
,,,2.3054E-06,0.087761402130127,0.198445087997243,
,,,2.3056E-06,0.087761402130127,0.198110359953716,
,,,2.3058E-06,0.0208157896995544,0.197942995931953,
,,,2.306E-06,0.087761402130127,0.198445087997243,
,,,2.3062E-06,0.0208157896995544,0.198445087997243,
,,,2.3064E-06,-0.113075435161591,0.199281908106059,
,,,2.3066E-06,0.0208157896995544,0.199114544084296,
,,,2.3068E-06,0.0208157896995544,0.198612452019006,
,,,2.307E-06,-0.0461298227310181,0.199114544084296,
,,,2.3072E-06,0.0208157896995544,0.199281908106059,
,,,2.3074E-06,-0.0461298227310181,0.198110359953716,
,,,2.3076E-06,-0.0461298227310181,0.198779816040769,
,,,2.3078E-06,-0.0461298227310181,0.198779816040769,
,,,2.308E-06,0.0208157896995544,0.198445087997243,
,,,2.3082E-06,-0.0461298227310181,0.198445087997243,
,,,2.3084E-06,0.0208157896995544,0.198779816040769,
,,,2.3086E-06,-0.0461298227310181,0.19827772397548,
,,,2.3088E-06,0.0208157896995544,0.198445087997243,
,,,2.309E-06,0.087761402130127,0.199281908106059,
,,,2.3092E-06,-0.0461298227310181,0.198779816040769,
,,,2.3094E-06,-0.0461298227310181,0.198612452019006,
,,,2.3096E-06,0.0208157896995544,0.198779816040769,
,,,2.3098E-06,0.087761402130127,0.198947180062532,
,,,2.31E-06,0.087761402130127,0.198779816040769,
,,,2.3102E-06,0.087761402130127,0.19827772397548,
,,,2.3104E-06,-0.0461298227310181,0.199449272127822,
,,,2.3106E-06,0.0208157896995544,0.199616636149585,
,,,2.3108E-06,0.0208157896995544,0.199114544084296,
,,,2.311E-06,0.0208157896995544,0.198779816040769,
,,,2.3112E-06,0.0208157896995544,0.198947180062532,
,,,2.3114E-06,-0.113075435161591,0.198779816040769,
,,,2.3116E-06,0.0208157896995544,0.19827772397548,
,,,2.3118E-06,0.0208157896995544,0.199449272127822,
,,,2.312E-06,0.087761402130127,0.198612452019006,
,,,2.3122E-06,-0.0461298227310181,0.198779816040769,
,,,2.3124E-06,-0.113075435161591,0.198110359953716,
,,,2.3126E-06,0.0208157896995544,0.198779816040769,
,,,2.3128E-06,-0.0461298227310181,0.199114544084296,
,,,2.313E-06,-0.0461298227310181,0.198445087997243,
,,,2.3132E-06,0.0208157896995544,0.198445087997243,
,,,2.3134E-06,0.0208157896995544,0.198445087997243,
,,,2.3136E-06,0.0208157896995544,0.198947180062532,
,,,2.3138E-06,-0.180021047592163,0.198110359953716,
,,,2.314E-06,-0.0461298227310181,0.19827772397548,
,,,2.3142E-06,-0.0461298227310181,0.198612452019006,
,,,2.3144E-06,0.0208157896995544,0.198110359953716,
,,,2.3146E-06,0.0208157896995544,0.19827772397548,
,,,2.3148E-06,0.0208157896995544,0.198110359953716,
,,,2.315E-06,-0.113075435161591,0.197942995931953,
,,,2.3152E-06,0.0208157896995544,0.198110359953716,
,,,2.3154E-06,-0.0461298227310181,0.198445087997243,
,,,2.3156E-06,-0.0461298227310181,0.19777563191019,
,,,2.3158E-06,0.0208157896995544,0.197608267888427,
,,,2.316E-06,0.087761402130127,0.198110359953716,
,,,2.3162E-06,-0.113075435161591,0.197942995931953,
,,,2.3164E-06,0.0208157896995544,0.198110359953716,
,,,2.3166E-06,0.0208157896995544,0.197942995931953,
,,,2.3168E-06,0.0208157896995544,0.19827772397548,
,,,2.317E-06,0.087761402130127,0.198779816040769,
,,,2.3172E-06,-0.0461298227310181,0.198612452019006,
,,,2.3174E-06,0.0208157896995544,0.198445087997243,
,,,2.3176E-06,0.087761402130127,0.198110359953716,
,,,2.3178E-06,0.0208157896995544,0.198612452019006,
,,,2.318E-06,-0.113075435161591,0.198779816040769,
,,,2.3182E-06,0.0208157896995544,0.198445087997243,
,,,2.3184E-06,0.154707014560699,0.198445087997243,
,,,2.3186E-06,-0.0461298227310181,0.19827772397548,
,,,2.3188E-06,0.0208157896995544,0.198612452019006,
,,,2.319E-06,-0.0461298227310181,0.198110359953716,
,,,2.3192E-06,-0.0461298227310181,0.198110359953716,
,,,2.3194E-06,-0.0461298227310181,0.198612452019006,
,,,2.3196E-06,-0.113075435161591,0.197942995931953,
,,,2.3198E-06,0.154707014560699,0.197440903866664,
,,,2.32E-06,0.087761402130127,0.197942995931953,
,,,2.3202E-06,-0.113075435161591,0.197942995931953,
,,,2.3204E-06,-0.113075435161591,0.197440903866664,
,,,2.3206E-06,0.0208157896995544,0.19777563191019,
,,,2.3208E-06,-0.0461298227310181,0.198110359953716,
,,,2.321E-06,-0.0461298227310181,0.19777563191019,
,,,2.3212E-06,0.087761402130127,0.197106175823137,
,,,2.3214E-06,-0.113075435161591,0.19777563191019,
,,,2.3216E-06,0.0208157896995544,0.197608267888427,
,,,2.3218E-06,0.087761402130127,0.198110359953716,
,,,2.322E-06,0.0208157896995544,0.198612452019006,
,,,2.3222E-06,0.0208157896995544,0.198947180062532,
,,,2.3224E-06,0.087761402130127,0.198110359953716,
,,,2.3226E-06,0.0208157896995544,0.19827772397548,
,,,2.3228E-06,0.087761402130127,0.197942995931953,
,,,2.323E-06,0.0208157896995544,0.19777563191019,
,,,2.3232E-06,0.0208157896995544,0.198110359953716,
,,,2.3234E-06,-0.0461298227310181,0.198445087997243,
,,,2.3236E-06,-0.0461298227310181,0.19777563191019,
,,,2.3238E-06,0.0208157896995544,0.198445087997243,
,,,2.324E-06,-0.0461298227310181,0.198445087997243,
,,,2.3242E-06,-0.0461298227310181,0.197942995931953,
,,,2.3244E-06,-0.0461298227310181,0.19827772397548,
,,,2.3246E-06,-0.0461298227310181,0.198110359953716,
,,,2.3248E-06,0.087761402130127,0.199114544084296,
,,,2.325E-06,0.0208157896995544,0.198612452019006,
,,,2.3252E-06,-0.0461298227310181,0.198612452019006,
,,,2.3254E-06,-0.0461298227310181,0.198445087997243,
,,,2.3256E-06,0.0208157896995544,0.198445087997243,
,,,2.3258E-06,-0.0461298227310181,0.19827772397548,
,,,2.326E-06,0.0208157896995544,0.199114544084296,
,,,2.3262E-06,0.0208157896995544,0.198779816040769,
,,,2.3264E-06,0.087761402130127,0.198612452019006,
,,,2.3266E-06,-0.180021047592163,0.198779816040769,
,,,2.3268E-06,-0.0461298227310181,0.198445087997243,
,,,2.327E-06,0.087761402130127,0.198110359953716,
,,,2.3272E-06,0.0208157896995544,0.197942995931953,
,,,2.3274E-06,-0.0461298227310181,0.19777563191019,
,,,2.3276E-06,0.0208157896995544,0.19777563191019,
,,,2.3278E-06,-0.0461298227310181,0.198612452019006,
,,,2.328E-06,-0.0461298227310181,0.19827772397548,
,,,2.3282E-06,-0.0461298227310181,0.198612452019006,
,,,2.3284E-06,0.0208157896995544,0.198779816040769,
,,,2.3286E-06,0.0208157896995544,0.19827772397548,
,,,2.3288E-06,0.087761402130127,0.197440903866664,
,,,2.329E-06,-0.0461298227310181,0.19827772397548,
,,,2.3292E-06,0.0208157896995544,0.19777563191019,
,,,2.3294E-06,0.0208157896995544,0.197942995931953,
,,,2.3296E-06,0.0208157896995544,0.198445087997243,
,,,2.3298E-06,0.0208157896995544,0.198779816040769,
,,,2.33E-06,-0.113075435161591,0.198779816040769,
,,,2.3302E-06,0.087761402130127,0.198947180062532,
,,,2.3304E-06,0.0208157896995544,0.199281908106059,
,,,2.3306E-06,-0.0461298227310181,0.198445087997243,
,,,2.3308E-06,0.0208157896995544,0.197608267888427,
,,,2.331E-06,0.0208157896995544,0.198445087997243,
,,,2.3312E-06,0.0208157896995544,0.198445087997243,
,,,2.3314E-06,-0.0461298227310181,0.198779816040769,
,,,2.3316E-06,0.087761402130127,0.198779816040769,
,,,2.3318E-06,0.0208157896995544,0.198779816040769,
,,,2.332E-06,-0.113075435161591,0.197942995931953,
,,,2.3322E-06,-0.0461298227310181,0.198947180062532,
,,,2.3324E-06,-0.113075435161591,0.198612452019006,
,,,2.3326E-06,0.0208157896995544,0.19777563191019,
,,,2.3328E-06,0.087761402130127,0.198110359953716,
,,,2.333E-06,-0.0461298227310181,0.198612452019006,
,,,2.3332E-06,0.0208157896995544,0.197608267888427,
,,,2.3334E-06,0.0208157896995544,0.198110359953716,
,,,2.3336E-06,0.0208157896995544,0.197608267888427,
,,,2.3338E-06,0.0208157896995544,0.198445087997243,
,,,2.334E-06,-0.0461298227310181,0.198110359953716,
,,,2.3342E-06,-0.0461298227310181,0.198445087997243,
,,,2.3344E-06,0.0208157896995544,0.198445087997243,
,,,2.3346E-06,-0.0461298227310181,0.19827772397548,
,,,2.3348E-06,-0.0461298227310181,0.198612452019006,
,,,2.335E-06,-0.113075435161591,0.198445087997243,
,,,2.3352E-06,0.087761402130127,0.19827772397548,
,,,2.3354E-06,-0.0461298227310181,0.19827772397548,
,,,2.3356E-06,0.0208157896995544,0.198110359953716,
,,,2.3358E-06,-0.0461298227310181,0.19827772397548,
,,,2.336E-06,0.0208157896995544,0.198110359953716,
,,,2.3362E-06,-0.0461298227310181,0.197942995931953,
,,,2.3364E-06,-0.0461298227310181,0.198779816040769,
,,,2.3366E-06,0.087761402130127,0.198779816040769,
,,,2.3368E-06,0.0208157896995544,0.198445087997243,
,,,2.337E-06,-0.113075435161591,0.198110359953716,
,,,2.3372E-06,0.0208157896995544,0.198445087997243,
,,,2.3374E-06,0.0208157896995544,0.19777563191019,
,,,2.3376E-06,0.0208157896995544,0.198445087997243,
,,,2.3378E-06,0.0208157896995544,0.198110359953716,
,,,2.338E-06,0.0208157896995544,0.198445087997243,
,,,2.3382E-06,0.087761402130127,0.197942995931953,
,,,2.3384E-06,0.0208157896995544,0.198445087997243,
,,,2.3386E-06,0.0208157896995544,0.198612452019006,
,,,2.3388E-06,-0.113075435161591,0.198612452019006,
,,,2.339E-06,-0.0461298227310181,0.198947180062532,
,,,2.3392E-06,0.087761402130127,0.198779816040769,
,,,2.3394E-06,0.0208157896995544,0.197942995931953,
,,,2.3396E-06,0.0208157896995544,0.198947180062532,
,,,2.3398E-06,0.0208157896995544,0.198445087997243,
,,,2.34E-06,0.0208157896995544,0.197942995931953,
,,,2.3402E-06,-0.0461298227310181,0.198445087997243,
,,,2.3404E-06,-0.113075435161591,0.19827772397548,
,,,2.3406E-06,-0.0461298227310181,0.197440903866664,
,,,2.3408E-06,-0.0461298227310181,0.198612452019006,
,,,2.341E-06,-0.113075435161591,0.198445087997243,
,,,2.3412E-06,0.0208157896995544,0.19777563191019,
,,,2.3414E-06,-0.0461298227310181,0.19777563191019,
,,,2.3416E-06,0.087761402130127,0.197942995931953,
,,,2.3418E-06,0.0208157896995544,0.19777563191019,
,,,2.342E-06,0.087761402130127,0.197608267888427,
,,,2.3422E-06,0.087761402130127,0.198110359953716,
,,,2.3424E-06,-0.0461298227310181,0.1972735398449,
,,,2.3426E-06,0.0208157896995544,0.197608267888427,
,,,2.3428E-06,0.087761402130127,0.198110359953716,
,,,2.343E-06,0.0208157896995544,0.197608267888427,
,,,2.3432E-06,-0.0461298227310181,0.19777563191019,
,,,2.3434E-06,-0.0461298227310181,0.19827772397548,
,,,2.3436E-06,-0.0461298227310181,0.19777563191019,
,,,2.3438E-06,-0.0461298227310181,0.197608267888427,
,,,2.344E-06,0.0208157896995544,0.198110359953716,
,,,2.3442E-06,-0.0461298227310181,0.197440903866664,
,,,2.3444E-06,0.154707014560699,0.197608267888427,
,,,2.3446E-06,-0.0461298227310181,0.197440903866664,
,,,2.3448E-06,-0.0461298227310181,0.1972735398449,
,,,2.345E-06,0.0208157896995544,0.197440903866664,
,,,2.3452E-06,0.0208157896995544,0.197440903866664,
,,,2.3454E-06,0.0208157896995544,0.197608267888427,
,,,2.3456E-06,0.0208157896995544,0.197440903866664,
,,,2.3458E-06,-0.0461298227310181,0.196771447779611,
,,,2.346E-06,-0.0461298227310181,0.19777563191019,
,,,2.3462E-06,0.087761402130127,0.196938811801374,
,,,2.3464E-06,0.0208157896995544,0.196771447779611,
,,,2.3466E-06,-0.0461298227310181,0.197440903866664,
,,,2.3468E-06,0.0208157896995544,0.198110359953716,
,,,2.347E-06,-0.0461298227310181,0.196771447779611,
,,,2.3472E-06,-0.0461298227310181,0.197440903866664,
,,,2.3474E-06,-0.0461298227310181,0.197608267888427,
,,,2.3476E-06,0.087761402130127,0.197440903866664,
,,,2.3478E-06,0.0208157896995544,0.196771447779611,
,,,2.348E-06,-0.113075435161591,0.197942995931953,
,,,2.3482E-06,0.0208157896995544,0.196938811801374,
,,,2.3484E-06,0.087761402130127,0.197440903866664,
,,,2.3486E-06,0.0208157896995544,0.197608267888427,
,,,2.3488E-06,-0.0461298227310181,0.1972735398449,
,,,2.349E-06,0.221652626991272,0.197440903866664,
,,,2.3492E-06,0.0208157896995544,0.1972735398449,
,,,2.3494E-06,-0.0461298227310181,0.197608267888427,
,,,2.3496E-06,0.0208157896995544,0.197440903866664,
,,,2.3498E-06,-0.0461298227310181,0.196938811801374,
,,,2.35E-06,-0.0461298227310181,0.197106175823137,
,,,2.3502E-06,0.087761402130127,0.198110359953716,
,,,2.3504E-06,0.087761402130127,0.197608267888427,
,,,2.3506E-06,-0.0461298227310181,0.197608267888427,
,,,2.3508E-06,0.0208157896995544,0.19777563191019,
,,,2.351E-06,-0.113075435161591,0.19777563191019,
,,,2.3512E-06,-0.113075435161591,0.197106175823137,
,,,2.3514E-06,-0.0461298227310181,0.197942995931953,
,,,2.3516E-06,0.0208157896995544,0.197608267888427,
,,,2.3518E-06,-0.0461298227310181,0.197608267888427,
,,,2.352E-06,-0.0461298227310181,0.1972735398449,
,,,2.3522E-06,-0.0461298227310181,0.19777563191019,
,,,2.3524E-06,-0.0461298227310181,0.198110359953716,
,,,2.3526E-06,0.0208157896995544,0.198110359953716,
,,,2.3528E-06,-0.0461298227310181,0.198110359953716,
,,,2.353E-06,-0.0461298227310181,0.1972735398449,
,,,2.3532E-06,0.0208157896995544,0.19777563191019,
,,,2.3534E-06,-0.0461298227310181,0.19777563191019,
,,,2.3536E-06,-0.0461298227310181,0.197608267888427,
,,,2.3538E-06,0.0208157896995544,0.19777563191019,
,,,2.354E-06,0.0208157896995544,0.197942995931953,
,,,2.3542E-06,-0.113075435161591,0.197440903866664,
,,,2.3544E-06,0.087761402130127,0.1972735398449,
,,,2.3546E-06,0.0208157896995544,0.198110359953716,
,,,2.3548E-06,0.0208157896995544,0.197608267888427,
,,,2.355E-06,0.0208157896995544,0.197608267888427,
,,,2.3552E-06,0.0208157896995544,0.196771447779611,
,,,2.3554E-06,0.087761402130127,0.198612452019006,
,,,2.3556E-06,-0.113075435161591,0.197942995931953,
,,,2.3558E-06,-0.0461298227310181,0.197942995931953,
,,,2.356E-06,0.087761402130127,0.196938811801374,
,,,2.3562E-06,-0.0461298227310181,0.19777563191019,
,,,2.3564E-06,-0.0461298227310181,0.197608267888427,
,,,2.3566E-06,0.0208157896995544,0.1972735398449,
,,,2.3568E-06,0.0208157896995544,0.197106175823137,
,,,2.357E-06,0.0208157896995544,0.197440903866664,
,,,2.3572E-06,0.0208157896995544,0.19777563191019,
,,,2.3574E-06,-0.0461298227310181,0.1972735398449,
,,,2.3576E-06,-0.0461298227310181,0.196101991692558,
,,,2.3578E-06,0.087761402130127,0.1972735398449,
,,,2.358E-06,-0.113075435161591,0.1972735398449,
,,,2.3582E-06,-0.0461298227310181,0.197608267888427,
,,,2.3584E-06,0.0208157896995544,0.197608267888427,
,,,2.3586E-06,-0.0461298227310181,0.196938811801374,
,,,2.3588E-06,-0.0461298227310181,0.1972735398449,
,,,2.359E-06,0.087761402130127,0.196604083757848,
,,,2.3592E-06,0.0208157896995544,0.196604083757848,
,,,2.3594E-06,-0.0461298227310181,0.196604083757848,
,,,2.3596E-06,0.0208157896995544,0.197106175823137,
,,,2.3598E-06,-0.0461298227310181,0.197106175823137,
,,,2.36E-06,0.0208157896995544,0.197106175823137,
,,,2.3602E-06,-0.0461298227310181,0.196938811801374,
,,,2.3604E-06,0.0208157896995544,0.195599899627268,
,,,2.3606E-06,-0.0461298227310181,0.196269355714321,
,,,2.3608E-06,0.087761402130127,0.197106175823137,
,,,2.361E-06,0.087761402130127,0.197608267888427,
,,,2.3612E-06,0.087761402130127,0.196938811801374,
,,,2.3614E-06,0.0208157896995544,0.196938811801374,
,,,2.3616E-06,0.0208157896995544,0.196269355714321,
,,,2.3618E-06,0.0208157896995544,0.197106175823137,
,,,2.362E-06,0.0208157896995544,0.196604083757848,
,,,2.3622E-06,0.087761402130127,0.196938811801374,
,,,2.3624E-06,-0.0461298227310181,0.196771447779611,
,,,2.3626E-06,0.0208157896995544,0.196101991692558,
,,,2.3628E-06,0.0208157896995544,0.196604083757848,
,,,2.363E-06,0.087761402130127,0.196269355714321,
,,,2.3632E-06,0.0208157896995544,0.196101991692558,
,,,2.3634E-06,-0.113075435161591,0.196604083757848,
,,,2.3636E-06,-0.0461298227310181,0.196938811801374,
,,,2.3638E-06,-0.0461298227310181,0.196269355714321,
,,,2.364E-06,-0.113075435161591,0.195767263649032,
,,,2.3642E-06,-0.0461298227310181,0.196101991692558,
,,,2.3644E-06,0.0208157896995544,0.196604083757848,
,,,2.3646E-06,0.0208157896995544,0.196269355714321,
,,,2.3648E-06,0.087761402130127,0.195934627670795,
,,,2.365E-06,-0.113075435161591,0.196604083757848,
,,,2.3652E-06,0.0208157896995544,0.195599899627268,
,,,2.3654E-06,0.0208157896995544,0.196101991692558,
,,,2.3656E-06,0.087761402130127,0.196101991692558,
,,,2.3658E-06,-0.0461298227310181,0.196771447779611,
,,,2.366E-06,-0.0461298227310181,0.196101991692558,
,,,2.3662E-06,-0.113075435161591,0.196436719736084,
,,,2.3664E-06,0.0208157896995544,0.195934627670795,
,,,2.3666E-06,0.0208157896995544,0.196101991692558,
,,,2.3668E-06,-0.0461298227310181,0.196101991692558,
,,,2.367E-06,0.0208157896995544,0.196101991692558,
,,,2.3672E-06,0.0208157896995544,0.196269355714321,
,,,2.3674E-06,-0.0461298227310181,0.196604083757848,
,,,2.3676E-06,0.087761402130127,0.196101991692558,
,,,2.3678E-06,0.0208157896995544,0.196101991692558,
,,,2.368E-06,0.0208157896995544,0.196604083757848,
,,,2.3682E-06,0.0208157896995544,0.196269355714321,
,,,2.3684E-06,0.0208157896995544,0.195767263649032,
,,,2.3686E-06,0.087761402130127,0.197440903866664,
,,,2.3688E-06,0.0208157896995544,0.197440903866664,
,,,2.369E-06,-0.113075435161591,0.195934627670795,
,,,2.3692E-06,0.0208157896995544,0.1972735398449,
,,,2.3694E-06,-0.0461298227310181,0.1972735398449,
,,,2.3696E-06,0.0208157896995544,0.196771447779611,
,,,2.3698E-06,-0.0461298227310181,0.197106175823137,
,,,2.37E-06,-0.0461298227310181,0.196771447779611,
,,,2.3702E-06,-0.0461298227310181,0.196436719736084,
,,,2.3704E-06,-0.0461298227310181,0.196269355714321,
,,,2.3706E-06,0.0208157896995544,0.197106175823137,
,,,2.3708E-06,0.0208157896995544,0.196269355714321,
,,,2.371E-06,0.0208157896995544,0.196604083757848,
,,,2.3712E-06,-0.0461298227310181,0.197608267888427,
,,,2.3714E-06,-0.0461298227310181,0.196269355714321,
,,,2.3716E-06,0.0208157896995544,0.195934627670795,
,,,2.3718E-06,0.0208157896995544,0.196938811801374,
,,,2.372E-06,0.0208157896995544,0.196604083757848,
,,,2.3722E-06,-0.113075435161591,0.196771447779611,
,,,2.3724E-06,-0.0461298227310181,0.197106175823137,
,,,2.3726E-06,0.0208157896995544,0.196101991692558,
,,,2.3728E-06,0.0208157896995544,0.196604083757848,
,,,2.373E-06,-0.113075435161591,0.196771447779611,
,,,2.3732E-06,0.087761402130127,0.196604083757848,
,,,2.3734E-06,-0.0461298227310181,0.196771447779611,
,,,2.3736E-06,-0.0461298227310181,0.196604083757848,
,,,2.3738E-06,0.087761402130127,0.196604083757848,
,,,2.374E-06,0.087761402130127,0.196771447779611,
,,,2.3742E-06,0.087761402130127,0.196269355714321,
,,,2.3744E-06,-0.0461298227310181,0.196938811801374,
,,,2.3746E-06,0.0208157896995544,0.196101991692558,
,,,2.3748E-06,0.0208157896995544,0.196101991692558,
,,,2.375E-06,0.087761402130127,0.196436719736084,
,,,2.3752E-06,0.0208157896995544,0.196436719736084,
,,,2.3754E-06,-0.113075435161591,0.196436719736084,
,,,2.3756E-06,0.0208157896995544,0.196269355714321,
,,,2.3758E-06,0.0208157896995544,0.196938811801374,
,,,2.376E-06,0.087761402130127,0.195934627670795,
,,,2.3762E-06,0.0208157896995544,0.196436719736084,
,,,2.3764E-06,0.0208157896995544,0.196101991692558,
,,,2.3766E-06,0.0208157896995544,0.196604083757848,
,,,2.3768E-06,-0.113075435161591,0.196269355714321,
,,,2.377E-06,0.0208157896995544,0.196771447779611,
,,,2.3772E-06,-0.0461298227310181,0.196436719736084,
,,,2.3774E-06,-0.113075435161591,0.196604083757848,
,,,2.3776E-06,0.087761402130127,0.195599899627268,
,,,2.3778E-06,-0.0461298227310181,0.196771447779611,
,,,2.378E-06,0.0208157896995544,0.196771447779611,
,,,2.3782E-06,0.0208157896995544,0.196604083757848,
,,,2.3784E-06,0.0208157896995544,0.196604083757848,
,,,2.3786E-06,-0.0461298227310181,0.196771447779611,
,,,2.3788E-06,0.0208157896995544,0.196604083757848,
,,,2.379E-06,-0.0461298227310181,0.195934627670795,
,,,2.3792E-06,0.0208157896995544,0.196436719736084,
,,,2.3794E-06,-0.0461298227310181,0.196604083757848,
,,,2.3796E-06,0.0208157896995544,0.196269355714321,
,,,2.3798E-06,-0.0461298227310181,0.196101991692558,
,,,2.38E-06,0.087761402130127,0.196101991692558,
,,,2.3802E-06,-0.0461298227310181,0.195599899627268,
,,,2.3804E-06,0.087761402130127,0.196436719736084,
,,,2.3806E-06,0.0208157896995544,0.196269355714321,
,,,2.3808E-06,0.0208157896995544,0.196436719736084,
,,,2.381E-06,0.087761402130127,0.196269355714321,
,,,2.3812E-06,-0.0461298227310181,0.196938811801374,
,,,2.3814E-06,-0.0461298227310181,0.196436719736084,
,,,2.3816E-06,-0.0461298227310181,0.196604083757848,
,,,2.3818E-06,-0.0461298227310181,0.196436719736084,
,,,2.382E-06,0.0208157896995544,0.196436719736084,
,,,2.3822E-06,-0.113075435161591,0.196269355714321,
,,,2.3824E-06,0.087761402130127,0.195599899627268,
,,,2.3826E-06,0.0208157896995544,0.196101991692558,
,,,2.3828E-06,0.087761402130127,0.196101991692558,
,,,2.383E-06,0.0208157896995544,0.196101991692558,
,,,2.3832E-06,-0.0461298227310181,0.196436719736084,
,,,2.3834E-06,0.087761402130127,0.195934627670795,
,,,2.3836E-06,0.0208157896995544,0.195432535605505,
,,,2.3838E-06,0.0208157896995544,0.196604083757848,
,,,2.384E-06,-0.0461298227310181,0.196269355714321,
,,,2.3842E-06,-0.0461298227310181,0.195767263649032,
,,,2.3844E-06,0.087761402130127,0.196604083757848,
,,,2.3846E-06,0.0208157896995544,0.195934627670795,
,,,2.3848E-06,0.0208157896995544,0.195599899627268,
,,,2.385E-06,-0.0461298227310181,0.196604083757848,
,,,2.3852E-06,0.0208157896995544,0.196101991692558,
,,,2.3854E-06,0.0208157896995544,0.195934627670795,
,,,2.3856E-06,-0.0461298227310181,0.195934627670795,
,,,2.3858E-06,-0.0461298227310181,0.195767263649032,
,,,2.386E-06,0.0208157896995544,0.196604083757848,
,,,2.3862E-06,-0.0461298227310181,0.195934627670795,
,,,2.3864E-06,0.0208157896995544,0.195767263649032,
,,,2.3866E-06,0.087761402130127,0.196436719736084,
,,,2.3868E-06,0.0208157896995544,0.195265171583742,
,,,2.387E-06,-0.0461298227310181,0.194595715496689,
,,,2.3872E-06,0.0208157896995544,0.196269355714321,
,,,2.3874E-06,0.154707014560699,0.195934627670795,
,,,2.3876E-06,0.0208157896995544,0.195934627670795,
,,,2.3878E-06,-0.0461298227310181,0.196269355714321,
,,,2.388E-06,0.0208157896995544,0.196771447779611,
,,,2.3882E-06,-0.0461298227310181,0.194930443540215,
,,,2.3884E-06,0.0208157896995544,0.195432535605505,
,,,2.3886E-06,0.0208157896995544,0.196436719736084,
,,,2.3888E-06,0.221652626991272,0.196101991692558,
,,,2.389E-06,-0.0461298227310181,0.195432535605505,
,,,2.3892E-06,0.0208157896995544,0.195767263649032,
,,,2.3894E-06,0.0208157896995544,0.195599899627268,
,,,2.3896E-06,0.0208157896995544,0.195097807561979,
,,,2.3898E-06,-0.0461298227310181,0.196269355714321,
,,,2.39E-06,0.0208157896995544,0.196101991692558,
,,,2.3902E-06,0.087761402130127,0.195934627670795,
,,,2.3904E-06,0.0208157896995544,0.196101991692558,
,,,2.3906E-06,-0.113075435161591,0.196269355714321,
,,,2.3908E-06,-0.0461298227310181,0.196269355714321,
,,,2.391E-06,0.0208157896995544,0.196101991692558,
,,,2.3912E-06,0.0208157896995544,0.196269355714321,
,,,2.3914E-06,0.0208157896995544,0.196604083757848,
,,,2.3916E-06,0.0208157896995544,0.195599899627268,
,,,2.3918E-06,-0.0461298227310181,0.196436719736084,
,,,2.392E-06,0.0208157896995544,0.196604083757848,
,,,2.3922E-06,-0.113075435161591,0.195599899627268,
,,,2.3924E-06,0.0208157896995544,0.196436719736084,
,,,2.3926E-06,-0.0461298227310181,0.196269355714321,
,,,2.3928E-06,0.087761402130127,0.195934627670795,
,,,2.393E-06,0.087761402130127,0.196436719736084,
,,,2.3932E-06,0.087761402130127,0.196604083757848,
,,,2.3934E-06,0.0208157896995544,0.195934627670795,
,,,2.3936E-06,-0.0461298227310181,0.195934627670795,
,,,2.3938E-06,0.087761402130127,0.196269355714321,
,,,2.394E-06,0.0208157896995544,0.196436719736084,
,,,2.3942E-06,-0.0461298227310181,0.195934627670795,
,,,2.3944E-06,0.0208157896995544,0.196101991692558,
,,,2.3946E-06,-0.0461298227310181,0.196269355714321,
,,,2.3948E-06,0.0208157896995544,0.196938811801374,
,,,2.395E-06,0.0208157896995544,0.195934627670795,
,,,2.3952E-06,0.087761402130127,0.196101991692558,
,,,2.3954E-06,-0.0461298227310181,0.196938811801374,
,,,2.3956E-06,0.0208157896995544,0.196604083757848,
,,,2.3958E-06,0.0208157896995544,0.196436719736084,
,,,2.396E-06,-0.113075435161591,0.196604083757848,
,,,2.3962E-06,-0.0461298227310181,0.196269355714321,
,,,2.3964E-06,0.0208157896995544,0.196604083757848,
,,,2.3966E-06,0.0208157896995544,0.196436719736084,
,,,2.3968E-06,0.0208157896995544,0.196269355714321,
,,,2.397E-06,-0.0461298227310181,0.195767263649032,
,,,2.3972E-06,-0.0461298227310181,0.196938811801374,
,,,2.3974E-06,-0.0461298227310181,0.196269355714321,
,,,2.3976E-06,0.0208157896995544,0.195934627670795,
,,,2.3978E-06,-0.0461298227310181,0.196436719736084,
,,,2.398E-06,-0.113075435161591,0.196938811801374,
,,,2.3982E-06,0.0208157896995544,0.196771447779611,
,,,2.3984E-06,0.0208157896995544,0.196269355714321,
,,,2.3986E-06,-0.0461298227310181,0.196771447779611,
,,,2.3988E-06,0.0208157896995544,0.196436719736084,
,,,2.399E-06,-0.0461298227310181,0.196101991692558,
,,,2.3992E-06,0.087761402130127,0.195097807561979,
,,,2.3994E-06,0.0208157896995544,0.196436719736084,
,,,2.3996E-06,0.087761402130127,0.196269355714321,
,,,2.3998E-06,0.0208157896995544,0.195934627670795,
,,,2.4E-06,0.0208157896995544,0.196436719736084,
,,,2.4002E-06,0.0208157896995544,0.195767263649032,
,,,2.4004E-06,-0.0461298227310181,0.195599899627268,
,,,2.4006E-06,-0.0461298227310181,0.195432535605505,
,,,2.4008E-06,0.0208157896995544,0.195934627670795,
,,,2.401E-06,0.0208157896995544,0.195767263649032,
,,,2.4012E-06,0.0208157896995544,0.195265171583742,
,,,2.4014E-06,-0.0461298227310181,0.195599899627268,
,,,2.4016E-06,0.154707014560699,0.195767263649032,
,,,2.4018E-06,-0.0461298227310181,0.195432535605505,
,,,2.402E-06,0.087761402130127,0.195767263649032,
,,,2.4022E-06,0.0208157896995544,0.195599899627268,
,,,2.4024E-06,0.0208157896995544,0.195432535605505,
,,,2.4026E-06,0.0208157896995544,0.195097807561979,
,,,2.4028E-06,0.0208157896995544,0.195599899627268,
,,,2.403E-06,0.0208157896995544,0.195265171583742,
,,,2.4032E-06,0.087761402130127,0.195265171583742,
,,,2.4034E-06,-0.113075435161591,0.194595715496689,
,,,2.4036E-06,-0.0461298227310181,0.195265171583742,
,,,2.4038E-06,0.087761402130127,0.195097807561979,
,,,2.404E-06,0.0208157896995544,0.195432535605505,
,,,2.4042E-06,-0.0461298227310181,0.195097807561979,
,,,2.4044E-06,0.0208157896995544,0.195265171583742,
,,,2.4046E-06,-0.0461298227310181,0.194930443540215,
,,,2.4048E-06,-0.0461298227310181,0.195432535605505,
,,,2.405E-06,-0.0461298227310181,0.195599899627268,
,,,2.4052E-06,-0.0461298227310181,0.194930443540215,
,,,2.4054E-06,-0.0461298227310181,0.194595715496689,
,,,2.4056E-06,0.087761402130127,0.194930443540215,
,,,2.4058E-06,0.087761402130127,0.195599899627268,
,,,2.406E-06,0.0208157896995544,0.194930443540215,
,,,2.4062E-06,0.154707014560699,0.195432535605505,
,,,2.4064E-06,0.0208157896995544,0.195767263649032,
,,,2.4066E-06,0.087761402130127,0.195599899627268,
,,,2.4068E-06,0.0208157896995544,0.195097807561979,
,,,2.407E-06,-0.0461298227310181,0.195767263649032,
,,,2.4072E-06,0.0208157896995544,0.196269355714321,
,,,2.4074E-06,-0.113075435161591,0.195599899627268,
,,,2.4076E-06,-0.0461298227310181,0.195934627670795,
,,,2.4078E-06,0.087761402130127,0.196101991692558,
,,,2.408E-06,0.087761402130127,0.196436719736084,
,,,2.4082E-06,-0.0461298227310181,0.196436719736084,
,,,2.4084E-06,0.0208157896995544,0.195265171583742,
,,,2.4086E-06,0.087761402130127,0.195767263649032,
,,,2.4088E-06,-0.0461298227310181,0.195934627670795,
,,,2.409E-06,-0.0461298227310181,0.196771447779611,
,,,2.4092E-06,-0.0461298227310181,0.195934627670795,
,,,2.4094E-06,0.0208157896995544,0.195767263649032,
,,,2.4096E-06,0.087761402130127,0.195767263649032,
,,,2.4098E-06,-0.0461298227310181,0.195767263649032,
,,,2.41E-06,0.0208157896995544,0.195934627670795,
,,,2.4102E-06,-0.0461298227310181,0.196269355714321,
,,,2.4104E-06,0.0208157896995544,0.196604083757848,
,,,2.4106E-06,0.0208157896995544,0.196101991692558,
,,,2.4108E-06,0.087761402130127,0.196269355714321,
,,,2.411E-06,-0.0461298227310181,0.196269355714321,
,,,2.4112E-06,0.0208157896995544,0.196269355714321,
,,,2.4114E-06,-0.0461298227310181,0.196938811801374,
,,,2.4116E-06,-0.0461298227310181,0.196938811801374,
,,,2.4118E-06,-0.0461298227310181,0.196436719736084,
,,,2.412E-06,0.0208157896995544,0.196604083757848,
,,,2.4122E-06,0.0208157896995544,0.196436719736084,
,,,2.4124E-06,0.087761402130127,0.197106175823137,
,,,2.4126E-06,0.087761402130127,0.195934627670795,
,,,2.4128E-06,0.0208157896995544,0.196269355714321,
,,,2.413E-06,0.0208157896995544,0.197106175823137,
,,,2.4132E-06,0.087761402130127,0.196938811801374,
,,,2.4134E-06,0.087761402130127,0.196269355714321,
,,,2.4136E-06,0.0208157896995544,0.196604083757848,
,,,2.4138E-06,0.0208157896995544,0.196436719736084,
,,,2.414E-06,0.0208157896995544,0.196101991692558,
,,,2.4142E-06,0.087761402130127,0.196436719736084,
,,,2.4144E-06,0.087761402130127,0.196269355714321,
,,,2.4146E-06,-0.0461298227310181,0.196436719736084,
,,,2.4148E-06,0.087761402130127,0.196269355714321,
,,,2.415E-06,0.0208157896995544,0.196436719736084,
,,,2.4152E-06,0.0208157896995544,0.196771447779611,
,,,2.4154E-06,0.0208157896995544,0.196101991692558,
,,,2.4156E-06,-0.0461298227310181,0.196269355714321,
,,,2.4158E-06,0.0208157896995544,0.195599899627268,
,,,2.416E-06,0.087761402130127,0.196101991692558,
,,,2.4162E-06,-0.113075435161591,0.195599899627268,
,,,2.4164E-06,0.0208157896995544,0.196101991692558,
,,,2.4166E-06,0.0208157896995544,0.196604083757848,
,,,2.4168E-06,0.0208157896995544,0.196771447779611,
,,,2.417E-06,-0.0461298227310181,0.196436719736084,
,,,2.4172E-06,0.0208157896995544,0.196269355714321,
,,,2.4174E-06,-0.0461298227310181,0.195934627670795,
,,,2.4176E-06,0.0208157896995544,0.196771447779611,
,,,2.4178E-06,-0.0461298227310181,0.196436719736084,
,,,2.418E-06,0.0208157896995544,0.195599899627268,
,,,2.4182E-06,-0.0461298227310181,0.196771447779611,
,,,2.4184E-06,0.087761402130127,0.195934627670795,
,,,2.4186E-06,0.0208157896995544,0.196436719736084,
,,,2.4188E-06,0.154707014560699,0.196604083757848,
,,,2.419E-06,0.0208157896995544,0.196604083757848,
,,,2.4192E-06,0.0208157896995544,0.196436719736084,
,,,2.4194E-06,0.0208157896995544,0.195767263649032,
,,,2.4196E-06,0.0208157896995544,0.196101991692558,
,,,2.4198E-06,0.087761402130127,0.195767263649032,
,,,2.42E-06,0.0208157896995544,0.196101991692558,
,,,2.4202E-06,0.0208157896995544,0.195767263649032,
,,,2.4204E-06,0.087761402130127,0.195767263649032,
,,,2.4206E-06,0.087761402130127,0.195599899627268,
,,,2.4208E-06,0.0208157896995544,0.195934627670795,
,,,2.421E-06,-0.0461298227310181,0.195432535605505,
,,,2.4212E-06,0.087761402130127,0.195599899627268,
,,,2.4214E-06,0.0208157896995544,0.195767263649032,
,,,2.4216E-06,0.087761402130127,0.195265171583742,
,,,2.4218E-06,0.0208157896995544,0.195265171583742,
,,,2.422E-06,0.0208157896995544,0.195097807561979,
,,,2.4222E-06,-0.0461298227310181,0.196269355714321,
,,,2.4224E-06,0.0208157896995544,0.196436719736084,
,,,2.4226E-06,-0.0461298227310181,0.195599899627268,
,,,2.4228E-06,0.0208157896995544,0.195934627670795,
,,,2.423E-06,0.0208157896995544,0.196269355714321,
,,,2.4232E-06,-0.0461298227310181,0.195265171583742,
,,,2.4234E-06,-0.113075435161591,0.195934627670795,
,,,2.4236E-06,0.087761402130127,0.195934627670795,
,,,2.4238E-06,-0.0461298227310181,0.195432535605505,
,,,2.424E-06,0.0208157896995544,0.195934627670795,
,,,2.4242E-06,-0.0461298227310181,0.196101991692558,
,,,2.4244E-06,-0.0461298227310181,0.195934627670795,
,,,2.4246E-06,-0.0461298227310181,0.196269355714321,
,,,2.4248E-06,0.087761402130127,0.195767263649032,
,,,2.425E-06,-0.113075435161591,0.196101991692558,
,,,2.4252E-06,0.087761402130127,0.195767263649032,
,,,2.4254E-06,0.087761402130127,0.196771447779611,
,,,2.4256E-06,0.0208157896995544,0.196938811801374,
,,,2.4258E-06,0.087761402130127,0.195934627670795,
,,,2.426E-06,-0.0461298227310181,0.196604083757848,
,,,2.4262E-06,-0.0461298227310181,0.196101991692558,
,,,2.4264E-06,0.0208157896995544,0.196101991692558,
,,,2.4266E-06,-0.0461298227310181,0.196269355714321,
,,,2.4268E-06,-0.113075435161591,0.195767263649032,
,,,2.427E-06,-0.0461298227310181,0.196269355714321,
,,,2.4272E-06,0.087761402130127,0.196101991692558,
,,,2.4274E-06,-0.0461298227310181,0.195934627670795,
,,,2.4276E-06,0.0208157896995544,0.196436719736084,
,,,2.4278E-06,-0.0461298227310181,0.196938811801374,
,,,2.428E-06,-0.0461298227310181,0.196771447779611,
,,,2.4282E-06,0.0208157896995544,0.196269355714321,
,,,2.4284E-06,-0.113075435161591,0.196436719736084,
,,,2.4286E-06,0.0208157896995544,0.196436719736084,
,,,2.4288E-06,0.087761402130127,0.196436719736084,
,,,2.429E-06,-0.113075435161591,0.196436719736084,
,,,2.4292E-06,-0.0461298227310181,0.196771447779611,
,,,2.4294E-06,0.0208157896995544,0.196436719736084,
,,,2.4296E-06,0.0208157896995544,0.197106175823137,
,,,2.4298E-06,-0.0461298227310181,0.196604083757848,
,,,2.43E-06,0.0208157896995544,0.196771447779611,
,,,2.4302E-06,-0.0461298227310181,0.196101991692558,
,,,2.4304E-06,-0.0461298227310181,0.196436719736084,
,,,2.4306E-06,-0.113075435161591,0.196604083757848,
,,,2.4308E-06,0.0208157896995544,0.196771447779611,
,,,2.431E-06,0.0208157896995544,0.196938811801374,
,,,2.4312E-06,-0.0461298227310181,0.1972735398449,
,,,2.4314E-06,0.0208157896995544,0.196938811801374,
,,,2.4316E-06,0.154707014560699,0.196604083757848,
,,,2.4318E-06,0.0208157896995544,0.197106175823137,
,,,2.432E-06,-0.0461298227310181,0.197106175823137,
,,,2.4322E-06,0.087761402130127,0.196938811801374,
,,,2.4324E-06,-0.0461298227310181,0.197106175823137,
,,,2.4326E-06,0.0208157896995544,0.196604083757848,
,,,2.4328E-06,0.0208157896995544,0.197106175823137,
,,,2.433E-06,-0.113075435161591,0.196436719736084,
,,,2.4332E-06,0.0208157896995544,0.196771447779611,
,,,2.4334E-06,-0.0461298227310181,0.196771447779611,
,,,2.4336E-06,0.0208157896995544,0.196269355714321,
,,,2.4338E-06,-0.0461298227310181,0.196269355714321,
,,,2.434E-06,-0.0461298227310181,0.197106175823137,
,,,2.4342E-06,0.0208157896995544,0.196771447779611,
,,,2.4344E-06,0.0208157896995544,0.196269355714321,
,,,2.4346E-06,-0.0461298227310181,0.196436719736084,
,,,2.4348E-06,0.0208157896995544,0.197608267888427,
,,,2.435E-06,-0.0461298227310181,0.196938811801374,
,,,2.4352E-06,0.0208157896995544,0.196771447779611,
,,,2.4354E-06,-0.113075435161591,0.1972735398449,
,,,2.4356E-06,0.0208157896995544,0.196938811801374,
,,,2.4358E-06,0.0208157896995544,0.196604083757848,
,,,2.436E-06,0.0208157896995544,0.196436719736084,
,,,2.4362E-06,-0.113075435161591,0.196269355714321,
,,,2.4364E-06,-0.0461298227310181,0.196604083757848,
,,,2.4366E-06,0.0208157896995544,0.196604083757848,
,,,2.4368E-06,-0.113075435161591,0.195934627670795,
,,,2.437E-06,-0.113075435161591,0.1972735398449,
,,,2.4372E-06,-0.0461298227310181,0.196771447779611,
,,,2.4374E-06,-0.0461298227310181,0.195767263649032,
,,,2.4376E-06,0.0208157896995544,0.196604083757848,
,,,2.4378E-06,0.0208157896995544,0.196269355714321,
,,,2.438E-06,0.154707014560699,0.196436719736084,
,,,2.4382E-06,0.0208157896995544,0.196604083757848,
,,,2.4384E-06,-0.0461298227310181,0.196604083757848,
,,,2.4386E-06,0.087761402130127,0.196269355714321,
,,,2.4388E-06,-0.0461298227310181,0.196604083757848,
,,,2.439E-06,0.0208157896995544,0.196101991692558,
,,,2.4392E-06,0.0208157896995544,0.196101991692558,
,,,2.4394E-06,0.0208157896995544,0.196101991692558,
,,,2.4396E-06,-0.0461298227310181,0.196269355714321,
,,,2.4398E-06,0.0208157896995544,0.195767263649032,
,,,2.44E-06,0.0208157896995544,0.196771447779611,
,,,2.4402E-06,-0.0461298227310181,0.196101991692558,
,,,2.4404E-06,0.0208157896995544,0.196604083757848,
,,,2.4406E-06,0.0208157896995544,0.196101991692558,
,,,2.4408E-06,-0.0461298227310181,0.196101991692558,
,,,2.441E-06,-0.0461298227310181,0.196101991692558,
,,,2.4412E-06,-0.113075435161591,0.195934627670795,
,,,2.4414E-06,-0.0461298227310181,0.195599899627268,
,,,2.4416E-06,0.087761402130127,0.196101991692558,
,,,2.4418E-06,-0.180021047592163,0.195767263649032,
,,,2.442E-06,-0.0461298227310181,0.195767263649032,
,,,2.4422E-06,0.087761402130127,0.196436719736084,
,,,2.4424E-06,-0.113075435161591,0.196101991692558,
,,,2.4426E-06,-0.113075435161591,0.195767263649032,
,,,2.4428E-06,0.087761402130127,0.196436719736084,
,,,2.443E-06,0.087761402130127,0.196771447779611,
,,,2.4432E-06,-0.0461298227310181,0.196436719736084,
,,,2.4434E-06,-0.0461298227310181,0.196604083757848,
,,,2.4436E-06,0.0208157896995544,0.196436719736084,
,,,2.4438E-06,-0.0461298227310181,0.196604083757848,
,,,2.444E-06,-0.0461298227310181,0.196771447779611,
,,,2.4442E-06,0.087761402130127,0.196604083757848,
,,,2.4444E-06,0.087761402130127,0.196771447779611,
,,,2.4446E-06,0.087761402130127,0.196269355714321,
,,,2.4448E-06,-0.0461298227310181,0.196269355714321,
,,,2.445E-06,0.0208157896995544,0.196604083757848,
,,,2.4452E-06,0.0208157896995544,0.196269355714321,
,,,2.4454E-06,0.0208157896995544,0.196101991692558,
,,,2.4456E-06,0.0208157896995544,0.196604083757848,
,,,2.4458E-06,-0.113075435161591,0.195599899627268,
,,,2.446E-06,0.087761402130127,0.196269355714321,
,,,2.4462E-06,0.0208157896995544,0.196269355714321,
,,,2.4464E-06,0.087761402130127,0.195767263649032,
,,,2.4466E-06,0.0208157896995544,0.196604083757848,
,,,2.4468E-06,0.087761402130127,0.196269355714321,
,,,2.447E-06,0.0208157896995544,0.196771447779611,
,,,2.4472E-06,0.0208157896995544,0.196604083757848,
,,,2.4474E-06,0.0208157896995544,0.196938811801374,
,,,2.4476E-06,-0.113075435161591,0.196269355714321,
,,,2.4478E-06,0.0208157896995544,0.196436719736084,
,,,2.448E-06,0.087761402130127,0.196938811801374,
,,,2.4482E-06,-0.0461298227310181,0.196938811801374,
,,,2.4484E-06,0.087761402130127,0.1972735398449,
,,,2.4486E-06,0.087761402130127,0.196771447779611,
,,,2.4488E-06,0.0208157896995544,0.196938811801374,
,,,2.449E-06,-0.113075435161591,0.196938811801374,
,,,2.4492E-06,0.0208157896995544,0.196604083757848,
,,,2.4494E-06,-0.0461298227310181,0.196604083757848,
,,,2.4496E-06,-0.0461298227310181,0.196436719736084,
,,,2.4498E-06,0.0208157896995544,0.196436719736084,
,,,2.45E-06,0.0208157896995544,0.196101991692558,
,,,2.4502E-06,-0.0461298227310181,0.196269355714321,
,,,2.4504E-06,0.0208157896995544,0.196771447779611,
,,,2.4506E-06,0.0208157896995544,0.197106175823137,
,,,2.4508E-06,-0.113075435161591,0.196101991692558,
,,,2.451E-06,0.087761402130127,0.196771447779611,
,,,2.4512E-06,0.0208157896995544,0.197106175823137,
,,,2.4514E-06,0.0208157896995544,0.197106175823137,
,,,2.4516E-06,-0.0461298227310181,0.197106175823137,
,,,2.4518E-06,-0.0461298227310181,0.197440903866664,
,,,2.452E-06,0.154707014560699,0.196938811801374,
,,,2.4522E-06,-0.113075435161591,0.196604083757848,
,,,2.4524E-06,-0.0461298227310181,0.197440903866664,
,,,2.4526E-06,0.0208157896995544,0.1972735398449,
,,,2.4528E-06,0.087761402130127,0.1972735398449,
,,,2.453E-06,0.0208157896995544,0.1972735398449,
,,,2.4532E-06,0.087761402130127,0.196771447779611,
,,,2.4534E-06,-0.0461298227310181,0.197106175823137,
,,,2.4536E-06,-0.0461298227310181,0.196771447779611,
,,,2.4538E-06,0.0208157896995544,0.196771447779611,
,,,2.454E-06,0.0208157896995544,0.197440903866664,
,,,2.4542E-06,-0.0461298227310181,0.196938811801374,
,,,2.4544E-06,0.0208157896995544,0.1972735398449,
,,,2.4546E-06,-0.0461298227310181,0.197106175823137,
,,,2.4548E-06,-0.113075435161591,0.196938811801374,
,,,2.455E-06,0.0208157896995544,0.196604083757848,
,,,2.4552E-06,0.0208157896995544,0.197106175823137,
,,,2.4554E-06,0.0208157896995544,0.196938811801374,
,,,2.4556E-06,-0.0461298227310181,0.196938811801374,
,,,2.4558E-06,-0.113075435161591,0.196269355714321,
,,,2.456E-06,-0.0461298227310181,0.197106175823137,
,,,2.4562E-06,0.0208157896995544,0.196604083757848,
,,,2.4564E-06,0.0208157896995544,0.196938811801374,
,,,2.4566E-06,-0.0461298227310181,0.196938811801374,
,,,2.4568E-06,0.0208157896995544,0.196938811801374,
,,,2.457E-06,0.0208157896995544,0.196604083757848,
,,,2.4572E-06,0.087761402130127,0.196771447779611,
,,,2.4574E-06,0.0208157896995544,0.197608267888427,
,,,2.4576E-06,0.0208157896995544,0.196604083757848,
,,,2.4578E-06,0.0208157896995544,0.196938811801374,
,,,2.458E-06,-0.0461298227310181,0.197106175823137,
,,,2.4582E-06,0.0208157896995544,0.196436719736084,
,,,2.4584E-06,0.0208157896995544,0.196269355714321,
,,,2.4586E-06,0.0208157896995544,0.196938811801374,
,,,2.4588E-06,0.0208157896995544,0.196101991692558,
,,,2.459E-06,0.0208157896995544,0.196604083757848,
,,,2.4592E-06,0.0208157896995544,0.196604083757848,
,,,2.4594E-06,0.0208157896995544,0.197106175823137,
,,,2.4596E-06,0.087761402130127,0.196771447779611,
,,,2.4598E-06,-0.0461298227310181,0.196771447779611,
,,,2.46E-06,-0.0461298227310181,0.197106175823137,
,,,2.4602E-06,0.087761402130127,0.196938811801374,
,,,2.4604E-06,-0.113075435161591,0.19777563191019,
,,,2.4606E-06,0.0208157896995544,0.197942995931953,
,,,2.4608E-06,0.087761402130127,0.196771447779611,
,,,2.461E-06,0.0208157896995544,0.196771447779611,
,,,2.4612E-06,-0.113075435161591,0.196101991692558,
,,,2.4614E-06,-0.0461298227310181,0.19777563191019,
,,,2.4616E-06,0.0208157896995544,0.197106175823137,
,,,2.4618E-06,-0.0461298227310181,0.196771447779611,
,,,2.462E-06,0.0208157896995544,0.196771447779611,
,,,2.4622E-06,0.087761402130127,0.196771447779611,
,,,2.4624E-06,-0.0461298227310181,0.196771447779611,
,,,2.4626E-06,-0.113075435161591,0.196436719736084,
,,,2.4628E-06,0.0208157896995544,0.196771447779611,
,,,2.463E-06,0.0208157896995544,0.196436719736084,
,,,2.4632E-06,0.087761402130127,0.196771447779611,
,,,2.4634E-06,-0.0461298227310181,0.197106175823137,
,,,2.4636E-06,0.154707014560699,0.196771447779611,
,,,2.4638E-06,0.0208157896995544,0.1972735398449,
,,,2.464E-06,0.0208157896995544,0.197106175823137,
,,,2.4642E-06,0.087761402130127,0.1972735398449,
,,,2.4644E-06,-0.0461298227310181,0.197106175823137,
,,,2.4646E-06,0.0208157896995544,0.197106175823137,
,,,2.4648E-06,0.0208157896995544,0.197440903866664,
,,,2.465E-06,0.0208157896995544,0.197440903866664,
,,,2.4652E-06,0.0208157896995544,0.197440903866664,
,,,2.4654E-06,0.0208157896995544,0.197608267888427,
,,,2.4656E-06,0.087761402130127,0.197440903866664,
,,,2.4658E-06,-0.0461298227310181,0.196604083757848,
,,,2.466E-06,0.0208157896995544,0.197106175823137,
,,,2.4662E-06,0.0208157896995544,0.197440903866664,
,,,2.4664E-06,-0.0461298227310181,0.196604083757848,
,,,2.4666E-06,0.0208157896995544,0.196938811801374,
,,,2.4668E-06,0.0208157896995544,0.1972735398449,
,,,2.467E-06,0.0208157896995544,0.197106175823137,
,,,2.4672E-06,0.087761402130127,0.197106175823137,
,,,2.4674E-06,-0.180021047592163,0.1972735398449,
,,,2.4676E-06,0.0208157896995544,0.196938811801374,
,,,2.4678E-06,0.0208157896995544,0.196771447779611,
,,,2.468E-06,0.0208157896995544,0.196771447779611,
,,,2.4682E-06,-0.0461298227310181,0.197106175823137,
,,,2.4684E-06,-0.113075435161591,0.197106175823137,
,,,2.4686E-06,-0.0461298227310181,0.197106175823137,
,,,2.4688E-06,0.087761402130127,0.197440903866664,
,,,2.469E-06,0.0208157896995544,0.1972735398449,
,,,2.4692E-06,0.0208157896995544,0.196771447779611,
,,,2.4694E-06,0.0208157896995544,0.196771447779611,
,,,2.4696E-06,-0.0461298227310181,0.196269355714321,
,,,2.4698E-06,0.0208157896995544,0.196771447779611,
,,,2.47E-06,0.087761402130127,0.197106175823137,
,,,2.4702E-06,0.087761402130127,0.1972735398449,
,,,2.4704E-06,0.0208157896995544,0.196938811801374,
,,,2.4706E-06,0.0208157896995544,0.197440903866664,
,,,2.4708E-06,-0.0461298227310181,0.196604083757848,
,,,2.471E-06,-0.0461298227310181,0.196771447779611,
,,,2.4712E-06,0.087761402130127,0.196771447779611,
,,,2.4714E-06,-0.0461298227310181,0.197608267888427,
,,,2.4716E-06,-0.0461298227310181,0.197106175823137,
,,,2.4718E-06,0.0208157896995544,0.197106175823137,
,,,2.472E-06,0.0208157896995544,0.197440903866664,
,,,2.4722E-06,-0.0461298227310181,0.197106175823137,
,,,2.4724E-06,0.154707014560699,0.19777563191019,
,,,2.4726E-06,0.087761402130127,0.198110359953716,
,,,2.4728E-06,-0.0461298227310181,0.19777563191019,
,,,2.473E-06,-0.0461298227310181,0.197440903866664,
,,,2.4732E-06,-0.0461298227310181,0.197608267888427,
,,,2.4734E-06,-0.0461298227310181,0.198445087997243,
,,,2.4736E-06,0.154707014560699,0.19827772397548,
,,,2.4738E-06,-0.0461298227310181,0.1972735398449,
,,,2.474E-06,-0.0461298227310181,0.198110359953716,
,,,2.4742E-06,0.0208157896995544,0.19777563191019,
,,,2.4744E-06,0.0208157896995544,0.197440903866664,
,,,2.4746E-06,-0.0461298227310181,0.1972735398449,
,,,2.4748E-06,0.0208157896995544,0.19827772397548,
,,,2.475E-06,-0.0461298227310181,0.197106175823137,
,,,2.4752E-06,0.0208157896995544,0.196771447779611,
,,,2.4754E-06,0.0208157896995544,0.1972735398449,
,,,2.4756E-06,-0.0461298227310181,0.1972735398449,
,,,2.4758E-06,-0.0461298227310181,0.197440903866664,
,,,2.476E-06,0.087761402130127,0.19777563191019,
,,,2.4762E-06,-0.0461298227310181,0.19777563191019,
,,,2.4764E-06,0.087761402130127,0.196938811801374,
,,,2.4766E-06,0.0208157896995544,0.196604083757848,
,,,2.4768E-06,0.0208157896995544,0.196604083757848,
,,,2.477E-06,0.0208157896995544,0.197608267888427,
,,,2.4772E-06,0.0208157896995544,0.197106175823137,
,,,2.4774E-06,0.0208157896995544,0.196604083757848,
,,,2.4776E-06,0.0208157896995544,0.197942995931953,
,,,2.4778E-06,-0.113075435161591,0.196771447779611,
,,,2.478E-06,-0.0461298227310181,0.196938811801374,
,,,2.4782E-06,0.087761402130127,0.1972735398449,
,,,2.4784E-06,0.0208157896995544,0.1972735398449,
,,,2.4786E-06,0.0208157896995544,0.197106175823137,
,,,2.4788E-06,0.087761402130127,0.197106175823137,
,,,2.479E-06,0.0208157896995544,0.197608267888427,
,,,2.4792E-06,-0.0461298227310181,0.196938811801374,
,,,2.4794E-06,0.087761402130127,0.196771447779611,
,,,2.4796E-06,-0.0461298227310181,0.196771447779611,
,,,2.4798E-06,-0.0461298227310181,0.196604083757848,
,,,2.48E-06,0.087761402130127,0.197440903866664,
,,,2.4802E-06,-0.0461298227310181,0.196771447779611,
,,,2.4804E-06,0.0208157896995544,0.196938811801374,
,,,2.4806E-06,0.0208157896995544,0.196604083757848,
,,,2.4808E-06,0.0208157896995544,0.196604083757848,
,,,2.481E-06,0.0208157896995544,0.1972735398449,
,,,2.4812E-06,0.087761402130127,0.19777563191019,
,,,2.4814E-06,0.0208157896995544,0.1972735398449,
,,,2.4816E-06,-0.0461298227310181,0.197106175823137,
,,,2.4818E-06,0.0208157896995544,0.197608267888427,
,,,2.482E-06,-0.0461298227310181,0.197440903866664,
,,,2.4822E-06,-0.0461298227310181,0.197106175823137,
,,,2.4824E-06,0.087761402130127,0.197942995931953,
,,,2.4826E-06,-0.0461298227310181,0.197106175823137,
,,,2.4828E-06,0.087761402130127,0.196938811801374,
,,,2.483E-06,0.0208157896995544,0.196938811801374,
,,,2.4832E-06,-0.0461298227310181,0.1972735398449,
,,,2.4834E-06,-0.0461298227310181,0.197608267888427,
,,,2.4836E-06,0.0208157896995544,0.195934627670795,
,,,2.4838E-06,0.0208157896995544,0.197106175823137,
,,,2.484E-06,0.087761402130127,0.197440903866664,
,,,2.4842E-06,-0.113075435161591,0.196938811801374,
,,,2.4844E-06,0.154707014560699,0.197106175823137,
,,,2.4846E-06,0.0208157896995544,0.1972735398449,
,,,2.4848E-06,0.154707014560699,0.1972735398449,
,,,2.485E-06,-0.0461298227310181,0.197106175823137,
,,,2.4852E-06,0.087761402130127,0.197608267888427,
,,,2.4854E-06,0.0208157896995544,0.197608267888427,
,,,2.4856E-06,-0.113075435161591,0.197106175823137,
,,,2.4858E-06,0.0208157896995544,0.197608267888427,
,,,2.486E-06,0.0208157896995544,0.1972735398449,
,,,2.4862E-06,0.087761402130127,0.198445087997243,
,,,2.4864E-06,0.0208157896995544,0.198110359953716,
,,,2.4866E-06,-0.0461298227310181,0.1972735398449,
,,,2.4868E-06,0.0208157896995544,0.198779816040769,
,,,2.487E-06,0.087761402130127,0.197440903866664,
,,,2.4872E-06,0.0208157896995544,0.197440903866664,
,,,2.4874E-06,0.0208157896995544,0.197440903866664,
,,,2.4876E-06,0.0208157896995544,0.197942995931953,
,,,2.4878E-06,-0.0461298227310181,0.197106175823137,
,,,2.488E-06,0.0208157896995544,0.1972735398449,
,,,2.4882E-06,0.087761402130127,0.197608267888427,
,,,2.4884E-06,0.087761402130127,0.197942995931953,
,,,2.4886E-06,0.0208157896995544,0.197440903866664,
,,,2.4888E-06,0.0208157896995544,0.197440903866664,
,,,2.489E-06,0.0208157896995544,0.1972735398449,
,,,2.4892E-06,0.0208157896995544,0.197608267888427,
,,,2.4894E-06,0.087761402130127,0.19827772397548,
,,,2.4896E-06,0.0208157896995544,0.196938811801374,
,,,2.4898E-06,0.087761402130127,0.19827772397548,
,,,2.49E-06,-0.0461298227310181,0.19777563191019,
,,,2.4902E-06,-0.0461298227310181,0.196771447779611,
,,,2.4904E-06,0.0208157896995544,0.197440903866664,
,,,2.4906E-06,0.0208157896995544,0.196938811801374,
,,,2.4908E-06,-0.0461298227310181,0.197440903866664,
,,,2.491E-06,0.0208157896995544,0.1972735398449,
,,,2.4912E-06,0.087761402130127,0.19777563191019,
,,,2.4914E-06,-0.0461298227310181,0.1972735398449,
,,,2.4916E-06,0.087761402130127,0.196771447779611,
,,,2.4918E-06,0.087761402130127,0.19777563191019,
,,,2.492E-06,-0.0461298227310181,0.196771447779611,
,,,2.4922E-06,0.0208157896995544,0.197440903866664,
,,,2.4924E-06,-0.113075435161591,0.197608267888427,
,,,2.4926E-06,0.0208157896995544,0.198612452019006,
,,,2.4928E-06,0.087761402130127,0.196938811801374,
,,,2.493E-06,-0.0461298227310181,0.196938811801374,
,,,2.4932E-06,0.0208157896995544,0.197608267888427,
,,,2.4934E-06,0.087761402130127,0.197440903866664,
,,,2.4936E-06,-0.0461298227310181,0.197106175823137,
,,,2.4938E-06,-0.0461298227310181,0.1972735398449,
,,,2.494E-06,0.154707014560699,0.197942995931953,
,,,2.4942E-06,0.0208157896995544,0.1972735398449,
,,,2.4944E-06,-0.0461298227310181,0.197440903866664,
,,,2.4946E-06,0.0208157896995544,0.197106175823137,
,,,2.4948E-06,0.0208157896995544,0.197942995931953,
,,,2.495E-06,-0.0461298227310181,0.197608267888427,
,,,2.4952E-06,0.087761402130127,0.1972735398449,
,,,2.4954E-06,0.221652626991272,0.19827772397548,
,,,2.4956E-06,0.087761402130127,0.196938811801374,
,,,2.4958E-06,0.087761402130127,0.197440903866664,
,,,2.496E-06,0.087761402130127,0.1972735398449,
,,,2.4962E-06,0.0208157896995544,0.196771447779611,
,,,2.4964E-06,-0.0461298227310181,0.197106175823137,
,,,2.4966E-06,0.087761402130127,0.197106175823137,
,,,2.4968E-06,0.0208157896995544,0.1972735398449,
,,,2.497E-06,-0.113075435161591,0.197106175823137,
,,,2.4972E-06,0.0208157896995544,0.197440903866664,
,,,2.4974E-06,0.087761402130127,0.197106175823137,
,,,2.4976E-06,0.0208157896995544,0.196771447779611,
,,,2.4978E-06,0.0208157896995544,0.196938811801374,
,,,2.498E-06,0.0208157896995544,0.197106175823137,
,,,2.4982E-06,0.0208157896995544,0.196771447779611,
,,,2.4984E-06,-0.0461298227310181,0.196604083757848,
,,,2.4986E-06,0.0208157896995544,0.196604083757848,
,,,2.4988E-06,0.0208157896995544,0.196436719736084,
,,,2.499E-06,0.087761402130127,0.196771447779611,
,,,2.4992E-06,0.0208157896995544,0.198110359953716,
,,,2.4994E-06,-0.113075435161591,0.197106175823137,
,,,2.4996E-06,0.0208157896995544,0.1972735398449,
,,,2.4998E-06,0.0208157896995544,0.196771447779611,
,,,2.5E-06,-0.0461298227310181,0.197608267888427,
,,,2.5002E-06,0.0208157896995544,0.197440903866664,
,,,2.5004E-06,0.0208157896995544,0.197608267888427,
,,,2.5006E-06,-0.0461298227310181,0.196938811801374,
,,,2.5008E-06,-0.0461298227310181,0.196771447779611,
,,,2.501E-06,-0.0461298227310181,0.1972735398449,
,,,2.5012E-06,-0.0461298227310181,0.197608267888427,
,,,2.5014E-06,-0.113075435161591,0.197440903866664,
,,,2.5016E-06,0.087761402130127,0.197106175823137,
,,,2.5018E-06,0.0208157896995544,0.197608267888427,
,,,2.502E-06,0.0208157896995544,0.197106175823137,
,,,2.5022E-06,0.0208157896995544,0.196938811801374,
,,,2.5024E-06,-0.0461298227310181,0.197106175823137,
,,,2.5026E-06,0.087761402130127,0.196938811801374,
,,,2.5028E-06,-0.0461298227310181,0.197106175823137,
,,,2.503E-06,0.0208157896995544,0.196938811801374,
,,,2.5032E-06,0.0208157896995544,0.197106175823137,
,,,2.5034E-06,-0.0461298227310181,0.196771447779611,
,,,2.5036E-06,0.087761402130127,0.196938811801374,
,,,2.5038E-06,0.0208157896995544,0.19777563191019,
,,,2.504E-06,0.087761402130127,0.197440903866664,
,,,2.5042E-06,0.0208157896995544,0.197608267888427,
,,,2.5044E-06,0.0208157896995544,0.19777563191019,
,,,2.5046E-06,0.0208157896995544,0.19777563191019,
,,,2.5048E-06,-0.0461298227310181,0.196938811801374,
,,,2.505E-06,0.0208157896995544,0.197942995931953,
,,,2.5052E-06,-0.113075435161591,0.197942995931953,
,,,2.5054E-06,0.087761402130127,0.1972735398449,
,,,2.5056E-06,0.087761402130127,0.197942995931953,
,,,2.5058E-06,-0.0461298227310181,0.1972735398449,
,,,2.506E-06,0.0208157896995544,0.197440903866664,
,,,2.5062E-06,0.087761402130127,0.19827772397548,
,,,2.5064E-06,-0.0461298227310181,0.196771447779611,
,,,2.5066E-06,-0.0461298227310181,0.196771447779611,
,,,2.5068E-06,-0.0461298227310181,0.1972735398449,
,,,2.507E-06,-0.0461298227310181,0.197106175823137,
,,,2.5072E-06,0.0208157896995544,0.196604083757848,
,,,2.5074E-06,0.0208157896995544,0.197608267888427,
,,,2.5076E-06,-0.0461298227310181,0.19777563191019,
,,,2.5078E-06,0.0208157896995544,0.196938811801374,
,,,2.508E-06,0.087761402130127,0.197440903866664,
,,,2.5082E-06,0.0208157896995544,0.197942995931953,
,,,2.5084E-06,0.154707014560699,0.1972735398449,
,,,2.5086E-06,0.087761402130127,0.197608267888427,
,,,2.5088E-06,0.0208157896995544,0.19777563191019,
,,,2.509E-06,0.0208157896995544,0.19777563191019,
,,,2.5092E-06,0.0208157896995544,0.196604083757848,
,,,2.5094E-06,-0.0461298227310181,0.196771447779611,
,,,2.5096E-06,0.0208157896995544,0.197440903866664,
,,,2.5098E-06,-0.113075435161591,0.196938811801374,
,,,2.51E-06,-0.0461298227310181,0.19777563191019,
,,,2.5102E-06,0.087761402130127,0.1972735398449,
,,,2.5104E-06,0.087761402130127,0.196771447779611,
,,,2.5106E-06,0.0208157896995544,0.196269355714321,
,,,2.5108E-06,0.087761402130127,0.1972735398449,
,,,2.511E-06,-0.0461298227310181,0.1972735398449,
,,,2.5112E-06,-0.113075435161591,0.196771447779611,
,,,2.5114E-06,0.0208157896995544,0.197106175823137,
,,,2.5116E-06,0.0208157896995544,0.197608267888427,
,,,2.5118E-06,0.087761402130127,0.197608267888427,
,,,2.512E-06,0.087761402130127,0.197440903866664,
,,,2.5122E-06,0.0208157896995544,0.196938811801374,
,,,2.5124E-06,0.087761402130127,0.197440903866664,
,,,2.5126E-06,0.0208157896995544,0.1972735398449,
,,,2.5128E-06,0.0208157896995544,0.197608267888427,
,,,2.513E-06,-0.0461298227310181,0.196436719736084,
,,,2.5132E-06,0.0208157896995544,0.196771447779611,
,,,2.5134E-06,0.0208157896995544,0.196938811801374,
,,,2.5136E-06,-0.0461298227310181,0.196604083757848,
,,,2.5138E-06,-0.113075435161591,0.1972735398449,
,,,2.514E-06,0.0208157896995544,0.197608267888427,
,,,2.5142E-06,0.0208157896995544,0.196938811801374,
,,,2.5144E-06,0.0208157896995544,0.196101991692558,
,,,2.5146E-06,0.087761402130127,0.196604083757848,
,,,2.5148E-06,0.0208157896995544,0.198110359953716,
,,,2.515E-06,0.087761402130127,0.196938811801374,
,,,2.5152E-06,0.087761402130127,0.196771447779611,
,,,2.5154E-06,0.087761402130127,0.196771447779611,
,,,2.5156E-06,0.0208157896995544,0.197608267888427,
,,,2.5158E-06,0.087761402130127,0.196938811801374,
,,,2.516E-06,0.087761402130127,0.1972735398449,
,,,2.5162E-06,-0.0461298227310181,0.196604083757848,
,,,2.5164E-06,-0.0461298227310181,0.197440903866664,
,,,2.5166E-06,0.087761402130127,0.19777563191019,
,,,2.5168E-06,0.087761402130127,0.197106175823137,
,,,2.517E-06,-0.0461298227310181,0.197106175823137,
,,,2.5172E-06,0.0208157896995544,0.1972735398449,
,,,2.5174E-06,0.0208157896995544,0.19777563191019,
,,,2.5176E-06,-0.0461298227310181,0.197608267888427,
,,,2.5178E-06,-0.0461298227310181,0.197608267888427,
,,,2.518E-06,0.0208157896995544,0.1972735398449,
,,,2.5182E-06,0.0208157896995544,0.197106175823137,
,,,2.5184E-06,0.087761402130127,0.197106175823137,
,,,2.5186E-06,-0.0461298227310181,0.196938811801374,
,,,2.5188E-06,-0.0461298227310181,0.197440903866664,
,,,2.519E-06,0.0208157896995544,0.1972735398449,
,,,2.5192E-06,0.0208157896995544,0.196604083757848,
,,,2.5194E-06,-0.0461298227310181,0.196938811801374,
,,,2.5196E-06,-0.0461298227310181,0.196938811801374,
,,,2.5198E-06,-0.0461298227310181,0.197608267888427,
,,,2.52E-06,-0.0461298227310181,0.196604083757848,
,,,2.5202E-06,-0.0461298227310181,0.196436719736084,
,,,2.5204E-06,0.0208157896995544,0.196938811801374,
,,,2.5206E-06,-0.0461298227310181,0.196604083757848,
,,,2.5208E-06,0.087761402130127,0.196604083757848,
,,,2.521E-06,0.0208157896995544,0.1972735398449,
,,,2.5212E-06,0.087761402130127,0.197106175823137,
,,,2.5214E-06,0.0208157896995544,0.196771447779611,
,,,2.5216E-06,-0.0461298227310181,0.196771447779611,
,,,2.5218E-06,0.087761402130127,0.197608267888427,
,,,2.522E-06,0.0208157896995544,0.19777563191019,
,,,2.5222E-06,0.0208157896995544,0.196604083757848,
,,,2.5224E-06,0.154707014560699,0.196938811801374,
,,,2.5226E-06,0.087761402130127,0.197440903866664,
,,,2.5228E-06,-0.0461298227310181,0.197106175823137,
,,,2.523E-06,0.0208157896995544,0.196938811801374,
,,,2.5232E-06,0.087761402130127,0.196604083757848,
,,,2.5234E-06,-0.0461298227310181,0.196938811801374,
,,,2.5236E-06,-0.0461298227310181,0.197608267888427,
,,,2.5238E-06,0.0208157896995544,0.197106175823137,
,,,2.524E-06,0.087761402130127,0.196771447779611,
,,,2.5242E-06,0.0208157896995544,0.196604083757848,
,,,2.5244E-06,0.0208157896995544,0.1972735398449,
,,,2.5246E-06,0.0208157896995544,0.197608267888427,
,,,2.5248E-06,0.087761402130127,0.197440903866664,
,,,2.525E-06,-0.0461298227310181,0.196436719736084,
,,,2.5252E-06,0.0208157896995544,0.196771447779611,
,,,2.5254E-06,0.0208157896995544,0.197106175823137,
,,,2.5256E-06,0.0208157896995544,0.197106175823137,
,,,2.5258E-06,-0.0461298227310181,0.196269355714321,
,,,2.526E-06,0.0208157896995544,0.197106175823137,
,,,2.5262E-06,-0.0461298227310181,0.196771447779611,
,,,2.5264E-06,0.087761402130127,0.196436719736084,
,,,2.5266E-06,0.087761402130127,0.196604083757848,
,,,2.5268E-06,0.0208157896995544,0.1972735398449,
,,,2.527E-06,-0.0461298227310181,0.196938811801374,
,,,2.5272E-06,0.0208157896995544,0.195934627670795,
,,,2.5274E-06,-0.0461298227310181,0.197106175823137,
,,,2.5276E-06,0.154707014560699,0.196604083757848,
,,,2.5278E-06,0.0208157896995544,0.196938811801374,
,,,2.528E-06,0.0208157896995544,0.196436719736084,
,,,2.5282E-06,0.0208157896995544,0.1972735398449,
,,,2.5284E-06,0.0208157896995544,0.195934627670795,
,,,2.5286E-06,-0.0461298227310181,0.196604083757848,
,,,2.5288E-06,0.0208157896995544,0.196101991692558,
,,,2.529E-06,-0.0461298227310181,0.196604083757848,
,,,2.5292E-06,0.0208157896995544,0.195767263649032,
,,,2.5294E-06,0.087761402130127,0.196436719736084,
,,,2.5296E-06,0.087761402130127,0.196938811801374,
,,,2.5298E-06,0.0208157896995544,0.196604083757848,
,,,2.53E-06,0.087761402130127,0.195599899627268,
,,,2.5302E-06,-0.0461298227310181,0.196436719736084,
,,,2.5304E-06,0.0208157896995544,0.196269355714321,
,,,2.5306E-06,0.0208157896995544,0.196101991692558,
,,,2.5308E-06,-0.0461298227310181,0.196436719736084,
,,,2.531E-06,-0.0461298227310181,0.196269355714321,
,,,2.5312E-06,0.087761402130127,0.1972735398449,
,,,2.5314E-06,-0.0461298227310181,0.196269355714321,
,,,2.5316E-06,-0.0461298227310181,0.196436719736084,
,,,2.5318E-06,0.087761402130127,0.196436719736084,
,,,2.532E-06,0.0208157896995544,0.196436719736084,
,,,2.5322E-06,-0.0461298227310181,0.196269355714321,
,,,2.5324E-06,0.0208157896995544,0.196604083757848,
,,,2.5326E-06,-0.0461298227310181,0.196604083757848,
,,,2.5328E-06,0.0208157896995544,0.196771447779611,
,,,2.533E-06,0.0208157896995544,0.195934627670795,
,,,2.5332E-06,0.0208157896995544,0.196436719736084,
,,,2.5334E-06,0.0208157896995544,0.196604083757848,
,,,2.5336E-06,0.087761402130127,0.196269355714321,
,,,2.5338E-06,-0.0461298227310181,0.196604083757848,
,,,2.534E-06,0.087761402130127,0.196604083757848,
,,,2.5342E-06,0.0208157896995544,0.196938811801374,
,,,2.5344E-06,0.0208157896995544,0.196436719736084,
,,,2.5346E-06,0.0208157896995544,0.196938811801374,
,,,2.5348E-06,-0.0461298227310181,0.196938811801374,
,,,2.535E-06,0.0208157896995544,0.196269355714321,
,,,2.5352E-06,-0.0461298227310181,0.195934627670795,
,,,2.5354E-06,-0.113075435161591,0.197106175823137,
,,,2.5356E-06,0.0208157896995544,0.196436719736084,
,,,2.5358E-06,0.0208157896995544,0.197106175823137,
,,,2.536E-06,0.087761402130127,0.196101991692558,
,,,2.5362E-06,-0.0461298227310181,0.196604083757848,
,,,2.5364E-06,0.087761402130127,0.196436719736084,
,,,2.5366E-06,0.0208157896995544,0.196101991692558,
,,,2.5368E-06,-0.113075435161591,0.196604083757848,
,,,2.537E-06,-0.0461298227310181,0.196938811801374,
,,,2.5372E-06,0.0208157896995544,0.196604083757848,
,,,2.5374E-06,0.0208157896995544,0.196771447779611,
,,,2.5376E-06,0.087761402130127,0.197106175823137,
,,,2.5378E-06,-0.0461298227310181,0.196604083757848,
,,,2.538E-06,0.0208157896995544,0.196101991692558,
,,,2.5382E-06,0.087761402130127,0.196938811801374,
,,,2.5384E-06,0.0208157896995544,0.196101991692558,
,,,2.5386E-06,-0.0461298227310181,0.196938811801374,
,,,2.5388E-06,0.087761402130127,0.196269355714321,
,,,2.539E-06,-0.0461298227310181,0.196436719736084,
,,,2.5392E-06,0.0208157896995544,0.197608267888427,
,,,2.5394E-06,0.0208157896995544,0.196436719736084,
,,,2.5396E-06,-0.0461298227310181,0.196436719736084,
,,,2.5398E-06,-0.0461298227310181,0.196771447779611,
,,,2.54E-06,0.087761402130127,0.196938811801374,
,,,2.5402E-06,0.0208157896995544,0.1972735398449,
,,,2.5404E-06,0.0208157896995544,0.196436719736084,
,,,2.5406E-06,0.087761402130127,0.196771447779611,
,,,2.5408E-06,-0.0461298227310181,0.196269355714321,
,,,2.541E-06,0.087761402130127,0.196771447779611,
,,,2.5412E-06,0.0208157896995544,0.196101991692558,
,,,2.5414E-06,0.087761402130127,0.196101991692558,
,,,2.5416E-06,0.0208157896995544,0.196604083757848,
,,,2.5418E-06,0.0208157896995544,0.195767263649032,
,,,2.542E-06,0.0208157896995544,0.196938811801374,
,,,2.5422E-06,0.087761402130127,0.197440903866664,
,,,2.5424E-06,0.0208157896995544,0.196604083757848,
,,,2.5426E-06,0.0208157896995544,0.196269355714321,
,,,2.5428E-06,0.0208157896995544,0.196604083757848,
,,,2.543E-06,0.0208157896995544,0.196771447779611,
,,,2.5432E-06,0.0208157896995544,0.196771447779611,
,,,2.5434E-06,0.0208157896995544,0.196771447779611,
,,,2.5436E-06,0.0208157896995544,0.196436719736084,
,,,2.5438E-06,0.0208157896995544,0.197440903866664,
,,,2.544E-06,0.0208157896995544,0.196604083757848,
,,,2.5442E-06,-0.113075435161591,0.195599899627268,
,,,2.5444E-06,-0.0461298227310181,0.196101991692558,
,,,2.5446E-06,0.087761402130127,0.196101991692558,
,,,2.5448E-06,0.0208157896995544,0.196269355714321,
,,,2.545E-06,-0.113075435161591,0.196269355714321,
,,,2.5452E-06,0.0208157896995544,0.196604083757848,
,,,2.5454E-06,-0.0461298227310181,0.196938811801374,
,,,2.5456E-06,0.0208157896995544,0.196604083757848,
,,,2.5458E-06,0.0208157896995544,0.196938811801374,
,,,2.546E-06,0.0208157896995544,0.1972735398449,
,,,2.5462E-06,0.0208157896995544,0.196938811801374,
,,,2.5464E-06,0.0208157896995544,0.196101991692558,
,,,2.5466E-06,0.0208157896995544,0.196269355714321,
,,,2.5468E-06,0.087761402130127,0.196771447779611,
,,,2.547E-06,0.0208157896995544,0.197440903866664,
,,,2.5472E-06,0.0208157896995544,0.196101991692558,
,,,2.5474E-06,0.087761402130127,0.195934627670795,
,,,2.5476E-06,-0.113075435161591,0.196436719736084,
,,,2.5478E-06,0.087761402130127,0.196101991692558,
,,,2.548E-06,0.0208157896995544,0.196101991692558,
,,,2.5482E-06,-0.113075435161591,0.195934627670795,
,,,2.5484E-06,0.0208157896995544,0.195599899627268,
,,,2.5486E-06,0.0208157896995544,0.195599899627268,
,,,2.5488E-06,0.154707014560699,0.196269355714321,
,,,2.549E-06,-0.0461298227310181,0.195934627670795,
,,,2.5492E-06,0.087761402130127,0.196101991692558,
,,,2.5494E-06,-0.0461298227310181,0.196101991692558,
,,,2.5496E-06,0.0208157896995544,0.195934627670795,
,,,2.5498E-06,-0.0461298227310181,0.196771447779611,
,,,2.55E-06,-0.113075435161591,0.195767263649032,
,,,2.5502E-06,0.0208157896995544,0.196101991692558,
,,,2.5504E-06,0.087761402130127,0.197106175823137,
,,,2.5506E-06,-0.0461298227310181,0.196436719736084,
,,,2.5508E-06,-0.0461298227310181,0.195767263649032,
,,,2.551E-06,0.0208157896995544,0.195767263649032,
,,,2.5512E-06,0.154707014560699,0.195934627670795,
,,,2.5514E-06,-0.0461298227310181,0.195934627670795,
,,,2.5516E-06,-0.0461298227310181,0.195265171583742,
,,,2.5518E-06,0.0208157896995544,0.196101991692558,
,,,2.552E-06,0.0208157896995544,0.195599899627268,
,,,2.5522E-06,-0.0461298227310181,0.195599899627268,
,,,2.5524E-06,0.0208157896995544,0.195432535605505,
,,,2.5526E-06,0.087761402130127,0.195934627670795,
,,,2.5528E-06,0.087761402130127,0.196269355714321,
,,,2.553E-06,0.0208157896995544,0.196604083757848,
,,,2.5532E-06,0.087761402130127,0.195934627670795,
,,,2.5534E-06,0.0208157896995544,0.196604083757848,
,,,2.5536E-06,-0.0461298227310181,0.196101991692558,
,,,2.5538E-06,0.087761402130127,0.196101991692558,
,,,2.554E-06,0.0208157896995544,0.196269355714321,
,,,2.5542E-06,0.0208157896995544,0.196269355714321,
,,,2.5544E-06,0.0208157896995544,0.196436719736084,
,,,2.5546E-06,0.0208157896995544,0.196771447779611,
,,,2.5548E-06,-0.0461298227310181,0.196436719736084,
,,,2.555E-06,0.087761402130127,0.197106175823137,
,,,2.5552E-06,0.087761402130127,0.196269355714321,
,,,2.5554E-06,0.0208157896995544,0.195934627670795,
,,,2.5556E-06,0.0208157896995544,0.196771447779611,
,,,2.5558E-06,0.0208157896995544,0.196938811801374,
,,,2.556E-06,-0.0461298227310181,0.196938811801374,
,,,2.5562E-06,-0.0461298227310181,0.196938811801374,
,,,2.5564E-06,-0.0461298227310181,0.196938811801374,
,,,2.5566E-06,-0.0461298227310181,0.197440903866664,
,,,2.5568E-06,0.0208157896995544,0.197106175823137,
,,,2.557E-06,-0.0461298227310181,0.1972735398449,
,,,2.5572E-06,0.0208157896995544,0.197942995931953,
,,,2.5574E-06,0.0208157896995544,0.196938811801374,
,,,2.5576E-06,0.0208157896995544,0.1972735398449,
,,,2.5578E-06,-0.0461298227310181,0.19777563191019,
,,,2.558E-06,0.0208157896995544,0.1972735398449,
,,,2.5582E-06,-0.0461298227310181,0.198110359953716,
,,,2.5584E-06,0.0208157896995544,0.197440903866664,
,,,2.5586E-06,0.0208157896995544,0.197608267888427,
,,,2.5588E-06,0.0208157896995544,0.198110359953716,
,,,2.559E-06,0.0208157896995544,0.197608267888427,
,,,2.5592E-06,0.0208157896995544,0.197106175823137,
,,,2.5594E-06,0.0208157896995544,0.197440903866664,
,,,2.5596E-06,0.087761402130127,0.197440903866664,
,,,2.5598E-06,0.0208157896995544,0.198110359953716,
,,,2.56E-06,-0.0461298227310181,0.197440903866664,
,,,2.5602E-06,0.0208157896995544,0.196436719736084,
,,,2.5604E-06,-0.0461298227310181,0.19777563191019,
,,,2.5606E-06,0.087761402130127,0.1972735398449,
,,,2.5608E-06,-0.0461298227310181,0.19777563191019,
,,,2.561E-06,0.0208157896995544,0.197106175823137,
,,,2.5612E-06,0.087761402130127,0.19777563191019,
,,,2.5614E-06,0.0208157896995544,0.1972735398449,
,,,2.5616E-06,0.0208157896995544,0.1972735398449,
,,,2.5618E-06,0.0208157896995544,0.19777563191019,
,,,2.562E-06,0.0208157896995544,0.197608267888427,
,,,2.5622E-06,-0.0461298227310181,0.197106175823137,
,,,2.5624E-06,-0.113075435161591,0.197106175823137,
,,,2.5626E-06,0.0208157896995544,0.1972735398449,
,,,2.5628E-06,-0.0461298227310181,0.197440903866664,
,,,2.563E-06,-0.0461298227310181,0.196938811801374,
,,,2.5632E-06,0.087761402130127,0.197440903866664,
,,,2.5634E-06,0.0208157896995544,0.196269355714321,
,,,2.5636E-06,-0.0461298227310181,0.196771447779611,
,,,2.5638E-06,-0.0461298227310181,0.1972735398449,
,,,2.564E-06,0.0208157896995544,0.196604083757848,
,,,2.5642E-06,-0.0461298227310181,0.196938811801374,
,,,2.5644E-06,-0.0461298227310181,0.197106175823137,
,,,2.5646E-06,0.154707014560699,0.196938811801374,
,,,2.5648E-06,0.087761402130127,0.196436719736084,
,,,2.565E-06,-0.113075435161591,0.196604083757848,
,,,2.5652E-06,-0.0461298227310181,0.196938811801374,
,,,2.5654E-06,-0.113075435161591,0.196938811801374,
,,,2.5656E-06,0.087761402130127,0.196604083757848,
,,,2.5658E-06,0.087761402130127,0.196269355714321,
,,,2.566E-06,0.087761402130127,0.196771447779611,
,,,2.5662E-06,0.0208157896995544,0.196771447779611,
,,,2.5664E-06,-0.0461298227310181,0.196436719736084,
,,,2.5666E-06,0.0208157896995544,0.196269355714321,
,,,2.5668E-06,-0.0461298227310181,0.1972735398449,
,,,2.567E-06,0.0208157896995544,0.196771447779611,
,,,2.5672E-06,0.087761402130127,0.196436719736084,
,,,2.5674E-06,0.0208157896995544,0.197106175823137,
,,,2.5676E-06,0.0208157896995544,0.197106175823137,
,,,2.5678E-06,0.087761402130127,0.1972735398449,
,,,2.568E-06,0.087761402130127,0.196771447779611,
,,,2.5682E-06,-0.113075435161591,0.1972735398449,
,,,2.5684E-06,-0.0461298227310181,0.196604083757848,
,,,2.5686E-06,0.0208157896995544,0.196269355714321,
,,,2.5688E-06,0.0208157896995544,0.197608267888427,
,,,2.569E-06,0.0208157896995544,0.196938811801374,
,,,2.5692E-06,0.0208157896995544,0.196436719736084,
,,,2.5694E-06,-0.0461298227310181,0.196604083757848,
,,,2.5696E-06,0.087761402130127,0.196938811801374,
,,,2.5698E-06,-0.180021047592163,0.196269355714321,
,,,2.57E-06,0.0208157896995544,0.196771447779611,
,,,2.5702E-06,0.0208157896995544,0.1972735398449,
,,,2.5704E-06,0.0208157896995544,0.196771447779611,
,,,2.5706E-06,-0.113075435161591,0.196101991692558,
,,,2.5708E-06,0.0208157896995544,0.1972735398449,
,,,2.571E-06,-0.0461298227310181,0.197106175823137,
,,,2.5712E-06,0.0208157896995544,0.197106175823137,
,,,2.5714E-06,-0.0461298227310181,0.197106175823137,
,,,2.5716E-06,-0.0461298227310181,0.196436719736084,
,,,2.5718E-06,0.0208157896995544,0.196771447779611,
,,,2.572E-06,0.087761402130127,0.196771447779611,
,,,2.5722E-06,-0.0461298227310181,0.197106175823137,
,,,2.5724E-06,0.087761402130127,0.196269355714321,
,,,2.5726E-06,0.087761402130127,0.196604083757848,
,,,2.5728E-06,-0.0461298227310181,0.196938811801374,
,,,2.573E-06,0.087761402130127,0.1972735398449,
,,,2.5732E-06,0.0208157896995544,0.197942995931953,
,,,2.5734E-06,-0.0461298227310181,0.1972735398449,
,,,2.5736E-06,0.0208157896995544,0.197942995931953,
,,,2.5738E-06,-0.0461298227310181,0.196938811801374,
,,,2.574E-06,0.0208157896995544,0.197106175823137,
,,,2.5742E-06,-0.0461298227310181,0.19777563191019,
,,,2.5744E-06,0.087761402130127,0.196938811801374,
,,,2.5746E-06,-0.0461298227310181,0.197440903866664,
,,,2.5748E-06,0.0208157896995544,0.197608267888427,
,,,2.575E-06,0.0208157896995544,0.198445087997243,
,,,2.5752E-06,-0.0461298227310181,0.197106175823137,
,,,2.5754E-06,0.0208157896995544,0.198612452019006,
,,,2.5756E-06,0.087761402130127,0.198110359953716,
,,,2.5758E-06,-0.0461298227310181,0.198110359953716,
,,,2.576E-06,0.0208157896995544,0.197608267888427,
,,,2.5762E-06,-0.113075435161591,0.19827772397548,
,,,2.5764E-06,0.0208157896995544,0.198110359953716,
,,,2.5766E-06,0.0208157896995544,0.197440903866664,
,,,2.5768E-06,0.0208157896995544,0.198612452019006,
,,,2.577E-06,-0.0461298227310181,0.197942995931953,
,,,2.5772E-06,-0.0461298227310181,0.19777563191019,
,,,2.5774E-06,0.0208157896995544,0.197942995931953,
,,,2.5776E-06,0.0208157896995544,0.197440903866664,
,,,2.5778E-06,0.0208157896995544,0.197440903866664,
,,,2.578E-06,0.087761402130127,0.197608267888427,
,,,2.5782E-06,0.0208157896995544,0.197608267888427,
,,,2.5784E-06,0.087761402130127,0.1972735398449,
,,,2.5786E-06,0.0208157896995544,0.198110359953716,
,,,2.5788E-06,0.154707014560699,0.1972735398449,
,,,2.579E-06,0.0208157896995544,0.19777563191019,
,,,2.5792E-06,0.087761402130127,0.197608267888427,
,,,2.5794E-06,0.087761402130127,0.19827772397548,
,,,2.5796E-06,-0.0461298227310181,0.197440903866664,
,,,2.5798E-06,0.0208157896995544,0.19777563191019,
,,,2.58E-06,0.0208157896995544,0.198110359953716,
,,,2.5802E-06,0.0208157896995544,0.196938811801374,
,,,2.5804E-06,-0.0461298227310181,0.196604083757848,
,,,2.5806E-06,0.087761402130127,0.19777563191019,
,,,2.5808E-06,0.0208157896995544,0.1972735398449,
,,,2.581E-06,-0.0461298227310181,0.1972735398449,
,,,2.5812E-06,0.0208157896995544,0.1972735398449,
,,,2.5814E-06,-0.0461298227310181,0.197106175823137,
,,,2.5816E-06,-0.113075435161591,0.196938811801374,
,,,2.5818E-06,-0.0461298227310181,0.197440903866664,
,,,2.582E-06,0.0208157896995544,0.197440903866664,
,,,2.5822E-06,0.0208157896995544,0.1972735398449,
,,,2.5824E-06,0.087761402130127,0.197608267888427,
,,,2.5826E-06,0.0208157896995544,0.196771447779611,
,,,2.5828E-06,-0.0461298227310181,0.196771447779611,
,,,2.583E-06,0.0208157896995544,0.196771447779611,
,,,2.5832E-06,0.0208157896995544,0.197440903866664,
,,,2.5834E-06,0.087761402130127,0.197440903866664,
,,,2.5836E-06,0.0208157896995544,0.197106175823137,
,,,2.5838E-06,-0.0461298227310181,0.197440903866664,
,,,2.584E-06,0.0208157896995544,0.197608267888427,
,,,2.5842E-06,-0.0461298227310181,0.19777563191019,
,,,2.5844E-06,-0.0461298227310181,0.19777563191019,
,,,2.5846E-06,0.0208157896995544,0.197608267888427,
,,,2.5848E-06,0.087761402130127,0.197608267888427,
,,,2.585E-06,0.087761402130127,0.19827772397548,
,,,2.5852E-06,0.087761402130127,0.197440903866664,
,,,2.5854E-06,0.087761402130127,0.197608267888427,
,,,2.5856E-06,0.0208157896995544,0.197106175823137,
,,,2.5858E-06,0.0208157896995544,0.19777563191019,
,,,2.586E-06,-0.0461298227310181,0.19777563191019,
,,,2.5862E-06,0.087761402130127,0.197608267888427,
,,,2.5864E-06,0.0208157896995544,0.197942995931953,
,,,2.5866E-06,0.0208157896995544,0.197608267888427,
,,,2.5868E-06,-0.113075435161591,0.1972735398449,
,,,2.587E-06,0.0208157896995544,0.19777563191019,
,,,2.5872E-06,0.087761402130127,0.197608267888427,
,,,2.5874E-06,0.0208157896995544,0.1972735398449,
,,,2.5876E-06,0.087761402130127,0.197942995931953,
,,,2.5878E-06,0.0208157896995544,0.197942995931953,
,,,2.588E-06,-0.0461298227310181,0.1972735398449,
,,,2.5882E-06,-0.0461298227310181,0.197440903866664,
,,,2.5884E-06,0.0208157896995544,0.197608267888427,
,,,2.5886E-06,0.087761402130127,0.19777563191019,
,,,2.5888E-06,0.0208157896995544,0.197942995931953,
,,,2.589E-06,-0.113075435161591,0.19777563191019,
,,,2.5892E-06,0.0208157896995544,0.197608267888427,
,,,2.5894E-06,0.0208157896995544,0.197608267888427,
,,,2.5896E-06,0.0208157896995544,0.197608267888427,
,,,2.5898E-06,-0.0461298227310181,0.19777563191019,
,,,2.59E-06,0.0208157896995544,0.198110359953716,
,,,2.5902E-06,-0.0461298227310181,0.19777563191019,
,,,2.5904E-06,-0.0461298227310181,0.197608267888427,
,,,2.5906E-06,0.0208157896995544,0.197106175823137,
,,,2.5908E-06,0.087761402130127,0.197608267888427,
,,,2.591E-06,-0.113075435161591,0.19777563191019,
,,,2.5912E-06,-0.0461298227310181,0.197942995931953,
,,,2.5914E-06,0.0208157896995544,0.197440903866664,
,,,2.5916E-06,0.087761402130127,0.1972735398449,
,,,2.5918E-06,0.0208157896995544,0.1972735398449,
,,,2.592E-06,0.0208157896995544,0.197440903866664,
,,,2.5922E-06,0.0208157896995544,0.19777563191019,
,,,2.5924E-06,0.0208157896995544,0.197942995931953,
,,,2.5926E-06,0.0208157896995544,0.19777563191019,
,,,2.5928E-06,0.154707014560699,0.198110359953716,
,,,2.593E-06,0.0208157896995544,0.19827772397548,
,,,2.5932E-06,-0.0461298227310181,0.19827772397548,
,,,2.5934E-06,0.087761402130127,0.19827772397548,
,,,2.5936E-06,0.0208157896995544,0.198612452019006,
,,,2.5938E-06,0.0208157896995544,0.198110359953716,
,,,2.594E-06,0.0208157896995544,0.19827772397548,
,,,2.5942E-06,0.0208157896995544,0.198612452019006,
,,,2.5944E-06,0.0208157896995544,0.198110359953716,
,,,2.5946E-06,0.087761402130127,0.198612452019006,
,,,2.5948E-06,-0.0461298227310181,0.197608267888427,
,,,2.595E-06,-0.0461298227310181,0.197608267888427,
,,,2.5952E-06,0.087761402130127,0.198947180062532,
,,,2.5954E-06,-0.0461298227310181,0.19777563191019,
,,,2.5956E-06,0.0208157896995544,0.197440903866664,
,,,2.5958E-06,0.0208157896995544,0.197608267888427,
,,,2.596E-06,0.087761402130127,0.197942995931953,
,,,2.5962E-06,-0.0461298227310181,0.196938811801374,
,,,2.5964E-06,0.087761402130127,0.197440903866664,
,,,2.5966E-06,-0.0461298227310181,0.197942995931953,
,,,2.5968E-06,0.087761402130127,0.198110359953716,
,,,2.597E-06,0.087761402130127,0.19827772397548,
,,,2.5972E-06,-0.0461298227310181,0.19777563191019,
,,,2.5974E-06,0.0208157896995544,0.198612452019006,
,,,2.5976E-06,0.0208157896995544,0.197440903866664,
,,,2.5978E-06,0.0208157896995544,0.19827772397548,
,,,2.598E-06,0.0208157896995544,0.197440903866664,
,,,2.5982E-06,0.087761402130127,0.19827772397548,
,,,2.5984E-06,-0.0461298227310181,0.19777563191019,
,,,2.5986E-06,0.0208157896995544,0.197942995931953,
,,,2.5988E-06,0.0208157896995544,0.19777563191019,
,,,2.599E-06,0.0208157896995544,0.19827772397548,
,,,2.5992E-06,0.087761402130127,0.19827772397548,
,,,2.5994E-06,-0.113075435161591,0.197440903866664,
,,,2.5996E-06,0.0208157896995544,0.197608267888427,
,,,2.5998E-06,-0.0461298227310181,0.197608267888427,
,,,2.6E-06,0.087761402130127,0.197942995931953,
,,,2.6002E-06,0.0208157896995544,0.19827772397548,
,,,2.6004E-06,0.087761402130127,0.197608267888427,
,,,2.6006E-06,-0.0461298227310181,0.19827772397548,
,,,2.6008E-06,-0.0461298227310181,0.1972735398449,
,,,2.601E-06,-0.0461298227310181,0.197608267888427,
,,,2.6012E-06,-0.0461298227310181,0.197942995931953,
,,,2.6014E-06,0.087761402130127,0.198110359953716,
,,,2.6016E-06,0.0208157896995544,0.198110359953716,
,,,2.6018E-06,-0.180021047592163,0.197942995931953,
,,,2.602E-06,0.0208157896995544,0.19777563191019,
,,,2.6022E-06,0.0208157896995544,0.1972735398449,
,,,2.6024E-06,0.0208157896995544,0.197106175823137,
,,,2.6026E-06,-0.0461298227310181,0.1972735398449,
,,,2.6028E-06,0.0208157896995544,0.197608267888427,
,,,2.603E-06,-0.0461298227310181,0.19777563191019,
,,,2.6032E-06,0.0208157896995544,0.196771447779611,
,,,2.6034E-06,-0.113075435161591,0.197608267888427,
,,,2.6036E-06,0.0208157896995544,0.198445087997243,
,,,2.6038E-06,0.0208157896995544,0.1972735398449,
,,,2.604E-06,0.087761402130127,0.197440903866664,
,,,2.6042E-06,0.087761402130127,0.19777563191019,
,,,2.6044E-06,0.087761402130127,0.197106175823137,
,,,2.6046E-06,0.0208157896995544,0.1972735398449,
,,,2.6048E-06,-0.0461298227310181,0.197608267888427,
,,,2.605E-06,0.087761402130127,0.19777563191019,
,,,2.6052E-06,-0.0461298227310181,0.197106175823137,
,,,2.6054E-06,0.0208157896995544,0.197608267888427,
,,,2.6056E-06,-0.0461298227310181,0.19777563191019,
,,,2.6058E-06,-0.113075435161591,0.197608267888427,
,,,2.606E-06,0.0208157896995544,0.197440903866664,
,,,2.6062E-06,0.0208157896995544,0.19827772397548,
,,,2.6064E-06,0.087761402130127,0.19827772397548,
,,,2.6066E-06,-0.0461298227310181,0.1972735398449,
,,,2.6068E-06,0.0208157896995544,0.197942995931953,
,,,2.607E-06,-0.0461298227310181,0.19827772397548,
,,,2.6072E-06,-0.0461298227310181,0.197942995931953,
,,,2.6074E-06,0.0208157896995544,0.19777563191019,
,,,2.6076E-06,-0.113075435161591,0.197608267888427,
,,,2.6078E-06,-0.0461298227310181,0.1972735398449,
,,,2.608E-06,0.087761402130127,0.1972735398449,
,,,2.6082E-06,-0.0461298227310181,0.198110359953716,
,,,2.6084E-06,0.0208157896995544,0.19777563191019,
,,,2.6086E-06,0.0208157896995544,0.197440903866664,
,,,2.6088E-06,0.0208157896995544,0.197608267888427,
,,,2.609E-06,-0.113075435161591,0.19827772397548,
,,,2.6092E-06,-0.0461298227310181,0.19827772397548,
,,,2.6094E-06,-0.0461298227310181,0.198110359953716,
,,,2.6096E-06,0.087761402130127,0.198110359953716,
,,,2.6098E-06,-0.0461298227310181,0.19777563191019,
,,,2.61E-06,0.0208157896995544,0.19777563191019,
,,,2.6102E-06,0.0208157896995544,0.197942995931953,
,,,2.6104E-06,0.0208157896995544,0.19827772397548,
,,,2.6106E-06,0.0208157896995544,0.198110359953716,
,,,2.6108E-06,0.154707014560699,0.197608267888427,
,,,2.611E-06,0.0208157896995544,0.197942995931953,
,,,2.6112E-06,-0.0461298227310181,0.1972735398449,
,,,2.6114E-06,0.087761402130127,0.198445087997243,
,,,2.6116E-06,-0.0461298227310181,0.198110359953716,
,,,2.6118E-06,0.0208157896995544,0.197608267888427,
,,,2.612E-06,0.087761402130127,0.198110359953716,
,,,2.6122E-06,-0.0461298227310181,0.197608267888427,
,,,2.6124E-06,-0.0461298227310181,0.198110359953716,
,,,2.6126E-06,0.087761402130127,0.196604083757848,
,,,2.6128E-06,0.154707014560699,0.197942995931953,
,,,2.613E-06,-0.0461298227310181,0.197942995931953,
,,,2.6132E-06,-0.0461298227310181,0.19777563191019,
,,,2.6134E-06,0.0208157896995544,0.198110359953716,
,,,2.6136E-06,0.0208157896995544,0.19777563191019,
,,,2.6138E-06,0.0208157896995544,0.197942995931953,
,,,2.614E-06,0.0208157896995544,0.198110359953716,
,,,2.6142E-06,-0.113075435161591,0.19777563191019,
,,,2.6144E-06,0.087761402130127,0.198110359953716,
,,,2.6146E-06,-0.0461298227310181,0.198612452019006,
,,,2.6148E-06,-0.0461298227310181,0.198445087997243,
,,,2.615E-06,-0.0461298227310181,0.19827772397548,
,,,2.6152E-06,0.0208157896995544,0.197440903866664,
,,,2.6154E-06,-0.0461298227310181,0.198110359953716,
,,,2.6156E-06,0.0208157896995544,0.19827772397548,
,,,2.6158E-06,0.0208157896995544,0.197942995931953,
,,,2.616E-06,0.087761402130127,0.19827772397548,
,,,2.6162E-06,-0.0461298227310181,0.198445087997243,
,,,2.6164E-06,0.0208157896995544,0.19777563191019,
,,,2.6166E-06,-0.0461298227310181,0.197440903866664,
,,,2.6168E-06,0.0208157896995544,0.197440903866664,
,,,2.617E-06,-0.0461298227310181,0.19827772397548,
,,,2.6172E-06,0.087761402130127,0.197440903866664,
,,,2.6174E-06,-0.0461298227310181,0.198110359953716,
,,,2.6176E-06,0.0208157896995544,0.197942995931953,
,,,2.6178E-06,0.0208157896995544,0.1972735398449,
,,,2.618E-06,0.0208157896995544,0.197608267888427,
,,,2.6182E-06,0.0208157896995544,0.19777563191019,
,,,2.6184E-06,-0.0461298227310181,0.19827772397548,
,,,2.6186E-06,0.0208157896995544,0.1972735398449,
,,,2.6188E-06,-0.0461298227310181,0.198779816040769,
,,,2.619E-06,-0.0461298227310181,0.1972735398449,
,,,2.6192E-06,0.087761402130127,0.197942995931953,
,,,2.6194E-06,-0.0461298227310181,0.198445087997243,
,,,2.6196E-06,0.0208157896995544,0.198110359953716,
,,,2.6198E-06,-0.0461298227310181,0.197106175823137,
,,,2.62E-06,-0.0461298227310181,0.198110359953716,
,,,2.6202E-06,-0.0461298227310181,0.198110359953716,
,,,2.6204E-06,0.0208157896995544,0.197608267888427,
,,,2.6206E-06,-0.0461298227310181,0.197942995931953,
,,,2.6208E-06,0.087761402130127,0.198445087997243,
,,,2.621E-06,-0.0461298227310181,0.197608267888427,
,,,2.6212E-06,0.0208157896995544,0.198110359953716,
,,,2.6214E-06,0.087761402130127,0.197942995931953,
,,,2.6216E-06,-0.0461298227310181,0.197942995931953,
,,,2.6218E-06,-0.113075435161591,0.196604083757848,
,,,2.622E-06,0.0208157896995544,0.19777563191019,
,,,2.6222E-06,-0.0461298227310181,0.198110359953716,
,,,2.6224E-06,-0.0461298227310181,0.198110359953716,
,,,2.6226E-06,-0.0461298227310181,0.198445087997243,
,,,2.6228E-06,0.0208157896995544,0.197942995931953,
,,,2.623E-06,-0.113075435161591,0.197608267888427,
,,,2.6232E-06,0.087761402130127,0.197942995931953,
,,,2.6234E-06,0.0208157896995544,0.198445087997243,
,,,2.6236E-06,0.0208157896995544,0.1972735398449,
,,,2.6238E-06,0.0208157896995544,0.198445087997243,
,,,2.624E-06,0.0208157896995544,0.198445087997243,
,,,2.6242E-06,0.087761402130127,0.197106175823137,
,,,2.6244E-06,-0.0461298227310181,0.19777563191019,
,,,2.6246E-06,-0.0461298227310181,0.1972735398449,
,,,2.6248E-06,0.087761402130127,0.19827772397548,
,,,2.625E-06,-0.0461298227310181,0.197106175823137,
,,,2.6252E-06,0.0208157896995544,0.19777563191019,
,,,2.6254E-06,0.087761402130127,0.197942995931953,
,,,2.6256E-06,0.087761402130127,0.197608267888427,
,,,2.6258E-06,-0.0461298227310181,0.197942995931953,
,,,2.626E-06,0.0208157896995544,0.19777563191019,
,,,2.6262E-06,0.0208157896995544,0.1972735398449,
,,,2.6264E-06,-0.0461298227310181,0.197440903866664,
,,,2.6266E-06,-0.0461298227310181,0.196938811801374,
,,,2.6268E-06,0.0208157896995544,0.197942995931953,
,,,2.627E-06,-0.0461298227310181,0.198110359953716,
,,,2.6272E-06,0.087761402130127,0.19827772397548,
,,,2.6274E-06,-0.113075435161591,0.1972735398449,
,,,2.6276E-06,-0.0461298227310181,0.197942995931953,
,,,2.6278E-06,0.0208157896995544,0.19777563191019,
,,,2.628E-06,0.087761402130127,0.197608267888427,
,,,2.6282E-06,-0.113075435161591,0.197942995931953,
,,,2.6284E-06,0.0208157896995544,0.197942995931953,
,,,2.6286E-06,-0.0461298227310181,0.19777563191019,
,,,2.6288E-06,-0.0461298227310181,0.19777563191019,
,,,2.629E-06,-0.113075435161591,0.198110359953716,
,,,2.6292E-06,0.0208157896995544,0.198779816040769,
,,,2.6294E-06,0.0208157896995544,0.19827772397548,
,,,2.6296E-06,0.087761402130127,0.198445087997243,
,,,2.6298E-06,0.0208157896995544,0.198445087997243,
,,,2.63E-06,0.0208157896995544,0.19777563191019,
,,,2.6302E-06,0.0208157896995544,0.197942995931953,
,,,2.6304E-06,0.0208157896995544,0.198110359953716,
,,,2.6306E-06,-0.0461298227310181,0.198445087997243,
,,,2.6308E-06,0.0208157896995544,0.198612452019006,
,,,2.631E-06,-0.0461298227310181,0.197608267888427,
,,,2.6312E-06,0.087761402130127,0.19827772397548,
,,,2.6314E-06,-0.0461298227310181,0.197942995931953,
,,,2.6316E-06,-0.0461298227310181,0.197608267888427,
,,,2.6318E-06,-0.0461298227310181,0.198110359953716,
,,,2.632E-06,0.087761402130127,0.198445087997243,
,,,2.6322E-06,0.0208157896995544,0.198779816040769,
,,,2.6324E-06,-0.0461298227310181,0.198445087997243,
,,,2.6326E-06,-0.0461298227310181,0.198110359953716,
,,,2.6328E-06,-0.0461298227310181,0.197106175823137,
,,,2.633E-06,0.0208157896995544,0.198110359953716,
,,,2.6332E-06,-0.113075435161591,0.198445087997243,
,,,2.6334E-06,-0.0461298227310181,0.197942995931953,
,,,2.6336E-06,0.087761402130127,0.197608267888427,
,,,2.6338E-06,-0.0461298227310181,0.197942995931953,
,,,2.634E-06,0.0208157896995544,0.197106175823137,
,,,2.6342E-06,0.154707014560699,0.197608267888427,
,,,2.6344E-06,0.087761402130127,0.197440903866664,
,,,2.6346E-06,-0.113075435161591,0.19777563191019,
,,,2.6348E-06,0.087761402130127,0.197106175823137,
,,,2.635E-06,-0.0461298227310181,0.197942995931953,
,,,2.6352E-06,0.0208157896995544,0.197608267888427,
,,,2.6354E-06,0.0208157896995544,0.198110359953716,
,,,2.6356E-06,0.0208157896995544,0.198110359953716,
,,,2.6358E-06,-0.0461298227310181,0.198612452019006,
,,,2.636E-06,0.087761402130127,0.19777563191019,
,,,2.6362E-06,-0.0461298227310181,0.197440903866664,
,,,2.6364E-06,0.087761402130127,0.198445087997243,
,,,2.6366E-06,0.087761402130127,0.197942995931953,
,,,2.6368E-06,-0.0461298227310181,0.197608267888427,
,,,2.637E-06,0.087761402130127,0.19827772397548,
,,,2.6372E-06,-0.0461298227310181,0.197942995931953,
,,,2.6374E-06,0.0208157896995544,0.197440903866664,
,,,2.6376E-06,0.0208157896995544,0.19777563191019,
,,,2.6378E-06,0.0208157896995544,0.197608267888427,
,,,2.638E-06,0.087761402130127,0.197608267888427,
,,,2.6382E-06,0.0208157896995544,0.19827772397548,
,,,2.6384E-06,0.0208157896995544,0.197942995931953,
,,,2.6386E-06,-0.0461298227310181,0.197942995931953,
,,,2.6388E-06,-0.0461298227310181,0.197608267888427,
,,,2.639E-06,0.0208157896995544,0.19777563191019,
,,,2.6392E-06,-0.0461298227310181,0.197608267888427,
,,,2.6394E-06,0.0208157896995544,0.19777563191019,
,,,2.6396E-06,0.0208157896995544,0.19827772397548,
,,,2.6398E-06,0.0208157896995544,0.19827772397548,
,,,2.64E-06,0.087761402130127,0.197608267888427,
,,,2.6402E-06,-0.180021047592163,0.197942995931953,
,,,2.6404E-06,-0.0461298227310181,0.198110359953716,
,,,2.6406E-06,0.087761402130127,0.198445087997243,
,,,2.6408E-06,0.154707014560699,0.198445087997243,
,,,2.641E-06,-0.0461298227310181,0.198110359953716,
,,,2.6412E-06,0.0208157896995544,0.197942995931953,
,,,2.6414E-06,-0.0461298227310181,0.19777563191019,
,,,2.6416E-06,-0.0461298227310181,0.198110359953716,
,,,2.6418E-06,0.0208157896995544,0.197942995931953,
,,,2.642E-06,0.0208157896995544,0.197608267888427,
,,,2.6422E-06,0.0208157896995544,0.198445087997243,
,,,2.6424E-06,0.087761402130127,0.198445087997243,
,,,2.6426E-06,0.0208157896995544,0.197440903866664,
,,,2.6428E-06,0.087761402130127,0.198445087997243,
,,,2.643E-06,0.0208157896995544,0.197942995931953,
,,,2.6432E-06,0.0208157896995544,0.19777563191019,
,,,2.6434E-06,0.0208157896995544,0.197942995931953,
,,,2.6436E-06,-0.0461298227310181,0.198947180062532,
,,,2.6438E-06,0.0208157896995544,0.19777563191019,
,,,2.644E-06,0.0208157896995544,0.19827772397548,
,,,2.6442E-06,0.087761402130127,0.19777563191019,
,,,2.6444E-06,0.0208157896995544,0.198612452019006,
,,,2.6446E-06,0.0208157896995544,0.197440903866664,
,,,2.6448E-06,0.087761402130127,0.198779816040769,
,,,2.645E-06,-0.0461298227310181,0.197942995931953,
,,,2.6452E-06,0.0208157896995544,0.19777563191019,
,,,2.6454E-06,-0.0461298227310181,0.198110359953716,
,,,2.6456E-06,0.0208157896995544,0.198110359953716,
,,,2.6458E-06,0.0208157896995544,0.197942995931953,
,,,2.646E-06,-0.113075435161591,0.19827772397548,
,,,2.6462E-06,-0.113075435161591,0.197942995931953,
,,,2.6464E-06,0.087761402130127,0.1972735398449,
,,,2.6466E-06,-0.0461298227310181,0.197942995931953,
,,,2.6468E-06,0.0208157896995544,0.19827772397548,
,,,2.647E-06,0.087761402130127,0.197608267888427,
,,,2.6472E-06,0.0208157896995544,0.196604083757848,
,,,2.6474E-06,-0.0461298227310181,0.197942995931953,
,,,2.6476E-06,-0.0461298227310181,0.198110359953716,
,,,2.6478E-06,-0.0461298227310181,0.198445087997243,
,,,2.648E-06,0.0208157896995544,0.19827772397548,
,,,2.6482E-06,0.0208157896995544,0.197608267888427,
,,,2.6484E-06,0.0208157896995544,0.197942995931953,
,,,2.6486E-06,-0.113075435161591,0.197608267888427,
,,,2.6488E-06,0.0208157896995544,0.197942995931953,
,,,2.649E-06,0.0208157896995544,0.198110359953716,
,,,2.6492E-06,0.087761402130127,0.197106175823137,
,,,2.6494E-06,0.087761402130127,0.19827772397548,
,,,2.6496E-06,0.0208157896995544,0.19777563191019,
,,,2.6498E-06,0.0208157896995544,0.1972735398449,
,,,2.65E-06,0.0208157896995544,0.19827772397548,
,,,2.6502E-06,0.0208157896995544,0.197942995931953,
,,,2.6504E-06,0.0208157896995544,0.197440903866664,
,,,2.6506E-06,0.0208157896995544,0.197106175823137,
,,,2.6508E-06,0.0208157896995544,0.197942995931953,
,,,2.651E-06,0.0208157896995544,0.196938811801374,
,,,2.6512E-06,0.0208157896995544,0.19777563191019,
,,,2.6514E-06,-0.0461298227310181,0.197608267888427,
,,,2.6516E-06,0.0208157896995544,0.197942995931953,
,,,2.6518E-06,0.0208157896995544,0.1972735398449,
,,,2.652E-06,-0.0461298227310181,0.19777563191019,
,,,2.6522E-06,0.0208157896995544,0.198110359953716,
,,,2.6524E-06,-0.113075435161591,0.19827772397548,
,,,2.6526E-06,-0.0461298227310181,0.19777563191019,
,,,2.6528E-06,0.087761402130127,0.197942995931953,
,,,2.653E-06,-0.0461298227310181,0.19777563191019,
,,,2.6532E-06,-0.0461298227310181,0.197608267888427,
,,,2.6534E-06,0.0208157896995544,0.197608267888427,
,,,2.6536E-06,0.0208157896995544,0.197608267888427,
,,,2.6538E-06,-0.113075435161591,0.198110359953716,
,,,2.654E-06,-0.0461298227310181,0.197440903866664,
,,,2.6542E-06,-0.0461298227310181,0.197440903866664,
,,,2.6544E-06,-0.0461298227310181,0.19777563191019,
,,,2.6546E-06,-0.0461298227310181,0.197942995931953,
,,,2.6548E-06,0.0208157896995544,0.197608267888427,
,,,2.655E-06,-0.0461298227310181,0.19827772397548,
,,,2.6552E-06,0.0208157896995544,0.197608267888427,
,,,2.6554E-06,0.087761402130127,0.197942995931953,
,,,2.6556E-06,0.087761402130127,0.197942995931953,
,,,2.6558E-06,-0.0461298227310181,0.197440903866664,
,,,2.656E-06,0.0208157896995544,0.1972735398449,
,,,2.6562E-06,0.154707014560699,0.197608267888427,
,,,2.6564E-06,0.087761402130127,0.197942995931953,
,,,2.6566E-06,-0.0461298227310181,0.1972735398449,
,,,2.6568E-06,0.0208157896995544,0.197608267888427,
,,,2.657E-06,0.0208157896995544,0.197608267888427,
,,,2.6572E-06,0.0208157896995544,0.197106175823137,
,,,2.6574E-06,0.0208157896995544,0.197608267888427,
,,,2.6576E-06,0.0208157896995544,0.198110359953716,
,,,2.6578E-06,-0.0461298227310181,0.19777563191019,
,,,2.658E-06,-0.113075435161591,0.197608267888427,
,,,2.6582E-06,0.0208157896995544,0.19777563191019,
,,,2.6584E-06,0.0208157896995544,0.19777563191019,
,,,2.6586E-06,-0.0461298227310181,0.1972735398449,
,,,2.6588E-06,-0.0461298227310181,0.196938811801374,
,,,2.659E-06,0.087761402130127,0.19827772397548,
,,,2.6592E-06,0.087761402130127,0.197440903866664,
,,,2.6594E-06,-0.0461298227310181,0.197440903866664,
,,,2.6596E-06,-0.0461298227310181,0.197106175823137,
,,,2.6598E-06,0.087761402130127,0.197608267888427,
,,,2.66E-06,0.0208157896995544,0.197942995931953,
,,,2.6602E-06,-0.180021047592163,0.1972735398449,
,,,2.6604E-06,-0.0461298227310181,0.1972735398449,
,,,2.6606E-06,0.087761402130127,0.19777563191019,
,,,2.6608E-06,0.0208157896995544,0.197942995931953,
,,,2.661E-06,0.087761402130127,0.197942995931953,
,,,2.6612E-06,0.0208157896995544,0.1972735398449,
,,,2.6614E-06,-0.0461298227310181,0.197608267888427,
,,,2.6616E-06,0.0208157896995544,0.1972735398449,
,,,2.6618E-06,-0.0461298227310181,0.197440903866664,
,,,2.662E-06,0.154707014560699,0.197608267888427,
,,,2.6622E-06,0.087761402130127,0.1972735398449,
,,,2.6624E-06,0.0208157896995544,0.196938811801374,
,,,2.6626E-06,0.087761402130127,0.19777563191019,
,,,2.6628E-06,0.0208157896995544,0.196938811801374,
,,,2.663E-06,0.0208157896995544,0.197106175823137,
,,,2.6632E-06,0.0208157896995544,0.197106175823137,
,,,2.6634E-06,-0.113075435161591,0.197106175823137,
,,,2.6636E-06,0.0208157896995544,0.196604083757848,
,,,2.6638E-06,-0.0461298227310181,0.196436719736084,
,,,2.664E-06,0.087761402130127,0.196269355714321,
,,,2.6642E-06,0.0208157896995544,0.196436719736084,
,,,2.6644E-06,-0.0461298227310181,0.196604083757848,
,,,2.6646E-06,-0.0461298227310181,0.1972735398449,
,,,2.6648E-06,0.0208157896995544,0.1972735398449,
,,,2.665E-06,0.0208157896995544,0.196771447779611,
,,,2.6652E-06,-0.113075435161591,0.1972735398449,
,,,2.6654E-06,0.0208157896995544,0.197440903866664,
,,,2.6656E-06,0.0208157896995544,0.197440903866664,
,,,2.6658E-06,-0.113075435161591,0.196269355714321,
,,,2.666E-06,-0.0461298227310181,0.197608267888427,
,,,2.6662E-06,0.0208157896995544,0.197440903866664,
,,,2.6664E-06,0.0208157896995544,0.197106175823137,
,,,2.6666E-06,-0.113075435161591,0.197440903866664,
,,,2.6668E-06,0.0208157896995544,0.1972735398449,
,,,2.667E-06,-0.0461298227310181,0.197106175823137,
,,,2.6672E-06,-0.0461298227310181,0.197106175823137,
,,,2.6674E-06,-0.0461298227310181,0.196938811801374,
,,,2.6676E-06,-0.0461298227310181,0.196938811801374,
,,,2.6678E-06,-0.0461298227310181,0.196938811801374,
,,,2.668E-06,0.0208157896995544,0.196269355714321,
,,,2.6682E-06,0.0208157896995544,0.1972735398449,
,,,2.6684E-06,0.087761402130127,0.196938811801374,
,,,2.6686E-06,0.0208157896995544,0.196938811801374,
,,,2.6688E-06,-0.0461298227310181,0.197106175823137,
,,,2.669E-06,0.0208157896995544,0.196938811801374,
,,,2.6692E-06,-0.113075435161591,0.196771447779611,
,,,2.6694E-06,0.087761402130127,0.1972735398449,
,,,2.6696E-06,0.0208157896995544,0.197106175823137,
,,,2.6698E-06,-0.0461298227310181,0.197440903866664,
,,,2.67E-06,0.0208157896995544,0.197440903866664,
,,,2.6702E-06,0.0208157896995544,0.197106175823137,
,,,2.6704E-06,0.087761402130127,0.1972735398449,
,,,2.6706E-06,-0.0461298227310181,0.197440903866664,
,,,2.6708E-06,0.0208157896995544,0.196771447779611,
,,,2.671E-06,-0.0461298227310181,0.197106175823137,
,,,2.6712E-06,-0.0461298227310181,0.196101991692558,
,,,2.6714E-06,0.0208157896995544,0.196604083757848,
,,,2.6716E-06,-0.113075435161591,0.197106175823137,
,,,2.6718E-06,0.0208157896995544,0.196771447779611,
,,,2.672E-06,0.087761402130127,0.197106175823137,
,,,2.6722E-06,-0.0461298227310181,0.196938811801374,
,,,2.6724E-06,-0.113075435161591,0.197106175823137,
,,,2.6726E-06,0.0208157896995544,0.196938811801374,
,,,2.6728E-06,0.087761402130127,0.1972735398449,
,,,2.673E-06,-0.113075435161591,0.197106175823137,
,,,2.6732E-06,0.0208157896995544,0.197608267888427,
,,,2.6734E-06,0.087761402130127,0.197106175823137,
,,,2.6736E-06,-0.0461298227310181,0.19777563191019,
,,,2.6738E-06,0.087761402130127,0.197608267888427,
,,,2.674E-06,0.0208157896995544,0.197608267888427,
,,,2.6742E-06,-0.113075435161591,0.1972735398449,
,,,2.6744E-06,0.087761402130127,0.196604083757848,
,,,2.6746E-06,0.0208157896995544,0.196604083757848,
,,,2.6748E-06,0.087761402130127,0.197608267888427,
,,,2.675E-06,0.087761402130127,0.1972735398449,
,,,2.6752E-06,0.0208157896995544,0.196269355714321,
,,,2.6754E-06,0.0208157896995544,0.196938811801374,
,,,2.6756E-06,0.0208157896995544,0.197106175823137,
,,,2.6758E-06,0.087761402130127,0.197106175823137,
,,,2.676E-06,-0.0461298227310181,0.196938811801374,
,,,2.6762E-06,0.0208157896995544,0.1972735398449,
,,,2.6764E-06,0.0208157896995544,0.197106175823137,
,,,2.6766E-06,0.0208157896995544,0.196436719736084,
,,,2.6768E-06,0.087761402130127,0.196604083757848,
,,,2.677E-06,-0.0461298227310181,0.196604083757848,
,,,2.6772E-06,-0.0461298227310181,0.196771447779611,
,,,2.6774E-06,-0.113075435161591,0.1972735398449,
,,,2.6776E-06,-0.0461298227310181,0.197106175823137,
,,,2.6778E-06,-0.0461298227310181,0.196436719736084,
,,,2.678E-06,0.0208157896995544,0.196604083757848,
,,,2.6782E-06,-0.0461298227310181,0.196938811801374,
,,,2.6784E-06,0.0208157896995544,0.196604083757848,
,,,2.6786E-06,-0.0461298227310181,0.197106175823137,
,,,2.6788E-06,-0.0461298227310181,0.197106175823137,
,,,2.679E-06,0.0208157896995544,0.196436719736084,
,,,2.6792E-06,0.0208157896995544,0.196938811801374,
,,,2.6794E-06,-0.0461298227310181,0.196436719736084,
,,,2.6796E-06,-0.0461298227310181,0.196771447779611,
,,,2.6798E-06,-0.0461298227310181,0.1972735398449,
,,,2.68E-06,0.0208157896995544,0.196938811801374,
,,,2.6802E-06,-0.0461298227310181,0.196771447779611,
,,,2.6804E-06,-0.0461298227310181,0.196771447779611,
,,,2.6806E-06,-0.0461298227310181,0.196771447779611,
,,,2.6808E-06,0.087761402130127,0.196269355714321,
,,,2.681E-06,0.087761402130127,0.196771447779611,
,,,2.6812E-06,0.087761402130127,0.196436719736084,
,,,2.6814E-06,0.0208157896995544,0.197106175823137,
,,,2.6816E-06,0.087761402130127,0.196604083757848,
,,,2.6818E-06,0.087761402130127,0.196436719736084,
,,,2.682E-06,-0.0461298227310181,0.1972735398449,
,,,2.6822E-06,0.0208157896995544,0.196604083757848,
,,,2.6824E-06,0.087761402130127,0.1972735398449,
,,,2.6826E-06,0.0208157896995544,0.196938811801374,
,,,2.6828E-06,0.0208157896995544,0.195934627670795,
,,,2.683E-06,0.087761402130127,0.196771447779611,
,,,2.6832E-06,0.0208157896995544,0.197440903866664,
,,,2.6834E-06,-0.0461298227310181,0.197106175823137,
,,,2.6836E-06,0.087761402130127,0.196101991692558,
,,,2.6838E-06,-0.0461298227310181,0.196771447779611,
,,,2.684E-06,-0.0461298227310181,0.196771447779611,
,,,2.6842E-06,0.0208157896995544,0.196604083757848,
,,,2.6844E-06,0.0208157896995544,0.196771447779611,
,,,2.6846E-06,-0.0461298227310181,0.196938811801374,
,,,2.6848E-06,0.087761402130127,0.1972735398449,
,,,2.685E-06,-0.0461298227310181,0.196436719736084,
,,,2.6852E-06,0.0208157896995544,0.196771447779611,
,,,2.6854E-06,0.087761402130127,0.196269355714321,
,,,2.6856E-06,0.0208157896995544,0.196269355714321,
,,,2.6858E-06,-0.113075435161591,0.196604083757848,
,,,2.686E-06,0.0208157896995544,0.196771447779611,
,,,2.6862E-06,-0.0461298227310181,0.196101991692558,
,,,2.6864E-06,-0.0461298227310181,0.196269355714321,
,,,2.6866E-06,0.0208157896995544,0.196436719736084,
,,,2.6868E-06,-0.0461298227310181,0.195934627670795,
,,,2.687E-06,0.0208157896995544,0.196269355714321,
,,,2.6872E-06,0.087761402130127,0.196436719736084,
,,,2.6874E-06,-0.0461298227310181,0.195934627670795,
,,,2.6876E-06,0.221652626991272,0.195934627670795,
,,,2.6878E-06,-0.0461298227310181,0.196938811801374,
,,,2.688E-06,0.0208157896995544,0.196101991692558,
,,,2.6882E-06,0.0208157896995544,0.196101991692558,
,,,2.6884E-06,-0.0461298227310181,0.196101991692558,
,,,2.6886E-06,-0.0461298227310181,0.196269355714321,
,,,2.6888E-06,0.087761402130127,0.195767263649032,
,,,2.689E-06,0.0208157896995544,0.195432535605505,
,,,2.6892E-06,-0.0461298227310181,0.195767263649032,
,,,2.6894E-06,0.087761402130127,0.196269355714321,
,,,2.6896E-06,0.087761402130127,0.195432535605505,
,,,2.6898E-06,0.0208157896995544,0.196269355714321,
,,,2.69E-06,0.087761402130127,0.196604083757848,
,,,2.6902E-06,0.0208157896995544,0.196269355714321,
,,,2.6904E-06,0.087761402130127,0.196436719736084,
,,,2.6906E-06,-0.0461298227310181,0.196604083757848,
,,,2.6908E-06,-0.113075435161591,0.195934627670795,
,,,2.691E-06,0.0208157896995544,0.196101991692558,
,,,2.6912E-06,0.0208157896995544,0.196938811801374,
,,,2.6914E-06,-0.0461298227310181,0.196436719736084,
,,,2.6916E-06,-0.0461298227310181,0.195599899627268,
,,,2.6918E-06,0.087761402130127,0.197106175823137,
,,,2.692E-06,0.0208157896995544,0.195934627670795,
,,,2.6922E-06,-0.113075435161591,0.196101991692558,
,,,2.6924E-06,0.0208157896995544,0.196604083757848,
,,,2.6926E-06,-0.0461298227310181,0.196938811801374,
,,,2.6928E-06,0.0208157896995544,0.196604083757848,
,,,2.693E-06,0.0208157896995544,0.196436719736084,
,,,2.6932E-06,0.0208157896995544,0.196101991692558,
,,,2.6934E-06,0.0208157896995544,0.195265171583742,
,,,2.6936E-06,0.087761402130127,0.196101991692558,
,,,2.6938E-06,0.0208157896995544,0.196101991692558,
,,,2.694E-06,0.087761402130127,0.196269355714321,
,,,2.6942E-06,0.0208157896995544,0.196436719736084,
,,,2.6944E-06,0.0208157896995544,0.195432535605505,
,,,2.6946E-06,0.154707014560699,0.195599899627268,
,,,2.6948E-06,-0.0461298227310181,0.196938811801374,
,,,2.695E-06,-0.0461298227310181,0.195767263649032,
,,,2.6952E-06,0.0208157896995544,0.196101991692558,
,,,2.6954E-06,-0.0461298227310181,0.195767263649032,
,,,2.6956E-06,0.0208157896995544,0.195934627670795,
,,,2.6958E-06,0.087761402130127,0.196101991692558,
,,,2.696E-06,0.154707014560699,0.196101991692558,
,,,2.6962E-06,-0.113075435161591,0.196269355714321,
,,,2.6964E-06,0.0208157896995544,0.196101991692558,
,,,2.6966E-06,0.0208157896995544,0.196604083757848,
,,,2.6968E-06,-0.0461298227310181,0.195432535605505,
,,,2.697E-06,-0.0461298227310181,0.196269355714321,
,,,2.6972E-06,-0.0461298227310181,0.196436719736084,
,,,2.6974E-06,-0.0461298227310181,0.195767263649032,
,,,2.6976E-06,0.087761402130127,0.196269355714321,
,,,2.6978E-06,0.0208157896995544,0.195934627670795,
,,,2.698E-06,0.0208157896995544,0.196101991692558,
,,,2.6982E-06,-0.0461298227310181,0.196101991692558,
,,,2.6984E-06,0.0208157896995544,0.196101991692558,
,,,2.6986E-06,-0.113075435161591,0.196269355714321,
,,,2.6988E-06,0.0208157896995544,0.196101991692558,
,,,2.699E-06,-0.0461298227310181,0.196938811801374,
,,,2.6992E-06,0.0208157896995544,0.195767263649032,
,,,2.6994E-06,0.0208157896995544,0.195599899627268,
,,,2.6996E-06,-0.0461298227310181,0.196436719736084,
,,,2.6998E-06,0.0208157896995544,0.196101991692558,
,,,2.7E-06,0.087761402130127,0.195934627670795,
,,,2.7002E-06,-0.0461298227310181,0.196269355714321,
,,,2.7004E-06,0.154707014560699,0.196269355714321,
,,,2.7006E-06,0.087761402130127,0.195767263649032,
,,,2.7008E-06,0.0208157896995544,0.195432535605505,
,,,2.701E-06,-0.0461298227310181,0.196771447779611,
,,,2.7012E-06,-0.0461298227310181,0.195599899627268,
,,,2.7014E-06,-0.0461298227310181,0.195599899627268,
,,,2.7016E-06,0.0208157896995544,0.196436719736084,
,,,2.7018E-06,-0.0461298227310181,0.196604083757848,
,,,2.702E-06,0.0208157896995544,0.195934627670795,
,,,2.7022E-06,0.087761402130127,0.195934627670795,
,,,2.7024E-06,-0.0461298227310181,0.196604083757848,
,,,2.7026E-06,0.0208157896995544,0.196269355714321,
,,,2.7028E-06,0.087761402130127,0.195767263649032,
,,,2.703E-06,-0.0461298227310181,0.195432535605505,
,,,2.7032E-06,0.0208157896995544,0.195934627670795,
,,,2.7034E-06,0.0208157896995544,0.195097807561979,
,,,2.7036E-06,0.0208157896995544,0.195934627670795,
,,,2.7038E-06,-0.0461298227310181,0.195767263649032,
,,,2.704E-06,-0.0461298227310181,0.196269355714321,
,,,2.7042E-06,-0.0461298227310181,0.195767263649032,
,,,2.7044E-06,-0.0461298227310181,0.196436719736084,
,,,2.7046E-06,0.0208157896995544,0.195934627670795,
,,,2.7048E-06,0.087761402130127,0.196436719736084,
,,,2.705E-06,-0.0461298227310181,0.196604083757848,
,,,2.7052E-06,0.0208157896995544,0.196269355714321,
,,,2.7054E-06,-0.113075435161591,0.196101991692558,
,,,2.7056E-06,0.0208157896995544,0.196604083757848,
,,,2.7058E-06,-0.0461298227310181,0.196604083757848,
,,,2.706E-06,0.0208157896995544,0.195934627670795,
,,,2.7062E-06,-0.0461298227310181,0.195432535605505,
,,,2.7064E-06,0.087761402130127,0.195934627670795,
,,,2.7066E-06,0.0208157896995544,0.195934627670795,
,,,2.7068E-06,0.0208157896995544,0.196101991692558,
,,,2.707E-06,0.0208157896995544,0.196101991692558,
,,,2.7072E-06,0.0208157896995544,0.195767263649032,
,,,2.7074E-06,0.087761402130127,0.196436719736084,
,,,2.7076E-06,-0.0461298227310181,0.195767263649032,
,,,2.7078E-06,-0.0461298227310181,0.195432535605505,
,,,2.708E-06,0.0208157896995544,0.195934627670795,
,,,2.7082E-06,-0.0461298227310181,0.195767263649032,
,,,2.7084E-06,0.087761402130127,0.195265171583742,
,,,2.7086E-06,0.0208157896995544,0.195599899627268,
,,,2.7088E-06,0.0208157896995544,0.195934627670795,
,,,2.709E-06,-0.0461298227310181,0.195767263649032,
,,,2.7092E-06,0.154707014560699,0.195432535605505,
,,,2.7094E-06,0.0208157896995544,0.195767263649032,
,,,2.7096E-06,0.0208157896995544,0.195767263649032,
,,,2.7098E-06,-0.0461298227310181,0.195934627670795,
,,,2.71E-06,-0.0461298227310181,0.195934627670795,
,,,2.7102E-06,0.0208157896995544,0.196436719736084,
,,,2.7104E-06,0.087761402130127,0.196604083757848,
,,,2.7106E-06,-0.0461298227310181,0.195432535605505,
,,,2.7108E-06,-0.0461298227310181,0.195934627670795,
,,,2.711E-06,0.154707014560699,0.196436719736084,
,,,2.7112E-06,0.0208157896995544,0.195599899627268,
,,,2.7114E-06,-0.0461298227310181,0.196101991692558,
,,,2.7116E-06,0.0208157896995544,0.195599899627268,
,,,2.7118E-06,0.0208157896995544,0.196436719736084,
,,,2.712E-06,-0.0461298227310181,0.196436719736084,
,,,2.7122E-06,-0.0461298227310181,0.195599899627268,
,,,2.7124E-06,0.0208157896995544,0.195934627670795,
,,,2.7126E-06,0.0208157896995544,0.196101991692558,
,,,2.7128E-06,0.0208157896995544,0.196269355714321,
,,,2.713E-06,0.087761402130127,0.195265171583742,
,,,2.7132E-06,0.087761402130127,0.195767263649032,
,,,2.7134E-06,0.0208157896995544,0.195934627670795,
,,,2.7136E-06,0.0208157896995544,0.195934627670795,
,,,2.7138E-06,0.087761402130127,0.195599899627268,
,,,2.714E-06,0.0208157896995544,0.195432535605505,
,,,2.7142E-06,0.0208157896995544,0.195599899627268,
,,,2.7144E-06,0.0208157896995544,0.196436719736084,
,,,2.7146E-06,-0.0461298227310181,0.195599899627268,
,,,2.7148E-06,-0.113075435161591,0.195097807561979,
,,,2.715E-06,0.0208157896995544,0.195599899627268,
,,,2.7152E-06,0.087761402130127,0.195767263649032,
,,,2.7154E-06,-0.0461298227310181,0.196269355714321,
,,,2.7156E-06,-0.0461298227310181,0.196269355714321,
,,,2.7158E-06,-0.0461298227310181,0.196436719736084,
,,,2.716E-06,-0.0461298227310181,0.195934627670795,
,,,2.7162E-06,0.0208157896995544,0.195934627670795,
,,,2.7164E-06,0.0208157896995544,0.195767263649032,
,,,2.7166E-06,0.087761402130127,0.195767263649032,
,,,2.7168E-06,0.087761402130127,0.195265171583742,
,,,2.717E-06,-0.0461298227310181,0.194930443540215,
,,,2.7172E-06,0.087761402130127,0.195599899627268,
,,,2.7174E-06,0.0208157896995544,0.195767263649032,
,,,2.7176E-06,0.0208157896995544,0.195265171583742,
,,,2.7178E-06,-0.0461298227310181,0.195934627670795,
,,,2.718E-06,0.087761402130127,0.196101991692558,
,,,2.7182E-06,0.0208157896995544,0.195934627670795,
,,,2.7184E-06,-0.0461298227310181,0.195432535605505,
,,,2.7186E-06,-0.0461298227310181,0.195767263649032,
,,,2.7188E-06,0.0208157896995544,0.195097807561979,
,,,2.719E-06,-0.0461298227310181,0.195432535605505,
,,,2.7192E-06,0.087761402130127,0.195599899627268,
,,,2.7194E-06,0.0208157896995544,0.195432535605505,
,,,2.7196E-06,0.154707014560699,0.195265171583742,
,,,2.7198E-06,0.0208157896995544,0.196269355714321,
,,,2.72E-06,-0.0461298227310181,0.195599899627268,
,,,2.7202E-06,0.087761402130127,0.195934627670795,
,,,2.7204E-06,0.0208157896995544,0.195432535605505,
,,,2.7206E-06,0.154707014560699,0.195265171583742,
,,,2.7208E-06,0.0208157896995544,0.195265171583742,
,,,2.721E-06,-0.0461298227310181,0.195265171583742,
,,,2.7212E-06,0.0208157896995544,0.195767263649032,
,,,2.7214E-06,-0.0461298227310181,0.195432535605505,
,,,2.7216E-06,0.0208157896995544,0.194930443540215,
,,,2.7218E-06,-0.0461298227310181,0.195265171583742,
,,,2.722E-06,0.0208157896995544,0.195934627670795,
,,,2.7222E-06,0.0208157896995544,0.195265171583742,
,,,2.7224E-06,-0.0461298227310181,0.195599899627268,
,,,2.7226E-06,-0.0461298227310181,0.195432535605505,
,,,2.7228E-06,0.0208157896995544,0.196101991692558,
,,,2.723E-06,0.087761402130127,0.195767263649032,
,,,2.7232E-06,0.087761402130127,0.196101991692558,
,,,2.7234E-06,-0.180021047592163,0.195767263649032,
,,,2.7236E-06,0.0208157896995544,0.196101991692558,
,,,2.7238E-06,0.0208157896995544,0.195599899627268,
,,,2.724E-06,0.0208157896995544,0.195599899627268,
,,,2.7242E-06,-0.0461298227310181,0.195599899627268,
,,,2.7244E-06,0.0208157896995544,0.196436719736084,
,,,2.7246E-06,-0.0461298227310181,0.195432535605505,
,,,2.7248E-06,-0.0461298227310181,0.195934627670795,
,,,2.725E-06,-0.113075435161591,0.196101991692558,
,,,2.7252E-06,0.0208157896995544,0.195599899627268,
,,,2.7254E-06,0.0208157896995544,0.196604083757848,
,,,2.7256E-06,0.0208157896995544,0.196269355714321,
,,,2.7258E-06,0.087761402130127,0.196101991692558,
,,,2.726E-06,0.087761402130127,0.196269355714321,
,,,2.7262E-06,0.087761402130127,0.196269355714321,
,,,2.7264E-06,0.087761402130127,0.195767263649032,
,,,2.7266E-06,0.087761402130127,0.195934627670795,
,,,2.7268E-06,0.0208157896995544,0.195934627670795,
,,,2.727E-06,0.0208157896995544,0.195432535605505,
,,,2.7272E-06,0.0208157896995544,0.195265171583742,
,,,2.7274E-06,-0.113075435161591,0.195934627670795,
,,,2.7276E-06,-0.0461298227310181,0.195767263649032,
,,,2.7278E-06,0.0208157896995544,0.195265171583742,
,,,2.728E-06,0.087761402130127,0.195767263649032,
,,,2.7282E-06,0.0208157896995544,0.195432535605505,
,,,2.7284E-06,0.0208157896995544,0.195432535605505,
,,,2.7286E-06,-0.0461298227310181,0.195599899627268,
,,,2.7288E-06,-0.0461298227310181,0.195934627670795,
,,,2.729E-06,0.0208157896995544,0.195097807561979,
,,,2.7292E-06,0.0208157896995544,0.195599899627268,
,,,2.7294E-06,0.0208157896995544,0.196101991692558,
,,,2.7296E-06,0.087761402130127,0.195767263649032,
,,,2.7298E-06,-0.113075435161591,0.195097807561979,
,,,2.73E-06,0.0208157896995544,0.195767263649032,
,,,2.7302E-06,0.0208157896995544,0.195767263649032,
,,,2.7304E-06,0.0208157896995544,0.195599899627268,
,,,2.7306E-06,0.0208157896995544,0.195934627670795,
,,,2.7308E-06,0.087761402130127,0.196101991692558,
,,,2.731E-06,-0.0461298227310181,0.196436719736084,
,,,2.7312E-06,0.0208157896995544,0.195767263649032,
,,,2.7314E-06,-0.0461298227310181,0.195432535605505,
,,,2.7316E-06,0.087761402130127,0.195767263649032,
,,,2.7318E-06,-0.0461298227310181,0.196101991692558,
,,,2.732E-06,0.087761402130127,0.195934627670795,
,,,2.7322E-06,0.0208157896995544,0.196604083757848,
,,,2.7324E-06,0.0208157896995544,0.196101991692558,
,,,2.7326E-06,0.0208157896995544,0.196101991692558,
,,,2.7328E-06,0.0208157896995544,0.196604083757848,
,,,2.733E-06,0.087761402130127,0.195767263649032,
,,,2.7332E-06,0.0208157896995544,0.196101991692558,
,,,2.7334E-06,0.0208157896995544,0.195934627670795,
,,,2.7336E-06,0.0208157896995544,0.196604083757848,
,,,2.7338E-06,0.0208157896995544,0.195767263649032,
,,,2.734E-06,0.0208157896995544,0.196269355714321,
,,,2.7342E-06,-0.0461298227310181,0.195767263649032,
,,,2.7344E-06,0.087761402130127,0.195599899627268,
,,,2.7346E-06,0.0208157896995544,0.196269355714321,
,,,2.7348E-06,0.0208157896995544,0.195767263649032,
,,,2.735E-06,0.087761402130127,0.196436719736084,
,,,2.7352E-06,-0.0461298227310181,0.196436719736084,
,,,2.7354E-06,-0.0461298227310181,0.195265171583742,
,,,2.7356E-06,-0.0461298227310181,0.195934627670795,
,,,2.7358E-06,0.087761402130127,0.195097807561979,
,,,2.736E-06,0.0208157896995544,0.195265171583742,
,,,2.7362E-06,-0.0461298227310181,0.195265171583742,
,,,2.7364E-06,0.087761402130127,0.195767263649032,
,,,2.7366E-06,0.0208157896995544,0.194763079518452,
,,,2.7368E-06,-0.0461298227310181,0.195599899627268,
,,,2.737E-06,-0.0461298227310181,0.194595715496689,
,,,2.7372E-06,0.0208157896995544,0.195432535605505,
,,,2.7374E-06,-0.0461298227310181,0.195432535605505,
,,,2.7376E-06,-0.0461298227310181,0.195265171583742,
,,,2.7378E-06,-0.0461298227310181,0.194763079518452,
,,,2.738E-06,0.0208157896995544,0.195097807561979,
,,,2.7382E-06,-0.0461298227310181,0.195097807561979,
,,,2.7384E-06,0.087761402130127,0.194763079518452,
,,,2.7386E-06,0.087761402130127,0.194930443540215,
,,,2.7388E-06,0.154707014560699,0.194930443540215,
,,,2.739E-06,-0.0461298227310181,0.194763079518452,
,,,2.7392E-06,0.0208157896995544,0.194428351474926,
,,,2.7394E-06,0.087761402130127,0.195432535605505,
,,,2.7396E-06,-0.0461298227310181,0.194595715496689,
,,,2.7398E-06,-0.0461298227310181,0.194260987453163,
,,,2.74E-06,0.154707014560699,0.195599899627268,
,,,2.7402E-06,0.0208157896995544,0.195265171583742,
,,,2.7404E-06,0.0208157896995544,0.194595715496689,
,,,2.7406E-06,-0.0461298227310181,0.194763079518452,
,,,2.7408E-06,0.0208157896995544,0.195432535605505,
,,,2.741E-06,-0.0461298227310181,0.194428351474926,
,,,2.7412E-06,0.0208157896995544,0.194595715496689,
,,,2.7414E-06,-0.0461298227310181,0.194930443540215,
,,,2.7416E-06,0.0208157896995544,0.194930443540215,
,,,2.7418E-06,-0.0461298227310181,0.194595715496689,
,,,2.742E-06,0.0208157896995544,0.194763079518452,
,,,2.7422E-06,0.087761402130127,0.195432535605505,
,,,2.7424E-06,0.0208157896995544,0.194763079518452,
,,,2.7426E-06,-0.180021047592163,0.194595715496689,
,,,2.7428E-06,0.0208157896995544,0.195767263649032,
,,,2.743E-06,0.0208157896995544,0.195097807561979,
,,,2.7432E-06,0.0208157896995544,0.194595715496689,
,,,2.7434E-06,-0.113075435161591,0.195265171583742,
,,,2.7436E-06,0.087761402130127,0.196101991692558,
,,,2.7438E-06,0.0208157896995544,0.195265171583742,
,,,2.744E-06,-0.0461298227310181,0.195767263649032,
,,,2.7442E-06,-0.0461298227310181,0.195934627670795,
,,,2.7444E-06,0.0208157896995544,0.195097807561979,
,,,2.7446E-06,-0.0461298227310181,0.194930443540215,
,,,2.7448E-06,0.0208157896995544,0.195767263649032,
,,,2.745E-06,-0.0461298227310181,0.195265171583742,
,,,2.7452E-06,0.0208157896995544,0.195599899627268,
,,,2.7454E-06,-0.0461298227310181,0.195432535605505,
,,,2.7456E-06,0.0208157896995544,0.194930443540215,
,,,2.7458E-06,-0.0461298227310181,0.195097807561979,
,,,2.746E-06,-0.0461298227310181,0.196101991692558,
,,,2.7462E-06,0.0208157896995544,0.195097807561979,
,,,2.7464E-06,0.0208157896995544,0.195767263649032,
,,,2.7466E-06,-0.113075435161591,0.195767263649032,
,,,2.7468E-06,-0.113075435161591,0.195934627670795,
,,,2.747E-06,0.0208157896995544,0.195265171583742,
,,,2.7472E-06,0.0208157896995544,0.196101991692558,
,,,2.7474E-06,-0.113075435161591,0.196771447779611,
,,,2.7476E-06,0.087761402130127,0.195934627670795,
,,,2.7478E-06,-0.0461298227310181,0.196436719736084,
,,,2.748E-06,0.0208157896995544,0.195934627670795,
,,,2.7482E-06,0.0208157896995544,0.195599899627268,
,,,2.7484E-06,0.0208157896995544,0.196436719736084,
,,,2.7486E-06,0.0208157896995544,0.196101991692558,
,,,2.7488E-06,0.087761402130127,0.195934627670795,
,,,2.749E-06,-0.113075435161591,0.195599899627268,
,,,2.7492E-06,0.0208157896995544,0.196101991692558,
,,,2.7494E-06,0.087761402130127,0.196269355714321,
,,,2.7496E-06,0.0208157896995544,0.195934627670795,
,,,2.7498E-06,-0.0461298227310181,0.195934627670795,
,,,2.75E-06,0.0208157896995544,0.196436719736084,
,,,2.7502E-06,-0.0461298227310181,0.196101991692558,
,,,2.7504E-06,-0.0461298227310181,0.196101991692558,
,,,2.7506E-06,-0.113075435161591,0.195934627670795,
,,,2.7508E-06,0.0208157896995544,0.195934627670795,
,,,2.751E-06,-0.0461298227310181,0.196269355714321,
,,,2.7512E-06,0.0208157896995544,0.196269355714321,
,,,2.7514E-06,0.0208157896995544,0.196436719736084,
,,,2.7516E-06,0.087761402130127,0.195097807561979,
,,,2.7518E-06,0.0208157896995544,0.196269355714321,
,,,2.752E-06,-0.0461298227310181,0.195599899627268,
,,,2.7522E-06,0.087761402130127,0.196604083757848,
,,,2.7524E-06,-0.0461298227310181,0.196101991692558,
,,,2.7526E-06,0.087761402130127,0.195934627670795,
,,,2.7528E-06,0.154707014560699,0.196436719736084,
,,,2.753E-06,0.0208157896995544,0.195934627670795,
,,,2.7532E-06,0.0208157896995544,0.196604083757848,
,,,2.7534E-06,-0.0461298227310181,0.196436719736084,
,,,2.7536E-06,0.087761402130127,0.196269355714321,
,,,2.7538E-06,-0.0461298227310181,0.195767263649032,
,,,2.754E-06,-0.0461298227310181,0.196101991692558,
,,,2.7542E-06,-0.0461298227310181,0.195767263649032,
,,,2.7544E-06,0.0208157896995544,0.195599899627268,
,,,2.7546E-06,0.0208157896995544,0.195767263649032,
,,,2.7548E-06,-0.0461298227310181,0.195767263649032,
,,,2.755E-06,0.087761402130127,0.195767263649032,
,,,2.7552E-06,-0.0461298227310181,0.195767263649032,
,,,2.7554E-06,-0.113075435161591,0.195432535605505,
,,,2.7556E-06,0.0208157896995544,0.194930443540215,
,,,2.7558E-06,0.087761402130127,0.195599899627268,
,,,2.756E-06,0.0208157896995544,0.195934627670795,
,,,2.7562E-06,-0.0461298227310181,0.195097807561979,
,,,2.7564E-06,0.0208157896995544,0.195934627670795,
,,,2.7566E-06,-0.0461298227310181,0.195767263649032,
,,,2.7568E-06,-0.0461298227310181,0.195599899627268,
,,,2.757E-06,0.0208157896995544,0.195432535605505,
,,,2.7572E-06,-0.113075435161591,0.195599899627268,
,,,2.7574E-06,-0.0461298227310181,0.194930443540215,
,,,2.7576E-06,0.087761402130127,0.195097807561979,
,,,2.7578E-06,0.087761402130127,0.195097807561979,
,,,2.758E-06,0.087761402130127,0.195265171583742,
,,,2.7582E-06,0.087761402130127,0.195432535605505,
,,,2.7584E-06,-0.0461298227310181,0.195432535605505,
,,,2.7586E-06,0.0208157896995544,0.195097807561979,
,,,2.7588E-06,-0.0461298227310181,0.194595715496689,
,,,2.759E-06,0.087761402130127,0.195097807561979,
,,,2.7592E-06,0.0208157896995544,0.195265171583742,
,,,2.7594E-06,0.0208157896995544,0.194930443540215,
,,,2.7596E-06,0.0208157896995544,0.195432535605505,
,,,2.7598E-06,0.0208157896995544,0.195599899627268,
,,,2.76E-06,0.087761402130127,0.195265171583742,
,,,2.7602E-06,0.0208157896995544,0.195265171583742,
,,,2.7604E-06,-0.0461298227310181,0.195599899627268,
,,,2.7606E-06,-0.0461298227310181,0.195599899627268,
,,,2.7608E-06,0.0208157896995544,0.196101991692558,
,,,2.761E-06,-0.0461298227310181,0.196101991692558,
,,,2.7612E-06,-0.113075435161591,0.195265171583742,
,,,2.7614E-06,0.087761402130127,0.195767263649032,
,,,2.7616E-06,0.154707014560699,0.196101991692558,
,,,2.7618E-06,-0.180021047592163,0.195599899627268,
,,,2.762E-06,0.0208157896995544,0.195767263649032,
,,,2.7622E-06,0.087761402130127,0.195934627670795,
,,,2.7624E-06,0.0208157896995544,0.196269355714321,
,,,2.7626E-06,-0.0461298227310181,0.195767263649032,
,,,2.7628E-06,-0.0461298227310181,0.196269355714321,
,,,2.763E-06,-0.0461298227310181,0.195934627670795,
,,,2.7632E-06,0.0208157896995544,0.196101991692558,
,,,2.7634E-06,-0.113075435161591,0.195767263649032,
,,,2.7636E-06,-0.0461298227310181,0.196101991692558,
,,,2.7638E-06,-0.0461298227310181,0.195767263649032,
,,,2.764E-06,0.087761402130127,0.195934627670795,
,,,2.7642E-06,-0.0461298227310181,0.196269355714321,
,,,2.7644E-06,0.154707014560699,0.196269355714321,
,,,2.7646E-06,0.087761402130127,0.195265171583742,
,,,2.7648E-06,-0.0461298227310181,0.196269355714321,
,,,2.765E-06,0.0208157896995544,0.195599899627268,
,,,2.7652E-06,0.0208157896995544,0.195934627670795,
,,,2.7654E-06,0.087761402130127,0.196269355714321,
,,,2.7656E-06,0.0208157896995544,0.196938811801374,
,,,2.7658E-06,-0.113075435161591,0.195767263649032,
,,,2.766E-06,0.0208157896995544,0.195934627670795,
,,,2.7662E-06,0.0208157896995544,0.196436719736084,
,,,2.7664E-06,0.087761402130127,0.195767263649032,
,,,2.7666E-06,0.0208157896995544,0.196436719736084,
,,,2.7668E-06,0.0208157896995544,0.196604083757848,
,,,2.767E-06,-0.0461298227310181,0.195934627670795,
,,,2.7672E-06,-0.0461298227310181,0.196101991692558,
,,,2.7674E-06,-0.0461298227310181,0.196436719736084,
,,,2.7676E-06,-0.113075435161591,0.195767263649032,
,,,2.7678E-06,0.0208157896995544,0.196771447779611,
,,,2.768E-06,0.0208157896995544,0.196771447779611,
,,,2.7682E-06,-0.180021047592163,0.195934627670795,
,,,2.7684E-06,-0.0461298227310181,0.196436719736084,
,,,2.7686E-06,0.087761402130127,0.196604083757848,
,,,2.7688E-06,-0.0461298227310181,0.197106175823137,
,,,2.769E-06,-0.0461298227310181,0.196771447779611,
,,,2.7692E-06,0.0208157896995544,0.196604083757848,
,,,2.7694E-06,-0.0461298227310181,0.196938811801374,
,,,2.7696E-06,-0.0461298227310181,0.196101991692558,
,,,2.7698E-06,0.0208157896995544,0.195767263649032,
,,,2.77E-06,-0.0461298227310181,0.196101991692558,
,,,2.7702E-06,0.0208157896995544,0.196604083757848,
,,,2.7704E-06,0.0208157896995544,0.196269355714321,
,,,2.7706E-06,-0.0461298227310181,0.195934627670795,
,,,2.7708E-06,0.0208157896995544,0.195934627670795,
,,,2.771E-06,0.087761402130127,0.195767263649032,
,,,2.7712E-06,-0.0461298227310181,0.195934627670795,
,,,2.7714E-06,0.087761402130127,0.196604083757848,
,,,2.7716E-06,-0.0461298227310181,0.195934627670795,
,,,2.7718E-06,-0.0461298227310181,0.195432535605505,
,,,2.772E-06,0.0208157896995544,0.196101991692558,
,,,2.7722E-06,0.087761402130127,0.196436719736084,
,,,2.7724E-06,0.087761402130127,0.195934627670795,
,,,2.7726E-06,-0.113075435161591,0.195934627670795,
,,,2.7728E-06,0.087761402130127,0.195599899627268,
,,,2.773E-06,0.0208157896995544,0.195934627670795,
,,,2.7732E-06,0.0208157896995544,0.196101991692558,
,,,2.7734E-06,0.0208157896995544,0.195432535605505,
,,,2.7736E-06,0.0208157896995544,0.195265171583742,
,,,2.7738E-06,-0.0461298227310181,0.196436719736084,
,,,2.774E-06,0.0208157896995544,0.195767263649032,
,,,2.7742E-06,-0.113075435161591,0.195432535605505,
,,,2.7744E-06,0.087761402130127,0.195599899627268,
,,,2.7746E-06,-0.0461298227310181,0.195599899627268,
,,,2.7748E-06,-0.0461298227310181,0.195097807561979,
,,,2.775E-06,-0.0461298227310181,0.195599899627268,
,,,2.7752E-06,-0.0461298227310181,0.196101991692558,
,,,2.7754E-06,-0.0461298227310181,0.196269355714321,
,,,2.7756E-06,0.0208157896995544,0.195767263649032,
,,,2.7758E-06,-0.0461298227310181,0.196604083757848,
,,,2.776E-06,0.0208157896995544,0.196269355714321,
,,,2.7762E-06,-0.0461298227310181,0.195767263649032,
,,,2.7764E-06,0.087761402130127,0.195934627670795,
,,,2.7766E-06,-0.113075435161591,0.195599899627268,
,,,2.7768E-06,0.0208157896995544,0.195934627670795,
,,,2.777E-06,0.0208157896995544,0.195599899627268,
,,,2.7772E-06,0.087761402130127,0.196269355714321,
,,,2.7774E-06,-0.0461298227310181,0.195265171583742,
,,,2.7776E-06,0.0208157896995544,0.195767263649032,
,,,2.7778E-06,0.087761402130127,0.195934627670795,
,,,2.778E-06,-0.113075435161591,0.195432535605505,
,,,2.7782E-06,-0.0461298227310181,0.195767263649032,
,,,2.7784E-06,0.0208157896995544,0.195934627670795,
,,,2.7786E-06,0.0208157896995544,0.195097807561979,
,,,2.7788E-06,0.0208157896995544,0.195767263649032,
,,,2.779E-06,0.0208157896995544,0.195432535605505,
,,,2.7792E-06,0.0208157896995544,0.195599899627268,
,,,2.7794E-06,-0.0461298227310181,0.195432535605505,
,,,2.7796E-06,0.0208157896995544,0.195767263649032,
,,,2.7798E-06,0.0208157896995544,0.195599899627268,
,,,2.78E-06,0.0208157896995544,0.195432535605505,
,,,2.7802E-06,-0.0461298227310181,0.195097807561979,
,,,2.7804E-06,0.0208157896995544,0.196101991692558,
,,,2.7806E-06,0.0208157896995544,0.195767263649032,
,,,2.7808E-06,-0.0461298227310181,0.196269355714321,
,,,2.781E-06,-0.113075435161591,0.196436719736084,
,,,2.7812E-06,0.0208157896995544,0.195599899627268,
,,,2.7814E-06,0.0208157896995544,0.195934627670795,
,,,2.7816E-06,-0.0461298227310181,0.195767263649032,
,,,2.7818E-06,-0.0461298227310181,0.196436719736084,
,,,2.782E-06,0.0208157896995544,0.195432535605505,
,,,2.7822E-06,0.0208157896995544,0.196269355714321,
,,,2.7824E-06,-0.0461298227310181,0.195599899627268,
,,,2.7826E-06,0.0208157896995544,0.196101991692558,
,,,2.7828E-06,-0.0461298227310181,0.195934627670795,
,,,2.783E-06,-0.0461298227310181,0.195934627670795,
,,,2.7832E-06,0.0208157896995544,0.195767263649032,
,,,2.7834E-06,0.0208157896995544,0.195934627670795,
,,,2.7836E-06,0.087761402130127,0.195934627670795,
,,,2.7838E-06,0.0208157896995544,0.195767263649032,
,,,2.784E-06,-0.0461298227310181,0.195767263649032,
,,,2.7842E-06,0.087761402130127,0.196101991692558,
,,,2.7844E-06,-0.0461298227310181,0.196604083757848,
,,,2.7846E-06,-0.0461298227310181,0.195599899627268,
,,,2.7848E-06,0.0208157896995544,0.196101991692558,
,,,2.785E-06,0.0208157896995544,0.196269355714321,
,,,2.7852E-06,0.0208157896995544,0.195934627670795,
,,,2.7854E-06,0.0208157896995544,0.195599899627268,
,,,2.7856E-06,0.154707014560699,0.196604083757848,
,,,2.7858E-06,0.0208157896995544,0.196604083757848,
,,,2.786E-06,-0.0461298227310181,0.195767263649032,
,,,2.7862E-06,0.087761402130127,0.196436719736084,
,,,2.7864E-06,-0.0461298227310181,0.196604083757848,
,,,2.7866E-06,-0.0461298227310181,0.196604083757848,
,,,2.7868E-06,-0.113075435161591,0.195934627670795,
,,,2.787E-06,-0.113075435161591,0.196436719736084,
,,,2.7872E-06,0.087761402130127,0.196938811801374,
,,,2.7874E-06,-0.0461298227310181,0.195599899627268,
,,,2.7876E-06,0.0208157896995544,0.196771447779611,
,,,2.7878E-06,0.0208157896995544,0.196269355714321,
,,,2.788E-06,0.0208157896995544,0.196101991692558,
,,,2.7882E-06,-0.113075435161591,0.196269355714321,
,,,2.7884E-06,0.0208157896995544,0.196436719736084,
,,,2.7886E-06,-0.0461298227310181,0.196101991692558,
,,,2.7888E-06,0.087761402130127,0.196101991692558,
,,,2.789E-06,-0.113075435161591,0.196436719736084,
,,,2.7892E-06,0.087761402130127,0.195599899627268,
,,,2.7894E-06,0.0208157896995544,0.196101991692558,
,,,2.7896E-06,0.087761402130127,0.196436719736084,
,,,2.7898E-06,-0.0461298227310181,0.196436719736084,
,,,2.79E-06,0.087761402130127,0.196269355714321,
,,,2.7902E-06,0.0208157896995544,0.196436719736084,
,,,2.7904E-06,0.0208157896995544,0.195767263649032,
,,,2.7906E-06,0.0208157896995544,0.196101991692558,
,,,2.7908E-06,-0.0461298227310181,0.196938811801374,
,,,2.791E-06,-0.0461298227310181,0.197106175823137,
,,,2.7912E-06,0.0208157896995544,0.196269355714321,
,,,2.7914E-06,-0.0461298227310181,0.195599899627268,
,,,2.7916E-06,0.0208157896995544,0.196269355714321,
,,,2.7918E-06,0.0208157896995544,0.196101991692558,
,,,2.792E-06,0.0208157896995544,0.196771447779611,
,,,2.7922E-06,-0.0461298227310181,0.197106175823137,
,,,2.7924E-06,0.087761402130127,0.196269355714321,
,,,2.7926E-06,0.0208157896995544,0.196269355714321,
,,,2.7928E-06,-0.0461298227310181,0.195934627670795,
,,,2.793E-06,0.0208157896995544,0.196771447779611,
,,,2.7932E-06,0.087761402130127,0.195934627670795,
,,,2.7934E-06,0.0208157896995544,0.196269355714321,
,,,2.7936E-06,0.087761402130127,0.196436719736084,
,,,2.7938E-06,-0.0461298227310181,0.196101991692558,
,,,2.794E-06,0.0208157896995544,0.196604083757848,
,,,2.7942E-06,0.0208157896995544,0.196938811801374,
,,,2.7944E-06,0.0208157896995544,0.196101991692558,
,,,2.7946E-06,-0.113075435161591,0.195934627670795,
,,,2.7948E-06,0.087761402130127,0.196436719736084,
,,,2.795E-06,-0.0461298227310181,0.196604083757848,
,,,2.7952E-06,-0.0461298227310181,0.196269355714321,
,,,2.7954E-06,0.0208157896995544,0.196101991692558,
,,,2.7956E-06,0.0208157896995544,0.195934627670795,
,,,2.7958E-06,-0.0461298227310181,0.195767263649032,
,,,2.796E-06,0.087761402130127,0.196436719736084,
,,,2.7962E-06,0.0208157896995544,0.195934627670795,
,,,2.7964E-06,0.154707014560699,0.195934627670795,
,,,2.7966E-06,0.0208157896995544,0.195934627670795,
,,,2.7968E-06,0.0208157896995544,0.196269355714321,
,,,2.797E-06,0.087761402130127,0.196436719736084,
,,,2.7972E-06,-0.113075435161591,0.195265171583742,
,,,2.7974E-06,0.0208157896995544,0.195599899627268,
,,,2.7976E-06,0.087761402130127,0.196269355714321,
,,,2.7978E-06,-0.113075435161591,0.195432535605505,
,,,2.798E-06,-0.0461298227310181,0.195432535605505,
,,,2.7982E-06,0.087761402130127,0.196269355714321,
,,,2.7984E-06,0.0208157896995544,0.195934627670795,
,,,2.7986E-06,-0.113075435161591,0.195934627670795,
,,,2.7988E-06,0.087761402130127,0.196771447779611,
,,,2.799E-06,0.0208157896995544,0.196771447779611,
,,,2.7992E-06,-0.0461298227310181,0.196101991692558,
,,,2.7994E-06,-0.0461298227310181,0.195934627670795,
,,,2.7996E-06,0.0208157896995544,0.195599899627268,
,,,2.7998E-06,-0.0461298227310181,0.196771447779611,
,,,2.8E-06,0.154707014560699,0.1972735398449,
,,,2.8002E-06,0.0208157896995544,0.195599899627268,
,,,2.8004E-06,-0.0461298227310181,0.195767263649032,
,,,2.8006E-06,0.087761402130127,0.196938811801374,
,,,2.8008E-06,0.0208157896995544,0.196604083757848,
,,,2.801E-06,-0.0461298227310181,0.196436719736084,
,,,2.8012E-06,0.087761402130127,0.196269355714321,
,,,2.8014E-06,-0.0461298227310181,0.196436719736084,
,,,2.8016E-06,0.0208157896995544,0.196269355714321,
,,,2.8018E-06,-0.0461298227310181,0.197106175823137,
,,,2.802E-06,-0.0461298227310181,0.196436719736084,
,,,2.8022E-06,0.0208157896995544,0.196269355714321,
,,,2.8024E-06,0.0208157896995544,0.196771447779611,
,,,2.8026E-06,0.087761402130127,0.196938811801374,
,,,2.8028E-06,0.087761402130127,0.196604083757848,
,,,2.803E-06,-0.0461298227310181,0.195767263649032,
,,,2.8032E-06,0.0208157896995544,0.196771447779611,
,,,2.8034E-06,0.0208157896995544,0.196771447779611,
,,,2.8036E-06,-0.113075435161591,0.196269355714321,
,,,2.8038E-06,0.0208157896995544,0.197106175823137,
,,,2.804E-06,0.0208157896995544,0.197440903866664,
,,,2.8042E-06,0.0208157896995544,0.197106175823137,
,,,2.8044E-06,-0.0461298227310181,0.196436719736084,
,,,2.8046E-06,0.0208157896995544,0.196938811801374,
,,,2.8048E-06,0.0208157896995544,0.196604083757848,
,,,2.805E-06,-0.0461298227310181,0.196771447779611,
,,,2.8052E-06,-0.0461298227310181,0.196269355714321,
,,,2.8054E-06,-0.0461298227310181,0.197440903866664,
,,,2.8056E-06,-0.0461298227310181,0.19777563191019,
,,,2.8058E-06,-0.0461298227310181,0.196938811801374,
,,,2.806E-06,0.0208157896995544,0.197106175823137,
,,,2.8062E-06,0.0208157896995544,0.197608267888427,
,,,2.8064E-06,-0.0461298227310181,0.197440903866664,
,,,2.8066E-06,-0.0461298227310181,0.196771447779611,
,,,2.8068E-06,0.0208157896995544,0.197942995931953,
,,,2.807E-06,0.0208157896995544,0.197608267888427,
,,,2.8072E-06,0.0208157896995544,0.197608267888427,
,,,2.8074E-06,-0.0461298227310181,0.197608267888427,
,,,2.8076E-06,0.0208157896995544,0.197440903866664,
,,,2.8078E-06,-0.0461298227310181,0.197106175823137,
,,,2.808E-06,0.0208157896995544,0.196604083757848,
,,,2.8082E-06,0.0208157896995544,0.197942995931953,
,,,2.8084E-06,0.0208157896995544,0.197608267888427,
,,,2.8086E-06,-0.113075435161591,0.196938811801374,
,,,2.8088E-06,0.087761402130127,0.196938811801374,
,,,2.809E-06,0.087761402130127,0.197440903866664,
,,,2.8092E-06,0.0208157896995544,0.196436719736084,
,,,2.8094E-06,-0.0461298227310181,0.197106175823137,
,,,2.8096E-06,0.0208157896995544,0.196604083757848,
,,,2.8098E-06,0.087761402130127,0.1972735398449,
,,,2.81E-06,-0.180021047592163,0.196938811801374,
,,,2.8102E-06,-0.0461298227310181,0.196269355714321,
,,,2.8104E-06,0.087761402130127,0.196771447779611,
,,,2.8106E-06,-0.0461298227310181,0.196604083757848,
,,,2.8108E-06,0.087761402130127,0.19777563191019,
,,,2.811E-06,0.0208157896995544,0.196771447779611,
,,,2.8112E-06,0.087761402130127,0.197106175823137,
,,,2.8114E-06,-0.0461298227310181,0.196436719736084,
,,,2.8116E-06,0.0208157896995544,0.196101991692558,
,,,2.8118E-06,-0.0461298227310181,0.196771447779611,
,,,2.812E-06,-0.0461298227310181,0.196771447779611,
,,,2.8122E-06,0.087761402130127,0.196269355714321,
,,,2.8124E-06,-0.113075435161591,0.196604083757848,
,,,2.8126E-06,0.0208157896995544,0.195767263649032,
,,,2.8128E-06,0.0208157896995544,0.196436719736084,
,,,2.813E-06,-0.113075435161591,0.195934627670795,
,,,2.8132E-06,0.0208157896995544,0.196604083757848,
,,,2.8134E-06,0.0208157896995544,0.196101991692558,
,,,2.8136E-06,-0.0461298227310181,0.196436719736084,
,,,2.8138E-06,-0.0461298227310181,0.196269355714321,
,,,2.814E-06,-0.0461298227310181,0.196101991692558,
,,,2.8142E-06,-0.0461298227310181,0.196269355714321,
,,,2.8144E-06,0.0208157896995544,0.196269355714321,
,,,2.8146E-06,0.0208157896995544,0.195934627670795,
,,,2.8148E-06,0.0208157896995544,0.196269355714321,
,,,2.815E-06,-0.0461298227310181,0.196938811801374,
,,,2.8152E-06,0.0208157896995544,0.195767263649032,
,,,2.8154E-06,0.0208157896995544,0.196436719736084,
,,,2.8156E-06,0.0208157896995544,0.196771447779611,
,,,2.8158E-06,0.087761402130127,0.1972735398449,
,,,2.816E-06,0.0208157896995544,0.196771447779611,
,,,2.8162E-06,0.0208157896995544,0.196771447779611,
,,,2.8164E-06,-0.0461298227310181,0.197106175823137,
,,,2.8166E-06,0.0208157896995544,0.196771447779611,
,,,2.8168E-06,0.087761402130127,0.1972735398449,
,,,2.817E-06,-0.0461298227310181,0.196771447779611,
,,,2.8172E-06,0.087761402130127,0.197106175823137,
,,,2.8174E-06,-0.0461298227310181,0.197106175823137,
,,,2.8176E-06,0.0208157896995544,0.1972735398449,
,,,2.8178E-06,0.0208157896995544,0.197942995931953,
,,,2.818E-06,0.0208157896995544,0.1972735398449,
,,,2.8182E-06,-0.0461298227310181,0.19777563191019,
,,,2.8184E-06,0.0208157896995544,0.1972735398449,
,,,2.8186E-06,0.0208157896995544,0.1972735398449,
,,,2.8188E-06,-0.113075435161591,0.196771447779611,
,,,2.819E-06,0.0208157896995544,0.197106175823137,
,,,2.8192E-06,0.087761402130127,0.197440903866664,
,,,2.8194E-06,-0.113075435161591,0.196938811801374,
,,,2.8196E-06,-0.0461298227310181,0.198110359953716,
,,,2.8198E-06,0.0208157896995544,0.197440903866664,
,,,2.82E-06,0.087761402130127,0.197106175823137,
,,,2.8202E-06,-0.113075435161591,0.196938811801374,
,,,2.8204E-06,-0.113075435161591,0.19777563191019,
,,,2.8206E-06,-0.0461298227310181,0.197106175823137,
,,,2.8208E-06,0.087761402130127,0.197106175823137,
,,,2.821E-06,-0.113075435161591,0.198110359953716,
,,,2.8212E-06,0.0208157896995544,0.197440903866664,
,,,2.8214E-06,0.0208157896995544,0.196938811801374,
,,,2.8216E-06,0.0208157896995544,0.198110359953716,
,,,2.8218E-06,-0.0461298227310181,0.197942995931953,
,,,2.822E-06,0.087761402130127,0.1972735398449,
,,,2.8222E-06,0.087761402130127,0.19777563191019,
,,,2.8224E-06,-0.0461298227310181,0.1972735398449,
,,,2.8226E-06,0.087761402130127,0.197440903866664,
,,,2.8228E-06,-0.113075435161591,0.197942995931953,
,,,2.823E-06,-0.0461298227310181,0.196938811801374,
,,,2.8232E-06,0.087761402130127,0.197106175823137,
,,,2.8234E-06,0.0208157896995544,0.198110359953716,
,,,2.8236E-06,0.0208157896995544,0.19777563191019,
,,,2.8238E-06,-0.0461298227310181,0.197942995931953,
,,,2.824E-06,0.0208157896995544,0.196938811801374,
,,,2.8242E-06,-0.0461298227310181,0.197608267888427,
,,,2.8244E-06,0.0208157896995544,0.197440903866664,
,,,2.8246E-06,-0.0461298227310181,0.19777563191019,
,,,2.8248E-06,-0.0461298227310181,0.197440903866664,
,,,2.825E-06,-0.113075435161591,0.1972735398449,
,,,2.8252E-06,-0.0461298227310181,0.197608267888427,
,,,2.8254E-06,-0.0461298227310181,0.198445087997243,
,,,2.8256E-06,0.0208157896995544,0.197608267888427,
,,,2.8258E-06,-0.113075435161591,0.19777563191019,
,,,2.826E-06,-0.0461298227310181,0.19777563191019,
,,,2.8262E-06,0.0208157896995544,0.197942995931953,
,,,2.8264E-06,0.0208157896995544,0.197608267888427,
,,,2.8266E-06,0.0208157896995544,0.19777563191019,
,,,2.8268E-06,0.0208157896995544,0.198110359953716,
,,,2.827E-06,-0.0461298227310181,0.19827772397548,
,,,2.8272E-06,0.154707014560699,0.197608267888427,
,,,2.8274E-06,-0.0461298227310181,0.198110359953716,
,,,2.8276E-06,-0.113075435161591,0.197608267888427,
,,,2.8278E-06,-0.0461298227310181,0.197942995931953,
,,,2.828E-06,-0.0461298227310181,0.1972735398449,
,,,2.8282E-06,-0.0461298227310181,0.198110359953716,
,,,2.8284E-06,0.154707014560699,0.198445087997243,
,,,2.8286E-06,0.0208157896995544,0.198110359953716,
,,,2.8288E-06,-0.0461298227310181,0.197440903866664,
,,,2.829E-06,0.0208157896995544,0.19777563191019,
,,,2.8292E-06,0.0208157896995544,0.197608267888427,
,,,2.8294E-06,0.0208157896995544,0.196938811801374,
,,,2.8296E-06,0.0208157896995544,0.19777563191019,
,,,2.8298E-06,-0.113075435161591,0.19827772397548,
,,,2.83E-06,-0.0461298227310181,0.1972735398449,
,,,2.8302E-06,0.0208157896995544,0.1972735398449,
,,,2.8304E-06,0.087761402130127,0.198110359953716,
,,,2.8306E-06,0.0208157896995544,0.197440903866664,
,,,2.8308E-06,-0.0461298227310181,0.19777563191019,
,,,2.831E-06,0.0208157896995544,0.19827772397548,
,,,2.8312E-06,-0.0461298227310181,0.198110359953716,
,,,2.8314E-06,-0.0461298227310181,0.197106175823137,
,,,2.8316E-06,0.0208157896995544,0.197608267888427,
,,,2.8318E-06,0.154707014560699,0.198110359953716,
,,,2.832E-06,-0.0461298227310181,0.1972735398449,
,,,2.8322E-06,-0.113075435161591,0.19777563191019,
,,,2.8324E-06,0.0208157896995544,0.196771447779611,
,,,2.8326E-06,0.0208157896995544,0.197106175823137,
,,,2.8328E-06,-0.0461298227310181,0.1972735398449,
,,,2.833E-06,-0.0461298227310181,0.196771447779611,
,,,2.8332E-06,0.0208157896995544,0.197608267888427,
,,,2.8334E-06,-0.113075435161591,0.197106175823137,
,,,2.8336E-06,-0.0461298227310181,0.1972735398449,
,,,2.8338E-06,-0.0461298227310181,0.197608267888427,
,,,2.834E-06,-0.0461298227310181,0.197440903866664,
,,,2.8342E-06,-0.0461298227310181,0.1972735398449,
,,,2.8344E-06,0.087761402130127,0.197942995931953,
,,,2.8346E-06,-0.113075435161591,0.197608267888427,
,,,2.8348E-06,-0.0461298227310181,0.1972735398449,
,,,2.835E-06,0.0208157896995544,0.1972735398449,
,,,2.8352E-06,-0.0461298227310181,0.19777563191019,
,,,2.8354E-06,0.0208157896995544,0.197942995931953,
,,,2.8356E-06,-0.0461298227310181,0.197106175823137,
,,,2.8358E-06,-0.0461298227310181,0.196771447779611,
,,,2.836E-06,0.0208157896995544,0.19777563191019,
,,,2.8362E-06,-0.113075435161591,0.197608267888427,
,,,2.8364E-06,-0.0461298227310181,0.197942995931953,
,,,2.8366E-06,0.087761402130127,0.196938811801374,
,,,2.8368E-06,-0.0461298227310181,0.1972735398449,
,,,2.837E-06,0.0208157896995544,0.19777563191019,
,,,2.8372E-06,0.087761402130127,0.197440903866664,
,,,2.8374E-06,-0.0461298227310181,0.197106175823137,
,,,2.8376E-06,-0.0461298227310181,0.197106175823137,
,,,2.8378E-06,-0.0461298227310181,0.197608267888427,
,,,2.838E-06,-0.113075435161591,0.197440903866664,
,,,2.8382E-06,0.087761402130127,0.19777563191019,
,,,2.8384E-06,0.087761402130127,0.197608267888427,
,,,2.8386E-06,-0.113075435161591,0.196436719736084,
,,,2.8388E-06,0.0208157896995544,0.1972735398449,
,,,2.839E-06,0.087761402130127,0.197440903866664,
,,,2.8392E-06,-0.0461298227310181,0.197106175823137,
,,,2.8394E-06,-0.0461298227310181,0.196938811801374,
,,,2.8396E-06,0.0208157896995544,0.197106175823137,
,,,2.8398E-06,-0.0461298227310181,0.196938811801374,
,,,2.84E-06,0.0208157896995544,0.197106175823137,
,,,2.8402E-06,-0.0461298227310181,0.197440903866664,
,,,2.8404E-06,-0.0461298227310181,0.1972735398449,
,,,2.8406E-06,-0.0461298227310181,0.196938811801374,
,,,2.8408E-06,0.0208157896995544,0.197440903866664,
,,,2.841E-06,0.087761402130127,0.197440903866664,
,,,2.8412E-06,0.087761402130127,0.197106175823137,
,,,2.8414E-06,0.0208157896995544,0.196269355714321,
,,,2.8416E-06,-0.180021047592163,0.197608267888427,
,,,2.8418E-06,0.0208157896995544,0.196771447779611,
,,,2.842E-06,-0.113075435161591,0.197106175823137,
,,,2.8422E-06,-0.0461298227310181,0.1972735398449,
,,,2.8424E-06,0.0208157896995544,0.196604083757848,
,,,2.8426E-06,0.0208157896995544,0.197106175823137,
,,,2.8428E-06,-0.0461298227310181,0.196938811801374,
,,,2.843E-06,-0.0461298227310181,0.197106175823137,
,,,2.8432E-06,0.0208157896995544,0.197106175823137,
,,,2.8434E-06,-0.0461298227310181,0.197440903866664,
,,,2.8436E-06,0.087761402130127,0.1972735398449,
,,,2.8438E-06,0.0208157896995544,0.197608267888427,
,,,2.844E-06,-0.113075435161591,0.1972735398449,
,,,2.8442E-06,0.0208157896995544,0.197608267888427,
,,,2.8444E-06,-0.113075435161591,0.19777563191019,
,,,2.8446E-06,-0.0461298227310181,0.197440903866664,
,,,2.8448E-06,0.154707014560699,0.1972735398449,
,,,2.845E-06,0.0208157896995544,0.1972735398449,
,,,2.8452E-06,-0.0461298227310181,0.19777563191019,
,,,2.8454E-06,0.0208157896995544,0.197608267888427,
,,,2.8456E-06,0.0208157896995544,0.197608267888427,
,,,2.8458E-06,-0.0461298227310181,0.19827772397548,
,,,2.846E-06,0.087761402130127,0.198110359953716,
,,,2.8462E-06,0.0208157896995544,0.198445087997243,
,,,2.8464E-06,-0.0461298227310181,0.198110359953716,
,,,2.8466E-06,-0.113075435161591,0.198445087997243,
,,,2.8468E-06,0.087761402130127,0.19777563191019,
,,,2.847E-06,-0.113075435161591,0.198947180062532,
,,,2.8472E-06,0.087761402130127,0.198612452019006,
,,,2.8474E-06,0.0208157896995544,0.199281908106059,
,,,2.8476E-06,0.154707014560699,0.198779816040769,
,,,2.8478E-06,-0.0461298227310181,0.198612452019006,
,,,2.848E-06,-0.0461298227310181,0.198445087997243,
,,,2.8482E-06,0.0208157896995544,0.199114544084296,
,,,2.8484E-06,0.0208157896995544,0.19827772397548,
,,,2.8486E-06,-0.0461298227310181,0.19777563191019,
,,,2.8488E-06,0.0208157896995544,0.198947180062532,
,,,2.849E-06,-0.0461298227310181,0.198445087997243,
,,,2.8492E-06,-0.0461298227310181,0.198445087997243,
,,,2.8494E-06,0.0208157896995544,0.197440903866664,
,,,2.8496E-06,0.0208157896995544,0.198445087997243,
,,,2.8498E-06,-0.0461298227310181,0.19777563191019,
,,,2.85E-06,0.154707014560699,0.197942995931953,
,,,2.8502E-06,-0.0461298227310181,0.197942995931953,
,,,2.8504E-06,-0.0461298227310181,0.197608267888427,
,,,2.8506E-06,0.0208157896995544,0.197106175823137,
,,,2.8508E-06,0.0208157896995544,0.197608267888427,
,,,2.851E-06,-0.0461298227310181,0.19827772397548,
,,,2.8512E-06,0.087761402130127,0.197942995931953,
,,,2.8514E-06,-0.113075435161591,0.197608267888427,
,,,2.8516E-06,0.0208157896995544,0.19827772397548,
,,,2.8518E-06,0.087761402130127,0.197440903866664,
,,,2.852E-06,0.0208157896995544,0.196938811801374,
,,,2.8522E-06,-0.113075435161591,0.197608267888427,
,,,2.8524E-06,-0.0461298227310181,0.197440903866664,
,,,2.8526E-06,-0.0461298227310181,0.197440903866664,
,,,2.8528E-06,-0.0461298227310181,0.197440903866664,
,,,2.853E-06,-0.113075435161591,0.1972735398449,
,,,2.8532E-06,0.0208157896995544,0.196938811801374,
,,,2.8534E-06,-0.0461298227310181,0.197106175823137,
,,,2.8536E-06,0.0208157896995544,0.197608267888427,
,,,2.8538E-06,0.0208157896995544,0.197440903866664,
,,,2.854E-06,0.154707014560699,0.1972735398449,
,,,2.8542E-06,0.0208157896995544,0.197608267888427,
,,,2.8544E-06,-0.0461298227310181,0.198445087997243,
,,,2.8546E-06,0.0208157896995544,0.197942995931953,
,,,2.8548E-06,-0.113075435161591,0.197608267888427,
,,,2.855E-06,0.0208157896995544,0.198110359953716,
,,,2.8552E-06,0.087761402130127,0.198445087997243,
,,,2.8554E-06,-0.113075435161591,0.19777563191019,
,,,2.8556E-06,0.0208157896995544,0.197942995931953,
,,,2.8558E-06,0.0208157896995544,0.1972735398449,
,,,2.856E-06,0.087761402130127,0.197440903866664,
,,,2.8562E-06,-0.0461298227310181,0.1972735398449,
,,,2.8564E-06,-0.0461298227310181,0.19827772397548,
,,,2.8566E-06,-0.0461298227310181,0.197440903866664,
,,,2.8568E-06,-0.0461298227310181,0.197440903866664,
,,,2.857E-06,-0.0461298227310181,0.19777563191019,
,,,2.8572E-06,-0.113075435161591,0.197942995931953,
,,,2.8574E-06,0.0208157896995544,0.197440903866664,
,,,2.8576E-06,-0.0461298227310181,0.197608267888427,
,,,2.8578E-06,-0.113075435161591,0.197942995931953,
,,,2.858E-06,0.087761402130127,0.19777563191019,
,,,2.8582E-06,0.0208157896995544,0.196269355714321,
,,,2.8584E-06,0.0208157896995544,0.197440903866664,
,,,2.8586E-06,-0.113075435161591,0.198110359953716,
,,,2.8588E-06,0.087761402130127,0.196938811801374,
,,,2.859E-06,-0.0461298227310181,0.1972735398449,
,,,2.8592E-06,-0.0461298227310181,0.197942995931953,
,,,2.8594E-06,-0.0461298227310181,0.197608267888427,
,,,2.8596E-06,-0.0461298227310181,0.197440903866664,
,,,2.8598E-06,-0.113075435161591,0.198110359953716,
,,,2.86E-06,0.087761402130127,0.197106175823137,
,,,2.8602E-06,0.0208157896995544,0.197106175823137,
,,,2.8604E-06,0.087761402130127,0.198110359953716,
,,,2.8606E-06,-0.0461298227310181,0.197440903866664,
,,,2.8608E-06,0.0208157896995544,0.197942995931953,
,,,2.861E-06,0.087761402130127,0.19777563191019,
,,,2.8612E-06,-0.0461298227310181,0.196938811801374,
,,,2.8614E-06,-0.0461298227310181,0.196938811801374,
,,,2.8616E-06,0.087761402130127,0.197440903866664,
,,,2.8618E-06,-0.0461298227310181,0.197440903866664,
,,,2.862E-06,0.0208157896995544,0.197942995931953,
,,,2.8622E-06,0.0208157896995544,0.197608267888427,
,,,2.8624E-06,0.0208157896995544,0.197608267888427,
,,,2.8626E-06,-0.0461298227310181,0.197942995931953,
,,,2.8628E-06,0.0208157896995544,0.19827772397548,
,,,2.863E-06,0.0208157896995544,0.198110359953716,
,,,2.8632E-06,-0.0461298227310181,0.197942995931953,
,,,2.8634E-06,-0.0461298227310181,0.196771447779611,
,,,2.8636E-06,-0.113075435161591,0.198110359953716,
,,,2.8638E-06,-0.0461298227310181,0.19827772397548,
,,,2.864E-06,0.0208157896995544,0.19827772397548,
,,,2.8642E-06,-0.113075435161591,0.19827772397548,
,,,2.8644E-06,0.0208157896995544,0.19827772397548,
,,,2.8646E-06,0.0208157896995544,0.198445087997243,
,,,2.8648E-06,0.0208157896995544,0.197942995931953,
,,,2.865E-06,-0.0461298227310181,0.198612452019006,
,,,2.8652E-06,0.0208157896995544,0.198110359953716,
,,,2.8654E-06,0.0208157896995544,0.19827772397548,
,,,2.8656E-06,-0.0461298227310181,0.198612452019006,
,,,2.8658E-06,-0.113075435161591,0.198110359953716,
,,,2.866E-06,-0.0461298227310181,0.198110359953716,
,,,2.8662E-06,-0.0461298227310181,0.198612452019006,
,,,2.8664E-06,0.0208157896995544,0.198947180062532,
,,,2.8666E-06,0.0208157896995544,0.198947180062532,
,,,2.8668E-06,0.0208157896995544,0.198445087997243,
,,,2.867E-06,0.0208157896995544,0.19827772397548,
,,,2.8672E-06,0.0208157896995544,0.199114544084296,
,,,2.8674E-06,0.087761402130127,0.198612452019006,
,,,2.8676E-06,-0.0461298227310181,0.19827772397548,
,,,2.8678E-06,0.087761402130127,0.198445087997243,
,,,2.868E-06,0.154707014560699,0.198612452019006,
,,,2.8682E-06,-0.113075435161591,0.197608267888427,
,,,2.8684E-06,-0.0461298227310181,0.19827772397548,
,,,2.8686E-06,0.0208157896995544,0.198445087997243,
,,,2.8688E-06,0.087761402130127,0.198110359953716,
,,,2.869E-06,0.0208157896995544,0.198612452019006,
,,,2.8692E-06,-0.0461298227310181,0.198110359953716,
,,,2.8694E-06,-0.0461298227310181,0.19777563191019,
,,,2.8696E-06,-0.0461298227310181,0.198110359953716,
,,,2.8698E-06,-0.0461298227310181,0.198947180062532,
,,,2.87E-06,0.0208157896995544,0.198612452019006,
,,,2.8702E-06,0.0208157896995544,0.19827772397548,
,,,2.8704E-06,0.0208157896995544,0.19827772397548,
,,,2.8706E-06,-0.0461298227310181,0.19827772397548,
,,,2.8708E-06,-0.0461298227310181,0.198612452019006,
,,,2.871E-06,-0.113075435161591,0.198110359953716,
,,,2.8712E-06,0.0208157896995544,0.19777563191019,
,,,2.8714E-06,-0.0461298227310181,0.198445087997243,
,,,2.8716E-06,0.0208157896995544,0.19827772397548,
,,,2.8718E-06,-0.0461298227310181,0.197942995931953,
,,,2.872E-06,0.087761402130127,0.198779816040769,
,,,2.8722E-06,-0.113075435161591,0.197942995931953,
,,,2.8724E-06,0.0208157896995544,0.19777563191019,
,,,2.8726E-06,0.0208157896995544,0.198110359953716,
,,,2.8728E-06,0.087761402130127,0.199114544084296,
,,,2.873E-06,0.0208157896995544,0.197942995931953,
,,,2.8732E-06,0.087761402130127,0.197608267888427,
,,,2.8734E-06,0.0208157896995544,0.198612452019006,
,,,2.8736E-06,0.0208157896995544,0.198445087997243,
,,,2.8738E-06,0.087761402130127,0.198612452019006,
,,,2.874E-06,-0.113075435161591,0.198110359953716,
,,,2.8742E-06,-0.0461298227310181,0.19827772397548,
,,,2.8744E-06,0.0208157896995544,0.198612452019006,
,,,2.8746E-06,-0.113075435161591,0.198612452019006,
,,,2.8748E-06,0.0208157896995544,0.198947180062532,
,,,2.875E-06,0.154707014560699,0.198779816040769,
,,,2.8752E-06,0.0208157896995544,0.198947180062532,
,,,2.8754E-06,-0.0461298227310181,0.198947180062532,
,,,2.8756E-06,0.087761402130127,0.198779816040769,
,,,2.8758E-06,0.087761402130127,0.199114544084296,
,,,2.876E-06,-0.113075435161591,0.199449272127822,
,,,2.8762E-06,0.0208157896995544,0.199449272127822,
,,,2.8764E-06,-0.0461298227310181,0.199281908106059,
,,,2.8766E-06,0.087761402130127,0.199114544084296,
,,,2.8768E-06,0.087761402130127,0.19827772397548,
,,,2.877E-06,-0.113075435161591,0.198612452019006,
,,,2.8772E-06,-0.0461298227310181,0.19827772397548,
,,,2.8774E-06,0.0208157896995544,0.198947180062532,
,,,2.8776E-06,-0.0461298227310181,0.198445087997243,
,,,2.8778E-06,-0.0461298227310181,0.197942995931953,
,,,2.878E-06,0.0208157896995544,0.198110359953716,
,,,2.8782E-06,-0.0461298227310181,0.197942995931953,
,,,2.8784E-06,-0.0461298227310181,0.197942995931953,
,,,2.8786E-06,-0.0461298227310181,0.198779816040769,
,,,2.8788E-06,-0.0461298227310181,0.19777563191019,
,,,2.879E-06,-0.0461298227310181,0.198110359953716,
,,,2.8792E-06,-0.0461298227310181,0.197942995931953,
,,,2.8794E-06,-0.0461298227310181,0.19827772397548,
,,,2.8796E-06,0.087761402130127,0.198110359953716,
,,,2.8798E-06,0.0208157896995544,0.198445087997243,
,,,2.88E-06,-0.0461298227310181,0.19827772397548,
,,,2.8802E-06,0.0208157896995544,0.19777563191019,
,,,2.8804E-06,-0.0461298227310181,0.198110359953716,
,,,2.8806E-06,0.0208157896995544,0.198110359953716,
,,,2.8808E-06,0.0208157896995544,0.198445087997243,
,,,2.881E-06,-0.0461298227310181,0.197942995931953,
,,,2.8812E-06,-0.0461298227310181,0.19827772397548,
,,,2.8814E-06,0.0208157896995544,0.198612452019006,
,,,2.8816E-06,0.0208157896995544,0.19827772397548,
,,,2.8818E-06,-0.0461298227310181,0.199114544084296,
,,,2.882E-06,0.087761402130127,0.199114544084296,
,,,2.8822E-06,-0.0461298227310181,0.198947180062532,
,,,2.8824E-06,-0.0461298227310181,0.198445087997243,
,,,2.8826E-06,-0.0461298227310181,0.198445087997243,
,,,2.8828E-06,-0.0461298227310181,0.19827772397548,
,,,2.883E-06,-0.0461298227310181,0.19827772397548,
,,,2.8832E-06,0.0208157896995544,0.198110359953716,
,,,2.8834E-06,-0.0461298227310181,0.19827772397548,
,,,2.8836E-06,0.0208157896995544,0.197942995931953,
,,,2.8838E-06,0.0208157896995544,0.197608267888427,
,,,2.884E-06,-0.113075435161591,0.197608267888427,
,,,2.8842E-06,-0.0461298227310181,0.19827772397548,
,,,2.8844E-06,0.087761402130127,0.198612452019006,
,,,2.8846E-06,-0.0461298227310181,0.198445087997243,
,,,2.8848E-06,-0.0461298227310181,0.19777563191019,
,,,2.885E-06,-0.113075435161591,0.197942995931953,
,,,2.8852E-06,0.0208157896995544,0.198110359953716,
,,,2.8854E-06,0.0208157896995544,0.198779816040769,
,,,2.8856E-06,0.0208157896995544,0.198612452019006,
,,,2.8858E-06,0.0208157896995544,0.198445087997243,
,,,2.886E-06,0.087761402130127,0.197942995931953,
,,,2.8862E-06,-0.0461298227310181,0.197942995931953,
,,,2.8864E-06,-0.0461298227310181,0.198445087997243,
,,,2.8866E-06,0.0208157896995544,0.197942995931953,
,,,2.8868E-06,-0.0461298227310181,0.197608267888427,
,,,2.887E-06,0.087761402130127,0.198612452019006,
,,,2.8872E-06,0.0208157896995544,0.19827772397548,
,,,2.8874E-06,-0.0461298227310181,0.197942995931953,
,,,2.8876E-06,-0.0461298227310181,0.19827772397548,
,,,2.8878E-06,0.0208157896995544,0.198445087997243,
,,,2.888E-06,0.0208157896995544,0.19777563191019,
,,,2.8882E-06,-0.0461298227310181,0.197608267888427,
,,,2.8884E-06,0.0208157896995544,0.198110359953716,
,,,2.8886E-06,-0.0461298227310181,0.198110359953716,
,,,2.8888E-06,0.0208157896995544,0.19777563191019,
,,,2.889E-06,0.0208157896995544,0.198612452019006,
,,,2.8892E-06,0.0208157896995544,0.198445087997243,
,,,2.8894E-06,-0.0461298227310181,0.198445087997243,
,,,2.8896E-06,0.087761402130127,0.198110359953716,
,,,2.8898E-06,-0.0461298227310181,0.198110359953716,
,,,2.89E-06,-0.0461298227310181,0.198110359953716,
,,,2.8902E-06,0.0208157896995544,0.198445087997243,
,,,2.8904E-06,0.0208157896995544,0.19777563191019,
,,,2.8906E-06,-0.0461298227310181,0.198612452019006,
,,,2.8908E-06,-0.0461298227310181,0.198947180062532,
,,,2.891E-06,-0.0461298227310181,0.198445087997243,
,,,2.8912E-06,-0.0461298227310181,0.198110359953716,
,,,2.8914E-06,-0.0461298227310181,0.198612452019006,
,,,2.8916E-06,0.0208157896995544,0.198779816040769,
,,,2.8918E-06,-0.0461298227310181,0.199114544084296,
,,,2.892E-06,0.087761402130127,0.198612452019006,
,,,2.8922E-06,0.087761402130127,0.198445087997243,
,,,2.8924E-06,0.0208157896995544,0.198779816040769,
,,,2.8926E-06,0.0208157896995544,0.198612452019006,
,,,2.8928E-06,-0.0461298227310181,0.198445087997243,
,,,2.893E-06,-0.0461298227310181,0.198612452019006,
,,,2.8932E-06,-0.0461298227310181,0.198779816040769,
,,,2.8934E-06,-0.0461298227310181,0.197942995931953,
,,,2.8936E-06,0.0208157896995544,0.19827772397548,
,,,2.8938E-06,-0.0461298227310181,0.198445087997243,
,,,2.894E-06,-0.0461298227310181,0.198110359953716,
,,,2.8942E-06,-0.0461298227310181,0.198612452019006,
,,,2.8944E-06,0.0208157896995544,0.199281908106059,
,,,2.8946E-06,0.0208157896995544,0.197942995931953,
,,,2.8948E-06,-0.0461298227310181,0.19777563191019,
,,,2.895E-06,0.0208157896995544,0.198779816040769,
,,,2.8952E-06,-0.113075435161591,0.19827772397548,
,,,2.8954E-06,-0.113075435161591,0.198612452019006,
,,,2.8956E-06,0.0208157896995544,0.198445087997243,
,,,2.8958E-06,0.0208157896995544,0.19827772397548,
,,,2.896E-06,0.0208157896995544,0.198779816040769,
,,,2.8962E-06,-0.0461298227310181,0.199114544084296,
,,,2.8964E-06,-0.0461298227310181,0.199114544084296,
,,,2.8966E-06,0.0208157896995544,0.198110359953716,
,,,2.8968E-06,0.0208157896995544,0.19777563191019,
,,,2.897E-06,-0.0461298227310181,0.198110359953716,
,,,2.8972E-06,-0.0461298227310181,0.198612452019006,
,,,2.8974E-06,-0.0461298227310181,0.198445087997243,
,,,2.8976E-06,0.0208157896995544,0.198110359953716,
,,,2.8978E-06,-0.0461298227310181,0.198947180062532,
,,,2.898E-06,-0.0461298227310181,0.19777563191019,
,,,2.8982E-06,0.0208157896995544,0.198947180062532,
,,,2.8984E-06,0.0208157896995544,0.198110359953716,
,,,2.8986E-06,-0.113075435161591,0.198445087997243,
,,,2.8988E-06,0.154707014560699,0.19827772397548,
,,,2.899E-06,0.0208157896995544,0.198612452019006,
,,,2.8992E-06,-0.0461298227310181,0.198110359953716,
,,,2.8994E-06,0.0208157896995544,0.198445087997243,
,,,2.8996E-06,0.0208157896995544,0.198445087997243,
,,,2.8998E-06,0.0208157896995544,0.197942995931953,
,,,2.9E-06,0.0208157896995544,0.197942995931953,
,,,2.9002E-06,-0.0461298227310181,0.197942995931953,
,,,2.9004E-06,-0.0461298227310181,0.19777563191019,
,,,2.9006E-06,-0.113075435161591,0.19827772397548,
,,,2.9008E-06,0.087761402130127,0.19777563191019,
,,,2.901E-06,0.0208157896995544,0.19777563191019,
,,,2.9012E-06,-0.0461298227310181,0.19777563191019,
,,,2.9014E-06,0.0208157896995544,0.19827772397548,
,,,2.9016E-06,-0.0461298227310181,0.19777563191019,
,,,2.9018E-06,0.0208157896995544,0.197942995931953,
,,,2.902E-06,-0.0461298227310181,0.198110359953716,
,,,2.9022E-06,-0.0461298227310181,0.197942995931953,
,,,2.9024E-06,0.0208157896995544,0.197440903866664,
,,,2.9026E-06,-0.113075435161591,0.1972735398449,
,,,2.9028E-06,-0.0461298227310181,0.197440903866664,
,,,2.903E-06,0.0208157896995544,0.19777563191019,
,,,2.9032E-06,0.0208157896995544,0.197440903866664,
,,,2.9034E-06,-0.0461298227310181,0.197440903866664,
,,,2.9036E-06,-0.0461298227310181,0.197106175823137,
,,,2.9038E-06,-0.0461298227310181,0.196938811801374,
,,,2.904E-06,0.0208157896995544,0.197440903866664,
,,,2.9042E-06,-0.0461298227310181,0.1972735398449,
,,,2.9044E-06,-0.0461298227310181,0.1972735398449,
,,,2.9046E-06,-0.0461298227310181,0.197106175823137,
,,,2.9048E-06,0.087761402130127,0.196938811801374,
,,,2.905E-06,-0.0461298227310181,0.197106175823137,
,,,2.9052E-06,0.087761402130127,0.197106175823137,
,,,2.9054E-06,0.087761402130127,0.196938811801374,
,,,2.9056E-06,-0.0461298227310181,0.197440903866664,
,,,2.9058E-06,-0.0461298227310181,0.19827772397548,
,,,2.906E-06,-0.0461298227310181,0.19777563191019,
,,,2.9062E-06,0.0208157896995544,0.1972735398449,
,,,2.9064E-06,0.0208157896995544,0.1972735398449,
,,,2.9066E-06,-0.0461298227310181,0.19777563191019,
,,,2.9068E-06,-0.0461298227310181,0.197106175823137,
,,,2.907E-06,0.0208157896995544,0.198110359953716,
,,,2.9072E-06,0.0208157896995544,0.19827772397548,
,,,2.9074E-06,0.0208157896995544,0.197608267888427,
,,,2.9076E-06,-0.0461298227310181,0.197440903866664,
,,,2.9078E-06,0.0208157896995544,0.198445087997243,
,,,2.908E-06,-0.0461298227310181,0.197106175823137,
,,,2.9082E-06,0.0208157896995544,0.197942995931953,
,,,2.9084E-06,0.0208157896995544,0.198612452019006,
,,,2.9086E-06,-0.0461298227310181,0.198110359953716,
,,,2.9088E-06,0.087761402130127,0.197942995931953,
,,,2.909E-06,-0.0461298227310181,0.1972735398449,
,,,2.9092E-06,-0.0461298227310181,0.19777563191019,
,,,2.9094E-06,0.0208157896995544,0.198110359953716,
,,,2.9096E-06,0.0208157896995544,0.197440903866664,
,,,2.9098E-06,-0.0461298227310181,0.198445087997243,
,,,2.91E-06,-0.0461298227310181,0.19827772397548,
,,,2.9102E-06,0.0208157896995544,0.197942995931953,
,,,2.9104E-06,0.0208157896995544,0.197440903866664,
,,,2.9106E-06,-0.113075435161591,0.198779816040769,
,,,2.9108E-06,-0.0461298227310181,0.198612452019006,
,,,2.911E-06,-0.0461298227310181,0.198110359953716,
,,,2.9112E-06,0.087761402130127,0.198947180062532,
,,,2.9114E-06,0.0208157896995544,0.198779816040769,
,,,2.9116E-06,0.087761402130127,0.198612452019006,
,,,2.9118E-06,0.087761402130127,0.198612452019006,
,,,2.912E-06,-0.0461298227310181,0.198779816040769,
,,,2.9122E-06,0.0208157896995544,0.198612452019006,
,,,2.9124E-06,0.0208157896995544,0.199281908106059,
,,,2.9126E-06,0.087761402130127,0.198779816040769,
,,,2.9128E-06,0.0208157896995544,0.198947180062532,
,,,2.913E-06,0.0208157896995544,0.199281908106059,
,,,2.9132E-06,0.0208157896995544,0.198612452019006,
,,,2.9134E-06,0.0208157896995544,0.198612452019006,
,,,2.9136E-06,0.087761402130127,0.19827772397548,
,,,2.9138E-06,0.0208157896995544,0.19827772397548,
,,,2.914E-06,-0.0461298227310181,0.198612452019006,
,,,2.9142E-06,-0.0461298227310181,0.198947180062532,
,,,2.9144E-06,0.087761402130127,0.198110359953716,
,,,2.9146E-06,-0.0461298227310181,0.198612452019006,
,,,2.9148E-06,-0.0461298227310181,0.198779816040769,
,,,2.915E-06,0.087761402130127,0.19827772397548,
,,,2.9152E-06,0.0208157896995544,0.198110359953716,
,,,2.9154E-06,-0.113075435161591,0.19827772397548,
,,,2.9156E-06,0.087761402130127,0.198779816040769,
,,,2.9158E-06,0.087761402130127,0.198947180062532,
,,,2.916E-06,-0.0461298227310181,0.19777563191019,
,,,2.9162E-06,-0.0461298227310181,0.198445087997243,
,,,2.9164E-06,0.0208157896995544,0.198110359953716,
,,,2.9166E-06,-0.180021047592163,0.198110359953716,
,,,2.9168E-06,0.0208157896995544,0.198779816040769,
,,,2.917E-06,0.0208157896995544,0.197608267888427,
,,,2.9172E-06,-0.0461298227310181,0.198612452019006,
,,,2.9174E-06,-0.0461298227310181,0.198612452019006,
,,,2.9176E-06,0.087761402130127,0.19827772397548,
,,,2.9178E-06,-0.0461298227310181,0.197942995931953,
,,,2.918E-06,-0.0461298227310181,0.19777563191019,
,,,2.9182E-06,0.087761402130127,0.198445087997243,
,,,2.9184E-06,0.0208157896995544,0.198445087997243,
,,,2.9186E-06,0.087761402130127,0.19777563191019,
,,,2.9188E-06,-0.0461298227310181,0.198612452019006,
,,,2.919E-06,0.0208157896995544,0.1972735398449,
,,,2.9192E-06,0.0208157896995544,0.197942995931953,
,,,2.9194E-06,-0.180021047592163,0.197942995931953,
,,,2.9196E-06,0.087761402130127,0.197942995931953,
,,,2.9198E-06,-0.0461298227310181,0.19777563191019,
,,,2.92E-06,0.154707014560699,0.19827772397548,
,,,2.9202E-06,0.0208157896995544,0.197942995931953,
,,,2.9204E-06,0.087761402130127,0.19777563191019,
,,,2.9206E-06,0.0208157896995544,0.198110359953716,
,,,2.9208E-06,-0.0461298227310181,0.197608267888427,
,,,2.921E-06,-0.0461298227310181,0.197942995931953,
,,,2.9212E-06,0.0208157896995544,0.19777563191019,
,,,2.9214E-06,0.087761402130127,0.197942995931953,
,,,2.9216E-06,0.087761402130127,0.1972735398449,
,,,2.9218E-06,-0.113075435161591,0.197440903866664,
,,,2.922E-06,0.0208157896995544,0.1972735398449,
,,,2.9222E-06,0.087761402130127,0.197942995931953,
,,,2.9224E-06,-0.0461298227310181,0.197942995931953,
,,,2.9226E-06,-0.113075435161591,0.196938811801374,
,,,2.9228E-06,0.0208157896995544,0.19777563191019,
,,,2.923E-06,-0.0461298227310181,0.198110359953716,
,,,2.9232E-06,0.0208157896995544,0.197608267888427,
,,,2.9234E-06,0.0208157896995544,0.196771447779611,
,,,2.9236E-06,-0.0461298227310181,0.197942995931953,
,,,2.9238E-06,-0.0461298227310181,0.197106175823137,
,,,2.924E-06,0.087761402130127,0.1972735398449,
,,,2.9242E-06,-0.0461298227310181,0.19777563191019,
,,,2.9244E-06,0.087761402130127,0.197440903866664,
,,,2.9246E-06,-0.0461298227310181,0.1972735398449,
,,,2.9248E-06,0.0208157896995544,0.1972735398449,
,,,2.925E-06,0.087761402130127,0.198110359953716,
,,,2.9252E-06,-0.113075435161591,0.197440903866664,
,,,2.9254E-06,0.0208157896995544,0.197608267888427,
,,,2.9256E-06,0.0208157896995544,0.197942995931953,
,,,2.9258E-06,0.0208157896995544,0.197440903866664,
,,,2.926E-06,0.0208157896995544,0.1972735398449,
,,,2.9262E-06,0.0208157896995544,0.198110359953716,
,,,2.9264E-06,0.087761402130127,0.198445087997243,
,,,2.9266E-06,-0.0461298227310181,0.197608267888427,
,,,2.9268E-06,0.0208157896995544,0.197608267888427,
,,,2.927E-06,-0.0461298227310181,0.19777563191019,
,,,2.9272E-06,-0.0461298227310181,0.1972735398449,
,,,2.9274E-06,0.0208157896995544,0.198445087997243,
,,,2.9276E-06,-0.113075435161591,0.198110359953716,
,,,2.9278E-06,0.0208157896995544,0.198779816040769,
,,,2.928E-06,0.087761402130127,0.199114544084296,
,,,2.9282E-06,-0.0461298227310181,0.198110359953716,
,,,2.9284E-06,0.0208157896995544,0.197942995931953,
,,,2.9286E-06,0.0208157896995544,0.198779816040769,
,,,2.9288E-06,-0.0461298227310181,0.19827772397548,
,,,2.929E-06,-0.0461298227310181,0.198947180062532,
,,,2.9292E-06,0.0208157896995544,0.199616636149585,
,,,2.9294E-06,0.0208157896995544,0.198779816040769,
,,,2.9296E-06,0.0208157896995544,0.198445087997243,
,,,2.9298E-06,-0.0461298227310181,0.198445087997243,
,,,2.93E-06,0.0208157896995544,0.199449272127822,
,,,2.9302E-06,0.0208157896995544,0.198947180062532,
,,,2.9304E-06,0.0208157896995544,0.199281908106059,
,,,2.9306E-06,0.087761402130127,0.198612452019006,
,,,2.9308E-06,0.0208157896995544,0.199616636149585,
,,,2.931E-06,0.0208157896995544,0.198779816040769,
,,,2.9312E-06,0.0208157896995544,0.19827772397548,
,,,2.9314E-06,0.087761402130127,0.199449272127822,
,,,2.9316E-06,-0.0461298227310181,0.199449272127822,
,,,2.9318E-06,0.087761402130127,0.198612452019006,
,,,2.932E-06,0.0208157896995544,0.198779816040769,
,,,2.9322E-06,0.0208157896995544,0.198779816040769,
,,,2.9324E-06,0.0208157896995544,0.198445087997243,
,,,2.9326E-06,0.0208157896995544,0.198947180062532,
,,,2.9328E-06,0.0208157896995544,0.198612452019006,
,,,2.933E-06,0.0208157896995544,0.198779816040769,
,,,2.9332E-06,0.087761402130127,0.198947180062532,
,,,2.9334E-06,-0.0461298227310181,0.198612452019006,
,,,2.9336E-06,-0.0461298227310181,0.198445087997243,
,,,2.9338E-06,0.087761402130127,0.198612452019006,
,,,2.934E-06,-0.113075435161591,0.199951364193112,
,,,2.9342E-06,0.087761402130127,0.199114544084296,
,,,2.9344E-06,0.087761402130127,0.199281908106059,
,,,2.9346E-06,-0.113075435161591,0.198445087997243,
,,,2.9348E-06,0.0208157896995544,0.198445087997243,
,,,2.935E-06,0.0208157896995544,0.198612452019006,
,,,2.9352E-06,0.0208157896995544,0.198445087997243,
,,,2.9354E-06,-0.0461298227310181,0.199281908106059,
,,,2.9356E-06,0.0208157896995544,0.19827772397548,
,,,2.9358E-06,-0.0461298227310181,0.198445087997243,
,,,2.936E-06,0.087761402130127,0.19827772397548,
,,,2.9362E-06,0.0208157896995544,0.198779816040769,
,,,2.9364E-06,0.0208157896995544,0.198612452019006,
,,,2.9366E-06,-0.0461298227310181,0.198445087997243,
,,,2.9368E-06,0.087761402130127,0.198612452019006,
,,,2.937E-06,0.0208157896995544,0.197608267888427,
,,,2.9372E-06,0.087761402130127,0.198445087997243,
,,,2.9374E-06,-0.0461298227310181,0.198445087997243,
,,,2.9376E-06,-0.0461298227310181,0.198110359953716,
,,,2.9378E-06,0.087761402130127,0.198445087997243,
,,,2.938E-06,-0.113075435161591,0.19827772397548,
,,,2.9382E-06,0.0208157896995544,0.197942995931953,
,,,2.9384E-06,0.0208157896995544,0.198445087997243,
,,,2.9386E-06,0.0208157896995544,0.198110359953716,
,,,2.9388E-06,-0.0461298227310181,0.19777563191019,
,,,2.939E-06,0.0208157896995544,0.197608267888427,
,,,2.9392E-06,0.087761402130127,0.198612452019006,
,,,2.9394E-06,0.0208157896995544,0.197942995931953,
,,,2.9396E-06,0.087761402130127,0.197440903866664,
,,,2.9398E-06,-0.0461298227310181,0.19777563191019,
,,,2.94E-06,0.0208157896995544,0.197942995931953,
,,,2.9402E-06,0.0208157896995544,0.19777563191019,
,,,2.9404E-06,-0.0461298227310181,0.197942995931953,
,,,2.9406E-06,-0.0461298227310181,0.197608267888427,
,,,2.9408E-06,-0.0461298227310181,0.197608267888427,
,,,2.941E-06,-0.0461298227310181,0.196771447779611,
,,,2.9412E-06,0.0208157896995544,0.197608267888427,
,,,2.9414E-06,-0.0461298227310181,0.197608267888427,
,,,2.9416E-06,-0.0461298227310181,0.1972735398449,
,,,2.9418E-06,-0.0461298227310181,0.197440903866664,
,,,2.942E-06,-0.0461298227310181,0.197440903866664,
,,,2.9422E-06,-0.0461298227310181,0.1972735398449,
,,,2.9424E-06,0.0208157896995544,0.197440903866664,
,,,2.9426E-06,-0.113075435161591,0.197942995931953,
,,,2.9428E-06,-0.0461298227310181,0.19777563191019,
,,,2.943E-06,0.0208157896995544,0.196938811801374,
,,,2.9432E-06,-0.0461298227310181,0.1972735398449,
,,,2.9434E-06,-0.0461298227310181,0.197440903866664,
,,,2.9436E-06,0.154707014560699,0.197106175823137,
,,,2.9438E-06,-0.0461298227310181,0.197106175823137,
,,,2.944E-06,-0.0461298227310181,0.19777563191019,
,,,2.9442E-06,0.0208157896995544,0.196938811801374,
,,,2.9444E-06,-0.0461298227310181,0.197942995931953,
,,,2.9446E-06,-0.0461298227310181,0.197106175823137,
,,,2.9448E-06,0.087761402130127,0.196604083757848,
,,,2.945E-06,-0.0461298227310181,0.196269355714321,
,,,2.9452E-06,-0.0461298227310181,0.197440903866664,
,,,2.9454E-06,0.0208157896995544,0.197106175823137,
,,,2.9456E-06,-0.0461298227310181,0.196938811801374,
,,,2.9458E-06,-0.0461298227310181,0.1972735398449,
,,,2.946E-06,0.0208157896995544,0.197440903866664,
,,,2.9462E-06,0.0208157896995544,0.196604083757848,
,,,2.9464E-06,0.0208157896995544,0.197106175823137,
,,,2.9466E-06,-0.0461298227310181,0.197942995931953,
,,,2.9468E-06,0.0208157896995544,0.196771447779611,
,,,2.947E-06,0.0208157896995544,0.1972735398449,
,,,2.9472E-06,0.087761402130127,0.198110359953716,
,,,2.9474E-06,-0.0461298227310181,0.19777563191019,
,,,2.9476E-06,0.0208157896995544,0.197106175823137,
,,,2.9478E-06,0.087761402130127,0.1972735398449,
,,,2.948E-06,0.0208157896995544,0.197608267888427,
,,,2.9482E-06,-0.113075435161591,0.197942995931953,
,,,2.9484E-06,-0.0461298227310181,0.197608267888427,
,,,2.9486E-06,0.0208157896995544,0.198445087997243,
,,,2.9488E-06,-0.0461298227310181,0.197942995931953,
,,,2.949E-06,-0.113075435161591,0.19827772397548,
,,,2.9492E-06,0.0208157896995544,0.197440903866664,
,,,2.9494E-06,-0.0461298227310181,0.198110359953716,
,,,2.9496E-06,0.0208157896995544,0.19777563191019,
,,,2.9498E-06,-0.0461298227310181,0.198779816040769,
,,,2.95E-06,0.087761402130127,0.19827772397548,
,,,2.9502E-06,0.0208157896995544,0.198779816040769,
,,,2.9504E-06,0.0208157896995544,0.19827772397548,
,,,2.9506E-06,0.0208157896995544,0.198445087997243,
,,,2.9508E-06,-0.0461298227310181,0.19777563191019,
,,,2.951E-06,-0.113075435161591,0.197942995931953,
,,,2.9512E-06,0.0208157896995544,0.197942995931953,
,,,2.9514E-06,0.0208157896995544,0.198110359953716,
,,,2.9516E-06,0.0208157896995544,0.198445087997243,
,,,2.9518E-06,-0.0461298227310181,0.198445087997243,
,,,2.952E-06,0.087761402130127,0.19827772397548,
,,,2.9522E-06,-0.113075435161591,0.198110359953716,
,,,2.9524E-06,0.0208157896995544,0.198445087997243,
,,,2.9526E-06,0.0208157896995544,0.19777563191019,
,,,2.9528E-06,0.0208157896995544,0.198110359953716,
,,,2.953E-06,0.0208157896995544,0.198110359953716,
,,,2.9532E-06,0.0208157896995544,0.198612452019006,
,,,2.9534E-06,-0.0461298227310181,0.197942995931953,
,,,2.9536E-06,0.0208157896995544,0.198110359953716,
,,,2.9538E-06,-0.113075435161591,0.197942995931953,
,,,2.954E-06,-0.0461298227310181,0.198110359953716,
,,,2.9542E-06,0.0208157896995544,0.197608267888427,
,,,2.9544E-06,0.0208157896995544,0.196771447779611,
,,,2.9546E-06,-0.0461298227310181,0.197942995931953,
,,,2.9548E-06,0.0208157896995544,0.197942995931953,
,,,2.955E-06,0.0208157896995544,0.197942995931953,
,,,2.9552E-06,0.0208157896995544,0.198110359953716,
,,,2.9554E-06,0.0208157896995544,0.198110359953716,
,,,2.9556E-06,0.0208157896995544,0.198110359953716,
,,,2.9558E-06,0.0208157896995544,0.198110359953716,
,,,2.956E-06,0.0208157896995544,0.197608267888427,
,,,2.9562E-06,0.0208157896995544,0.19777563191019,
,,,2.9564E-06,0.0208157896995544,0.198612452019006,
,,,2.9566E-06,-0.0461298227310181,0.19777563191019,
,,,2.9568E-06,-0.0461298227310181,0.197942995931953,
,,,2.957E-06,0.154707014560699,0.19777563191019,
,,,2.9572E-06,0.0208157896995544,0.19827772397548,
,,,2.9574E-06,-0.0461298227310181,0.197106175823137,
,,,2.9576E-06,0.0208157896995544,0.1972735398449,
,,,2.9578E-06,0.087761402130127,0.198110359953716,
,,,2.958E-06,0.0208157896995544,0.198110359953716,
,,,2.9582E-06,0.0208157896995544,0.197608267888427,
,,,2.9584E-06,0.0208157896995544,0.197608267888427,
,,,2.9586E-06,-0.0461298227310181,0.197440903866664,
,,,2.9588E-06,-0.0461298227310181,0.197106175823137,
,,,2.959E-06,-0.0461298227310181,0.19777563191019,
,,,2.9592E-06,-0.0461298227310181,0.197440903866664,
,,,2.9594E-06,0.087761402130127,0.197440903866664,
,,,2.9596E-06,-0.0461298227310181,0.197440903866664,
,,,2.9598E-06,0.0208157896995544,0.19777563191019,
,,,2.96E-06,0.087761402130127,0.197942995931953,
,,,2.9602E-06,-0.113075435161591,0.1972735398449,
,,,2.9604E-06,0.0208157896995544,0.19777563191019,
,,,2.9606E-06,0.087761402130127,0.197440903866664,
,,,2.9608E-06,0.0208157896995544,0.1972735398449,
,,,2.961E-06,-0.0461298227310181,0.197106175823137,
,,,2.9612E-06,0.087761402130127,0.197440903866664,
,,,2.9614E-06,-0.0461298227310181,0.1972735398449,
,,,2.9616E-06,-0.0461298227310181,0.196771447779611,
,,,2.9618E-06,-0.0461298227310181,0.196771447779611,
,,,2.962E-06,-0.0461298227310181,0.196604083757848,
,,,2.9622E-06,-0.0461298227310181,0.196604083757848,
,,,2.9624E-06,0.087761402130127,0.196269355714321,
,,,2.9626E-06,0.0208157896995544,0.197608267888427,
,,,2.9628E-06,0.0208157896995544,0.196771447779611,
,,,2.963E-06,0.0208157896995544,0.196771447779611,
,,,2.9632E-06,0.0208157896995544,0.196938811801374,
,,,2.9634E-06,0.0208157896995544,0.196771447779611,
,,,2.9636E-06,-0.113075435161591,0.196436719736084,
,,,2.9638E-06,-0.0461298227310181,0.196771447779611,
,,,2.964E-06,0.087761402130127,0.1972735398449,
,,,2.9642E-06,0.0208157896995544,0.196938811801374,
,,,2.9644E-06,-0.113075435161591,0.196101991692558,
,,,2.9646E-06,0.0208157896995544,0.197106175823137,
,,,2.9648E-06,0.0208157896995544,0.196938811801374,
,,,2.965E-06,-0.0461298227310181,0.196604083757848,
,,,2.9652E-06,0.0208157896995544,0.196938811801374,
,,,2.9654E-06,-0.0461298227310181,0.19777563191019,
,,,2.9656E-06,-0.113075435161591,0.1972735398449,
,,,2.9658E-06,-0.0461298227310181,0.197608267888427,
,,,2.966E-06,0.0208157896995544,0.19777563191019,
,,,2.9662E-06,-0.0461298227310181,0.19777563191019,
,,,2.9664E-06,0.087761402130127,0.197942995931953,
,,,2.9666E-06,0.0208157896995544,0.197942995931953,
,,,2.9668E-06,-0.113075435161591,0.197942995931953,
,,,2.967E-06,-0.0461298227310181,0.197942995931953,
,,,2.9672E-06,0.0208157896995544,0.197942995931953,
,,,2.9674E-06,-0.113075435161591,0.197440903866664,
,,,2.9676E-06,-0.0461298227310181,0.197440903866664,
,,,2.9678E-06,-0.0461298227310181,0.197942995931953,
,,,2.968E-06,0.0208157896995544,0.197440903866664,
,,,2.9682E-06,-0.113075435161591,0.198110359953716,
,,,2.9684E-06,0.0208157896995544,0.197440903866664,
,,,2.9686E-06,0.0208157896995544,0.1972735398449,
,,,2.9688E-06,0.0208157896995544,0.197440903866664,
,,,2.969E-06,0.087761402130127,0.19777563191019,
,,,2.9692E-06,0.087761402130127,0.197106175823137,
,,,2.9694E-06,-0.0461298227310181,0.196938811801374,
,,,2.9696E-06,-0.0461298227310181,0.196938811801374,
,,,2.9698E-06,0.0208157896995544,0.197440903866664,
,,,2.97E-06,-0.0461298227310181,0.197440903866664,
,,,2.9702E-06,0.087761402130127,0.197440903866664,
,,,2.9704E-06,0.087761402130127,0.198110359953716,
,,,2.9706E-06,-0.113075435161591,0.197942995931953,
,,,2.9708E-06,-0.0461298227310181,0.197942995931953,
,,,2.971E-06,0.0208157896995544,0.197608267888427,
,,,2.9712E-06,0.0208157896995544,0.197106175823137,
,,,2.9714E-06,-0.113075435161591,0.197440903866664,
,,,2.9716E-06,-0.0461298227310181,0.19777563191019,
,,,2.9718E-06,-0.0461298227310181,0.19777563191019,
,,,2.972E-06,-0.0461298227310181,0.197608267888427,
,,,2.9722E-06,-0.0461298227310181,0.19827772397548,
,,,2.9724E-06,0.0208157896995544,0.197942995931953,
,,,2.9726E-06,-0.0461298227310181,0.19777563191019,
,,,2.9728E-06,0.0208157896995544,0.196938811801374,
,,,2.973E-06,-0.0461298227310181,0.196938811801374,
,,,2.9732E-06,-0.0461298227310181,0.19777563191019,
,,,2.9734E-06,0.0208157896995544,0.197608267888427,
,,,2.9736E-06,0.0208157896995544,0.197106175823137,
,,,2.9738E-06,-0.0461298227310181,0.19777563191019,
,,,2.974E-06,-0.113075435161591,0.197440903866664,
,,,2.9742E-06,-0.0461298227310181,0.19777563191019,
,,,2.9744E-06,-0.0461298227310181,0.1972735398449,
,,,2.9746E-06,-0.180021047592163,0.19777563191019,
,,,2.9748E-06,0.0208157896995544,0.197942995931953,
,,,2.975E-06,0.0208157896995544,0.197440903866664,
,,,2.9752E-06,0.0208157896995544,0.197440903866664,
,,,2.9754E-06,0.0208157896995544,0.198445087997243,
,,,2.9756E-06,0.0208157896995544,0.197608267888427,
,,,2.9758E-06,-0.0461298227310181,0.197440903866664,
,,,2.976E-06,-0.0461298227310181,0.1972735398449,
,,,2.9762E-06,0.087761402130127,0.197440903866664,
,,,2.9764E-06,-0.0461298227310181,0.1972735398449,
,,,2.9766E-06,-0.0461298227310181,0.197106175823137,
,,,2.9768E-06,0.0208157896995544,0.1972735398449,
,,,2.977E-06,0.0208157896995544,0.197106175823137,
,,,2.9772E-06,0.0208157896995544,0.197106175823137,
,,,2.9774E-06,0.0208157896995544,0.196938811801374,
,,,2.9776E-06,-0.0461298227310181,0.1972735398449,
,,,2.9778E-06,0.0208157896995544,0.196938811801374,
,,,2.978E-06,0.087761402130127,0.197440903866664,
,,,2.9782E-06,0.0208157896995544,0.197106175823137,
,,,2.9784E-06,-0.113075435161591,0.196938811801374,
,,,2.9786E-06,-0.0461298227310181,0.1972735398449,
,,,2.9788E-06,-0.113075435161591,0.196771447779611,
,,,2.979E-06,-0.0461298227310181,0.196938811801374,
,,,2.9792E-06,0.0208157896995544,0.196771447779611,
,,,2.9794E-06,-0.0461298227310181,0.1972735398449,
,,,2.9796E-06,-0.0461298227310181,0.1972735398449,
,,,2.9798E-06,-0.0461298227310181,0.196771447779611,
,,,2.98E-06,-0.0461298227310181,0.196436719736084,
,,,2.9802E-06,-0.0461298227310181,0.196101991692558,
,,,2.9804E-06,0.0208157896995544,0.197106175823137,
,,,2.9806E-06,-0.0461298227310181,0.196604083757848,
,,,2.9808E-06,0.0208157896995544,0.196269355714321,
,,,2.981E-06,-0.113075435161591,0.196604083757848,
,,,2.9812E-06,0.0208157896995544,0.196436719736084,
,,,2.9814E-06,-0.0461298227310181,0.196771447779611,
,,,2.9816E-06,0.0208157896995544,0.196604083757848,
,,,2.9818E-06,0.087761402130127,0.1972735398449,
,,,2.982E-06,0.0208157896995544,0.195934627670795,
,,,2.9822E-06,0.0208157896995544,0.196436719736084,
,,,2.9824E-06,0.0208157896995544,0.196604083757848,
,,,2.9826E-06,-0.0461298227310181,0.196269355714321,
,,,2.9828E-06,-0.0461298227310181,0.196604083757848,
,,,2.983E-06,-0.0461298227310181,0.196604083757848,
,,,2.9832E-06,-0.0461298227310181,0.1972735398449,
,,,2.9834E-06,0.0208157896995544,0.196771447779611,
,,,2.9836E-06,-0.0461298227310181,0.196604083757848,
,,,2.9838E-06,-0.0461298227310181,0.196269355714321,
,,,2.984E-06,0.087761402130127,0.195767263649032,
,,,2.9842E-06,-0.0461298227310181,0.196604083757848,
,,,2.9844E-06,0.0208157896995544,0.196604083757848,
,,,2.9846E-06,0.0208157896995544,0.196101991692558,
,,,2.9848E-06,-0.0461298227310181,0.1972735398449,
,,,2.985E-06,0.0208157896995544,0.197106175823137,
,,,2.9852E-06,0.0208157896995544,0.196101991692558,
,,,2.9854E-06,0.087761402130127,0.197106175823137,
,,,2.9856E-06,0.087761402130127,0.196101991692558,
,,,2.9858E-06,-0.0461298227310181,0.195934627670795,
,,,2.986E-06,-0.0461298227310181,0.196269355714321,
,,,2.9862E-06,0.0208157896995544,0.196604083757848,
,,,2.9864E-06,0.0208157896995544,0.196101991692558,
,,,2.9866E-06,-0.0461298227310181,0.195934627670795,
,,,2.9868E-06,0.0208157896995544,0.196604083757848,
,,,2.987E-06,-0.0461298227310181,0.196604083757848,
,,,2.9872E-06,0.0208157896995544,0.196101991692558,
,,,2.9874E-06,-0.0461298227310181,0.196938811801374,
,,,2.9876E-06,0.0208157896995544,0.196269355714321,
,,,2.9878E-06,-0.0461298227310181,0.196436719736084,
,,,2.988E-06,0.087761402130127,0.197106175823137,
,,,2.9882E-06,0.087761402130127,0.196604083757848,
,,,2.9884E-06,0.0208157896995544,0.196604083757848,
,,,2.9886E-06,0.0208157896995544,0.196101991692558,
,,,2.9888E-06,0.087761402130127,0.196269355714321,
,,,2.989E-06,0.0208157896995544,0.196604083757848,
,,,2.9892E-06,-0.113075435161591,0.197106175823137,
,,,2.9894E-06,0.087761402130127,0.196436719736084,
,,,2.9896E-06,0.0208157896995544,0.196101991692558,
,,,2.9898E-06,-0.113075435161591,0.196269355714321,
,,,2.99E-06,0.0208157896995544,0.196101991692558,
,,,2.9902E-06,0.087761402130127,0.195599899627268,
,,,2.9904E-06,0.0208157896995544,0.195934627670795,
,,,2.9906E-06,0.0208157896995544,0.197106175823137,
,,,2.9908E-06,0.0208157896995544,0.195432535605505,
,,,2.991E-06,0.0208157896995544,0.195934627670795,
,,,2.9912E-06,-0.0461298227310181,0.195767263649032,
,,,2.9914E-06,-0.0461298227310181,0.196101991692558,
,,,2.9916E-06,-0.0461298227310181,0.196938811801374,
,,,2.9918E-06,0.0208157896995544,0.196101991692558,
,,,2.992E-06,0.087761402130127,0.196938811801374,
,,,2.9922E-06,-0.0461298227310181,0.195767263649032,
,,,2.9924E-06,-0.0461298227310181,0.196101991692558,
,,,2.9926E-06,0.0208157896995544,0.197106175823137,
,,,2.9928E-06,0.0208157896995544,0.196771447779611,
,,,2.993E-06,-0.113075435161591,0.196101991692558,
,,,2.9932E-06,0.0208157896995544,0.197106175823137,
,,,2.9934E-06,-0.0461298227310181,0.196269355714321,
,,,2.9936E-06,0.0208157896995544,0.196101991692558,
,,,2.9938E-06,-0.0461298227310181,0.196436719736084,
,,,2.994E-06,-0.0461298227310181,0.196436719736084,
,,,2.9942E-06,-0.0461298227310181,0.196604083757848,
,,,2.9944E-06,0.087761402130127,0.196101991692558,
,,,2.9946E-06,0.0208157896995544,0.196938811801374,
,,,2.9948E-06,0.0208157896995544,0.196436719736084,
,,,2.995E-06,0.0208157896995544,0.196269355714321,
,,,2.9952E-06,0.0208157896995544,0.196604083757848,
,,,2.9954E-06,0.0208157896995544,0.196604083757848,
,,,2.9956E-06,-0.113075435161591,0.196269355714321,
,,,2.9958E-06,0.0208157896995544,0.196269355714321,
,,,2.996E-06,0.0208157896995544,0.196269355714321,
,,,2.9962E-06,-0.180021047592163,0.196101991692558,
,,,2.9964E-06,-0.0461298227310181,0.196269355714321,
,,,2.9966E-06,0.087761402130127,0.196771447779611,
,,,2.9968E-06,0.087761402130127,0.196269355714321,
,,,2.997E-06,-0.113075435161591,0.197106175823137,
,,,2.9972E-06,0.087761402130127,0.196436719736084,
,,,2.9974E-06,0.0208157896995544,0.196436719736084,
,,,2.9976E-06,-0.113075435161591,0.196269355714321,
,,,2.9978E-06,-0.0461298227310181,0.196604083757848,
,,,2.998E-06,0.0208157896995544,0.195934627670795,
,,,2.9982E-06,0.087761402130127,0.196436719736084,
,,,2.9984E-06,-0.0461298227310181,0.195432535605505,
,,,2.9986E-06,-0.0461298227310181,0.195432535605505,
,,,2.9988E-06,0.087761402130127,0.195934627670795,
,,,2.999E-06,0.0208157896995544,0.195432535605505,
,,,2.9992E-06,-0.113075435161591,0.196101991692558,
,,,2.9994E-06,-0.0461298227310181,0.196101991692558,
,,,2.9996E-06,0.087761402130127,0.195934627670795,
,,,2.9998E-06,-0.180021047592163,0.195767263649032,
,,,3E-06,0.087761402130127,0.195599899627268,
,,,3.0002E-06,0.0208157896995544,0.196604083757848,
,,,3.0004E-06,-0.0461298227310181,0.195934627670795,
,,,3.0006E-06,-0.0461298227310181,0.195934627670795,
,,,3.0008E-06,0.087761402130127,0.196269355714321,
,,,3.001E-06,0.0208157896995544,0.195934627670795,
,,,3.0012E-06,-0.0461298227310181,0.196771447779611,
,,,3.0014E-06,0.0208157896995544,0.195934627670795,
,,,3.0016E-06,0.0208157896995544,0.195599899627268,
,,,3.0018E-06,0.087761402130127,0.196604083757848,
,,,3.002E-06,0.0208157896995544,0.195767263649032,
,,,3.0022E-06,-0.0461298227310181,0.195934627670795,
,,,3.0024E-06,0.087761402130127,0.196269355714321,
,,,3.0026E-06,-0.0461298227310181,0.196436719736084,
,,,3.0028E-06,0.0208157896995544,0.196269355714321,
,,,3.003E-06,0.0208157896995544,0.196771447779611,
,,,3.0032E-06,0.154707014560699,0.196269355714321,
,,,3.0034E-06,0.0208157896995544,0.196604083757848,
,,,3.0036E-06,0.087761402130127,0.196269355714321,
,,,3.0038E-06,0.0208157896995544,0.196269355714321,
,,,3.004E-06,0.0208157896995544,0.196101991692558,
,,,3.0042E-06,0.0208157896995544,0.196938811801374,
,,,3.0044E-06,-0.113075435161591,0.196604083757848,
,,,3.0046E-06,0.0208157896995544,0.196771447779611,
,,,3.0048E-06,-0.0461298227310181,0.196938811801374,
,,,3.005E-06,-0.113075435161591,0.196436719736084,
,,,3.0052E-06,0.0208157896995544,0.196269355714321,
,,,3.0054E-06,0.087761402130127,0.196938811801374,
,,,3.0056E-06,0.0208157896995544,0.196604083757848,
,,,3.0058E-06,-0.0461298227310181,0.196771447779611,
,,,3.006E-06,-0.0461298227310181,0.196771447779611,
,,,3.0062E-06,0.0208157896995544,0.196938811801374,
,,,3.0064E-06,0.0208157896995544,0.196771447779611,
,,,3.0066E-06,-0.0461298227310181,0.197106175823137,
,,,3.0068E-06,0.087761402130127,0.196604083757848,
,,,3.007E-06,0.0208157896995544,0.196436719736084,
,,,3.0072E-06,0.0208157896995544,0.196269355714321,
,,,3.0074E-06,0.0208157896995544,0.196771447779611,
,,,3.0076E-06,0.0208157896995544,0.197440903866664,
,,,3.0078E-06,-0.0461298227310181,0.196436719736084,
,,,3.008E-06,0.0208157896995544,0.196604083757848,
,,,3.0082E-06,0.087761402130127,0.196604083757848,
,,,3.0084E-06,-0.0461298227310181,0.196604083757848,
,,,3.0086E-06,0.0208157896995544,0.196604083757848,
,,,3.0088E-06,0.0208157896995544,0.197106175823137,
,,,3.009E-06,-0.0461298227310181,0.196938811801374,
,,,3.0092E-06,-0.0461298227310181,0.196436719736084,
,,,3.0094E-06,0.0208157896995544,0.196771447779611,
,,,3.0096E-06,0.0208157896995544,0.196269355714321,
,,,3.0098E-06,0.0208157896995544,0.196938811801374,
,,,3.01E-06,0.0208157896995544,0.197106175823137,
,,,3.0102E-06,0.0208157896995544,0.197106175823137,
,,,3.0104E-06,-0.0461298227310181,0.196436719736084,
,,,3.0106E-06,0.0208157896995544,0.196771447779611,
,,,3.0108E-06,-0.113075435161591,0.196938811801374,
,,,3.011E-06,0.0208157896995544,0.196101991692558,
,,,3.0112E-06,0.087761402130127,0.196604083757848,
,,,3.0114E-06,-0.113075435161591,0.196436719736084,
,,,3.0116E-06,0.0208157896995544,0.197106175823137,
,,,3.0118E-06,0.0208157896995544,0.196938811801374,
,,,3.012E-06,-0.0461298227310181,0.195432535605505,
,,,3.0122E-06,-0.0461298227310181,0.196436719736084,
,,,3.0124E-06,0.087761402130127,0.196436719736084,
,,,3.0126E-06,-0.0461298227310181,0.196436719736084,
,,,3.0128E-06,-0.0461298227310181,0.196771447779611,
,,,3.013E-06,0.0208157896995544,0.196771447779611,
,,,3.0132E-06,-0.0461298227310181,0.196436719736084,
,,,3.0134E-06,0.0208157896995544,0.196269355714321,
,,,3.0136E-06,0.087761402130127,0.197106175823137,
,,,3.0138E-06,0.0208157896995544,0.196436719736084,
,,,3.014E-06,0.087761402130127,0.195934627670795,
,,,3.0142E-06,0.0208157896995544,0.196436719736084,
,,,3.0144E-06,-0.0461298227310181,0.196938811801374,
,,,3.0146E-06,0.0208157896995544,0.196101991692558,
,,,3.0148E-06,0.0208157896995544,0.196101991692558,
,,,3.015E-06,-0.113075435161591,0.196938811801374,
,,,3.0152E-06,0.0208157896995544,0.196269355714321,
,,,3.0154E-06,-0.113075435161591,0.195934627670795,
,,,3.0156E-06,-0.0461298227310181,0.195767263649032,
,,,3.0158E-06,-0.0461298227310181,0.195432535605505,
,,,3.016E-06,0.0208157896995544,0.196269355714321,
,,,3.0162E-06,-0.0461298227310181,0.196604083757848,
,,,3.0164E-06,0.0208157896995544,0.196269355714321,
,,,3.0166E-06,-0.0461298227310181,0.196101991692558,
,,,3.0168E-06,-0.0461298227310181,0.196101991692558,
,,,3.017E-06,-0.0461298227310181,0.195934627670795,
,,,3.0172E-06,0.0208157896995544,0.195599899627268,
,,,3.0174E-06,0.087761402130127,0.196938811801374,
,,,3.0176E-06,0.087761402130127,0.196938811801374,
,,,3.0178E-06,-0.113075435161591,0.196604083757848,
,,,3.018E-06,-0.113075435161591,0.196771447779611,
,,,3.0182E-06,0.0208157896995544,0.196269355714321,
,,,3.0184E-06,0.0208157896995544,0.196436719736084,
,,,3.0186E-06,-0.180021047592163,0.196604083757848,
,,,3.0188E-06,-0.0461298227310181,0.196938811801374,
,,,3.019E-06,-0.0461298227310181,0.196938811801374,
,,,3.0192E-06,-0.0461298227310181,0.196604083757848,
,,,3.0194E-06,-0.113075435161591,0.196436719736084,
,,,3.0196E-06,0.0208157896995544,0.196436719736084,
,,,3.0198E-06,0.0208157896995544,0.196771447779611,
,,,3.02E-06,0.0208157896995544,0.196101991692558,
,,,3.0202E-06,-0.113075435161591,0.197440903866664,
,,,3.0204E-06,0.0208157896995544,0.197440903866664,
,,,3.0206E-06,0.087761402130127,0.196771447779611,
,,,3.0208E-06,-0.0461298227310181,0.196771447779611,
,,,3.021E-06,-0.0461298227310181,0.196436719736084,
,,,3.0212E-06,-0.0461298227310181,0.196101991692558,
,,,3.0214E-06,-0.0461298227310181,0.196771447779611,
,,,3.0216E-06,0.0208157896995544,0.196938811801374,
,,,3.0218E-06,0.0208157896995544,0.197440903866664,
,,,3.022E-06,-0.0461298227310181,0.197440903866664,
,,,3.0222E-06,-0.0461298227310181,0.196604083757848,
,,,3.0224E-06,0.0208157896995544,0.196771447779611,
,,,3.0226E-06,-0.113075435161591,0.197942995931953,
,,,3.0228E-06,0.0208157896995544,0.197608267888427,
,,,3.023E-06,0.087761402130127,0.197608267888427,
,,,3.0232E-06,0.0208157896995544,0.197106175823137,
,,,3.0234E-06,-0.0461298227310181,0.197440903866664,
,,,3.0236E-06,-0.113075435161591,0.19777563191019,
,,,3.0238E-06,-0.0461298227310181,0.198110359953716,
,,,3.024E-06,0.087761402130127,0.196771447779611,
,,,3.0242E-06,-0.113075435161591,0.1972735398449,
,,,3.0244E-06,0.0208157896995544,0.197440903866664,
,,,3.0246E-06,0.0208157896995544,0.197106175823137,
,,,3.0248E-06,0.0208157896995544,0.197106175823137,
,,,3.025E-06,-0.113075435161591,0.1972735398449,
,,,3.0252E-06,0.0208157896995544,0.197440903866664,
,,,3.0254E-06,-0.0461298227310181,0.196771447779611,
,,,3.0256E-06,-0.180021047592163,0.196269355714321,
,,,3.0258E-06,-0.113075435161591,0.196938811801374,
,,,3.026E-06,0.087761402130127,0.197942995931953,
,,,3.0262E-06,0.0208157896995544,0.1972735398449,
,,,3.0264E-06,0.0208157896995544,0.1972735398449,
,,,3.0266E-06,-0.0461298227310181,0.196938811801374,
,,,3.0268E-06,0.087761402130127,0.196938811801374,
,,,3.027E-06,-0.0461298227310181,0.196604083757848,
,,,3.0272E-06,-0.0461298227310181,0.196771447779611,
,,,3.0274E-06,0.087761402130127,0.195767263649032,
,,,3.0276E-06,0.0208157896995544,0.197106175823137,
,,,3.0278E-06,-0.0461298227310181,0.197106175823137,
,,,3.028E-06,0.087761402130127,0.196771447779611,
,,,3.0282E-06,-0.113075435161591,0.197106175823137,
,,,3.0284E-06,-0.113075435161591,0.197106175823137,
,,,3.0286E-06,0.0208157896995544,0.196938811801374,
,,,3.0288E-06,0.0208157896995544,0.197440903866664,
,,,3.029E-06,-0.0461298227310181,0.197106175823137,
,,,3.0292E-06,0.0208157896995544,0.196436719736084,
,,,3.0294E-06,0.0208157896995544,0.196771447779611,
,,,3.0296E-06,-0.113075435161591,0.196269355714321,
,,,3.0298E-06,0.0208157896995544,0.196938811801374,
,,,3.03E-06,0.0208157896995544,0.196771447779611,
,,,3.0302E-06,0.0208157896995544,0.197106175823137,
,,,3.0304E-06,0.0208157896995544,0.197106175823137,
,,,3.0306E-06,-0.0461298227310181,0.195767263649032,
,,,3.0308E-06,-0.0461298227310181,0.195767263649032,
,,,3.031E-06,0.0208157896995544,0.196101991692558,
,,,3.0312E-06,0.087761402130127,0.196604083757848,
,,,3.0314E-06,-0.113075435161591,0.196269355714321,
,,,3.0316E-06,-0.0461298227310181,0.196269355714321,
,,,3.0318E-06,-0.0461298227310181,0.196771447779611,
,,,3.032E-06,-0.0461298227310181,0.195767263649032,
,,,3.0322E-06,-0.0461298227310181,0.196436719736084,
,,,3.0324E-06,0.0208157896995544,0.196604083757848,
,,,3.0326E-06,-0.0461298227310181,0.196604083757848,
,,,3.0328E-06,0.0208157896995544,0.196101991692558,
,,,3.033E-06,-0.0461298227310181,0.196771447779611,
,,,3.0332E-06,0.0208157896995544,0.196101991692558,
,,,3.0334E-06,0.0208157896995544,0.196101991692558,
,,,3.0336E-06,-0.0461298227310181,0.195934627670795,
,,,3.0338E-06,0.0208157896995544,0.196436719736084,
,,,3.034E-06,0.0208157896995544,0.195934627670795,
,,,3.0342E-06,-0.0461298227310181,0.196269355714321,
,,,3.0344E-06,-0.0461298227310181,0.196771447779611,
,,,3.0346E-06,-0.0461298227310181,0.196436719736084,
,,,3.0348E-06,0.0208157896995544,0.194763079518452,
,,,3.035E-06,0.0208157896995544,0.195767263649032,
,,,3.0352E-06,0.087761402130127,0.195767263649032,
,,,3.0354E-06,-0.0461298227310181,0.195934627670795,
,,,3.0356E-06,-0.0461298227310181,0.196101991692558,
,,,3.0358E-06,-0.0461298227310181,0.195934627670795,
,,,3.036E-06,-0.0461298227310181,0.195767263649032,
,,,3.0362E-06,-0.0461298227310181,0.195934627670795,
,,,3.0364E-06,-0.0461298227310181,0.195934627670795,
,,,3.0366E-06,-0.0461298227310181,0.195934627670795,
,,,3.0368E-06,0.087761402130127,0.196436719736084,
,,,3.037E-06,-0.0461298227310181,0.196436719736084,
,,,3.0372E-06,0.087761402130127,0.196436719736084,
,,,3.0374E-06,-0.0461298227310181,0.195265171583742,
,,,3.0376E-06,0.0208157896995544,0.196269355714321,
,,,3.0378E-06,-0.113075435161591,0.196771447779611,
,,,3.038E-06,-0.0461298227310181,0.196269355714321,
,,,3.0382E-06,-0.0461298227310181,0.195432535605505,
,,,3.0384E-06,-0.0461298227310181,0.195599899627268,
,,,3.0386E-06,-0.0461298227310181,0.195934627670795,
,,,3.0388E-06,0.0208157896995544,0.195767263649032,
,,,3.039E-06,-0.0461298227310181,0.196269355714321,
,,,3.0392E-06,0.0208157896995544,0.195934627670795,
,,,3.0394E-06,-0.0461298227310181,0.195934627670795,
,,,3.0396E-06,0.087761402130127,0.195767263649032,
,,,3.0398E-06,0.087761402130127,0.196436719736084,
,,,3.04E-06,0.087761402130127,0.195767263649032,
,,,3.0402E-06,0.087761402130127,0.196771447779611,
,,,3.0404E-06,-0.0461298227310181,0.196604083757848,
,,,3.0406E-06,0.0208157896995544,0.195432535605505,
,,,3.0408E-06,0.0208157896995544,0.195599899627268,
,,,3.041E-06,-0.113075435161591,0.196269355714321,
,,,3.0412E-06,0.0208157896995544,0.195265171583742,
,,,3.0414E-06,0.087761402130127,0.196436719736084,
,,,3.0416E-06,0.154707014560699,0.196436719736084,
,,,3.0418E-06,-0.0461298227310181,0.195934627670795,
,,,3.042E-06,0.087761402130127,0.195097807561979,
,,,3.0422E-06,0.0208157896995544,0.196436719736084,
,,,3.0424E-06,-0.0461298227310181,0.196269355714321,
,,,3.0426E-06,-0.0461298227310181,0.195767263649032,
,,,3.0428E-06,-0.113075435161591,0.195934627670795,
,,,3.043E-06,0.0208157896995544,0.196101991692558,
,,,3.0432E-06,0.0208157896995544,0.195265171583742,
,,,3.0434E-06,-0.113075435161591,0.195265171583742,
,,,3.0436E-06,0.0208157896995544,0.195767263649032,
,,,3.0438E-06,0.087761402130127,0.195599899627268,
,,,3.044E-06,0.0208157896995544,0.195432535605505,
,,,3.0442E-06,-0.113075435161591,0.195934627670795,
,,,3.0444E-06,0.087761402130127,0.196101991692558,
,,,3.0446E-06,-0.0461298227310181,0.195432535605505,
,,,3.0448E-06,-0.0461298227310181,0.196604083757848,
,,,3.045E-06,-0.0461298227310181,0.196101991692558,
,,,3.0452E-06,0.0208157896995544,0.196436719736084,
,,,3.0454E-06,-0.0461298227310181,0.195934627670795,
,,,3.0456E-06,0.0208157896995544,0.195934627670795,
,,,3.0458E-06,0.0208157896995544,0.195599899627268,
,,,3.046E-06,0.0208157896995544,0.196269355714321,
,,,3.0462E-06,-0.0461298227310181,0.196101991692558,
,,,3.0464E-06,0.0208157896995544,0.196101991692558,
,,,3.0466E-06,0.087761402130127,0.196269355714321,
,,,3.0468E-06,-0.0461298227310181,0.196269355714321,
,,,3.047E-06,-0.0461298227310181,0.196604083757848,
,,,3.0472E-06,0.087761402130127,0.195934627670795,
,,,3.0474E-06,-0.113075435161591,0.195934627670795,
,,,3.0476E-06,0.0208157896995544,0.196269355714321,
,,,3.0478E-06,0.0208157896995544,0.196436719736084,
,,,3.048E-06,0.154707014560699,0.196269355714321,
,,,3.0482E-06,-0.0461298227310181,0.196436719736084,
,,,3.0484E-06,0.087761402130127,0.196269355714321,
,,,3.0486E-06,0.0208157896995544,0.197106175823137,
,,,3.0488E-06,0.0208157896995544,0.195934627670795,
,,,3.049E-06,-0.113075435161591,0.196101991692558,
,,,3.0492E-06,0.0208157896995544,0.195934627670795,
,,,3.0494E-06,0.0208157896995544,0.196604083757848,
,,,3.0496E-06,0.0208157896995544,0.196269355714321,
,,,3.0498E-06,0.0208157896995544,0.196771447779611,
,,,3.05E-06,0.0208157896995544,0.196269355714321,
,,,3.0502E-06,-0.0461298227310181,0.196101991692558,
,,,3.0504E-06,0.0208157896995544,0.196269355714321,
,,,3.0506E-06,0.0208157896995544,0.196436719736084,
,,,3.0508E-06,-0.113075435161591,0.196101991692558,
,,,3.051E-06,-0.0461298227310181,0.196101991692558,
,,,3.0512E-06,-0.0461298227310181,0.195599899627268,
,,,3.0514E-06,0.0208157896995544,0.196771447779611,
,,,3.0516E-06,0.087761402130127,0.195767263649032,
,,,3.0518E-06,-0.113075435161591,0.196101991692558,
,,,3.052E-06,0.087761402130127,0.196101991692558,
,,,3.0522E-06,0.0208157896995544,0.196604083757848,
,,,3.0524E-06,0.0208157896995544,0.196269355714321,
,,,3.0526E-06,0.087761402130127,0.196269355714321,
,,,3.0528E-06,0.0208157896995544,0.196436719736084,
,,,3.053E-06,-0.0461298227310181,0.196101991692558,
,,,3.0532E-06,0.0208157896995544,0.196101991692558,
,,,3.0534E-06,-0.0461298227310181,0.196101991692558,
,,,3.0536E-06,0.0208157896995544,0.1972735398449,
,,,3.0538E-06,-0.0461298227310181,0.196101991692558,
,,,3.054E-06,0.0208157896995544,0.196269355714321,
,,,3.0542E-06,0.0208157896995544,0.196269355714321,
,,,3.0544E-06,0.0208157896995544,0.195934627670795,
,,,3.0546E-06,-0.0461298227310181,0.196436719736084,
,,,3.0548E-06,-0.0461298227310181,0.195934627670795,
,,,3.055E-06,-0.0461298227310181,0.196938811801374,
,,,3.0552E-06,0.0208157896995544,0.196269355714321,
,,,3.0554E-06,-0.0461298227310181,0.196436719736084,
,,,3.0556E-06,0.0208157896995544,0.196436719736084,
,,,3.0558E-06,0.0208157896995544,0.196436719736084,
,,,3.056E-06,0.0208157896995544,0.196101991692558,
,,,3.0562E-06,-0.113075435161591,0.196101991692558,
,,,3.0564E-06,0.0208157896995544,0.196604083757848,
,,,3.0566E-06,-0.0461298227310181,0.195265171583742,
,,,3.0568E-06,0.0208157896995544,0.195599899627268,
,,,3.057E-06,-0.0461298227310181,0.195934627670795,
,,,3.0572E-06,0.0208157896995544,0.196101991692558,
,,,3.0574E-06,-0.113075435161591,0.196269355714321,
,,,3.0576E-06,-0.0461298227310181,0.196101991692558,
,,,3.0578E-06,-0.0461298227310181,0.195767263649032,
,,,3.058E-06,-0.0461298227310181,0.195934627670795,
,,,3.0582E-06,-0.0461298227310181,0.196101991692558,
,,,3.0584E-06,0.0208157896995544,0.195767263649032,
,,,3.0586E-06,0.0208157896995544,0.195767263649032,
,,,3.0588E-06,0.087761402130127,0.195599899627268,
,,,3.059E-06,0.0208157896995544,0.196604083757848,
,,,3.0592E-06,0.087761402130127,0.195767263649032,
,,,3.0594E-06,0.0208157896995544,0.195934627670795,
,,,3.0596E-06,-0.113075435161591,0.196436719736084,
,,,3.0598E-06,-0.0461298227310181,0.195934627670795,
,,,3.06E-06,0.087761402130127,0.195934627670795,
,,,3.0602E-06,-0.0461298227310181,0.195934627670795,
,,,3.0604E-06,0.0208157896995544,0.196436719736084,
,,,3.0606E-06,0.087761402130127,0.195767263649032,
,,,3.0608E-06,0.087761402130127,0.195934627670795,
,,,3.061E-06,-0.113075435161591,0.195934627670795,
,,,3.0612E-06,0.087761402130127,0.195934627670795,
,,,3.0614E-06,0.087761402130127,0.196436719736084,
,,,3.0616E-06,-0.0461298227310181,0.195934627670795,
,,,3.0618E-06,0.0208157896995544,0.196269355714321,
,,,3.062E-06,-0.0461298227310181,0.196436719736084,
,,,3.0622E-06,-0.113075435161591,0.196269355714321,
,,,3.0624E-06,0.087761402130127,0.196771447779611,
,,,3.0626E-06,-0.0461298227310181,0.196436719736084,
,,,3.0628E-06,-0.0461298227310181,0.197106175823137,
,,,3.063E-06,0.087761402130127,0.196604083757848,
,,,3.0632E-06,0.0208157896995544,0.196269355714321,
,,,3.0634E-06,-0.0461298227310181,0.196436719736084,
,,,3.0636E-06,-0.113075435161591,0.196436719736084,
,,,3.0638E-06,-0.0461298227310181,0.195767263649032,
,,,3.064E-06,-0.0461298227310181,0.196101991692558,
,,,3.0642E-06,0.087761402130127,0.196771447779611,
,,,3.0644E-06,0.0208157896995544,0.196101991692558,
,,,3.0646E-06,-0.0461298227310181,0.196101991692558,
,,,3.0648E-06,0.0208157896995544,0.196938811801374,
,,,3.065E-06,-0.0461298227310181,0.196269355714321,
,,,3.0652E-06,0.087761402130127,0.195934627670795,
,,,3.0654E-06,-0.0461298227310181,0.196604083757848,
,,,3.0656E-06,0.0208157896995544,0.196604083757848,
,,,3.0658E-06,0.0208157896995544,0.196269355714321,
,,,3.066E-06,-0.0461298227310181,0.196604083757848,
,,,3.0662E-06,0.087761402130127,0.196436719736084,
,,,3.0664E-06,0.087761402130127,0.1972735398449,
,,,3.0666E-06,-0.113075435161591,0.196938811801374,
,,,3.0668E-06,0.0208157896995544,0.196771447779611,
,,,3.067E-06,0.0208157896995544,0.197106175823137,
,,,3.0672E-06,0.0208157896995544,0.197106175823137,
,,,3.0674E-06,-0.0461298227310181,0.197106175823137,
,,,3.0676E-06,0.087761402130127,0.197106175823137,
,,,3.0678E-06,0.0208157896995544,0.197608267888427,
,,,3.068E-06,-0.0461298227310181,0.1972735398449,
,,,3.0682E-06,-0.0461298227310181,0.196938811801374,
,,,3.0684E-06,0.0208157896995544,0.196771447779611,
,,,3.0686E-06,0.0208157896995544,0.197608267888427,
,,,3.0688E-06,0.087761402130127,0.197608267888427,
,,,3.069E-06,0.0208157896995544,0.197106175823137,
,,,3.0692E-06,0.0208157896995544,0.196938811801374,
,,,3.0694E-06,0.0208157896995544,0.197440903866664,
,,,3.0696E-06,-0.0461298227310181,0.196938811801374,
,,,3.0698E-06,-0.0461298227310181,0.196938811801374,
,,,3.07E-06,0.0208157896995544,0.197608267888427,
,,,3.0702E-06,0.0208157896995544,0.197440903866664,
,,,3.0704E-06,-0.0461298227310181,0.196604083757848,
,,,3.0706E-06,0.0208157896995544,0.197106175823137,
,,,3.0708E-06,0.0208157896995544,0.1972735398449,
,,,3.071E-06,-0.0461298227310181,0.1972735398449,
,,,3.0712E-06,0.0208157896995544,0.197106175823137,
,,,3.0714E-06,-0.0461298227310181,0.197106175823137,
,,,3.0716E-06,0.087761402130127,0.197106175823137,
,,,3.0718E-06,0.0208157896995544,0.197440903866664,
,,,3.072E-06,0.0208157896995544,0.197440903866664,
,,,3.0722E-06,0.0208157896995544,0.197440903866664,
,,,3.0724E-06,0.0208157896995544,0.197440903866664,
,,,3.0726E-06,0.0208157896995544,0.196771447779611,
,,,3.0728E-06,0.0208157896995544,0.19777563191019,
,,,3.073E-06,0.0208157896995544,0.196771447779611,
,,,3.0732E-06,-0.0461298227310181,0.1972735398449,
,,,3.0734E-06,0.087761402130127,0.196269355714321,
,,,3.0736E-06,0.0208157896995544,0.196604083757848,
,,,3.0738E-06,0.0208157896995544,0.196771447779611,
,,,3.074E-06,0.087761402130127,0.197106175823137,
,,,3.0742E-06,0.0208157896995544,0.197106175823137,
,,,3.0744E-06,-0.0461298227310181,0.197106175823137,
,,,3.0746E-06,0.0208157896995544,0.196269355714321,
,,,3.0748E-06,0.0208157896995544,0.197106175823137,
,,,3.075E-06,-0.0461298227310181,0.196604083757848,
,,,3.0752E-06,0.087761402130127,0.197106175823137,
,,,3.0754E-06,-0.0461298227310181,0.196604083757848,
,,,3.0756E-06,-0.0461298227310181,0.197106175823137,
,,,3.0758E-06,0.0208157896995544,0.196101991692558,
,,,3.076E-06,0.0208157896995544,0.196436719736084,
,,,3.0762E-06,-0.0461298227310181,0.197440903866664,
,,,3.0764E-06,0.0208157896995544,0.197106175823137,
,,,3.0766E-06,-0.0461298227310181,0.196938811801374,
,,,3.0768E-06,-0.0461298227310181,0.196938811801374,
,,,3.077E-06,0.0208157896995544,0.196771447779611,
,,,3.0772E-06,-0.0461298227310181,0.196771447779611,
,,,3.0774E-06,0.0208157896995544,0.196771447779611,
,,,3.0776E-06,0.0208157896995544,0.197106175823137,
,,,3.0778E-06,0.0208157896995544,0.196771447779611,
,,,3.078E-06,0.087761402130127,0.196771447779611,
,,,3.0782E-06,-0.0461298227310181,0.197942995931953,
,,,3.0784E-06,0.087761402130127,0.197106175823137,
,,,3.0786E-06,0.087761402130127,0.196938811801374,
,,,3.0788E-06,-0.0461298227310181,0.1972735398449,
,,,3.079E-06,0.087761402130127,0.197440903866664,
,,,3.0792E-06,0.0208157896995544,0.196938811801374,
,,,3.0794E-06,-0.113075435161591,0.196938811801374,
,,,3.0796E-06,0.0208157896995544,0.1972735398449,
,,,3.0798E-06,0.0208157896995544,0.196436719736084,
,,,3.08E-06,0.087761402130127,0.1972735398449,
,,,3.0802E-06,-0.0461298227310181,0.1972735398449,
,,,3.0804E-06,-0.0461298227310181,0.196938811801374,
,,,3.0806E-06,-0.0461298227310181,0.197106175823137,
,,,3.0808E-06,-0.0461298227310181,0.196938811801374,
,,,3.081E-06,-0.0461298227310181,0.1972735398449,
,,,3.0812E-06,-0.0461298227310181,0.1972735398449,
,,,3.0814E-06,0.087761402130127,0.196436719736084,
,,,3.0816E-06,0.087761402130127,0.196771447779611,
,,,3.0818E-06,-0.0461298227310181,0.196771447779611,
,,,3.082E-06,-0.0461298227310181,0.196436719736084,
,,,3.0822E-06,0.0208157896995544,0.196436719736084,
,,,3.0824E-06,0.087761402130127,0.196101991692558,
,,,3.0826E-06,-0.113075435161591,0.197106175823137,
,,,3.0828E-06,0.087761402130127,0.196101991692558,
,,,3.083E-06,0.0208157896995544,0.196101991692558,
,,,3.0832E-06,0.0208157896995544,0.196436719736084,
,,,3.0834E-06,-0.0461298227310181,0.196604083757848,
,,,3.0836E-06,0.0208157896995544,0.196101991692558,
,,,3.0838E-06,0.0208157896995544,0.196101991692558,
,,,3.084E-06,0.0208157896995544,0.196938811801374,
,,,3.0842E-06,-0.0461298227310181,0.196938811801374,
,,,3.0844E-06,0.087761402130127,0.196269355714321,
,,,3.0846E-06,-0.0461298227310181,0.197106175823137,
,,,3.0848E-06,-0.113075435161591,0.196436719736084,
,,,3.085E-06,0.087761402130127,0.1972735398449,
,,,3.0852E-06,-0.0461298227310181,0.196938811801374,
,,,3.0854E-06,-0.0461298227310181,0.196938811801374,
,,,3.0856E-06,0.087761402130127,0.196771447779611,
,,,3.0858E-06,0.0208157896995544,0.196269355714321,
,,,3.086E-06,-0.0461298227310181,0.197440903866664,
,,,3.0862E-06,-0.0461298227310181,0.1972735398449,
,,,3.0864E-06,0.154707014560699,0.197106175823137,
,,,3.0866E-06,0.0208157896995544,0.196938811801374,
,,,3.0868E-06,0.0208157896995544,0.197440903866664,
,,,3.087E-06,0.0208157896995544,0.1972735398449,
,,,3.0872E-06,0.0208157896995544,0.197106175823137,
,,,3.0874E-06,-0.0461298227310181,0.197608267888427,
,,,3.0876E-06,0.0208157896995544,0.19827772397548,
,,,3.0878E-06,0.0208157896995544,0.197608267888427,
,,,3.088E-06,0.0208157896995544,0.197440903866664,
,,,3.0882E-06,-0.0461298227310181,0.196938811801374,
,,,3.0884E-06,0.0208157896995544,0.197440903866664,
,,,3.0886E-06,0.0208157896995544,0.196436719736084,
,,,3.0888E-06,0.0208157896995544,0.197440903866664,
,,,3.089E-06,-0.0461298227310181,0.19827772397548,
,,,3.0892E-06,0.087761402130127,0.196436719736084,
,,,3.0894E-06,-0.0461298227310181,0.197106175823137,
,,,3.0896E-06,0.0208157896995544,0.197440903866664,
,,,3.0898E-06,-0.0461298227310181,0.196771447779611,
,,,3.09E-06,0.0208157896995544,0.196938811801374,
,,,3.0902E-06,0.0208157896995544,0.196938811801374,
,,,3.0904E-06,0.087761402130127,0.197440903866664,
,,,3.0906E-06,0.0208157896995544,0.197106175823137,
,,,3.0908E-06,0.087761402130127,0.197106175823137,
,,,3.091E-06,0.0208157896995544,0.197440903866664,
,,,3.0912E-06,0.0208157896995544,0.196938811801374,
,,,3.0914E-06,0.0208157896995544,0.197440903866664,
,,,3.0916E-06,-0.113075435161591,0.19777563191019,
,,,3.0918E-06,-0.0461298227310181,0.1972735398449,
,,,3.092E-06,-0.0461298227310181,0.197440903866664,
,,,3.0922E-06,0.0208157896995544,0.197440903866664,
,,,3.0924E-06,0.0208157896995544,0.197106175823137,
,,,3.0926E-06,0.087761402130127,0.196771447779611,
,,,3.0928E-06,0.154707014560699,0.1972735398449,
,,,3.093E-06,-0.0461298227310181,0.197942995931953,
,,,3.0932E-06,0.0208157896995544,0.1972735398449,
,,,3.0934E-06,0.0208157896995544,0.197106175823137,
,,,3.0936E-06,-0.0461298227310181,0.196436719736084,
,,,3.0938E-06,-0.0461298227310181,0.1972735398449,
,,,3.094E-06,-0.0461298227310181,0.197942995931953,
,,,3.0942E-06,0.0208157896995544,0.19777563191019,
,,,3.0944E-06,0.087761402130127,0.198445087997243,
,,,3.0946E-06,-0.113075435161591,0.197106175823137,
,,,3.0948E-06,0.0208157896995544,0.196771447779611,
,,,3.095E-06,0.0208157896995544,0.19777563191019,
,,,3.0952E-06,0.0208157896995544,0.197942995931953,
,,,3.0954E-06,-0.0461298227310181,0.196938811801374,
,,,3.0956E-06,0.087761402130127,0.19827772397548,
,,,3.0958E-06,-0.0461298227310181,0.1972735398449,
,,,3.096E-06,0.0208157896995544,0.196938811801374,
,,,3.0962E-06,-0.0461298227310181,0.197106175823137,
,,,3.0964E-06,0.0208157896995544,0.196938811801374,
,,,3.0966E-06,-0.0461298227310181,0.197106175823137,
,,,3.0968E-06,0.087761402130127,0.197440903866664,
,,,3.097E-06,0.0208157896995544,0.1972735398449,
,,,3.0972E-06,0.0208157896995544,0.197608267888427,
,,,3.0974E-06,0.0208157896995544,0.19777563191019,
,,,3.0976E-06,0.0208157896995544,0.197942995931953,
,,,3.0978E-06,0.0208157896995544,0.197608267888427,
,,,3.098E-06,-0.113075435161591,0.196938811801374,
,,,3.0982E-06,0.0208157896995544,0.197106175823137,
,,,3.0984E-06,0.0208157896995544,0.197440903866664,
,,,3.0986E-06,-0.0461298227310181,0.196938811801374,
,,,3.0988E-06,0.0208157896995544,0.197608267888427,
,,,3.099E-06,0.087761402130127,0.19777563191019,
,,,3.0992E-06,0.087761402130127,0.196938811801374,
,,,3.0994E-06,-0.0461298227310181,0.197608267888427,
,,,3.0996E-06,0.0208157896995544,0.197440903866664,
,,,3.0998E-06,-0.113075435161591,0.196604083757848,
,,,3.1E-06,-0.0461298227310181,0.197608267888427,
,,,3.1002E-06,0.0208157896995544,0.1972735398449,
,,,3.1004E-06,0.0208157896995544,0.197440903866664,
,,,3.1006E-06,-0.0461298227310181,0.1972735398449,
,,,3.1008E-06,0.0208157896995544,0.197106175823137,
,,,3.101E-06,-0.0461298227310181,0.197106175823137,
,,,3.1012E-06,-0.0461298227310181,0.197106175823137,
,,,3.1014E-06,0.087761402130127,0.196604083757848,
,,,3.1016E-06,0.0208157896995544,0.196771447779611,
,,,3.1018E-06,-0.113075435161591,0.197942995931953,
,,,3.102E-06,-0.0461298227310181,0.196771447779611,
,,,3.1022E-06,-0.113075435161591,0.197440903866664,
,,,3.1024E-06,0.0208157896995544,0.196269355714321,
,,,3.1026E-06,0.0208157896995544,0.196771447779611,
,,,3.1028E-06,0.0208157896995544,0.196938811801374,
,,,3.103E-06,-0.0461298227310181,0.197106175823137,
,,,3.1032E-06,-0.0461298227310181,0.196938811801374,
,,,3.1034E-06,-0.0461298227310181,0.1972735398449,
,,,3.1036E-06,0.087761402130127,0.197106175823137,
,,,3.1038E-06,0.0208157896995544,0.196938811801374,
,,,3.104E-06,0.0208157896995544,0.196101991692558,
,,,3.1042E-06,-0.0461298227310181,0.197440903866664,
,,,3.1044E-06,-0.113075435161591,0.1972735398449,
,,,3.1046E-06,0.087761402130127,0.196771447779611,
,,,3.1048E-06,0.0208157896995544,0.1972735398449,
,,,3.105E-06,-0.113075435161591,0.196938811801374,
,,,3.1052E-06,0.0208157896995544,0.1972735398449,
,,,3.1054E-06,0.087761402130127,0.19777563191019,
,,,3.1056E-06,0.0208157896995544,0.196938811801374,
,,,3.1058E-06,-0.0461298227310181,0.196938811801374,
,,,3.106E-06,0.087761402130127,0.196771447779611,
,,,3.1062E-06,0.0208157896995544,0.196436719736084,
,,,3.1064E-06,-0.0461298227310181,0.197106175823137,
,,,3.1066E-06,0.0208157896995544,0.197942995931953,
,,,3.1068E-06,0.0208157896995544,0.197440903866664,
,,,3.107E-06,-0.0461298227310181,0.1972735398449,
,,,3.1072E-06,0.154707014560699,0.1972735398449,
,,,3.1074E-06,-0.113075435161591,0.197440903866664,
,,,3.1076E-06,0.0208157896995544,0.197608267888427,
,,,3.1078E-06,0.0208157896995544,0.197440903866664,
,,,3.108E-06,0.0208157896995544,0.197106175823137,
,,,3.1082E-06,-0.0461298227310181,0.197942995931953,
,,,3.1084E-06,0.0208157896995544,0.1972735398449,
,,,3.1086E-06,-0.0461298227310181,0.196938811801374,
,,,3.1088E-06,-0.113075435161591,0.197608267888427,
,,,3.109E-06,-0.113075435161591,0.1972735398449,
,,,3.1092E-06,0.087761402130127,0.1972735398449,
,,,3.1094E-06,-0.113075435161591,0.197608267888427,
,,,3.1096E-06,0.087761402130127,0.197440903866664,
,,,3.1098E-06,0.154707014560699,0.196938811801374,
,,,3.11E-06,0.087761402130127,0.1972735398449,
,,,3.1102E-06,0.0208157896995544,0.196604083757848,
,,,3.1104E-06,0.0208157896995544,0.197608267888427,
,,,3.1106E-06,0.0208157896995544,0.197440903866664,
,,,3.1108E-06,0.0208157896995544,0.196436719736084,
,,,3.111E-06,0.087761402130127,0.1972735398449,
,,,3.1112E-06,0.0208157896995544,0.197440903866664,
,,,3.1114E-06,0.0208157896995544,0.19777563191019,
,,,3.1116E-06,0.087761402130127,0.198110359953716,
,,,3.1118E-06,-0.0461298227310181,0.198110359953716,
,,,3.112E-06,0.087761402130127,0.197106175823137,
,,,3.1122E-06,0.0208157896995544,0.197106175823137,
,,,3.1124E-06,0.087761402130127,0.196938811801374,
,,,3.1126E-06,0.087761402130127,0.19777563191019,
,,,3.1128E-06,-0.0461298227310181,0.197608267888427,
,,,3.113E-06,-0.113075435161591,0.197440903866664,
,,,3.1132E-06,0.0208157896995544,0.196938811801374,
,,,3.1134E-06,-0.0461298227310181,0.197440903866664,
,,,3.1136E-06,0.0208157896995544,0.197942995931953,
,,,3.1138E-06,0.0208157896995544,0.197440903866664,
,,,3.114E-06,0.0208157896995544,0.197608267888427,
,,,3.1142E-06,0.0208157896995544,0.197440903866664,
,,,3.1144E-06,0.0208157896995544,0.1972735398449,
,,,3.1146E-06,-0.113075435161591,0.197608267888427,
,,,3.1148E-06,0.0208157896995544,0.197106175823137,
,,,3.115E-06,-0.0461298227310181,0.196771447779611,
,,,3.1152E-06,0.0208157896995544,0.197440903866664,
,,,3.1154E-06,-0.113075435161591,0.198110359953716,
,,,3.1156E-06,0.0208157896995544,0.1972735398449,
,,,3.1158E-06,-0.0461298227310181,0.1972735398449,
,,,3.116E-06,0.0208157896995544,0.197440903866664,
,,,3.1162E-06,0.0208157896995544,0.197106175823137,
,,,3.1164E-06,0.087761402130127,0.196938811801374,
,,,3.1166E-06,0.0208157896995544,0.1972735398449,
,,,3.1168E-06,0.0208157896995544,0.197106175823137,
,,,3.117E-06,0.087761402130127,0.1972735398449,
,,,3.1172E-06,-0.0461298227310181,0.196771447779611,
,,,3.1174E-06,0.0208157896995544,0.197942995931953,
,,,3.1176E-06,0.087761402130127,0.197106175823137,
,,,3.1178E-06,-0.113075435161591,0.1972735398449,
,,,3.118E-06,0.0208157896995544,0.197608267888427,
,,,3.1182E-06,-0.0461298227310181,0.197106175823137,
,,,3.1184E-06,0.087761402130127,0.197106175823137,
,,,3.1186E-06,-0.0461298227310181,0.1972735398449,
,,,3.1188E-06,0.087761402130127,0.197106175823137,
,,,3.119E-06,0.0208157896995544,0.196604083757848,
,,,3.1192E-06,0.0208157896995544,0.196101991692558,
,,,3.1194E-06,0.0208157896995544,0.196771447779611,
,,,3.1196E-06,0.0208157896995544,0.1972735398449,
,,,3.1198E-06,-0.0461298227310181,0.196771447779611,
,,,3.12E-06,0.087761402130127,0.197440903866664,
,,,3.1202E-06,0.0208157896995544,0.197106175823137,
,,,3.1204E-06,0.0208157896995544,0.196436719736084,
,,,3.1206E-06,0.0208157896995544,0.196269355714321,
,,,3.1208E-06,0.0208157896995544,0.1972735398449,
,,,3.121E-06,-0.0461298227310181,0.196938811801374,
,,,3.1212E-06,0.087761402130127,0.196604083757848,
,,,3.1214E-06,-0.0461298227310181,0.197106175823137,
,,,3.1216E-06,0.0208157896995544,0.196938811801374,
,,,3.1218E-06,0.087761402130127,0.196604083757848,
,,,3.122E-06,0.0208157896995544,0.196938811801374,
,,,3.1222E-06,0.0208157896995544,0.197440903866664,
,,,3.1224E-06,0.087761402130127,0.197106175823137,
,,,3.1226E-06,0.0208157896995544,0.196938811801374,
,,,3.1228E-06,0.087761402130127,0.196938811801374,
,,,3.123E-06,0.0208157896995544,0.196771447779611,
,,,3.1232E-06,0.0208157896995544,0.196436719736084,
,,,3.1234E-06,-0.0461298227310181,0.196436719736084,
,,,3.1236E-06,-0.0461298227310181,0.197106175823137,
,,,3.1238E-06,0.087761402130127,0.196269355714321,
,,,3.124E-06,0.0208157896995544,0.196938811801374,
,,,3.1242E-06,-0.113075435161591,0.196938811801374,
,,,3.1244E-06,0.0208157896995544,0.196604083757848,
,,,3.1246E-06,0.0208157896995544,0.196436719736084,
,,,3.1248E-06,0.154707014560699,0.197608267888427,
,,,3.125E-06,-0.0461298227310181,0.196938811801374,
,,,3.1252E-06,0.087761402130127,0.196436719736084,
,,,3.1254E-06,0.0208157896995544,0.196771447779611,
,,,3.1256E-06,0.0208157896995544,0.1972735398449,
,,,3.1258E-06,0.087761402130127,0.197440903866664,
,,,3.126E-06,0.0208157896995544,0.1972735398449,
,,,3.1262E-06,0.0208157896995544,0.196771447779611,
,,,3.1264E-06,0.087761402130127,0.195934627670795,
,,,3.1266E-06,-0.0461298227310181,0.196436719736084,
,,,3.1268E-06,-0.0461298227310181,0.196436719736084,
,,,3.127E-06,0.0208157896995544,0.196938811801374,
,,,3.1272E-06,0.0208157896995544,0.196269355714321,
,,,3.1274E-06,-0.0461298227310181,0.196269355714321,
,,,3.1276E-06,0.0208157896995544,0.196604083757848,
,,,3.1278E-06,-0.0461298227310181,0.196269355714321,
,,,3.128E-06,-0.0461298227310181,0.196269355714321,
,,,3.1282E-06,-0.0461298227310181,0.197106175823137,
,,,3.1284E-06,0.0208157896995544,0.197106175823137,
,,,3.1286E-06,0.0208157896995544,0.196771447779611,
,,,3.1288E-06,0.0208157896995544,0.196771447779611,
,,,3.129E-06,-0.0461298227310181,0.196604083757848,
,,,3.1292E-06,0.087761402130127,0.196436719736084,
,,,3.1294E-06,0.0208157896995544,0.196938811801374,
,,,3.1296E-06,-0.0461298227310181,0.197608267888427,
,,,3.1298E-06,0.0208157896995544,0.197942995931953,
,,,3.13E-06,-0.0461298227310181,0.196101991692558,
,,,3.1302E-06,0.0208157896995544,0.196938811801374,
,,,3.1304E-06,-0.0461298227310181,0.19777563191019,
,,,3.1306E-06,0.0208157896995544,0.197942995931953,
,,,3.1308E-06,0.0208157896995544,0.1972735398449,
,,,3.131E-06,0.0208157896995544,0.19777563191019,
,,,3.1312E-06,0.154707014560699,0.197608267888427,
,,,3.1314E-06,-0.0461298227310181,0.197608267888427,
,,,3.1316E-06,-0.0461298227310181,0.19777563191019,
,,,3.1318E-06,0.0208157896995544,0.197440903866664,
,,,3.132E-06,-0.0461298227310181,0.1972735398449,
,,,3.1322E-06,0.0208157896995544,0.198110359953716,
,,,3.1324E-06,0.0208157896995544,0.198445087997243,
,,,3.1326E-06,-0.0461298227310181,0.198445087997243,
,,,3.1328E-06,0.087761402130127,0.197942995931953,
,,,3.133E-06,-0.0461298227310181,0.197942995931953,
,,,3.1332E-06,-0.0461298227310181,0.197608267888427,
,,,3.1334E-06,0.0208157896995544,0.197440903866664,
,,,3.1336E-06,0.0208157896995544,0.197608267888427,
,,,3.1338E-06,-0.0461298227310181,0.198110359953716,
,,,3.134E-06,-0.0461298227310181,0.197440903866664,
,,,3.1342E-06,-0.0461298227310181,0.197440903866664,
,,,3.1344E-06,0.0208157896995544,0.197106175823137,
,,,3.1346E-06,0.0208157896995544,0.197608267888427,
,,,3.1348E-06,0.0208157896995544,0.1972735398449,
,,,3.135E-06,0.0208157896995544,0.197608267888427,
,,,3.1352E-06,-0.0461298227310181,0.197942995931953,
,,,3.1354E-06,0.0208157896995544,0.19827772397548,
,,,3.1356E-06,0.087761402130127,0.196938811801374,
,,,3.1358E-06,-0.0461298227310181,0.197942995931953,
,,,3.136E-06,-0.0461298227310181,0.196269355714321,
,,,3.1362E-06,0.154707014560699,0.197608267888427,
,,,3.1364E-06,-0.113075435161591,0.19777563191019,
,,,3.1366E-06,-0.0461298227310181,0.197440903866664,
,,,3.1368E-06,0.087761402130127,0.197440903866664,
,,,3.137E-06,0.0208157896995544,0.197608267888427,
,,,3.1372E-06,-0.0461298227310181,0.19777563191019,
,,,3.1374E-06,0.087761402130127,0.1972735398449,
,,,3.1376E-06,0.087761402130127,0.19777563191019,
,,,3.1378E-06,0.0208157896995544,0.19777563191019,
,,,3.138E-06,0.087761402130127,0.197608267888427,
,,,3.1382E-06,0.0208157896995544,0.197106175823137,
,,,3.1384E-06,-0.0461298227310181,0.197440903866664,
,,,3.1386E-06,-0.0461298227310181,0.1972735398449,
,,,3.1388E-06,0.0208157896995544,0.197942995931953,
,,,3.139E-06,-0.0461298227310181,0.19777563191019,
,,,3.1392E-06,0.0208157896995544,0.197608267888427,
,,,3.1394E-06,-0.0461298227310181,0.197440903866664,
,,,3.1396E-06,0.0208157896995544,0.1972735398449,
,,,3.1398E-06,0.087761402130127,0.197942995931953,
,,,3.14E-06,0.0208157896995544,0.1972735398449,
,,,3.1402E-06,-0.113075435161591,0.196771447779611,
,,,3.1404E-06,0.0208157896995544,0.197106175823137,
,,,3.1406E-06,-0.0461298227310181,0.197942995931953,
,,,3.1408E-06,-0.0461298227310181,0.196938811801374,
,,,3.141E-06,0.0208157896995544,0.196771447779611,
,,,3.1412E-06,0.0208157896995544,0.196938811801374,
,,,3.1414E-06,-0.0461298227310181,0.196771447779611,
,,,3.1416E-06,0.0208157896995544,0.196436719736084,
,,,3.1418E-06,0.0208157896995544,0.196938811801374,
,,,3.142E-06,0.0208157896995544,0.197106175823137,
,,,3.1422E-06,0.0208157896995544,0.196436719736084,
,,,3.1424E-06,-0.0461298227310181,0.195767263649032,
,,,3.1426E-06,0.087761402130127,0.196101991692558,
,,,3.1428E-06,-0.0461298227310181,0.196938811801374,
,,,3.143E-06,-0.0461298227310181,0.196269355714321,
,,,3.1432E-06,0.0208157896995544,0.19777563191019,
,,,3.1434E-06,0.0208157896995544,0.197106175823137,
,,,3.1436E-06,0.087761402130127,0.196771447779611,
,,,3.1438E-06,-0.0461298227310181,0.196436719736084,
,,,3.144E-06,-0.0461298227310181,0.1972735398449,
,,,3.1442E-06,-0.0461298227310181,0.197440903866664,
,,,3.1444E-06,0.0208157896995544,0.196269355714321,
,,,3.1446E-06,0.0208157896995544,0.196604083757848,
,,,3.1448E-06,-0.0461298227310181,0.196604083757848,
,,,3.145E-06,-0.0461298227310181,0.197106175823137,
,,,3.1452E-06,0.0208157896995544,0.197440903866664,
,,,3.1454E-06,0.0208157896995544,0.196604083757848,
,,,3.1456E-06,0.0208157896995544,0.197106175823137,
,,,3.1458E-06,-0.113075435161591,0.196771447779611,
,,,3.146E-06,0.0208157896995544,0.196938811801374,
,,,3.1462E-06,0.087761402130127,0.1972735398449,
,,,3.1464E-06,0.0208157896995544,0.197106175823137,
,,,3.1466E-06,-0.0461298227310181,0.196604083757848,
,,,3.1468E-06,0.0208157896995544,0.197106175823137,
,,,3.147E-06,-0.0461298227310181,0.1972735398449,
,,,3.1472E-06,-0.0461298227310181,0.197608267888427,
,,,3.1474E-06,-0.0461298227310181,0.197106175823137,
,,,3.1476E-06,0.0208157896995544,0.197106175823137,
,,,3.1478E-06,0.0208157896995544,0.198110359953716,
,,,3.148E-06,0.0208157896995544,0.1972735398449,
,,,3.1482E-06,0.087761402130127,0.197440903866664,
,,,3.1484E-06,0.087761402130127,0.1972735398449,
,,,3.1486E-06,0.087761402130127,0.19777563191019,
,,,3.1488E-06,-0.0461298227310181,0.197440903866664,
,,,3.149E-06,0.087761402130127,0.19777563191019,
,,,3.1492E-06,-0.0461298227310181,0.19777563191019,
,,,3.1494E-06,0.0208157896995544,0.197608267888427,
,,,3.1496E-06,0.087761402130127,0.198110359953716,
,,,3.1498E-06,-0.0461298227310181,0.19777563191019,
,,,3.15E-06,0.0208157896995544,0.19777563191019,
,,,3.1502E-06,0.0208157896995544,0.19827772397548,
,,,3.1504E-06,0.154707014560699,0.197608267888427,
,,,3.1506E-06,-0.0461298227310181,0.197440903866664,
,,,3.1508E-06,0.154707014560699,0.19827772397548,
,,,3.151E-06,0.0208157896995544,0.198110359953716,
,,,3.1512E-06,-0.113075435161591,0.19777563191019,
,,,3.1514E-06,-0.0461298227310181,0.19827772397548,
,,,3.1516E-06,-0.0461298227310181,0.197942995931953,
,,,3.1518E-06,-0.0461298227310181,0.198445087997243,
,,,3.152E-06,0.087761402130127,0.19827772397548,
,,,3.1522E-06,0.0208157896995544,0.197440903866664,
,,,3.1524E-06,-0.0461298227310181,0.1972735398449,
,,,3.1526E-06,0.0208157896995544,0.198445087997243,
,,,3.1528E-06,0.0208157896995544,0.19777563191019,
,,,3.153E-06,0.087761402130127,0.19777563191019,
,,,3.1532E-06,-0.0461298227310181,0.19827772397548,
,,,3.1534E-06,-0.113075435161591,0.198612452019006,
,,,3.1536E-06,0.0208157896995544,0.1972735398449,
,,,3.1538E-06,-0.0461298227310181,0.198110359953716,
,,,3.154E-06,-0.0461298227310181,0.197942995931953,
,,,3.1542E-06,0.0208157896995544,0.19827772397548,
,,,3.1544E-06,0.087761402130127,0.197440903866664,
,,,3.1546E-06,0.0208157896995544,0.197942995931953,
,,,3.1548E-06,0.0208157896995544,0.198110359953716,
,,,3.155E-06,0.0208157896995544,0.197942995931953,
,,,3.1552E-06,0.0208157896995544,0.197440903866664,
,,,3.1554E-06,0.0208157896995544,0.197942995931953,
,,,3.1556E-06,-0.0461298227310181,0.197942995931953,
,,,3.1558E-06,0.0208157896995544,0.197942995931953,
,,,3.156E-06,0.0208157896995544,0.198110359953716,
,,,3.1562E-06,-0.113075435161591,0.197608267888427,
,,,3.1564E-06,-0.0461298227310181,0.19777563191019,
,,,3.1566E-06,0.0208157896995544,0.198110359953716,
,,,3.1568E-06,0.087761402130127,0.197608267888427,
,,,3.157E-06,0.0208157896995544,0.197608267888427,
,,,3.1572E-06,0.0208157896995544,0.197942995931953,
,,,3.1574E-06,0.0208157896995544,0.198612452019006,
,,,3.1576E-06,-0.0461298227310181,0.196771447779611,
,,,3.1578E-06,-0.0461298227310181,0.197440903866664,
,,,3.158E-06,0.0208157896995544,0.197942995931953,
,,,3.1582E-06,0.0208157896995544,0.197608267888427,
,,,3.1584E-06,0.154707014560699,0.197440903866664,
,,,3.1586E-06,-0.0461298227310181,0.1972735398449,
,,,3.1588E-06,-0.0461298227310181,0.196938811801374,
,,,3.159E-06,0.0208157896995544,0.197106175823137,
,,,3.1592E-06,0.0208157896995544,0.197106175823137,
,,,3.1594E-06,-0.113075435161591,0.197608267888427,
,,,3.1596E-06,0.0208157896995544,0.19777563191019,
,,,3.1598E-06,-0.0461298227310181,0.196436719736084,
,,,3.16E-06,0.087761402130127,0.197608267888427,
,,,3.1602E-06,0.0208157896995544,0.197608267888427,
,,,3.1604E-06,0.0208157896995544,0.19827772397548,
,,,3.1606E-06,-0.0461298227310181,0.197608267888427,
,,,3.1608E-06,0.0208157896995544,0.197608267888427,
,,,3.161E-06,0.087761402130127,0.196604083757848,
,,,3.1612E-06,0.0208157896995544,0.196436719736084,
,,,3.1614E-06,0.0208157896995544,0.1972735398449,
,,,3.1616E-06,0.087761402130127,0.196938811801374,
,,,3.1618E-06,-0.0461298227310181,0.196771447779611,
,,,3.162E-06,-0.113075435161591,0.1972735398449,
,,,3.1622E-06,-0.0461298227310181,0.196938811801374,
,,,3.1624E-06,0.087761402130127,0.196269355714321,
,,,3.1626E-06,-0.0461298227310181,0.196436719736084,
,,,3.1628E-06,0.0208157896995544,0.196938811801374,
,,,3.163E-06,0.0208157896995544,0.196771447779611,
,,,3.1632E-06,0.0208157896995544,0.196604083757848,
,,,3.1634E-06,0.0208157896995544,0.196771447779611,
,,,3.1636E-06,0.0208157896995544,0.195934627670795,
,,,3.1638E-06,0.0208157896995544,0.196604083757848,
,,,3.164E-06,-0.0461298227310181,0.197106175823137,
,,,3.1642E-06,-0.0461298227310181,0.197106175823137,
,,,3.1644E-06,-0.113075435161591,0.196269355714321,
,,,3.1646E-06,0.087761402130127,0.196938811801374,
,,,3.1648E-06,0.087761402130127,0.196269355714321,
,,,3.165E-06,-0.0461298227310181,0.196436719736084,
,,,3.1652E-06,-0.113075435161591,0.196771447779611,
,,,3.1654E-06,0.0208157896995544,0.197106175823137,
,,,3.1656E-06,0.0208157896995544,0.196269355714321,
,,,3.1658E-06,-0.0461298227310181,0.197106175823137,
,,,3.166E-06,0.0208157896995544,0.196938811801374,
,,,3.1662E-06,-0.0461298227310181,0.196604083757848,
,,,3.1664E-06,0.0208157896995544,0.197106175823137,
,,,3.1666E-06,0.0208157896995544,0.196938811801374,
,,,3.1668E-06,0.0208157896995544,0.196938811801374,
,,,3.167E-06,-0.0461298227310181,0.196938811801374,
,,,3.1672E-06,0.087761402130127,0.197608267888427,
,,,3.1674E-06,0.0208157896995544,0.196604083757848,
,,,3.1676E-06,0.0208157896995544,0.196269355714321,
,,,3.1678E-06,-0.0461298227310181,0.197608267888427,
,,,3.168E-06,0.0208157896995544,0.196938811801374,
,,,3.1682E-06,0.0208157896995544,0.197608267888427,
,,,3.1684E-06,-0.113075435161591,0.196938811801374,
,,,3.1686E-06,0.087761402130127,0.1972735398449,
,,,3.1688E-06,0.087761402130127,0.197608267888427,
,,,3.169E-06,-0.0461298227310181,0.197106175823137,
,,,3.1692E-06,0.0208157896995544,0.196938811801374,
,,,3.1694E-06,0.0208157896995544,0.1972735398449,
,,,3.1696E-06,0.0208157896995544,0.196604083757848,
,,,3.1698E-06,-0.0461298227310181,0.1972735398449,
,,,3.17E-06,0.0208157896995544,0.196101991692558,
,,,3.1702E-06,-0.0461298227310181,0.197608267888427,
,,,3.1704E-06,0.0208157896995544,0.196938811801374,
,,,3.1706E-06,0.0208157896995544,0.197440903866664,
,,,3.1708E-06,-0.113075435161591,0.196771447779611,
,,,3.171E-06,-0.0461298227310181,0.19777563191019,
,,,3.1712E-06,0.087761402130127,0.197608267888427,
,,,3.1714E-06,-0.0461298227310181,0.197106175823137,
,,,3.1716E-06,-0.113075435161591,0.197440903866664,
,,,3.1718E-06,-0.0461298227310181,0.19777563191019,
,,,3.172E-06,0.0208157896995544,0.19777563191019,
,,,3.1722E-06,-0.0461298227310181,0.19777563191019,
,,,3.1724E-06,-0.0461298227310181,0.197440903866664,
,,,3.1726E-06,-0.0461298227310181,0.197942995931953,
,,,3.1728E-06,-0.0461298227310181,0.198445087997243,
,,,3.173E-06,0.0208157896995544,0.198445087997243,
,,,3.1732E-06,0.0208157896995544,0.19827772397548,
,,,3.1734E-06,-0.0461298227310181,0.198779816040769,
,,,3.1736E-06,0.0208157896995544,0.197608267888427,
,,,3.1738E-06,-0.0461298227310181,0.19777563191019,
,,,3.174E-06,0.087761402130127,0.197942995931953,
,,,3.1742E-06,-0.0461298227310181,0.198110359953716,
,,,3.1744E-06,0.0208157896995544,0.19827772397548,
,,,3.1746E-06,0.0208157896995544,0.197942995931953,
,,,3.1748E-06,-0.113075435161591,0.198110359953716,
,,,3.175E-06,-0.0461298227310181,0.197608267888427,
,,,3.1752E-06,0.087761402130127,0.198110359953716,
,,,3.1754E-06,-0.113075435161591,0.198110359953716,
,,,3.1756E-06,-0.113075435161591,0.197608267888427,
,,,3.1758E-06,0.0208157896995544,0.198110359953716,
,,,3.176E-06,0.087761402130127,0.19827772397548,
,,,3.1762E-06,-0.113075435161591,0.1972735398449,
,,,3.1764E-06,-0.0461298227310181,0.197608267888427,
,,,3.1766E-06,0.0208157896995544,0.198110359953716,
,,,3.1768E-06,-0.0461298227310181,0.197106175823137,
,,,3.177E-06,0.0208157896995544,0.196771447779611,
,,,3.1772E-06,-0.113075435161591,0.19827772397548,
,,,3.1774E-06,0.0208157896995544,0.197608267888427,
,,,3.1776E-06,0.0208157896995544,0.197106175823137,
,,,3.1778E-06,-0.0461298227310181,0.197106175823137,
,,,3.178E-06,0.0208157896995544,0.197608267888427,
,,,3.1782E-06,0.0208157896995544,0.196436719736084,
,,,3.1784E-06,0.0208157896995544,0.197106175823137,
,,,3.1786E-06,-0.0461298227310181,0.197440903866664,
,,,3.1788E-06,0.0208157896995544,0.196604083757848,
,,,3.179E-06,-0.0461298227310181,0.196604083757848,
,,,3.1792E-06,0.0208157896995544,0.196938811801374,
,,,3.1794E-06,-0.0461298227310181,0.196938811801374,
,,,3.1796E-06,0.0208157896995544,0.196938811801374,
,,,3.1798E-06,-0.0461298227310181,0.197440903866664,
,,,3.18E-06,0.0208157896995544,0.196436719736084,
,,,3.1802E-06,0.0208157896995544,0.1972735398449,
,,,3.1804E-06,0.0208157896995544,0.196938811801374,
,,,3.1806E-06,-0.0461298227310181,0.196771447779611,
,,,3.1808E-06,-0.0461298227310181,0.196436719736084,
,,,3.181E-06,0.0208157896995544,0.196604083757848,
,,,3.1812E-06,0.0208157896995544,0.196604083757848,
,,,3.1814E-06,0.0208157896995544,0.197106175823137,
,,,3.1816E-06,-0.0461298227310181,0.196771447779611,
,,,3.1818E-06,-0.0461298227310181,0.196771447779611,
,,,3.182E-06,-0.0461298227310181,0.196604083757848,
,,,3.1822E-06,-0.0461298227310181,0.196604083757848,
,,,3.1824E-06,0.0208157896995544,0.1972735398449,
,,,3.1826E-06,0.0208157896995544,0.196269355714321,
,,,3.1828E-06,0.0208157896995544,0.196771447779611,
,,,3.183E-06,-0.0461298227310181,0.196771447779611,
,,,3.1832E-06,-0.0461298227310181,0.196604083757848,
,,,3.1834E-06,0.0208157896995544,0.197440903866664,
,,,3.1836E-06,-0.113075435161591,0.196101991692558,
,,,3.1838E-06,-0.0461298227310181,0.196604083757848,
,,,3.184E-06,0.087761402130127,0.196604083757848,
,,,3.1842E-06,-0.0461298227310181,0.196771447779611,
,,,3.1844E-06,-0.113075435161591,0.196269355714321,
,,,3.1846E-06,0.0208157896995544,0.1972735398449,
,,,3.1848E-06,0.0208157896995544,0.197106175823137,
,,,3.185E-06,-0.113075435161591,0.19777563191019,
,,,3.1852E-06,-0.0461298227310181,0.196604083757848,
,,,3.1854E-06,-0.0461298227310181,0.196771447779611,
,,,3.1856E-06,0.0208157896995544,0.196604083757848,
,,,3.1858E-06,-0.113075435161591,0.196436719736084,
,,,3.186E-06,-0.0461298227310181,0.196101991692558,
,,,3.1862E-06,-0.0461298227310181,0.196101991692558,
,,,3.1864E-06,0.087761402130127,0.196269355714321,
,,,3.1866E-06,0.0208157896995544,0.197440903866664,
,,,3.1868E-06,0.0208157896995544,0.196604083757848,
,,,3.187E-06,0.0208157896995544,0.196938811801374,
,,,3.1872E-06,-0.113075435161591,0.196938811801374,
,,,3.1874E-06,0.087761402130127,0.196771447779611,
,,,3.1876E-06,-0.0461298227310181,0.196938811801374,
,,,3.1878E-06,-0.0461298227310181,0.196938811801374,
,,,3.188E-06,0.0208157896995544,0.1972735398449,
,,,3.1882E-06,-0.113075435161591,0.196938811801374,
,,,3.1884E-06,0.0208157896995544,0.196938811801374,
,,,3.1886E-06,0.0208157896995544,0.196938811801374,
,,,3.1888E-06,0.0208157896995544,0.197106175823137,
,,,3.189E-06,-0.0461298227310181,0.197942995931953,
,,,3.1892E-06,0.0208157896995544,0.197608267888427,
,,,3.1894E-06,-0.0461298227310181,0.197608267888427,
,,,3.1896E-06,-0.113075435161591,0.19777563191019,
,,,3.1898E-06,0.087761402130127,0.196938811801374,
,,,3.19E-06,-0.0461298227310181,0.197608267888427,
,,,3.1902E-06,0.0208157896995544,0.19827772397548,
,,,3.1904E-06,0.087761402130127,0.197942995931953,
,,,3.1906E-06,-0.113075435161591,0.19777563191019,
,,,3.1908E-06,0.0208157896995544,0.197106175823137,
,,,3.191E-06,0.087761402130127,0.1972735398449,
,,,3.1912E-06,0.0208157896995544,0.197942995931953,
,,,3.1914E-06,-0.113075435161591,0.198110359953716,
,,,3.1916E-06,0.0208157896995544,0.197942995931953,
,,,3.1918E-06,-0.0461298227310181,0.198110359953716,
,,,3.192E-06,-0.0461298227310181,0.197608267888427,
,,,3.1922E-06,0.0208157896995544,0.198110359953716,
,,,3.1924E-06,0.0208157896995544,0.19777563191019,
,,,3.1926E-06,0.0208157896995544,0.198110359953716,
,,,3.1928E-06,0.087761402130127,0.197942995931953,
,,,3.193E-06,0.0208157896995544,0.19827772397548,
,,,3.1932E-06,0.0208157896995544,0.19827772397548,
,,,3.1934E-06,0.0208157896995544,0.197608267888427,
,,,3.1936E-06,-0.0461298227310181,0.198445087997243,
,,,3.1938E-06,0.0208157896995544,0.19827772397548,
,,,3.194E-06,0.0208157896995544,0.19777563191019,
,,,3.1942E-06,0.0208157896995544,0.198110359953716,
,,,3.1944E-06,0.0208157896995544,0.19777563191019,
,,,3.1946E-06,-0.113075435161591,0.197608267888427,
,,,3.1948E-06,0.0208157896995544,0.197942995931953,
,,,3.195E-06,-0.0461298227310181,0.198110359953716,
,,,3.1952E-06,0.0208157896995544,0.197608267888427,
,,,3.1954E-06,-0.0461298227310181,0.197942995931953,
,,,3.1956E-06,0.087761402130127,0.198445087997243,
,,,3.1958E-06,-0.0461298227310181,0.197440903866664,
,,,3.196E-06,-0.0461298227310181,0.197106175823137,
,,,3.1962E-06,0.0208157896995544,0.19777563191019,
,,,3.1964E-06,-0.0461298227310181,0.198445087997243,
,,,3.1966E-06,-0.0461298227310181,0.197942995931953,
,,,3.1968E-06,0.0208157896995544,0.197608267888427,
,,,3.197E-06,-0.0461298227310181,0.197942995931953,
,,,3.1972E-06,0.087761402130127,0.197608267888427,
,,,3.1974E-06,-0.0461298227310181,0.1972735398449,
,,,3.1976E-06,0.0208157896995544,0.19777563191019,
,,,3.1978E-06,0.0208157896995544,0.197942995931953,
,,,3.198E-06,-0.0461298227310181,0.197106175823137,
,,,3.1982E-06,0.0208157896995544,0.197608267888427,
,,,3.1984E-06,0.0208157896995544,0.19777563191019,
,,,3.1986E-06,-0.0461298227310181,0.19777563191019,
,,,3.1988E-06,0.0208157896995544,0.197440903866664,
,,,3.199E-06,0.0208157896995544,0.19777563191019,
,,,3.1992E-06,0.0208157896995544,0.197608267888427,
,,,3.1994E-06,0.0208157896995544,0.197440903866664,
,,,3.1996E-06,0.154707014560699,0.1972735398449,
,,,3.1998E-06,0.0208157896995544,0.197106175823137,
,,,3.2E-06,-0.0461298227310181,0.196938811801374,
,,,3.2002E-06,0.087761402130127,0.196771447779611,
,,,3.2004E-06,0.087761402130127,0.197608267888427,
,,,3.2006E-06,-0.0461298227310181,0.1972735398449,
,,,3.2008E-06,0.0208157896995544,0.197440903866664,
,,,3.201E-06,-0.0461298227310181,0.196938811801374,
,,,3.2012E-06,0.087761402130127,0.197440903866664,
,,,3.2014E-06,0.087761402130127,0.197440903866664,
,,,3.2016E-06,0.087761402130127,0.197608267888427,
,,,3.2018E-06,-0.0461298227310181,0.196771447779611,
,,,3.202E-06,0.0208157896995544,0.197106175823137,
,,,3.2022E-06,0.087761402130127,0.197106175823137,
,,,3.2024E-06,0.0208157896995544,0.197106175823137,
,,,3.2026E-06,-0.113075435161591,0.196101991692558,
,,,3.2028E-06,0.0208157896995544,0.1972735398449,
,,,3.203E-06,0.0208157896995544,0.196938811801374,
,,,3.2032E-06,0.0208157896995544,0.197608267888427,
,,,3.2034E-06,-0.0461298227310181,0.196771447779611,
,,,3.2036E-06,0.0208157896995544,0.197440903866664,
,,,3.2038E-06,-0.0461298227310181,0.1972735398449,
,,,3.204E-06,-0.0461298227310181,0.196604083757848,
,,,3.2042E-06,-0.0461298227310181,0.197106175823137,
,,,3.2044E-06,0.087761402130127,0.196604083757848,
,,,3.2046E-06,-0.0461298227310181,0.197106175823137,
,,,3.2048E-06,0.087761402130127,0.196604083757848,
,,,3.205E-06,-0.0461298227310181,0.196101991692558,
,,,3.2052E-06,-0.0461298227310181,0.197440903866664,
,,,3.2054E-06,0.0208157896995544,0.197608267888427,
,,,3.2056E-06,0.087761402130127,0.196771447779611,
,,,3.2058E-06,-0.0461298227310181,0.197608267888427,
,,,3.206E-06,0.087761402130127,0.196771447779611,
,,,3.2062E-06,0.0208157896995544,0.196269355714321,
,,,3.2064E-06,0.087761402130127,0.196938811801374,
,,,3.2066E-06,0.0208157896995544,0.197942995931953,
,,,3.2068E-06,-0.0461298227310181,0.196938811801374,
,,,3.207E-06,0.087761402130127,0.196269355714321,
,,,3.2072E-06,0.087761402130127,0.197106175823137,
,,,3.2074E-06,-0.113075435161591,0.197106175823137,
,,,3.2076E-06,-0.0461298227310181,0.196436719736084,
,,,3.2078E-06,0.087761402130127,0.197440903866664,
,,,3.208E-06,0.087761402130127,0.197440903866664,
,,,3.2082E-06,-0.113075435161591,0.1972735398449,
,,,3.2084E-06,0.0208157896995544,0.196269355714321,
,,,3.2086E-06,-0.0461298227310181,0.197608267888427,
,,,3.2088E-06,-0.113075435161591,0.197106175823137,
,,,3.209E-06,-0.0461298227310181,0.197608267888427,
,,,3.2092E-06,0.0208157896995544,0.19777563191019,
,,,3.2094E-06,-0.113075435161591,0.19777563191019,
,,,3.2096E-06,0.087761402130127,0.1972735398449,
,,,3.2098E-06,-0.113075435161591,0.196938811801374,
,,,3.21E-06,-0.0461298227310181,0.197608267888427,
,,,3.2102E-06,0.087761402130127,0.1972735398449,
,,,3.2104E-06,0.087761402130127,0.197440903866664,
,,,3.2106E-06,-0.0461298227310181,0.197942995931953,
,,,3.2108E-06,-0.0461298227310181,0.19777563191019,
,,,3.211E-06,-0.0461298227310181,0.197440903866664,
,,,3.2112E-06,-0.113075435161591,0.1972735398449,
,,,3.2114E-06,-0.0461298227310181,0.197106175823137,
,,,3.2116E-06,0.0208157896995544,0.19777563191019,
,,,3.2118E-06,0.0208157896995544,0.198110359953716,
,,,3.212E-06,0.0208157896995544,0.197942995931953,
,,,3.2122E-06,-0.0461298227310181,0.197608267888427,
,,,3.2124E-06,0.087761402130127,0.197608267888427,
,,,3.2126E-06,0.087761402130127,0.197440903866664,
,,,3.2128E-06,-0.0461298227310181,0.198110359953716,
,,,3.213E-06,0.0208157896995544,0.197440903866664,
,,,3.2132E-06,0.0208157896995544,0.19777563191019,
,,,3.2134E-06,0.0208157896995544,0.197608267888427,
,,,3.2136E-06,0.0208157896995544,0.198110359953716,
,,,3.2138E-06,-0.0461298227310181,0.197608267888427,
,,,3.214E-06,0.0208157896995544,0.19777563191019,
,,,3.2142E-06,0.0208157896995544,0.198110359953716,
,,,3.2144E-06,0.154707014560699,0.197608267888427,
,,,3.2146E-06,-0.113075435161591,0.197106175823137,
,,,3.2148E-06,0.087761402130127,0.19777563191019,
,,,3.215E-06,0.087761402130127,0.19827772397548,
,,,3.2152E-06,0.0208157896995544,0.1972735398449,
,,,3.2154E-06,-0.113075435161591,0.198110359953716,
,,,3.2156E-06,0.0208157896995544,0.197942995931953,
,,,3.2158E-06,0.0208157896995544,0.197608267888427,
,,,3.216E-06,0.0208157896995544,0.197608267888427,
,,,3.2162E-06,-0.113075435161591,0.197440903866664,
,,,3.2164E-06,0.0208157896995544,0.1972735398449,
,,,3.2166E-06,-0.0461298227310181,0.1972735398449,
,,,3.2168E-06,0.0208157896995544,0.196604083757848,
,,,3.217E-06,-0.0461298227310181,0.19777563191019,
,,,3.2172E-06,0.0208157896995544,0.19777563191019,
,,,3.2174E-06,-0.0461298227310181,0.197942995931953,
,,,3.2176E-06,-0.0461298227310181,0.197440903866664,
,,,3.2178E-06,-0.0461298227310181,0.19777563191019,
,,,3.218E-06,0.0208157896995544,0.197942995931953,
,,,3.2182E-06,0.0208157896995544,0.198110359953716,
,,,3.2184E-06,0.0208157896995544,0.197106175823137,
,,,3.2186E-06,0.0208157896995544,0.19777563191019,
,,,3.2188E-06,0.0208157896995544,0.197440903866664,
,,,3.219E-06,0.0208157896995544,0.198110359953716,
,,,3.2192E-06,-0.0461298227310181,0.198110359953716,
,,,3.2194E-06,0.0208157896995544,0.197608267888427,
,,,3.2196E-06,0.0208157896995544,0.1972735398449,
,,,3.2198E-06,-0.0461298227310181,0.197608267888427,
,,,3.22E-06,0.0208157896995544,0.198110359953716,
,,,3.2202E-06,0.0208157896995544,0.197440903866664,
,,,3.2204E-06,0.0208157896995544,0.1972735398449,
,,,3.2206E-06,0.0208157896995544,0.197608267888427,
,,,3.2208E-06,0.154707014560699,0.1972735398449,
,,,3.221E-06,-0.113075435161591,0.1972735398449,
,,,3.2212E-06,-0.0461298227310181,0.197440903866664,
,,,3.2214E-06,0.0208157896995544,0.197608267888427,
,,,3.2216E-06,0.0208157896995544,0.196604083757848,
,,,3.2218E-06,0.0208157896995544,0.196269355714321,
,,,3.222E-06,0.0208157896995544,0.196771447779611,
,,,3.2222E-06,-0.0461298227310181,0.196771447779611,
,,,3.2224E-06,0.0208157896995544,0.198110359953716,
,,,3.2226E-06,-0.0461298227310181,0.196604083757848,
,,,3.2228E-06,0.0208157896995544,0.196771447779611,
,,,3.223E-06,0.0208157896995544,0.1972735398449,
,,,3.2232E-06,0.087761402130127,0.196604083757848,
,,,3.2234E-06,-0.0461298227310181,0.196269355714321,
,,,3.2236E-06,-0.0461298227310181,0.197106175823137,
,,,3.2238E-06,-0.0461298227310181,0.196269355714321,
,,,3.224E-06,0.0208157896995544,0.196604083757848,
,,,3.2242E-06,0.0208157896995544,0.196101991692558,
,,,3.2244E-06,0.0208157896995544,0.196771447779611,
,,,3.2246E-06,-0.113075435161591,0.196436719736084,
,,,3.2248E-06,0.087761402130127,0.196604083757848,
,,,3.225E-06,0.0208157896995544,0.196604083757848,
,,,3.2252E-06,0.087761402130127,0.197106175823137,
,,,3.2254E-06,0.0208157896995544,0.196436719736084,
,,,3.2256E-06,0.0208157896995544,0.196269355714321,
,,,3.2258E-06,-0.0461298227310181,0.196938811801374,
,,,3.226E-06,-0.0461298227310181,0.196604083757848,
,,,3.2262E-06,0.0208157896995544,0.196436719736084,
,,,3.2264E-06,0.0208157896995544,0.197106175823137,
,,,3.2266E-06,0.0208157896995544,0.196604083757848,
,,,3.2268E-06,0.0208157896995544,0.196436719736084,
,,,3.227E-06,-0.0461298227310181,0.197106175823137,
,,,3.2272E-06,0.0208157896995544,0.196604083757848,
,,,3.2274E-06,0.0208157896995544,0.196269355714321,
,,,3.2276E-06,-0.0461298227310181,0.196436719736084,
,,,3.2278E-06,-0.0461298227310181,0.197106175823137,
,,,3.228E-06,-0.0461298227310181,0.196771447779611,
,,,3.2282E-06,0.0208157896995544,0.196604083757848,
,,,3.2284E-06,0.0208157896995544,0.196604083757848,
,,,3.2286E-06,-0.0461298227310181,0.196938811801374,
,,,3.2288E-06,0.0208157896995544,0.196101991692558,
,,,3.229E-06,-0.0461298227310181,0.196938811801374,
,,,3.2292E-06,0.087761402130127,0.1972735398449,
,,,3.2294E-06,0.0208157896995544,0.197106175823137,
,,,3.2296E-06,0.0208157896995544,0.197106175823137,
,,,3.2298E-06,-0.0461298227310181,0.197608267888427,
,,,3.23E-06,0.0208157896995544,0.197106175823137,
,,,3.2302E-06,-0.0461298227310181,0.197106175823137,
,,,3.2304E-06,0.0208157896995544,0.197440903866664,
,,,3.2306E-06,-0.180021047592163,0.1972735398449,
,,,3.2308E-06,0.0208157896995544,0.196269355714321,
,,,3.231E-06,-0.113075435161591,0.197608267888427,
,,,3.2312E-06,0.0208157896995544,0.197608267888427,
,,,3.2314E-06,0.0208157896995544,0.196938811801374,
,,,3.2316E-06,0.154707014560699,0.196938811801374,
,,,3.2318E-06,0.0208157896995544,0.1972735398449,
,,,3.232E-06,0.0208157896995544,0.1972735398449,
,,,3.2322E-06,0.0208157896995544,0.197440903866664,
,,,3.2324E-06,-0.0461298227310181,0.197608267888427,
,,,3.2326E-06,0.0208157896995544,0.197440903866664,
,,,3.2328E-06,0.0208157896995544,0.19777563191019,
,,,3.233E-06,-0.0461298227310181,0.197440903866664,
,,,3.2332E-06,-0.0461298227310181,0.196938811801374,
,,,3.2334E-06,0.0208157896995544,0.198110359953716,
,,,3.2336E-06,0.087761402130127,0.197608267888427,
,,,3.2338E-06,0.0208157896995544,0.1972735398449,
,,,3.234E-06,-0.0461298227310181,0.197942995931953,
,,,3.2342E-06,0.087761402130127,0.198445087997243,
,,,3.2344E-06,0.0208157896995544,0.1972735398449,
,,,3.2346E-06,-0.0461298227310181,0.197608267888427,
,,,3.2348E-06,-0.113075435161591,0.197942995931953,
,,,3.235E-06,-0.113075435161591,0.19777563191019,
,,,3.2352E-06,0.087761402130127,0.198445087997243,
,,,3.2354E-06,-0.0461298227310181,0.197942995931953,
,,,3.2356E-06,-0.0461298227310181,0.198110359953716,
,,,3.2358E-06,0.0208157896995544,0.197440903866664,
,,,3.236E-06,0.0208157896995544,0.197942995931953,
,,,3.2362E-06,-0.0461298227310181,0.197942995931953,
,,,3.2364E-06,0.087761402130127,0.198445087997243,
,,,3.2366E-06,-0.0461298227310181,0.198445087997243,
,,,3.2368E-06,0.087761402130127,0.197942995931953,
,,,3.237E-06,-0.113075435161591,0.198110359953716,
,,,3.2372E-06,-0.0461298227310181,0.197440903866664,
,,,3.2374E-06,0.0208157896995544,0.197608267888427,
,,,3.2376E-06,0.0208157896995544,0.198110359953716,
,,,3.2378E-06,-0.0461298227310181,0.198445087997243,
,,,3.238E-06,0.0208157896995544,0.197942995931953,
,,,3.2382E-06,0.0208157896995544,0.1972735398449,
,,,3.2384E-06,0.0208157896995544,0.197942995931953,
,,,3.2386E-06,0.0208157896995544,0.197942995931953,
,,,3.2388E-06,-0.0461298227310181,0.197440903866664,
,,,3.239E-06,-0.0461298227310181,0.1972735398449,
,,,3.2392E-06,0.0208157896995544,0.197440903866664,
,,,3.2394E-06,0.087761402130127,0.197440903866664,
,,,3.2396E-06,0.0208157896995544,0.197608267888427,
,,,3.2398E-06,-0.0461298227310181,0.197608267888427,
,,,3.24E-06,0.0208157896995544,0.197440903866664,
,,,3.2402E-06,0.0208157896995544,0.198110359953716,
,,,3.2404E-06,0.0208157896995544,0.197942995931953,
,,,3.2406E-06,0.0208157896995544,0.19777563191019,
,,,3.2408E-06,-0.0461298227310181,0.196938811801374,
,,,3.241E-06,0.0208157896995544,0.1972735398449,
,,,3.2412E-06,0.0208157896995544,0.19777563191019,
,,,3.2414E-06,0.0208157896995544,0.19827772397548,
,,,3.2416E-06,0.087761402130127,0.1972735398449,
,,,3.2418E-06,-0.0461298227310181,0.196938811801374,
,,,3.242E-06,-0.0461298227310181,0.197106175823137,
,,,3.2422E-06,-0.0461298227310181,0.196938811801374,
,,,3.2424E-06,0.0208157896995544,0.197440903866664,
,,,3.2426E-06,-0.0461298227310181,0.196938811801374,
,,,3.2428E-06,0.087761402130127,0.196938811801374,
,,,3.243E-06,-0.0461298227310181,0.197106175823137,
,,,3.2432E-06,0.0208157896995544,0.197106175823137,
,,,3.2434E-06,0.0208157896995544,0.196938811801374,
,,,3.2436E-06,-0.0461298227310181,0.1972735398449,
,,,3.2438E-06,-0.113075435161591,0.196938811801374,
,,,3.244E-06,0.0208157896995544,0.196938811801374,
,,,3.2442E-06,0.0208157896995544,0.196771447779611,
,,,3.2444E-06,0.087761402130127,0.196436719736084,
,,,3.2446E-06,0.0208157896995544,0.196604083757848,
,,,3.2448E-06,-0.0461298227310181,0.196436719736084,
,,,3.245E-06,-0.0461298227310181,0.1972735398449,
,,,3.2452E-06,-0.0461298227310181,0.196436719736084,
,,,3.2454E-06,0.0208157896995544,0.196269355714321,
,,,3.2456E-06,-0.0461298227310181,0.196436719736084,
,,,3.2458E-06,-0.0461298227310181,0.195934627670795,
,,,3.246E-06,0.0208157896995544,0.197106175823137,
,,,3.2462E-06,0.0208157896995544,0.196604083757848,
,,,3.2464E-06,0.087761402130127,0.1972735398449,
,,,3.2466E-06,-0.0461298227310181,0.196938811801374,
,,,3.2468E-06,0.0208157896995544,0.196101991692558,
,,,3.247E-06,-0.0461298227310181,0.196604083757848,
,,,3.2472E-06,-0.0461298227310181,0.197106175823137,
,,,3.2474E-06,0.0208157896995544,0.197440903866664,
,,,3.2476E-06,0.0208157896995544,0.197106175823137,
,,,3.2478E-06,0.0208157896995544,0.196938811801374,
,,,3.248E-06,0.0208157896995544,0.196604083757848,
,,,3.2482E-06,-0.0461298227310181,0.196938811801374,
,,,3.2484E-06,0.087761402130127,0.196938811801374,
,,,3.2486E-06,0.087761402130127,0.196771447779611,
,,,3.2488E-06,0.0208157896995544,0.196771447779611,
,,,3.249E-06,-0.113075435161591,0.19777563191019,
,,,3.2492E-06,-0.0461298227310181,0.197608267888427,
,,,3.2494E-06,0.0208157896995544,0.196604083757848,
,,,3.2496E-06,0.087761402130127,0.196771447779611,
,,,3.2498E-06,-0.0461298227310181,0.1972735398449,
,,,3.25E-06,-0.0461298227310181,0.196938811801374,
,,,3.2502E-06,0.0208157896995544,0.196938811801374,
,,,3.2504E-06,0.0208157896995544,0.1972735398449,
,,,3.2506E-06,0.0208157896995544,0.19777563191019,
,,,3.2508E-06,0.087761402130127,0.197106175823137,
,,,3.251E-06,0.087761402130127,0.196938811801374,
,,,3.2512E-06,-0.0461298227310181,0.197942995931953,
,,,3.2514E-06,0.154707014560699,0.19777563191019,
,,,3.2516E-06,-0.0461298227310181,0.197440903866664,
,,,3.2518E-06,0.0208157896995544,0.197942995931953,
,,,3.252E-06,0.087761402130127,0.198110359953716,
,,,3.2522E-06,0.0208157896995544,0.19777563191019,
,,,3.2524E-06,0.0208157896995544,0.1972735398449,
,,,3.2526E-06,0.087761402130127,0.196938811801374,
,,,3.2528E-06,0.0208157896995544,0.197440903866664,
,,,3.253E-06,-0.0461298227310181,0.1972735398449,
,,,3.2532E-06,0.0208157896995544,0.196938811801374,
,,,3.2534E-06,0.0208157896995544,0.19777563191019,
,,,3.2536E-06,0.0208157896995544,0.197106175823137,
,,,3.2538E-06,-0.0461298227310181,0.1972735398449,
,,,3.254E-06,-0.113075435161591,0.197942995931953,
,,,3.2542E-06,0.087761402130127,0.197608267888427,
,,,3.2544E-06,0.087761402130127,0.197942995931953,
,,,3.2546E-06,-0.0461298227310181,0.197942995931953,
,,,3.2548E-06,0.0208157896995544,0.198779816040769,
,,,3.255E-06,0.0208157896995544,0.197942995931953,
,,,3.2552E-06,0.0208157896995544,0.197440903866664,
,,,3.2554E-06,-0.0461298227310181,0.198445087997243,
,,,3.2556E-06,0.0208157896995544,0.19827772397548,
,,,3.2558E-06,-0.113075435161591,0.197942995931953,
,,,3.256E-06,-0.0461298227310181,0.197942995931953,
,,,3.2562E-06,-0.0461298227310181,0.197942995931953,
,,,3.2564E-06,-0.0461298227310181,0.198110359953716,
,,,3.2566E-06,0.0208157896995544,0.198110359953716,
,,,3.2568E-06,0.0208157896995544,0.198110359953716,
,,,3.257E-06,-0.0461298227310181,0.198110359953716,
,,,3.2572E-06,0.087761402130127,0.19777563191019,
,,,3.2574E-06,0.0208157896995544,0.198612452019006,
,,,3.2576E-06,-0.0461298227310181,0.197942995931953,
,,,3.2578E-06,0.0208157896995544,0.19777563191019,
,,,3.258E-06,-0.0461298227310181,0.197942995931953,
,,,3.2582E-06,-0.0461298227310181,0.197942995931953,
,,,3.2584E-06,-0.0461298227310181,0.198110359953716,
,,,3.2586E-06,-0.113075435161591,0.198612452019006,
,,,3.2588E-06,-0.0461298227310181,0.19777563191019,
,,,3.259E-06,0.087761402130127,0.198110359953716,
,,,3.2592E-06,0.087761402130127,0.197942995931953,
,,,3.2594E-06,-0.0461298227310181,0.197608267888427,
,,,3.2596E-06,0.0208157896995544,0.19827772397548,
,,,3.2598E-06,-0.0461298227310181,0.198445087997243,
,,,3.26E-06,-0.0461298227310181,0.19827772397548,
,,,3.2602E-06,-0.0461298227310181,0.197440903866664,
,,,3.2604E-06,-0.0461298227310181,0.19777563191019,
,,,3.2606E-06,0.0208157896995544,0.197440903866664,
,,,3.2608E-06,0.0208157896995544,0.19777563191019,
,,,3.261E-06,-0.113075435161591,0.197106175823137,
,,,3.2612E-06,0.087761402130127,0.197608267888427,
,,,3.2614E-06,0.0208157896995544,0.1972735398449,
,,,3.2616E-06,0.0208157896995544,0.196771447779611,
,,,3.2618E-06,0.0208157896995544,0.196771447779611,
,,,3.262E-06,-0.0461298227310181,0.197106175823137,
,,,3.2622E-06,-0.0461298227310181,0.197440903866664,
,,,3.2624E-06,-0.0461298227310181,0.197106175823137,
,,,3.2626E-06,-0.0461298227310181,0.197608267888427,
,,,3.2628E-06,-0.0461298227310181,0.196604083757848,
,,,3.263E-06,0.0208157896995544,0.196604083757848,
,,,3.2632E-06,0.087761402130127,0.197942995931953,
,,,3.2634E-06,0.087761402130127,0.197608267888427,
,,,3.2636E-06,0.0208157896995544,0.197106175823137,
,,,3.2638E-06,-0.0461298227310181,0.196771447779611,
,,,3.264E-06,-0.0461298227310181,0.197106175823137,
,,,3.2642E-06,0.0208157896995544,0.197440903866664,
,,,3.2644E-06,-0.0461298227310181,0.196604083757848,
,,,3.2646E-06,-0.0461298227310181,0.196604083757848,
,,,3.2648E-06,0.0208157896995544,0.197440903866664,
,,,3.265E-06,-0.113075435161591,0.196771447779611,
,,,3.2652E-06,0.087761402130127,0.196436719736084,
,,,3.2654E-06,0.0208157896995544,0.196101991692558,
,,,3.2656E-06,0.087761402130127,0.196604083757848,
,,,3.2658E-06,-0.0461298227310181,0.196771447779611,
,,,3.266E-06,0.0208157896995544,0.196101991692558,
,,,3.2662E-06,-0.0461298227310181,0.196771447779611,
,,,3.2664E-06,-0.0461298227310181,0.197106175823137,
,,,3.2666E-06,0.0208157896995544,0.196604083757848,
,,,3.2668E-06,-0.0461298227310181,0.196938811801374,
,,,3.267E-06,0.0208157896995544,0.196938811801374,
,,,3.2672E-06,-0.0461298227310181,0.196604083757848,
,,,3.2674E-06,-0.113075435161591,0.195934627670795,
,,,3.2676E-06,0.087761402130127,0.196771447779611,
,,,3.2678E-06,-0.0461298227310181,0.196436719736084,
,,,3.268E-06,0.0208157896995544,0.196269355714321,
,,,3.2682E-06,-0.0461298227310181,0.196771447779611,
,,,3.2684E-06,0.0208157896995544,0.197440903866664,
,,,3.2686E-06,-0.113075435161591,0.196771447779611,
,,,3.2688E-06,-0.0461298227310181,0.196101991692558,
,,,3.269E-06,-0.113075435161591,0.197106175823137,
,,,3.2692E-06,-0.0461298227310181,0.197440903866664,
,,,3.2694E-06,-0.0461298227310181,0.195767263649032,
,,,3.2696E-06,-0.0461298227310181,0.197106175823137,
,,,3.2698E-06,-0.0461298227310181,0.196938811801374,
,,,3.27E-06,0.0208157896995544,0.196604083757848,
,,,3.2702E-06,-0.0461298227310181,0.196771447779611,
,,,3.2704E-06,0.0208157896995544,0.196771447779611,
,,,3.2706E-06,0.0208157896995544,0.197608267888427,
,,,3.2708E-06,0.0208157896995544,0.197608267888427,
,,,3.271E-06,-0.0461298227310181,0.196604083757848,
,,,3.2712E-06,0.0208157896995544,0.196269355714321,
,,,3.2714E-06,-0.0461298227310181,0.197106175823137,
,,,3.2716E-06,0.0208157896995544,0.196771447779611,
,,,3.2718E-06,0.0208157896995544,0.196436719736084,
,,,3.272E-06,0.087761402130127,0.1972735398449,
,,,3.2722E-06,0.0208157896995544,0.1972735398449,
,,,3.2724E-06,-0.0461298227310181,0.197106175823137,
,,,3.2726E-06,0.0208157896995544,0.196771447779611,
,,,3.2728E-06,-0.0461298227310181,0.197608267888427,
,,,3.273E-06,0.0208157896995544,0.1972735398449,
,,,3.2732E-06,0.0208157896995544,0.197440903866664,
,,,3.2734E-06,-0.0461298227310181,0.197440903866664,
,,,3.2736E-06,0.0208157896995544,0.1972735398449,
,,,3.2738E-06,-0.113075435161591,0.196771447779611,
,,,3.274E-06,-0.0461298227310181,0.197440903866664,
,,,3.2742E-06,0.087761402130127,0.197440903866664,
,,,3.2744E-06,0.0208157896995544,0.196771447779611,
,,,3.2746E-06,-0.0461298227310181,0.196604083757848,
,,,3.2748E-06,-0.0461298227310181,0.1972735398449,
,,,3.275E-06,-0.0461298227310181,0.197608267888427,
,,,3.2752E-06,-0.0461298227310181,0.196436719736084,
,,,3.2754E-06,0.0208157896995544,0.196604083757848,
,,,3.2756E-06,0.0208157896995544,0.196604083757848,
,,,3.2758E-06,-0.113075435161591,0.1972735398449,
,,,3.276E-06,-0.0461298227310181,0.196771447779611,
,,,3.2762E-06,0.0208157896995544,0.197440903866664,
,,,3.2764E-06,0.087761402130127,0.198110359953716,
,,,3.2766E-06,-0.0461298227310181,0.197440903866664,
,,,3.2768E-06,-0.0461298227310181,0.1972735398449,
,,,3.277E-06,0.087761402130127,0.19777563191019,
,,,3.2772E-06,0.0208157896995544,0.197608267888427,
,,,3.2774E-06,-0.0461298227310181,0.197106175823137,
,,,3.2776E-06,0.0208157896995544,0.197440903866664,
,,,3.2778E-06,-0.0461298227310181,0.197106175823137,
,,,3.278E-06,-0.0461298227310181,0.197608267888427,
,,,3.2782E-06,-0.0461298227310181,0.197608267888427,
,,,3.2784E-06,0.0208157896995544,0.197106175823137,
,,,3.2786E-06,0.0208157896995544,0.1972735398449,
,,,3.2788E-06,0.0208157896995544,0.196604083757848,
,,,3.279E-06,-0.0461298227310181,0.1972735398449,
,,,3.2792E-06,-0.0461298227310181,0.197106175823137,
,,,3.2794E-06,-0.113075435161591,0.197106175823137,
,,,3.2796E-06,-0.113075435161591,0.197106175823137,
,,,3.2798E-06,0.087761402130127,0.19777563191019,
,,,3.28E-06,0.087761402130127,0.197942995931953,
,,,3.2802E-06,-0.113075435161591,0.1972735398449,
,,,3.2804E-06,-0.113075435161591,0.197440903866664,
,,,3.2806E-06,0.0208157896995544,0.19777563191019,
,,,3.2808E-06,0.0208157896995544,0.196938811801374,
,,,3.281E-06,-0.0461298227310181,0.196436719736084,
,,,3.2812E-06,-0.0461298227310181,0.197106175823137,
,,,3.2814E-06,-0.0461298227310181,0.198445087997243,
,,,3.2816E-06,0.0208157896995544,0.196771447779611,
,,,3.2818E-06,0.087761402130127,0.196436719736084,
,,,3.282E-06,-0.0461298227310181,0.196771447779611,
,,,3.2822E-06,-0.113075435161591,0.198110359953716,
,,,3.2824E-06,0.087761402130127,0.198110359953716,
,,,3.2826E-06,0.0208157896995544,0.196771447779611,
,,,3.2828E-06,0.0208157896995544,0.196436719736084,
,,,3.283E-06,0.0208157896995544,0.197106175823137,
,,,3.2832E-06,0.0208157896995544,0.196604083757848,
,,,3.2834E-06,0.0208157896995544,0.196938811801374,
,,,3.2836E-06,-0.113075435161591,0.197106175823137,
,,,3.2838E-06,-0.0461298227310181,0.196604083757848,
,,,3.284E-06,0.0208157896995544,0.197106175823137,
,,,3.2842E-06,-0.113075435161591,0.1972735398449,
,,,3.2844E-06,-0.0461298227310181,0.196604083757848,
,,,3.2846E-06,0.0208157896995544,0.196938811801374,
,,,3.2848E-06,0.087761402130127,0.1972735398449,
,,,3.285E-06,-0.0461298227310181,0.196938811801374,
,,,3.2852E-06,-0.0461298227310181,0.196771447779611,
,,,3.2854E-06,-0.0461298227310181,0.19777563191019,
,,,3.2856E-06,0.0208157896995544,0.19777563191019,
,,,3.2858E-06,-0.0461298227310181,0.197106175823137,
,,,3.286E-06,-0.113075435161591,0.197106175823137,
,,,3.2862E-06,0.0208157896995544,0.197608267888427,
,,,3.2864E-06,-0.0461298227310181,0.19777563191019,
,,,3.2866E-06,-0.113075435161591,0.1972735398449,
,,,3.2868E-06,0.0208157896995544,0.197440903866664,
,,,3.287E-06,0.0208157896995544,0.196938811801374,
,,,3.2872E-06,0.0208157896995544,0.197106175823137,
,,,3.2874E-06,-0.0461298227310181,0.1972735398449,
,,,3.2876E-06,-0.0461298227310181,0.197440903866664,
,,,3.2878E-06,-0.0461298227310181,0.197106175823137,
,,,3.288E-06,-0.0461298227310181,0.197608267888427,
,,,3.2882E-06,-0.0461298227310181,0.1972735398449,
,,,3.2884E-06,0.0208157896995544,0.196938811801374,
,,,3.2886E-06,0.0208157896995544,0.196938811801374,
,,,3.2888E-06,0.087761402130127,0.197440903866664,
,,,3.289E-06,0.0208157896995544,0.196604083757848,
,,,3.2892E-06,0.087761402130127,0.196269355714321,
,,,3.2894E-06,0.0208157896995544,0.196604083757848,
,,,3.2896E-06,0.0208157896995544,0.196771447779611,
,,,3.2898E-06,0.0208157896995544,0.196269355714321,
,,,3.29E-06,0.0208157896995544,0.196604083757848,
,,,3.2902E-06,-0.0461298227310181,0.196101991692558,
,,,3.2904E-06,0.0208157896995544,0.196604083757848,
,,,3.2906E-06,-0.113075435161591,0.195934627670795,
,,,3.2908E-06,-0.0461298227310181,0.196604083757848,
,,,3.291E-06,0.0208157896995544,0.196604083757848,
,,,3.2912E-06,0.154707014560699,0.196938811801374,
,,,3.2914E-06,-0.0461298227310181,0.196771447779611,
,,,3.2916E-06,-0.0461298227310181,0.196604083757848,
,,,3.2918E-06,0.0208157896995544,0.1972735398449,
,,,3.292E-06,0.087761402130127,0.196101991692558,
,,,3.2922E-06,0.0208157896995544,0.197106175823137,
,,,3.2924E-06,0.0208157896995544,0.197106175823137,
,,,3.2926E-06,0.087761402130127,0.196436719736084,
,,,3.2928E-06,0.0208157896995544,0.196269355714321,
,,,3.293E-06,-0.0461298227310181,0.196938811801374,
,,,3.2932E-06,0.0208157896995544,0.196938811801374,
,,,3.2934E-06,0.087761402130127,0.196604083757848,
,,,3.2936E-06,0.0208157896995544,0.196269355714321,
,,,3.2938E-06,0.0208157896995544,0.197106175823137,
,,,3.294E-06,-0.0461298227310181,0.196436719736084,
,,,3.2942E-06,-0.0461298227310181,0.197106175823137,
,,,3.2944E-06,-0.0461298227310181,0.196269355714321,
,,,3.2946E-06,0.0208157896995544,0.197106175823137,
,,,3.2948E-06,-0.0461298227310181,0.197106175823137,
,,,3.295E-06,-0.0461298227310181,0.196436719736084,
,,,3.2952E-06,0.0208157896995544,0.196101991692558,
,,,3.2954E-06,0.0208157896995544,0.196938811801374,
,,,3.2956E-06,0.087761402130127,0.196938811801374,
,,,3.2958E-06,0.0208157896995544,0.196938811801374,
,,,3.296E-06,0.0208157896995544,0.196771447779611,
,,,3.2962E-06,0.0208157896995544,0.196938811801374,
,,,3.2964E-06,0.0208157896995544,0.196604083757848,
,,,3.2966E-06,-0.0461298227310181,0.196938811801374,
,,,3.2968E-06,-0.0461298227310181,0.196604083757848,
,,,3.297E-06,0.0208157896995544,0.196436719736084,
,,,3.2972E-06,0.0208157896995544,0.196771447779611,
,,,3.2974E-06,0.0208157896995544,0.196269355714321,
,,,3.2976E-06,0.087761402130127,0.1972735398449,
,,,3.2978E-06,-0.0461298227310181,0.196771447779611,
,,,3.298E-06,0.0208157896995544,0.196771447779611,
,,,3.2982E-06,0.0208157896995544,0.196771447779611,
,,,3.2984E-06,0.0208157896995544,0.196604083757848,
,,,3.2986E-06,0.0208157896995544,0.196436719736084,
,,,3.2988E-06,-0.113075435161591,0.196771447779611,
,,,3.299E-06,-0.0461298227310181,0.1972735398449,
,,,3.2992E-06,0.087761402130127,0.197440903866664,
,,,3.2994E-06,-0.0461298227310181,0.196604083757848,
,,,3.2996E-06,-0.0461298227310181,0.196771447779611,
,,,3.2998E-06,0.087761402130127,0.19777563191019,
,,,3.3E-06,0.0208157896995544,0.196938811801374,
,,,3.3002E-06,-0.0461298227310181,0.197440903866664,
,,,3.3004E-06,0.0208157896995544,0.197440903866664,
,,,3.3006E-06,-0.0461298227310181,0.196771447779611,
,,,3.3008E-06,-0.113075435161591,0.196938811801374,
,,,3.301E-06,-0.0461298227310181,0.197608267888427,
,,,3.3012E-06,0.0208157896995544,0.197440903866664,
,,,3.3014E-06,-0.0461298227310181,0.1972735398449,
,,,3.3016E-06,0.0208157896995544,0.197440903866664,
,,,3.3018E-06,-0.0461298227310181,0.197608267888427,
,,,3.302E-06,0.0208157896995544,0.1972735398449,
,,,3.3022E-06,0.0208157896995544,0.1972735398449,
,,,3.3024E-06,0.0208157896995544,0.196771447779611,
,,,3.3026E-06,0.0208157896995544,0.197440903866664,
,,,3.3028E-06,-0.0461298227310181,0.19827772397548,
,,,3.303E-06,0.0208157896995544,0.1972735398449,
,,,3.3032E-06,0.0208157896995544,0.1972735398449,
,,,3.3034E-06,-0.0461298227310181,0.19777563191019,
,,,3.3036E-06,0.0208157896995544,0.196269355714321,
,,,3.3038E-06,-0.0461298227310181,0.197440903866664,
,,,3.304E-06,0.087761402130127,0.197106175823137,
,,,3.3042E-06,-0.0461298227310181,0.19777563191019,
,,,3.3044E-06,0.087761402130127,0.196604083757848,
,,,3.3046E-06,0.0208157896995544,0.197440903866664,
,,,3.3048E-06,-0.0461298227310181,0.19777563191019,
,,,3.305E-06,0.087761402130127,0.196938811801374,
,,,3.3052E-06,-0.113075435161591,0.196938811801374,
,,,3.3054E-06,-0.0461298227310181,0.197440903866664,
,,,3.3056E-06,0.087761402130127,0.197106175823137,
,,,3.3058E-06,-0.113075435161591,0.197106175823137,
,,,3.306E-06,0.0208157896995544,0.19777563191019,
,,,3.3062E-06,0.087761402130127,0.196604083757848,
,,,3.3064E-06,0.0208157896995544,0.196771447779611,
,,,3.3066E-06,-0.113075435161591,0.197106175823137,
,,,3.3068E-06,0.087761402130127,0.197106175823137,
,,,3.307E-06,-0.0461298227310181,0.197106175823137,
,,,3.3072E-06,-0.0461298227310181,0.196604083757848,
,,,3.3074E-06,-0.0461298227310181,0.1972735398449,
,,,3.3076E-06,0.0208157896995544,0.1972735398449,
,,,3.3078E-06,-0.0461298227310181,0.196604083757848,
,,,3.308E-06,0.0208157896995544,0.196604083757848,
,,,3.3082E-06,0.0208157896995544,0.196938811801374,
,,,3.3084E-06,0.087761402130127,0.196938811801374,
,,,3.3086E-06,0.0208157896995544,0.196269355714321,
,,,3.3088E-06,-0.0461298227310181,0.196436719736084,
,,,3.309E-06,0.0208157896995544,0.196938811801374,
,,,3.3092E-06,-0.113075435161591,0.197106175823137,
,,,3.3094E-06,0.0208157896995544,0.196771447779611,
,,,3.3096E-06,0.0208157896995544,0.196604083757848,
,,,3.3098E-06,-0.113075435161591,0.197106175823137,
,,,3.31E-06,0.0208157896995544,0.196938811801374,
,,,3.3102E-06,0.087761402130127,0.197440903866664,
,,,3.3104E-06,-0.0461298227310181,0.196604083757848,
,,,3.3106E-06,0.0208157896995544,0.196604083757848,
,,,3.3108E-06,0.087761402130127,0.196771447779611,
,,,3.311E-06,-0.0461298227310181,0.196771447779611,
,,,3.3112E-06,0.0208157896995544,0.196604083757848,
,,,3.3114E-06,-0.0461298227310181,0.196604083757848,
,,,3.3116E-06,0.0208157896995544,0.196604083757848,
,,,3.3118E-06,-0.0461298227310181,0.196604083757848,
,,,3.312E-06,0.087761402130127,0.1972735398449,
,,,3.3122E-06,-0.113075435161591,0.196269355714321,
,,,3.3124E-06,0.0208157896995544,0.196771447779611,
,,,3.3126E-06,0.0208157896995544,0.196938811801374,
,,,3.3128E-06,-0.0461298227310181,0.196771447779611,
,,,3.313E-06,-0.0461298227310181,0.196101991692558,
,,,3.3132E-06,0.087761402130127,0.196771447779611,
,,,3.3134E-06,-0.0461298227310181,0.197106175823137,
,,,3.3136E-06,-0.0461298227310181,0.195767263649032,
,,,3.3138E-06,-0.113075435161591,0.196938811801374,
,,,3.314E-06,-0.0461298227310181,0.196938811801374,
,,,3.3142E-06,0.0208157896995544,0.196938811801374,
,,,3.3144E-06,0.087761402130127,0.196938811801374,
,,,3.3146E-06,0.0208157896995544,0.196938811801374,
,,,3.3148E-06,0.0208157896995544,0.196938811801374,
,,,3.315E-06,0.0208157896995544,0.196771447779611,
,,,3.3152E-06,0.0208157896995544,0.1972735398449,
,,,3.3154E-06,0.087761402130127,0.196771447779611,
,,,3.3156E-06,-0.0461298227310181,0.196771447779611,
,,,3.3158E-06,0.0208157896995544,0.197440903866664,
,,,3.316E-06,0.0208157896995544,0.197106175823137,
,,,3.3162E-06,0.0208157896995544,0.196938811801374,
,,,3.3164E-06,0.087761402130127,0.196604083757848,
,,,3.3166E-06,-0.0461298227310181,0.197106175823137,
,,,3.3168E-06,0.0208157896995544,0.1972735398449,
,,,3.317E-06,-0.0461298227310181,0.196938811801374,
,,,3.3172E-06,-0.0461298227310181,0.1972735398449,
,,,3.3174E-06,0.0208157896995544,0.197608267888427,
,,,3.3176E-06,-0.0461298227310181,0.197440903866664,
,,,3.3178E-06,-0.0461298227310181,0.197440903866664,
,,,3.318E-06,0.0208157896995544,0.197608267888427,
,,,3.3182E-06,0.087761402130127,0.1972735398449,
,,,3.3184E-06,0.087761402130127,0.197608267888427,
,,,3.3186E-06,-0.0461298227310181,0.196938811801374,
,,,3.3188E-06,0.0208157896995544,0.197440903866664,
,,,3.319E-06,0.0208157896995544,0.196771447779611,
,,,3.3192E-06,0.087761402130127,0.197440903866664,
,,,3.3194E-06,0.0208157896995544,0.1972735398449,
,,,3.3196E-06,0.087761402130127,0.196604083757848,
,,,3.3198E-06,-0.0461298227310181,0.197106175823137,
,,,3.32E-06,0.0208157896995544,0.1972735398449,
,,,3.3202E-06,0.0208157896995544,0.197608267888427,
,,,3.3204E-06,0.0208157896995544,0.196938811801374,
,,,3.3206E-06,-0.0461298227310181,0.196604083757848,
,,,3.3208E-06,0.087761402130127,0.197106175823137,
,,,3.321E-06,0.087761402130127,0.1972735398449,
,,,3.3212E-06,0.154707014560699,0.1972735398449,
,,,3.3214E-06,0.087761402130127,0.196604083757848,
,,,3.3216E-06,0.087761402130127,0.1972735398449,
,,,3.3218E-06,0.087761402130127,0.197608267888427,
,,,3.322E-06,0.0208157896995544,0.1972735398449,
,,,3.3222E-06,0.087761402130127,0.196771447779611,
,,,3.3224E-06,0.0208157896995544,0.196938811801374,
,,,3.3226E-06,-0.113075435161591,0.197440903866664,
,,,3.3228E-06,0.0208157896995544,0.196938811801374,
,,,3.323E-06,0.0208157896995544,0.1972735398449,
,,,3.3232E-06,0.0208157896995544,0.1972735398449,
,,,3.3234E-06,-0.0461298227310181,0.196938811801374,
,,,3.3236E-06,-0.0461298227310181,0.196771447779611,
,,,3.3238E-06,0.0208157896995544,0.197440903866664,
,,,3.324E-06,0.0208157896995544,0.197106175823137,
,,,3.3242E-06,0.0208157896995544,0.197440903866664,
,,,3.3244E-06,-0.0461298227310181,0.198445087997243,
,,,3.3246E-06,0.0208157896995544,0.197942995931953,
,,,3.3248E-06,0.0208157896995544,0.197608267888427,
,,,3.325E-06,-0.0461298227310181,0.196771447779611,
,,,3.3252E-06,-0.0461298227310181,0.196604083757848,
,,,3.3254E-06,-0.0461298227310181,0.197440903866664,
,,,3.3256E-06,0.087761402130127,0.197106175823137,
,,,3.3258E-06,-0.113075435161591,0.196771447779611,
,,,3.326E-06,0.0208157896995544,0.197106175823137,
,,,3.3262E-06,0.0208157896995544,0.196938811801374,
,,,3.3264E-06,0.0208157896995544,0.196604083757848,
,,,3.3266E-06,0.0208157896995544,0.196436719736084,
,,,3.3268E-06,0.0208157896995544,0.197106175823137,
,,,3.327E-06,0.0208157896995544,0.196771447779611,
,,,3.3272E-06,0.0208157896995544,0.196771447779611,
,,,3.3274E-06,0.087761402130127,0.196604083757848,
,,,3.3276E-06,0.087761402130127,0.196771447779611,
,,,3.3278E-06,0.0208157896995544,0.197440903866664,
,,,3.328E-06,0.0208157896995544,0.196771447779611,
,,,3.3282E-06,0.087761402130127,0.196771447779611,
,,,3.3284E-06,-0.113075435161591,0.196436719736084,
,,,3.3286E-06,0.0208157896995544,0.196436719736084,
,,,3.3288E-06,0.087761402130127,0.196436719736084,
,,,3.329E-06,-0.113075435161591,0.196771447779611,
,,,3.3292E-06,0.0208157896995544,0.196436719736084,
,,,3.3294E-06,0.0208157896995544,0.196604083757848,
,,,3.3296E-06,0.0208157896995544,0.197106175823137,
,,,3.3298E-06,-0.0461298227310181,0.196269355714321,
,,,3.33E-06,0.0208157896995544,0.196938811801374,
,,,3.3302E-06,0.0208157896995544,0.196771447779611,
,,,3.3304E-06,0.0208157896995544,0.196269355714321,
,,,3.3306E-06,-0.0461298227310181,0.196436719736084,
,,,3.3308E-06,0.087761402130127,0.196771447779611,
,,,3.331E-06,0.087761402130127,0.197106175823137,
,,,3.3312E-06,0.0208157896995544,0.196604083757848,
,,,3.3314E-06,0.0208157896995544,0.196436719736084,
,,,3.3316E-06,0.0208157896995544,0.197106175823137,
,,,3.3318E-06,0.087761402130127,0.196436719736084,
,,,3.332E-06,0.0208157896995544,0.195934627670795,
,,,3.3322E-06,-0.113075435161591,0.196269355714321,
,,,3.3324E-06,0.087761402130127,0.196938811801374,
,,,3.3326E-06,0.0208157896995544,0.196771447779611,
,,,3.3328E-06,0.0208157896995544,0.197608267888427,
,,,3.333E-06,0.0208157896995544,0.196436719736084,
,,,3.3332E-06,0.0208157896995544,0.196604083757848,
,,,3.3334E-06,-0.113075435161591,0.195934627670795,
,,,3.3336E-06,0.087761402130127,0.196436719736084,
,,,3.3338E-06,0.0208157896995544,0.195767263649032,
,,,3.334E-06,0.087761402130127,0.196604083757848,
,,,3.3342E-06,0.087761402130127,0.196269355714321,
,,,3.3344E-06,0.0208157896995544,0.196604083757848,
,,,3.3346E-06,0.0208157896995544,0.196604083757848,
,,,3.3348E-06,0.0208157896995544,0.196604083757848,
,,,3.335E-06,-0.0461298227310181,0.196269355714321,
,,,3.3352E-06,0.0208157896995544,0.196436719736084,
,,,3.3354E-06,-0.0461298227310181,0.195934627670795,
,,,3.3356E-06,0.087761402130127,0.195599899627268,
,,,3.3358E-06,0.0208157896995544,0.196771447779611,
,,,3.336E-06,0.087761402130127,0.196938811801374,
,,,3.3362E-06,0.0208157896995544,0.197106175823137,
,,,3.3364E-06,0.087761402130127,0.195599899627268,
,,,3.3366E-06,-0.0461298227310181,0.195599899627268,
,,,3.3368E-06,0.087761402130127,0.195767263649032,
,,,3.337E-06,0.0208157896995544,0.196604083757848,
,,,3.3372E-06,0.087761402130127,0.196604083757848,
,,,3.3374E-06,0.154707014560699,0.196938811801374,
,,,3.3376E-06,0.0208157896995544,0.195934627670795,
,,,3.3378E-06,-0.0461298227310181,0.196604083757848,
,,,3.338E-06,0.0208157896995544,0.196269355714321,
,,,3.3382E-06,-0.0461298227310181,0.196436719736084,
,,,3.3384E-06,0.087761402130127,0.196101991692558,
,,,3.3386E-06,-0.0461298227310181,0.196604083757848,
,,,3.3388E-06,0.0208157896995544,0.196771447779611,
,,,3.339E-06,0.087761402130127,0.195934627670795,
,,,3.3392E-06,0.0208157896995544,0.195432535605505,
,,,3.3394E-06,-0.0461298227310181,0.196604083757848,
,,,3.3396E-06,0.0208157896995544,0.196436719736084,
,,,3.3398E-06,0.0208157896995544,0.196101991692558,
,,,3.34E-06,0.0208157896995544,0.197106175823137,
,,,3.3402E-06,0.0208157896995544,0.196604083757848,
,,,3.3404E-06,0.087761402130127,0.196604083757848,
,,,3.3406E-06,0.0208157896995544,0.196436719736084,
,,,3.3408E-06,0.0208157896995544,0.196436719736084,
,,,3.341E-06,0.087761402130127,0.196436719736084,
,,,3.3412E-06,0.0208157896995544,0.196604083757848,
,,,3.3414E-06,0.0208157896995544,0.196269355714321,
,,,3.3416E-06,0.0208157896995544,0.196269355714321,
,,,3.3418E-06,-0.0461298227310181,0.196771447779611,
,,,3.342E-06,0.0208157896995544,0.196938811801374,
,,,3.3422E-06,0.0208157896995544,0.197106175823137,
,,,3.3424E-06,0.0208157896995544,0.195767263649032,
,,,3.3426E-06,0.0208157896995544,0.1972735398449,
,,,3.3428E-06,0.087761402130127,0.196436719736084,
,,,3.343E-06,0.0208157896995544,0.196436719736084,
,,,3.3432E-06,-0.0461298227310181,0.196436719736084,
,,,3.3434E-06,0.0208157896995544,0.196938811801374,
,,,3.3436E-06,-0.0461298227310181,0.196771447779611,
,,,3.3438E-06,0.0208157896995544,0.196101991692558,
,,,3.344E-06,0.087761402130127,0.197106175823137,
,,,3.3442E-06,-0.0461298227310181,0.196101991692558,
,,,3.3444E-06,0.0208157896995544,0.195934627670795,
,,,3.3446E-06,0.0208157896995544,0.195432535605505,
,,,3.3448E-06,0.0208157896995544,0.195432535605505,
,,,3.345E-06,-0.0461298227310181,0.195599899627268,
,,,3.3452E-06,0.087761402130127,0.196771447779611,
,,,3.3454E-06,0.0208157896995544,0.195934627670795,
,,,3.3456E-06,0.0208157896995544,0.195599899627268,
,,,3.3458E-06,0.0208157896995544,0.196101991692558,
,,,3.346E-06,0.0208157896995544,0.196771447779611,
,,,3.3462E-06,0.0208157896995544,0.196604083757848,
,,,3.3464E-06,0.087761402130127,0.196269355714321,
,,,3.3466E-06,0.0208157896995544,0.196436719736084,
,,,3.3468E-06,0.0208157896995544,0.196269355714321,
,,,3.347E-06,0.087761402130127,0.196771447779611,
,,,3.3472E-06,-0.0461298227310181,0.196938811801374,
,,,3.3474E-06,0.087761402130127,0.196771447779611,
,,,3.3476E-06,0.087761402130127,0.196604083757848,
,,,3.3478E-06,0.087761402130127,0.197106175823137,
,,,3.348E-06,0.087761402130127,0.196436719736084,
,,,3.3482E-06,0.0208157896995544,0.196771447779611,
,,,3.3484E-06,-0.0461298227310181,0.1972735398449,
,,,3.3486E-06,-0.0461298227310181,0.196771447779611,
,,,3.3488E-06,0.087761402130127,0.196938811801374,
,,,3.349E-06,0.0208157896995544,0.195767263649032,
,,,3.3492E-06,0.154707014560699,0.196269355714321,
,,,3.3494E-06,0.0208157896995544,0.196436719736084,
,,,3.3496E-06,-0.0461298227310181,0.196436719736084,
,,,3.3498E-06,0.0208157896995544,0.196436719736084,
,,,3.35E-06,0.0208157896995544,0.196604083757848,
,,,3.3502E-06,-0.0461298227310181,0.196604083757848,
,,,3.3504E-06,0.087761402130127,0.196269355714321,
,,,3.3506E-06,-0.0461298227310181,0.196436719736084,
,,,3.3508E-06,-0.0461298227310181,0.196269355714321,
,,,3.351E-06,0.087761402130127,0.195599899627268,
,,,3.3512E-06,0.0208157896995544,0.196604083757848,
,,,3.3514E-06,-0.0461298227310181,0.196771447779611,
,,,3.3516E-06,0.0208157896995544,0.196101991692558,
,,,3.3518E-06,-0.0461298227310181,0.196771447779611,
,,,3.352E-06,-0.0461298227310181,0.196938811801374,
,,,3.3522E-06,0.0208157896995544,0.195767263649032,
,,,3.3524E-06,0.087761402130127,0.195934627670795,
,,,3.3526E-06,-0.0461298227310181,0.196436719736084,
,,,3.3528E-06,0.087761402130127,0.195934627670795,
,,,3.353E-06,-0.0461298227310181,0.195767263649032,
,,,3.3532E-06,0.0208157896995544,0.196269355714321,
,,,3.3534E-06,0.154707014560699,0.196604083757848,
,,,3.3536E-06,-0.0461298227310181,0.195599899627268,
,,,3.3538E-06,0.087761402130127,0.196101991692558,
,,,3.354E-06,-0.0461298227310181,0.196604083757848,
,,,3.3542E-06,0.0208157896995544,0.196101991692558,
,,,3.3544E-06,-0.0461298227310181,0.195767263649032,
,,,3.3546E-06,0.0208157896995544,0.196269355714321,
,,,3.3548E-06,0.0208157896995544,0.196269355714321,
,,,3.355E-06,0.0208157896995544,0.196269355714321,
,,,3.3552E-06,0.154707014560699,0.196101991692558,
,,,3.3554E-06,-0.0461298227310181,0.196436719736084,
,,,3.3556E-06,-0.0461298227310181,0.195599899627268,
,,,3.3558E-06,0.087761402130127,0.195934627670795,
,,,3.356E-06,0.0208157896995544,0.195934627670795,
,,,3.3562E-06,-0.0461298227310181,0.196436719736084,
,,,3.3564E-06,-0.113075435161591,0.196436719736084,
,,,3.3566E-06,0.0208157896995544,0.196771447779611,
,,,3.3568E-06,0.0208157896995544,0.196604083757848,
,,,3.357E-06,-0.0461298227310181,0.196604083757848,
,,,3.3572E-06,-0.0461298227310181,0.196938811801374,
,,,3.3574E-06,0.0208157896995544,0.196436719736084,
,,,3.3576E-06,-0.0461298227310181,0.196771447779611,
,,,3.3578E-06,-0.0461298227310181,0.196938811801374,
,,,3.358E-06,0.0208157896995544,0.196771447779611,
,,,3.3582E-06,-0.0461298227310181,0.196771447779611,
,,,3.3584E-06,-0.0461298227310181,0.196771447779611,
,,,3.3586E-06,-0.0461298227310181,0.196436719736084,
,,,3.3588E-06,-0.0461298227310181,0.196604083757848,
,,,3.359E-06,0.0208157896995544,0.196269355714321,
,,,3.3592E-06,0.154707014560699,0.196101991692558,
,,,3.3594E-06,0.087761402130127,0.196938811801374,
,,,3.3596E-06,0.0208157896995544,0.196436719736084,
,,,3.3598E-06,0.0208157896995544,0.196101991692558,
,,,3.36E-06,-0.0461298227310181,0.196269355714321,
,,,3.3602E-06,0.0208157896995544,0.196938811801374,
,,,3.3604E-06,0.0208157896995544,0.196771447779611,
,,,3.3606E-06,0.0208157896995544,0.196604083757848,
,,,3.3608E-06,0.0208157896995544,0.196101991692558,
,,,3.361E-06,-0.113075435161591,0.196436719736084,
,,,3.3612E-06,-0.0461298227310181,0.196436719736084,
,,,3.3614E-06,0.0208157896995544,0.197106175823137,
,,,3.3616E-06,0.087761402130127,0.196938811801374,
,,,3.3618E-06,0.0208157896995544,0.197106175823137,
,,,3.362E-06,-0.0461298227310181,0.196771447779611,
,,,3.3622E-06,-0.0461298227310181,0.196436719736084,
,,,3.3624E-06,0.0208157896995544,0.197106175823137,
,,,3.3626E-06,-0.0461298227310181,0.196771447779611,
,,,3.3628E-06,-0.113075435161591,0.195934627670795,
,,,3.363E-06,0.0208157896995544,0.195767263649032,
,,,3.3632E-06,0.087761402130127,0.196436719736084,
,,,3.3634E-06,-0.0461298227310181,0.195767263649032,
,,,3.3636E-06,0.0208157896995544,0.195934627670795,
,,,3.3638E-06,0.0208157896995544,0.196269355714321,
,,,3.364E-06,0.0208157896995544,0.195432535605505,
,,,3.3642E-06,-0.113075435161591,0.196269355714321,
,,,3.3644E-06,-0.0461298227310181,0.196436719736084,
,,,3.3646E-06,0.0208157896995544,0.196269355714321,
,,,3.3648E-06,0.0208157896995544,0.196269355714321,
,,,3.365E-06,-0.113075435161591,0.196436719736084,
,,,3.3652E-06,0.0208157896995544,0.196436719736084,
,,,3.3654E-06,0.0208157896995544,0.196436719736084,
,,,3.3656E-06,0.087761402130127,0.196771447779611,
,,,3.3658E-06,-0.0461298227310181,0.196771447779611,
,,,3.366E-06,0.087761402130127,0.196604083757848,
,,,3.3662E-06,0.087761402130127,0.196604083757848,
,,,3.3664E-06,-0.0461298227310181,0.196436719736084,
,,,3.3666E-06,0.0208157896995544,0.196938811801374,
,,,3.3668E-06,-0.0461298227310181,0.196436719736084,
,,,3.367E-06,-0.0461298227310181,0.197106175823137,
,,,3.3672E-06,0.0208157896995544,0.197106175823137,
,,,3.3674E-06,0.0208157896995544,0.196604083757848,
,,,3.3676E-06,0.0208157896995544,0.197608267888427,
,,,3.3678E-06,0.0208157896995544,0.197106175823137,
,,,3.368E-06,0.154707014560699,0.196269355714321,
,,,3.3682E-06,-0.0461298227310181,0.197106175823137,
,,,3.3684E-06,0.0208157896995544,0.1972735398449,
,,,3.3686E-06,0.0208157896995544,0.197106175823137,
,,,3.3688E-06,-0.0461298227310181,0.196938811801374,
,,,3.369E-06,-0.0461298227310181,0.197106175823137,
,,,3.3692E-06,0.0208157896995544,0.196604083757848,
,,,3.3694E-06,-0.0461298227310181,0.196436719736084,
,,,3.3696E-06,-0.0461298227310181,0.196604083757848,
,,,3.3698E-06,-0.0461298227310181,0.196938811801374,
,,,3.37E-06,0.0208157896995544,0.197106175823137,
,,,3.3702E-06,0.0208157896995544,0.196101991692558,
,,,3.3704E-06,-0.0461298227310181,0.196436719736084,
,,,3.3706E-06,-0.0461298227310181,0.196771447779611,
,,,3.3708E-06,0.0208157896995544,0.196604083757848,
,,,3.371E-06,-0.113075435161591,0.195934627670795,
,,,3.3712E-06,0.0208157896995544,0.196269355714321,
,,,3.3714E-06,0.0208157896995544,0.196269355714321,
,,,3.3716E-06,-0.0461298227310181,0.196101991692558,
,,,3.3718E-06,-0.113075435161591,0.196101991692558,
,,,3.372E-06,0.087761402130127,0.196436719736084,
,,,3.3722E-06,0.0208157896995544,0.195599899627268,
,,,3.3724E-06,0.0208157896995544,0.195767263649032,
,,,3.3726E-06,0.0208157896995544,0.195767263649032,
,,,3.3728E-06,-0.0461298227310181,0.195767263649032,
,,,3.373E-06,-0.0461298227310181,0.195767263649032,
,,,3.3732E-06,-0.0461298227310181,0.196101991692558,
,,,3.3734E-06,0.0208157896995544,0.195767263649032,
,,,3.3736E-06,0.0208157896995544,0.196101991692558,
,,,3.3738E-06,-0.0461298227310181,0.195934627670795,
,,,3.374E-06,0.0208157896995544,0.195599899627268,
,,,3.3742E-06,0.087761402130127,0.196436719736084,
,,,3.3744E-06,0.0208157896995544,0.195599899627268,
,,,3.3746E-06,0.0208157896995544,0.196604083757848,
,,,3.3748E-06,0.0208157896995544,0.196101991692558,
,,,3.375E-06,0.0208157896995544,0.196436719736084,
,,,3.3752E-06,-0.0461298227310181,0.196436719736084,
,,,3.3754E-06,-0.0461298227310181,0.196604083757848,
,,,3.3756E-06,-0.113075435161591,0.196436719736084,
,,,3.3758E-06,-0.0461298227310181,0.196938811801374,
,,,3.376E-06,0.154707014560699,0.197106175823137,
,,,3.3762E-06,-0.0461298227310181,0.195934627670795,
,,,3.3764E-06,0.0208157896995544,0.196269355714321,
,,,3.3766E-06,0.087761402130127,0.196436719736084,
,,,3.3768E-06,0.0208157896995544,0.195767263649032,
,,,3.377E-06,0.0208157896995544,0.196269355714321,
,,,3.3772E-06,-0.113075435161591,0.196101991692558,
,,,3.3774E-06,0.0208157896995544,0.197440903866664,
,,,3.3776E-06,0.0208157896995544,0.196771447779611,
,,,3.3778E-06,-0.0461298227310181,0.196604083757848,
,,,3.378E-06,-0.0461298227310181,0.196771447779611,
,,,3.3782E-06,-0.0461298227310181,0.196771447779611,
,,,3.3784E-06,0.087761402130127,0.196269355714321,
,,,3.3786E-06,0.0208157896995544,0.196436719736084,
,,,3.3788E-06,0.154707014560699,0.196436719736084,
,,,3.379E-06,0.0208157896995544,0.196436719736084,
,,,3.3792E-06,0.087761402130127,0.195934627670795,
,,,3.3794E-06,0.0208157896995544,0.195934627670795,
,,,3.3796E-06,-0.0461298227310181,0.196938811801374,
,,,3.3798E-06,0.0208157896995544,0.196101991692558,
,,,3.38E-06,0.0208157896995544,0.195767263649032,
,,,3.3802E-06,-0.113075435161591,0.195767263649032,
,,,3.3804E-06,0.087761402130127,0.195767263649032,
,,,3.3806E-06,-0.0461298227310181,0.196269355714321,
,,,3.3808E-06,0.0208157896995544,0.195599899627268,
,,,3.381E-06,0.0208157896995544,0.195767263649032,
,,,3.3812E-06,0.0208157896995544,0.195934627670795,
,,,3.3814E-06,-0.113075435161591,0.195767263649032,
,,,3.3816E-06,-0.0461298227310181,0.196938811801374,
,,,3.3818E-06,0.0208157896995544,0.196101991692558,
,,,3.382E-06,-0.0461298227310181,0.196436719736084,
,,,3.3822E-06,0.087761402130127,0.195934627670795,
,,,3.3824E-06,0.0208157896995544,0.195767263649032,
,,,3.3826E-06,-0.113075435161591,0.195599899627268,
,,,3.3828E-06,0.087761402130127,0.195767263649032,
,,,3.383E-06,0.087761402130127,0.196269355714321,
,,,3.3832E-06,0.0208157896995544,0.195599899627268,
,,,3.3834E-06,-0.0461298227310181,0.195767263649032,
,,,3.3836E-06,0.087761402130127,0.196436719736084,
,,,3.3838E-06,-0.0461298227310181,0.196269355714321,
,,,3.384E-06,0.0208157896995544,0.195767263649032,
,,,3.3842E-06,-0.113075435161591,0.196604083757848,
,,,3.3844E-06,-0.0461298227310181,0.196436719736084,
,,,3.3846E-06,0.0208157896995544,0.196101991692558,
,,,3.3848E-06,0.0208157896995544,0.196604083757848,
,,,3.385E-06,-0.0461298227310181,0.197106175823137,
,,,3.3852E-06,0.087761402130127,0.196938811801374,
,,,3.3854E-06,0.0208157896995544,0.196436719736084,
,,,3.3856E-06,-0.0461298227310181,0.196771447779611,
,,,3.3858E-06,0.087761402130127,0.196771447779611,
,,,3.386E-06,-0.0461298227310181,0.196436719736084,
,,,3.3862E-06,-0.0461298227310181,0.196771447779611,
,,,3.3864E-06,0.087761402130127,0.197106175823137,
,,,3.3866E-06,-0.0461298227310181,0.196604083757848,
,,,3.3868E-06,-0.113075435161591,0.196436719736084,
,,,3.387E-06,0.0208157896995544,0.196436719736084,
,,,3.3872E-06,0.087761402130127,0.197440903866664,
,,,3.3874E-06,-0.0461298227310181,0.197106175823137,
,,,3.3876E-06,0.0208157896995544,0.196101991692558,
,,,3.3878E-06,0.087761402130127,0.196436719736084,
,,,3.388E-06,-0.0461298227310181,0.196604083757848,
,,,3.3882E-06,0.0208157896995544,0.195767263649032,
,,,3.3884E-06,0.0208157896995544,0.196436719736084,
,,,3.3886E-06,-0.0461298227310181,0.196604083757848,
,,,3.3888E-06,0.087761402130127,0.196436719736084,
,,,3.389E-06,-0.0461298227310181,0.195767263649032,
,,,3.3892E-06,0.0208157896995544,0.196269355714321,
,,,3.3894E-06,0.0208157896995544,0.195934627670795,
,,,3.3896E-06,0.0208157896995544,0.195767263649032,
,,,3.3898E-06,-0.0461298227310181,0.195432535605505,
,,,3.39E-06,-0.0461298227310181,0.196604083757848,
,,,3.3902E-06,-0.0461298227310181,0.195934627670795,
,,,3.3904E-06,0.0208157896995544,0.195599899627268,
,,,3.3906E-06,-0.113075435161591,0.195599899627268,
,,,3.3908E-06,-0.0461298227310181,0.195599899627268,
,,,3.391E-06,-0.0461298227310181,0.195599899627268,
,,,3.3912E-06,0.087761402130127,0.196101991692558,
,,,3.3914E-06,0.0208157896995544,0.195934627670795,
,,,3.3916E-06,0.087761402130127,0.196101991692558,
,,,3.3918E-06,0.0208157896995544,0.196771447779611,
,,,3.392E-06,-0.0461298227310181,0.195767263649032,
,,,3.3922E-06,0.087761402130127,0.196604083757848,
,,,3.3924E-06,-0.113075435161591,0.196269355714321,
,,,3.3926E-06,0.0208157896995544,0.196101991692558,
,,,3.3928E-06,0.0208157896995544,0.196604083757848,
,,,3.393E-06,0.0208157896995544,0.195934627670795,
,,,3.3932E-06,0.0208157896995544,0.195934627670795,
,,,3.3934E-06,0.0208157896995544,0.196436719736084,
,,,3.3936E-06,0.087761402130127,0.197106175823137,
,,,3.3938E-06,0.0208157896995544,0.196269355714321,
,,,3.394E-06,-0.0461298227310181,0.196269355714321,
,,,3.3942E-06,0.0208157896995544,0.196269355714321,
,,,3.3944E-06,-0.0461298227310181,0.195767263649032,
,,,3.3946E-06,0.0208157896995544,0.195599899627268,
,,,3.3948E-06,0.087761402130127,0.196436719736084,
,,,3.395E-06,0.087761402130127,0.195599899627268,
,,,3.3952E-06,-0.0461298227310181,0.196101991692558,
,,,3.3954E-06,-0.113075435161591,0.195934627670795,
,,,3.3956E-06,0.0208157896995544,0.196604083757848,
,,,3.3958E-06,0.0208157896995544,0.195934627670795,
,,,3.396E-06,0.0208157896995544,0.195432535605505,
,,,3.3962E-06,-0.0461298227310181,0.196101991692558,
,,,3.3964E-06,0.0208157896995544,0.195767263649032,
,,,3.3966E-06,-0.0461298227310181,0.196269355714321,
,,,3.3968E-06,0.0208157896995544,0.195432535605505,
,,,3.397E-06,0.0208157896995544,0.196101991692558,
,,,3.3972E-06,-0.113075435161591,0.196101991692558,
,,,3.3974E-06,-0.0461298227310181,0.195767263649032,
,,,3.3976E-06,0.087761402130127,0.195934627670795,
,,,3.3978E-06,-0.0461298227310181,0.196938811801374,
,,,3.398E-06,0.087761402130127,0.195432535605505,
,,,3.3982E-06,0.087761402130127,0.195265171583742,
,,,3.3984E-06,0.0208157896995544,0.196269355714321,
,,,3.3986E-06,0.0208157896995544,0.195934627670795,
,,,3.3988E-06,0.087761402130127,0.195934627670795,
,,,3.399E-06,0.0208157896995544,0.195934627670795,
,,,3.3992E-06,0.0208157896995544,0.196436719736084,
,,,3.3994E-06,0.0208157896995544,0.195432535605505,
,,,3.3996E-06,0.0208157896995544,0.195097807561979,
,,,3.3998E-06,0.087761402130127,0.195767263649032,
,,,3.4E-06,0.154707014560699,0.195599899627268,
,,,3.4002E-06,-0.0461298227310181,0.195599899627268,
,,,3.4004E-06,0.087761402130127,0.195599899627268,
,,,3.4006E-06,0.0208157896995544,0.195767263649032,
,,,3.4008E-06,0.0208157896995544,0.195097807561979,
,,,3.401E-06,-0.0461298227310181,0.196101991692558,
,,,3.4012E-06,0.0208157896995544,0.195767263649032,
,,,3.4014E-06,0.087761402130127,0.195767263649032,
,,,3.4016E-06,0.0208157896995544,0.195265171583742,
,,,3.4018E-06,-0.0461298227310181,0.195265171583742,
,,,3.402E-06,-0.113075435161591,0.195934627670795,
,,,3.4022E-06,0.0208157896995544,0.194595715496689,
,,,3.4024E-06,0.0208157896995544,0.195432535605505,
,,,3.4026E-06,-0.113075435161591,0.195599899627268,
,,,3.4028E-06,0.0208157896995544,0.196269355714321,
,,,3.403E-06,-0.0461298227310181,0.195265171583742,
,,,3.4032E-06,0.0208157896995544,0.195599899627268,
,,,3.4034E-06,-0.180021047592163,0.196101991692558,
,,,3.4036E-06,-0.0461298227310181,0.195265171583742,
,,,3.4038E-06,0.087761402130127,0.195097807561979,
,,,3.404E-06,0.0208157896995544,0.195599899627268,
,,,3.4042E-06,0.0208157896995544,0.195265171583742,
,,,3.4044E-06,0.087761402130127,0.195599899627268,
,,,3.4046E-06,0.0208157896995544,0.195767263649032,
,,,3.4048E-06,0.0208157896995544,0.195097807561979,
,,,3.405E-06,0.087761402130127,0.195599899627268,
,,,3.4052E-06,-0.113075435161591,0.195599899627268,
,,,3.4054E-06,0.087761402130127,0.195767263649032,
,,,3.4056E-06,0.087761402130127,0.195599899627268,
,,,3.4058E-06,-0.113075435161591,0.195097807561979,
,,,3.406E-06,0.0208157896995544,0.194930443540215,
,,,3.4062E-06,0.0208157896995544,0.195934627670795,
,,,3.4064E-06,0.087761402130127,0.195934627670795,
,,,3.4066E-06,-0.113075435161591,0.195599899627268,
,,,3.4068E-06,0.087761402130127,0.195265171583742,
,,,3.407E-06,0.0208157896995544,0.196436719736084,
,,,3.4072E-06,-0.113075435161591,0.195767263649032,
,,,3.4074E-06,0.0208157896995544,0.194763079518452,
,,,3.4076E-06,-0.0461298227310181,0.195934627670795,
,,,3.4078E-06,-0.0461298227310181,0.196101991692558,
,,,3.408E-06,0.0208157896995544,0.195097807561979,
,,,3.4082E-06,-0.113075435161591,0.194260987453163,
,,,3.4084E-06,0.0208157896995544,0.195432535605505,
,,,3.4086E-06,0.087761402130127,0.195097807561979,
,,,3.4088E-06,0.0208157896995544,0.195097807561979,
,,,3.409E-06,-0.113075435161591,0.194930443540215,
,,,3.4092E-06,0.0208157896995544,0.195432535605505,
,,,3.4094E-06,0.0208157896995544,0.195432535605505,
,,,3.4096E-06,-0.0461298227310181,0.195097807561979,
,,,3.4098E-06,-0.113075435161591,0.196101991692558,
,,,3.41E-06,0.0208157896995544,0.194930443540215,
,,,3.4102E-06,-0.0461298227310181,0.195265171583742,
,,,3.4104E-06,-0.0461298227310181,0.196604083757848,
,,,3.4106E-06,0.0208157896995544,0.196101991692558,
,,,3.4108E-06,0.087761402130127,0.195097807561979,
,,,3.411E-06,0.0208157896995544,0.195599899627268,
,,,3.4112E-06,-0.0461298227310181,0.195599899627268,
,,,3.4114E-06,0.0208157896995544,0.195767263649032,
,,,3.4116E-06,-0.113075435161591,0.196436719736084,
,,,3.4118E-06,-0.0461298227310181,0.196101991692558,
,,,3.412E-06,0.0208157896995544,0.196269355714321,
,,,3.4122E-06,0.0208157896995544,0.195432535605505,
,,,3.4124E-06,-0.0461298227310181,0.195934627670795,
,,,3.4126E-06,0.087761402130127,0.195599899627268,
,,,3.4128E-06,0.154707014560699,0.195599899627268,
,,,3.413E-06,-0.0461298227310181,0.195599899627268,
,,,3.4132E-06,0.0208157896995544,0.195767263649032,
,,,3.4134E-06,0.0208157896995544,0.196269355714321,
,,,3.4136E-06,-0.0461298227310181,0.195599899627268,
,,,3.4138E-06,-0.0461298227310181,0.196269355714321,
,,,3.414E-06,0.0208157896995544,0.195767263649032,
,,,3.4142E-06,-0.0461298227310181,0.195265171583742,
,,,3.4144E-06,0.087761402130127,0.196436719736084,
,,,3.4146E-06,-0.113075435161591,0.195097807561979,
,,,3.4148E-06,0.0208157896995544,0.195767263649032,
,,,3.415E-06,0.0208157896995544,0.195265171583742,
,,,3.4152E-06,-0.0461298227310181,0.196101991692558,
,,,3.4154E-06,-0.0461298227310181,0.195767263649032,
,,,3.4156E-06,0.087761402130127,0.195934627670795,
,,,3.4158E-06,-0.0461298227310181,0.195599899627268,
,,,3.416E-06,0.0208157896995544,0.195265171583742,
,,,3.4162E-06,0.0208157896995544,0.196101991692558,
,,,3.4164E-06,0.087761402130127,0.195097807561979,
,,,3.4166E-06,0.0208157896995544,0.195265171583742,
,,,3.4168E-06,0.0208157896995544,0.195599899627268,
,,,3.417E-06,0.0208157896995544,0.195599899627268,
,,,3.4172E-06,0.087761402130127,0.195432535605505,
,,,3.4174E-06,-0.0461298227310181,0.195432535605505,
,,,3.4176E-06,0.0208157896995544,0.195767263649032,
,,,3.4178E-06,0.154707014560699,0.195599899627268,
,,,3.418E-06,-0.113075435161591,0.195432535605505,
,,,3.4182E-06,-0.0461298227310181,0.195767263649032,
,,,3.4184E-06,0.0208157896995544,0.195934627670795,
,,,3.4186E-06,-0.0461298227310181,0.195265171583742,
,,,3.4188E-06,-0.0461298227310181,0.195767263649032,
,,,3.419E-06,0.087761402130127,0.195432535605505,
,,,3.4192E-06,0.087761402130127,0.195767263649032,
,,,3.4194E-06,-0.0461298227310181,0.195767263649032,
,,,3.4196E-06,0.0208157896995544,0.194763079518452,
,,,3.4198E-06,-0.0461298227310181,0.195767263649032,
,,,3.42E-06,-0.0461298227310181,0.196269355714321,
,,,3.4202E-06,0.0208157896995544,0.195934627670795,
,,,3.4204E-06,-0.0461298227310181,0.196269355714321,
,,,3.4206E-06,-0.0461298227310181,0.195432535605505,
,,,3.4208E-06,-0.0461298227310181,0.195934627670795,
,,,3.421E-06,-0.0461298227310181,0.194595715496689,
,,,3.4212E-06,0.0208157896995544,0.195599899627268,
,,,3.4214E-06,0.0208157896995544,0.195097807561979,
,,,3.4216E-06,0.0208157896995544,0.194595715496689,
,,,3.4218E-06,-0.0461298227310181,0.195599899627268,
,,,3.422E-06,0.0208157896995544,0.195934627670795,
,,,3.4222E-06,-0.0461298227310181,0.195934627670795,
,,,3.4224E-06,-0.0461298227310181,0.195599899627268,
,,,3.4226E-06,0.0208157896995544,0.195767263649032,
,,,3.4228E-06,-0.0461298227310181,0.195767263649032,
,,,3.423E-06,-0.0461298227310181,0.195097807561979,
,,,3.4232E-06,0.087761402130127,0.196269355714321,
,,,3.4234E-06,0.0208157896995544,0.196101991692558,
,,,3.4236E-06,0.0208157896995544,0.195934627670795,
,,,3.4238E-06,-0.0461298227310181,0.195934627670795,
,,,3.424E-06,-0.113075435161591,0.195767263649032,
,,,3.4242E-06,0.087761402130127,0.196101991692558,
,,,3.4244E-06,0.0208157896995544,0.195432535605505,
,,,3.4246E-06,0.087761402130127,0.195265171583742,
,,,3.4248E-06,0.0208157896995544,0.195767263649032,
,,,3.425E-06,-0.113075435161591,0.196436719736084,
,,,3.4252E-06,-0.0461298227310181,0.196269355714321,
,,,3.4254E-06,0.087761402130127,0.196101991692558,
,,,3.4256E-06,0.0208157896995544,0.195767263649032,
,,,3.4258E-06,-0.0461298227310181,0.195934627670795,
,,,3.426E-06,0.0208157896995544,0.195934627670795,
,,,3.4262E-06,0.0208157896995544,0.196101991692558,
,,,3.4264E-06,-0.0461298227310181,0.195432535605505,
,,,3.4266E-06,-0.0461298227310181,0.195934627670795,
,,,3.4268E-06,0.0208157896995544,0.196436719736084,
,,,3.427E-06,0.0208157896995544,0.196771447779611,
,,,3.4272E-06,0.087761402130127,0.196101991692558,
,,,3.4274E-06,-0.113075435161591,0.196269355714321,
,,,3.4276E-06,0.0208157896995544,0.196101991692558,
,,,3.4278E-06,0.0208157896995544,0.196101991692558,
,,,3.428E-06,-0.0461298227310181,0.196101991692558,
,,,3.4282E-06,-0.113075435161591,0.196436719736084,
,,,3.4284E-06,-0.0461298227310181,0.196269355714321,
,,,3.4286E-06,-0.0461298227310181,0.196269355714321,
,,,3.4288E-06,0.0208157896995544,0.196101991692558,
,,,3.429E-06,-0.0461298227310181,0.196101991692558,
,,,3.4292E-06,-0.0461298227310181,0.196604083757848,
,,,3.4294E-06,-0.0461298227310181,0.195599899627268,
,,,3.4296E-06,0.0208157896995544,0.195934627670795,
,,,3.4298E-06,0.0208157896995544,0.196436719736084,
,,,3.43E-06,0.087761402130127,0.196604083757848,
,,,3.4302E-06,0.0208157896995544,0.195767263649032,
,,,3.4304E-06,0.0208157896995544,0.196604083757848,
,,,3.4306E-06,0.087761402130127,0.196101991692558,
,,,3.4308E-06,-0.113075435161591,0.196604083757848,
,,,3.431E-06,0.0208157896995544,0.196436719736084,
,,,3.4312E-06,0.087761402130127,0.196101991692558,
,,,3.4314E-06,-0.0461298227310181,0.196938811801374,
,,,3.4316E-06,0.0208157896995544,0.197106175823137,
,,,3.4318E-06,0.0208157896995544,0.197106175823137,
,,,3.432E-06,0.087761402130127,0.196101991692558,
,,,3.4322E-06,-0.0461298227310181,0.196771447779611,
,,,3.4324E-06,0.0208157896995544,0.196436719736084,
,,,3.4326E-06,0.0208157896995544,0.196436719736084,
,,,3.4328E-06,-0.0461298227310181,0.196101991692558,
,,,3.433E-06,0.0208157896995544,0.196771447779611,
,,,3.4332E-06,0.0208157896995544,0.195934627670795,
,,,3.4334E-06,0.087761402130127,0.197106175823137,
,,,3.4336E-06,0.0208157896995544,0.196436719736084,
,,,3.4338E-06,-0.113075435161591,0.195934627670795,
,,,3.434E-06,-0.0461298227310181,0.196771447779611,
,,,3.4342E-06,-0.0461298227310181,0.196938811801374,
,,,3.4344E-06,0.0208157896995544,0.195599899627268,
,,,3.4346E-06,-0.113075435161591,0.196604083757848,
,,,3.4348E-06,-0.0461298227310181,0.196436719736084,
,,,3.435E-06,-0.0461298227310181,0.196938811801374,
,,,3.4352E-06,0.087761402130127,0.196269355714321,
,,,3.4354E-06,0.0208157896995544,0.197106175823137,
,,,3.4356E-06,0.0208157896995544,0.196771447779611,
,,,3.4358E-06,0.0208157896995544,0.195934627670795,
,,,3.436E-06,-0.0461298227310181,0.196771447779611,
,,,3.4362E-06,-0.0461298227310181,0.196436719736084,
,,,3.4364E-06,0.087761402130127,0.196101991692558,
,,,3.4366E-06,0.0208157896995544,0.196101991692558,
,,,3.4368E-06,0.0208157896995544,0.196604083757848,
,,,3.437E-06,0.087761402130127,0.196436719736084,
,,,3.4372E-06,0.087761402130127,0.196436719736084,
,,,3.4374E-06,0.0208157896995544,0.196436719736084,
,,,3.4376E-06,0.0208157896995544,0.196436719736084,
,,,3.4378E-06,0.0208157896995544,0.195934627670795,
,,,3.438E-06,0.0208157896995544,0.196269355714321,
,,,3.4382E-06,0.0208157896995544,0.195934627670795,
,,,3.4384E-06,0.0208157896995544,0.196604083757848,
,,,3.4386E-06,-0.0461298227310181,0.195767263649032,
,,,3.4388E-06,0.087761402130127,0.196101991692558,
,,,3.439E-06,-0.0461298227310181,0.196604083757848,
,,,3.4392E-06,-0.113075435161591,0.195432535605505,
,,,3.4394E-06,0.0208157896995544,0.196269355714321,
,,,3.4396E-06,-0.113075435161591,0.196604083757848,
,,,3.4398E-06,0.0208157896995544,0.196938811801374,
,,,3.44E-06,0.154707014560699,0.196604083757848,
,,,3.4402E-06,-0.0461298227310181,0.196101991692558,
,,,3.4404E-06,-0.0461298227310181,0.196771447779611,
,,,3.4406E-06,-0.0461298227310181,0.196771447779611,
,,,3.4408E-06,0.087761402130127,0.196604083757848,
,,,3.441E-06,-0.0461298227310181,0.196604083757848,
,,,3.4412E-06,0.087761402130127,0.1972735398449,
,,,3.4414E-06,-0.0461298227310181,0.196436719736084,
,,,3.4416E-06,-0.0461298227310181,0.196101991692558,
,,,3.4418E-06,-0.0461298227310181,0.196771447779611,
,,,3.442E-06,-0.0461298227310181,0.1972735398449,
,,,3.4422E-06,-0.0461298227310181,0.197106175823137,
,,,3.4424E-06,0.087761402130127,0.196604083757848,
,,,3.4426E-06,0.0208157896995544,0.196436719736084,
,,,3.4428E-06,0.087761402130127,0.196101991692558,
,,,3.443E-06,0.0208157896995544,0.196604083757848,
,,,3.4432E-06,-0.113075435161591,0.197106175823137,
,,,3.4434E-06,0.0208157896995544,0.196938811801374,
,,,3.4436E-06,0.0208157896995544,0.196101991692558,
,,,3.4438E-06,-0.0461298227310181,0.196436719736084,
,,,3.444E-06,0.0208157896995544,0.196101991692558,
,,,3.4442E-06,0.0208157896995544,0.196771447779611,
,,,3.4444E-06,0.0208157896995544,0.195767263649032,
,,,3.4446E-06,0.0208157896995544,0.196269355714321,
,,,3.4448E-06,0.154707014560699,0.196436719736084,
,,,3.445E-06,0.0208157896995544,0.196436719736084,
,,,3.4452E-06,-0.0461298227310181,0.196101991692558,
,,,3.4454E-06,0.0208157896995544,0.196269355714321,
,,,3.4456E-06,-0.0461298227310181,0.196604083757848,
,,,3.4458E-06,0.0208157896995544,0.196269355714321,
,,,3.446E-06,0.0208157896995544,0.196604083757848,
,,,3.4462E-06,0.0208157896995544,0.196604083757848,
,,,3.4464E-06,0.0208157896995544,0.197106175823137,
,,,3.4466E-06,-0.0461298227310181,0.196771447779611,
,,,3.4468E-06,0.0208157896995544,0.196269355714321,
,,,3.447E-06,0.087761402130127,0.197106175823137,
,,,3.4472E-06,0.0208157896995544,0.196604083757848,
,,,3.4474E-06,-0.0461298227310181,0.196604083757848,
,,,3.4476E-06,0.0208157896995544,0.197106175823137,
,,,3.4478E-06,0.0208157896995544,0.196938811801374,
,,,3.448E-06,0.0208157896995544,0.196436719736084,
,,,3.4482E-06,0.0208157896995544,0.1972735398449,
,,,3.4484E-06,0.0208157896995544,0.197440903866664,
,,,3.4486E-06,-0.0461298227310181,0.196771447779611,
,,,3.4488E-06,0.0208157896995544,0.196269355714321,
,,,3.449E-06,0.0208157896995544,0.196771447779611,
,,,3.4492E-06,0.0208157896995544,0.196436719736084,
,,,3.4494E-06,0.0208157896995544,0.196771447779611,
,,,3.4496E-06,0.0208157896995544,0.1972735398449,
,,,3.4498E-06,0.0208157896995544,0.1972735398449,
,,,3.45E-06,-0.113075435161591,0.196938811801374,
,,,3.4502E-06,0.087761402130127,0.196938811801374,
,,,3.4504E-06,0.0208157896995544,0.196771447779611,
,,,3.4506E-06,-0.0461298227310181,0.196938811801374,
,,,3.4508E-06,-0.0461298227310181,0.197440903866664,
,,,3.451E-06,-0.0461298227310181,0.196771447779611,
,,,3.4512E-06,0.087761402130127,0.196604083757848,
,,,3.4514E-06,0.0208157896995544,0.196604083757848,
,,,3.4516E-06,0.154707014560699,0.196604083757848,
,,,3.4518E-06,-0.0461298227310181,0.196771447779611,
,,,3.452E-06,-0.0461298227310181,0.197106175823137,
,,,3.4522E-06,0.0208157896995544,0.196604083757848,
,,,3.4524E-06,-0.113075435161591,0.197942995931953,
,,,3.4526E-06,-0.0461298227310181,0.1972735398449,
,,,3.4528E-06,0.087761402130127,0.196436719736084,
,,,3.453E-06,-0.0461298227310181,0.1972735398449,
,,,3.4532E-06,-0.0461298227310181,0.197440903866664,
,,,3.4534E-06,0.0208157896995544,0.196604083757848,
,,,3.4536E-06,0.087761402130127,0.196269355714321,
,,,3.4538E-06,-0.0461298227310181,0.196604083757848,
,,,3.454E-06,0.087761402130127,0.196938811801374,
,,,3.4542E-06,-0.0461298227310181,0.196604083757848,
,,,3.4544E-06,-0.113075435161591,0.196771447779611,
,,,3.4546E-06,0.0208157896995544,0.196938811801374,
,,,3.4548E-06,0.0208157896995544,0.196938811801374,
,,,3.455E-06,-0.0461298227310181,0.195934627670795,
,,,3.4552E-06,0.0208157896995544,0.1972735398449,
,,,3.4554E-06,0.0208157896995544,0.196604083757848,
,,,3.4556E-06,0.154707014560699,0.196938811801374,
,,,3.4558E-06,0.087761402130127,0.196269355714321,
,,,3.456E-06,0.0208157896995544,0.196269355714321,
,,,3.4562E-06,0.087761402130127,0.196436719736084,
,,,3.4564E-06,0.087761402130127,0.197440903866664,
,,,3.4566E-06,-0.0461298227310181,0.197106175823137,
,,,3.4568E-06,0.0208157896995544,0.197106175823137,
,,,3.457E-06,-0.0461298227310181,0.1972735398449,
,,,3.4572E-06,0.0208157896995544,0.196938811801374,
,,,3.4574E-06,0.0208157896995544,0.197608267888427,
,,,3.4576E-06,0.087761402130127,0.197608267888427,
,,,3.4578E-06,-0.0461298227310181,0.196938811801374,
,,,3.458E-06,0.087761402130127,0.197106175823137,
,,,3.4582E-06,0.087761402130127,0.196771447779611,
,,,3.4584E-06,-0.0461298227310181,0.196101991692558,
,,,3.4586E-06,0.0208157896995544,0.197440903866664,
,,,3.4588E-06,-0.113075435161591,0.198445087997243,
,,,3.459E-06,-0.0461298227310181,0.1972735398449,
,,,3.4592E-06,0.087761402130127,0.196604083757848,
,,,3.4594E-06,-0.113075435161591,0.196938811801374,
,,,3.4596E-06,-0.0461298227310181,0.197106175823137,
,,,3.4598E-06,0.087761402130127,0.196771447779611,
,,,3.46E-06,0.0208157896995544,0.1972735398449,
,,,3.4602E-06,-0.0461298227310181,0.196604083757848,
,,,3.4604E-06,0.0208157896995544,0.197106175823137,
,,,3.4606E-06,-0.0461298227310181,0.197440903866664,
,,,3.4608E-06,0.0208157896995544,0.197440903866664,
,,,3.461E-06,-0.0461298227310181,0.1972735398449,
,,,3.4612E-06,0.0208157896995544,0.197106175823137,
,,,3.4614E-06,0.0208157896995544,0.1972735398449,
,,,3.4616E-06,0.0208157896995544,0.196604083757848,
,,,3.4618E-06,0.0208157896995544,0.197106175823137,
,,,3.462E-06,0.087761402130127,0.1972735398449,
,,,3.4622E-06,0.0208157896995544,0.196604083757848,
,,,3.4624E-06,0.0208157896995544,0.198110359953716,
,,,3.4626E-06,0.087761402130127,0.1972735398449,
,,,3.4628E-06,-0.113075435161591,0.197608267888427,
,,,3.463E-06,0.087761402130127,0.1972735398449,
,,,3.4632E-06,0.0208157896995544,0.197440903866664,
,,,3.4634E-06,-0.113075435161591,0.197608267888427,
,,,3.4636E-06,0.0208157896995544,0.19777563191019,
,,,3.4638E-06,0.0208157896995544,0.197608267888427,
,,,3.464E-06,0.087761402130127,0.197608267888427,
,,,3.4642E-06,0.087761402130127,0.197440903866664,
,,,3.4644E-06,0.0208157896995544,0.19777563191019,
,,,3.4646E-06,0.0208157896995544,0.19777563191019,
,,,3.4648E-06,-0.113075435161591,0.197608267888427,
,,,3.465E-06,-0.0461298227310181,0.197440903866664,
,,,3.4652E-06,0.0208157896995544,0.198110359953716,
,,,3.4654E-06,-0.0461298227310181,0.197942995931953,
,,,3.4656E-06,0.087761402130127,0.198110359953716,
,,,3.4658E-06,-0.0461298227310181,0.197608267888427,
,,,3.466E-06,-0.113075435161591,0.19777563191019,
,,,3.4662E-06,0.0208157896995544,0.197942995931953,
,,,3.4664E-06,0.0208157896995544,0.197608267888427,
,,,3.4666E-06,-0.113075435161591,0.197942995931953,
,,,3.4668E-06,-0.0461298227310181,0.197440903866664,
,,,3.467E-06,-0.0461298227310181,0.19777563191019,
,,,3.4672E-06,0.0208157896995544,0.197440903866664,
,,,3.4674E-06,-0.0461298227310181,0.19827772397548,
,,,3.4676E-06,0.0208157896995544,0.197942995931953,
,,,3.4678E-06,0.0208157896995544,0.197942995931953,
,,,3.468E-06,0.087761402130127,0.1972735398449,
,,,3.4682E-06,-0.0461298227310181,0.19777563191019,
,,,3.4684E-06,0.0208157896995544,0.19827772397548,
,,,3.4686E-06,0.087761402130127,0.19827772397548,
,,,3.4688E-06,-0.0461298227310181,0.1972735398449,
,,,3.469E-06,0.087761402130127,0.197106175823137,
,,,3.4692E-06,-0.0461298227310181,0.19777563191019,
,,,3.4694E-06,0.0208157896995544,0.197106175823137,
,,,3.4696E-06,0.087761402130127,0.197942995931953,
,,,3.4698E-06,-0.0461298227310181,0.197942995931953,
,,,3.47E-06,-0.113075435161591,0.197942995931953,
,,,3.4702E-06,0.0208157896995544,0.197942995931953,
,,,3.4704E-06,0.154707014560699,0.198110359953716,
,,,3.4706E-06,0.0208157896995544,0.197440903866664,
,,,3.4708E-06,0.0208157896995544,0.197106175823137,
,,,3.471E-06,0.0208157896995544,0.19777563191019,
,,,3.4712E-06,0.0208157896995544,0.197440903866664,
,,,3.4714E-06,0.0208157896995544,0.197106175823137,
,,,3.4716E-06,0.0208157896995544,0.196771447779611,
,,,3.4718E-06,0.087761402130127,0.197942995931953,
,,,3.472E-06,0.0208157896995544,0.198110359953716,
,,,3.4722E-06,-0.180021047592163,0.19777563191019,
,,,3.4724E-06,-0.0461298227310181,0.198110359953716,
,,,3.4726E-06,0.0208157896995544,0.19777563191019,
,,,3.4728E-06,0.0208157896995544,0.197440903866664,
,,,3.473E-06,0.0208157896995544,0.19827772397548,
,,,3.4732E-06,0.087761402130127,0.197440903866664,
,,,3.4734E-06,0.0208157896995544,0.197608267888427,
,,,3.4736E-06,-0.0461298227310181,0.197106175823137,
,,,3.4738E-06,-0.0461298227310181,0.198110359953716,
,,,3.474E-06,0.0208157896995544,0.198110359953716,
,,,3.4742E-06,-0.0461298227310181,0.1972735398449,
,,,3.4744E-06,0.0208157896995544,0.19777563191019,
,,,3.4746E-06,0.0208157896995544,0.198110359953716,
,,,3.4748E-06,0.0208157896995544,0.197608267888427,
,,,3.475E-06,0.0208157896995544,0.19827772397548,
,,,3.4752E-06,0.087761402130127,0.197440903866664,
,,,3.4754E-06,0.087761402130127,0.197942995931953,
,,,3.4756E-06,-0.0461298227310181,0.197942995931953,
,,,3.4758E-06,0.0208157896995544,0.19777563191019,
,,,3.476E-06,0.0208157896995544,0.197106175823137,
,,,3.4762E-06,-0.0461298227310181,0.1972735398449,
,,,3.4764E-06,-0.0461298227310181,0.196771447779611,
,,,3.4766E-06,0.0208157896995544,0.197440903866664,
,,,3.4768E-06,0.154707014560699,0.197942995931953,
,,,3.477E-06,-0.0461298227310181,0.19777563191019,
,,,3.4772E-06,0.0208157896995544,0.19777563191019,
,,,3.4774E-06,-0.0461298227310181,0.197608267888427,
,,,3.4776E-06,-0.0461298227310181,0.197608267888427,
,,,3.4778E-06,-0.0461298227310181,0.197440903866664,
,,,3.478E-06,-0.0461298227310181,0.198110359953716,
,,,3.4782E-06,-0.0461298227310181,0.198110359953716,
,,,3.4784E-06,0.087761402130127,0.197942995931953,
,,,3.4786E-06,-0.0461298227310181,0.1972735398449,
,,,3.4788E-06,-0.113075435161591,0.197440903866664,
,,,3.479E-06,0.0208157896995544,0.19777563191019,
,,,3.4792E-06,0.0208157896995544,0.1972735398449,
,,,3.4794E-06,-0.0461298227310181,0.19777563191019,
,,,3.4796E-06,0.0208157896995544,0.197942995931953,
,,,3.4798E-06,0.0208157896995544,0.19777563191019,
,,,3.48E-06,-0.0461298227310181,0.1972735398449,
,,,3.4802E-06,0.0208157896995544,0.198110359953716,
,,,3.4804E-06,-0.0461298227310181,0.197942995931953,
,,,3.4806E-06,-0.0461298227310181,0.197440903866664,
,,,3.4808E-06,0.0208157896995544,0.19827772397548,
,,,3.481E-06,-0.0461298227310181,0.19777563191019,
,,,3.4812E-06,0.087761402130127,0.197608267888427,
,,,3.4814E-06,0.087761402130127,0.19777563191019,
,,,3.4816E-06,0.087761402130127,0.198110359953716,
,,,3.4818E-06,0.0208157896995544,0.1972735398449,
,,,3.482E-06,-0.113075435161591,0.198110359953716,
,,,3.4822E-06,0.0208157896995544,0.197942995931953,
,,,3.4824E-06,0.087761402130127,0.19777563191019,
,,,3.4826E-06,-0.113075435161591,0.198445087997243,
,,,3.4828E-06,0.154707014560699,0.197942995931953,
,,,3.483E-06,-0.0461298227310181,0.197608267888427,
,,,3.4832E-06,0.0208157896995544,0.1972735398449,
,,,3.4834E-06,-0.0461298227310181,0.197440903866664,
,,,3.4836E-06,0.0208157896995544,0.19777563191019,
,,,3.4838E-06,-0.0461298227310181,0.1972735398449,
,,,3.484E-06,0.0208157896995544,0.197608267888427,
,,,3.4842E-06,0.0208157896995544,0.1972735398449,
,,,3.4844E-06,-0.0461298227310181,0.1972735398449,
,,,3.4846E-06,0.087761402130127,0.19777563191019,
,,,3.4848E-06,0.087761402130127,0.198110359953716,
,,,3.485E-06,-0.113075435161591,0.197942995931953,
,,,3.4852E-06,-0.0461298227310181,0.198110359953716,
,,,3.4854E-06,0.0208157896995544,0.197942995931953,
,,,3.4856E-06,0.0208157896995544,0.197942995931953,
,,,3.4858E-06,-0.0461298227310181,0.19777563191019,
,,,3.486E-06,0.087761402130127,0.198110359953716,
,,,3.4862E-06,-0.0461298227310181,0.1972735398449,
,,,3.4864E-06,-0.0461298227310181,0.19777563191019,
,,,3.4866E-06,-0.113075435161591,0.19777563191019,
,,,3.4868E-06,0.0208157896995544,0.197608267888427,
,,,3.487E-06,-0.0461298227310181,0.19777563191019,
,,,3.4872E-06,0.087761402130127,0.197608267888427,
,,,3.4874E-06,0.0208157896995544,0.1972735398449,
,,,3.4876E-06,0.087761402130127,0.197440903866664,
,,,3.4878E-06,0.0208157896995544,0.197608267888427,
,,,3.488E-06,-0.180021047592163,0.198110359953716,
,,,3.4882E-06,0.0208157896995544,0.198110359953716,
,,,3.4884E-06,0.0208157896995544,0.1972735398449,
,,,3.4886E-06,-0.0461298227310181,0.1972735398449,
,,,3.4888E-06,0.087761402130127,0.198612452019006,
,,,3.489E-06,-0.113075435161591,0.19827772397548,
,,,3.4892E-06,0.0208157896995544,0.198110359953716,
,,,3.4894E-06,-0.0461298227310181,0.198445087997243,
,,,3.4896E-06,0.0208157896995544,0.197942995931953,
,,,3.4898E-06,-0.0461298227310181,0.197440903866664,
,,,3.49E-06,0.0208157896995544,0.1972735398449,
,,,3.4902E-06,0.0208157896995544,0.19827772397548,
,,,3.4904E-06,-0.113075435161591,0.197106175823137,
,,,3.4906E-06,0.0208157896995544,0.19827772397548,
,,,3.4908E-06,0.0208157896995544,0.196938811801374,
,,,3.491E-06,0.087761402130127,0.197440903866664,
,,,3.4912E-06,0.0208157896995544,0.197942995931953,
,,,3.4914E-06,-0.0461298227310181,0.1972735398449,
,,,3.4916E-06,-0.0461298227310181,0.197106175823137,
,,,3.4918E-06,0.0208157896995544,0.196771447779611,
,,,3.492E-06,0.0208157896995544,0.197608267888427,
,,,3.4922E-06,0.0208157896995544,0.197106175823137,
,,,3.4924E-06,-0.113075435161591,0.197608267888427,
,,,3.4926E-06,-0.0461298227310181,0.197942995931953,
,,,3.4928E-06,-0.0461298227310181,0.197608267888427,
,,,3.493E-06,-0.113075435161591,0.197608267888427,
,,,3.4932E-06,0.087761402130127,0.19777563191019,
,,,3.4934E-06,0.0208157896995544,0.197106175823137,
,,,3.4936E-06,0.087761402130127,0.197942995931953,
,,,3.4938E-06,-0.0461298227310181,0.1972735398449,
,,,3.494E-06,0.087761402130127,0.1972735398449,
,,,3.4942E-06,0.087761402130127,0.197608267888427,
,,,3.4944E-06,-0.0461298227310181,0.197608267888427,
,,,3.4946E-06,0.0208157896995544,0.197608267888427,
,,,3.4948E-06,-0.0461298227310181,0.197942995931953,
,,,3.495E-06,-0.0461298227310181,0.197608267888427,
,,,3.4952E-06,0.0208157896995544,0.1972735398449,
,,,3.4954E-06,-0.0461298227310181,0.196938811801374,
,,,3.4956E-06,0.0208157896995544,0.197942995931953,
,,,3.4958E-06,0.0208157896995544,0.197440903866664,
,,,3.496E-06,0.154707014560699,0.197106175823137,
,,,3.4962E-06,0.0208157896995544,0.197608267888427,
,,,3.4964E-06,0.0208157896995544,0.197608267888427,
,,,3.4966E-06,0.0208157896995544,0.197440903866664,
,,,3.4968E-06,-0.0461298227310181,0.19777563191019,
,,,3.497E-06,0.0208157896995544,0.197608267888427,
,,,3.4972E-06,-0.0461298227310181,0.19827772397548,
,,,3.4974E-06,0.087761402130127,0.19777563191019,
,,,3.4976E-06,0.087761402130127,0.197440903866664,
,,,3.4978E-06,-0.113075435161591,0.197440903866664,
,,,3.498E-06,-0.0461298227310181,0.19777563191019,
,,,3.4982E-06,0.0208157896995544,0.196604083757848,
,,,3.4984E-06,0.0208157896995544,0.197608267888427,
,,,3.4986E-06,-0.0461298227310181,0.1972735398449,
,,,3.4988E-06,0.0208157896995544,0.1972735398449,
,,,3.499E-06,-0.0461298227310181,0.197440903866664,
,,,3.4992E-06,-0.0461298227310181,0.1972735398449,
,,,3.4994E-06,-0.113075435161591,0.197942995931953,
,,,3.4996E-06,-0.0461298227310181,0.1972735398449,
,,,3.4998E-06,-0.0461298227310181,0.19777563191019,
,,,3.5E-06,0.0208157896995544,0.197440903866664,
,,,3.5002E-06,-0.0461298227310181,0.197440903866664,
,,,3.5004E-06,0.087761402130127,0.197608267888427,
,,,3.5006E-06,-0.0461298227310181,0.197608267888427,
,,,3.5008E-06,-0.0461298227310181,0.198110359953716,
,,,3.501E-06,0.0208157896995544,0.19777563191019,
,,,3.5012E-06,-0.113075435161591,0.197106175823137,
,,,3.5014E-06,0.087761402130127,0.197608267888427,
,,,3.5016E-06,0.0208157896995544,0.197942995931953,
,,,3.5018E-06,-0.0461298227310181,0.19777563191019,
,,,3.502E-06,-0.0461298227310181,0.1972735398449,
,,,3.5022E-06,-0.0461298227310181,0.1972735398449,
,,,3.5024E-06,0.087761402130127,0.198445087997243,
,,,3.5026E-06,-0.0461298227310181,0.197106175823137,
,,,3.5028E-06,-0.0461298227310181,0.197608267888427,
,,,3.503E-06,-0.0461298227310181,0.19777563191019,
,,,3.5032E-06,-0.0461298227310181,0.197106175823137,
,,,3.5034E-06,-0.0461298227310181,0.198612452019006,
,,,3.5036E-06,0.0208157896995544,0.198110359953716,
,,,3.5038E-06,-0.0461298227310181,0.197942995931953,
,,,3.504E-06,-0.0461298227310181,0.197608267888427,
,,,3.5042E-06,-0.0461298227310181,0.197440903866664,
,,,3.5044E-06,-0.0461298227310181,0.197440903866664,
,,,3.5046E-06,-0.0461298227310181,0.197608267888427,
,,,3.5048E-06,0.0208157896995544,0.197942995931953,
,,,3.505E-06,-0.0461298227310181,0.197106175823137,
,,,3.5052E-06,0.0208157896995544,0.19827772397548,
,,,3.5054E-06,-0.0461298227310181,0.19827772397548,
,,,3.5056E-06,0.0208157896995544,0.198110359953716,
,,,3.5058E-06,-0.113075435161591,0.19777563191019,
,,,3.506E-06,-0.0461298227310181,0.197942995931953,
,,,3.5062E-06,-0.113075435161591,0.197608267888427,
,,,3.5064E-06,0.087761402130127,0.198779816040769,
,,,3.5066E-06,0.0208157896995544,0.197942995931953,
,,,3.5068E-06,0.0208157896995544,0.198110359953716,
,,,3.507E-06,-0.0461298227310181,0.197440903866664,
,,,3.5072E-06,-0.0461298227310181,0.198110359953716,
,,,3.5074E-06,0.0208157896995544,0.19827772397548,
,,,3.5076E-06,-0.0461298227310181,0.19777563191019,
,,,3.5078E-06,0.087761402130127,0.197608267888427,
,,,3.508E-06,-0.0461298227310181,0.198110359953716,
,,,3.5082E-06,-0.113075435161591,0.19777563191019,
,,,3.5084E-06,-0.0461298227310181,0.19777563191019,
,,,3.5086E-06,0.0208157896995544,0.19777563191019,
,,,3.5088E-06,0.0208157896995544,0.19777563191019,
,,,3.509E-06,0.0208157896995544,0.197608267888427,
,,,3.5092E-06,0.087761402130127,0.1972735398449,
,,,3.5094E-06,-0.0461298227310181,0.197942995931953,
,,,3.5096E-06,-0.113075435161591,0.197440903866664,
,,,3.5098E-06,-0.0461298227310181,0.1972735398449,
,,,3.51E-06,-0.113075435161591,0.19777563191019,
,,,3.5102E-06,-0.113075435161591,0.197440903866664,
,,,3.5104E-06,0.087761402130127,0.197608267888427,
,,,3.5106E-06,-0.0461298227310181,0.197608267888427,
,,,3.5108E-06,-0.0461298227310181,0.197608267888427,
,,,3.511E-06,0.0208157896995544,0.19827772397548,
,,,3.5112E-06,0.0208157896995544,0.197440903866664,
,,,3.5114E-06,0.0208157896995544,0.197106175823137,
,,,3.5116E-06,0.0208157896995544,0.197608267888427,
,,,3.5118E-06,-0.0461298227310181,0.196938811801374,
,,,3.512E-06,0.0208157896995544,0.197106175823137,
,,,3.5122E-06,-0.0461298227310181,0.19777563191019,
,,,3.5124E-06,0.0208157896995544,0.1972735398449,
,,,3.5126E-06,-0.0461298227310181,0.197106175823137,
,,,3.5128E-06,0.0208157896995544,0.197440903866664,
,,,3.513E-06,0.0208157896995544,0.19777563191019,
,,,3.5132E-06,0.087761402130127,0.196938811801374,
,,,3.5134E-06,0.087761402130127,0.196604083757848,
,,,3.5136E-06,-0.0461298227310181,0.1972735398449,
,,,3.5138E-06,0.0208157896995544,0.195767263649032,
,,,3.514E-06,0.0208157896995544,0.197106175823137,
,,,3.5142E-06,-0.0461298227310181,0.1972735398449,
,,,3.5144E-06,0.0208157896995544,0.196269355714321,
,,,3.5146E-06,-0.0461298227310181,0.196771447779611,
,,,3.5148E-06,0.0208157896995544,0.197106175823137,
,,,3.515E-06,-0.0461298227310181,0.196771447779611,
,,,3.5152E-06,0.087761402130127,0.1972735398449,
,,,3.5154E-06,-0.0461298227310181,0.197440903866664,
,,,3.5156E-06,0.154707014560699,0.197106175823137,
,,,3.5158E-06,0.0208157896995544,0.197106175823137,
,,,3.516E-06,-0.0461298227310181,0.197608267888427,
,,,3.5162E-06,-0.0461298227310181,0.1972735398449,
,,,3.5164E-06,0.0208157896995544,0.1972735398449,
,,,3.5166E-06,0.0208157896995544,0.197942995931953,
,,,3.5168E-06,-0.0461298227310181,0.197942995931953,
,,,3.517E-06,-0.0461298227310181,0.197942995931953,
,,,3.5172E-06,0.087761402130127,0.197608267888427,
,,,3.5174E-06,0.0208157896995544,0.19777563191019,
,,,3.5176E-06,0.0208157896995544,0.198612452019006,
,,,3.5178E-06,-0.0461298227310181,0.19777563191019,
,,,3.518E-06,-0.0461298227310181,0.198445087997243,
,,,3.5182E-06,0.0208157896995544,0.197942995931953,
,,,3.5184E-06,0.0208157896995544,0.197608267888427,
,,,3.5186E-06,-0.0461298227310181,0.198445087997243,
,,,3.5188E-06,0.0208157896995544,0.19827772397548,
,,,3.519E-06,0.0208157896995544,0.197608267888427,
,,,3.5192E-06,0.0208157896995544,0.198110359953716,
,,,3.5194E-06,0.0208157896995544,0.198110359953716,
,,,3.5196E-06,0.087761402130127,0.19777563191019,
,,,3.5198E-06,-0.0461298227310181,0.198110359953716,
,,,3.52E-06,0.0208157896995544,0.197440903866664,
,,,3.5202E-06,0.154707014560699,0.197608267888427,
,,,3.5204E-06,0.0208157896995544,0.197440903866664,
,,,3.5206E-06,-0.0461298227310181,0.197608267888427,
,,,3.5208E-06,0.087761402130127,0.19777563191019,
,,,3.521E-06,-0.0461298227310181,0.1972735398449,
,,,3.5212E-06,0.0208157896995544,0.197440903866664,
,,,3.5214E-06,0.0208157896995544,0.197440903866664,
,,,3.5216E-06,0.087761402130127,0.1972735398449,
,,,3.5218E-06,-0.113075435161591,0.197440903866664,
,,,3.522E-06,0.154707014560699,0.196938811801374,
,,,3.5222E-06,0.0208157896995544,0.197608267888427,
,,,3.5224E-06,-0.0461298227310181,0.19777563191019,
,,,3.5226E-06,-0.113075435161591,0.197440903866664,
,,,3.5228E-06,0.0208157896995544,0.19777563191019,
,,,3.523E-06,-0.0461298227310181,0.19777563191019,
,,,3.5232E-06,0.087761402130127,0.19777563191019,
,,,3.5234E-06,-0.0461298227310181,0.197942995931953,
,,,3.5236E-06,0.0208157896995544,0.19827772397548,
,,,3.5238E-06,0.0208157896995544,0.1972735398449,
,,,3.524E-06,-0.0461298227310181,0.197106175823137,
,,,3.5242E-06,-0.0461298227310181,0.19777563191019,
,,,3.5244E-06,0.0208157896995544,0.19777563191019,
,,,3.5246E-06,-0.0461298227310181,0.197106175823137,
,,,3.5248E-06,0.0208157896995544,0.197608267888427,
,,,3.525E-06,-0.0461298227310181,0.197106175823137,
,,,3.5252E-06,-0.0461298227310181,0.198445087997243,
,,,3.5254E-06,0.0208157896995544,0.197942995931953,
,,,3.5256E-06,-0.0461298227310181,0.197942995931953,
,,,3.5258E-06,-0.0461298227310181,0.197440903866664,
,,,3.526E-06,0.154707014560699,0.197106175823137,
,,,3.5262E-06,0.0208157896995544,0.197106175823137,
,,,3.5264E-06,0.0208157896995544,0.197608267888427,
,,,3.5266E-06,0.087761402130127,0.196938811801374,
,,,3.5268E-06,-0.0461298227310181,0.198110359953716,
,,,3.527E-06,-0.0461298227310181,0.19777563191019,
,,,3.5272E-06,0.0208157896995544,0.19777563191019,
,,,3.5274E-06,0.0208157896995544,0.196771447779611,
,,,3.5276E-06,-0.0461298227310181,0.196771447779611,
,,,3.5278E-06,0.0208157896995544,0.196771447779611,
,,,3.528E-06,0.087761402130127,0.197608267888427,
,,,3.5282E-06,0.0208157896995544,0.19777563191019,
,,,3.5284E-06,0.087761402130127,0.196436719736084,
,,,3.5286E-06,0.0208157896995544,0.197106175823137,
,,,3.5288E-06,-0.0461298227310181,0.197106175823137,
,,,3.529E-06,-0.113075435161591,0.196771447779611,
,,,3.5292E-06,0.0208157896995544,0.197608267888427,
,,,3.5294E-06,0.0208157896995544,0.197106175823137,
,,,3.5296E-06,-0.0461298227310181,0.196771447779611,
,,,3.5298E-06,0.0208157896995544,0.197106175823137,
,,,3.53E-06,0.0208157896995544,0.196938811801374,
,,,3.5302E-06,0.087761402130127,0.196938811801374,
,,,3.5304E-06,-0.0461298227310181,0.197106175823137,
,,,3.5306E-06,-0.113075435161591,0.1972735398449,
,,,3.5308E-06,0.087761402130127,0.197942995931953,
,,,3.531E-06,-0.0461298227310181,0.197942995931953,
,,,3.5312E-06,-0.113075435161591,0.197440903866664,
,,,3.5314E-06,-0.0461298227310181,0.197440903866664,
,,,3.5316E-06,0.0208157896995544,0.198110359953716,
,,,3.5318E-06,-0.0461298227310181,0.19827772397548,
,,,3.532E-06,-0.113075435161591,0.198110359953716,
,,,3.5322E-06,0.0208157896995544,0.197608267888427,
,,,3.5324E-06,0.087761402130127,0.197942995931953,
,,,3.5326E-06,-0.113075435161591,0.197440903866664,
,,,3.5328E-06,0.0208157896995544,0.198110359953716,
,,,3.533E-06,0.087761402130127,0.198779816040769,
,,,3.5332E-06,-0.113075435161591,0.1972735398449,
,,,3.5334E-06,0.087761402130127,0.197440903866664,
,,,3.5336E-06,0.0208157896995544,0.197608267888427,
,,,3.5338E-06,-0.0461298227310181,0.196938811801374,
,,,3.534E-06,0.0208157896995544,0.19827772397548,
,,,3.5342E-06,-0.0461298227310181,0.19827772397548,
,,,3.5344E-06,0.0208157896995544,0.197106175823137,
,,,3.5346E-06,-0.0461298227310181,0.197440903866664,
,,,3.5348E-06,0.0208157896995544,0.197942995931953,
,,,3.535E-06,-0.0461298227310181,0.198110359953716,
,,,3.5352E-06,-0.0461298227310181,0.197942995931953,
,,,3.5354E-06,-0.0461298227310181,0.197608267888427,
,,,3.5356E-06,-0.113075435161591,0.198445087997243,
,,,3.5358E-06,0.087761402130127,0.197440903866664,
,,,3.536E-06,0.087761402130127,0.1972735398449,
,,,3.5362E-06,-0.0461298227310181,0.1972735398449,
,,,3.5364E-06,0.0208157896995544,0.197106175823137,
,,,3.5366E-06,-0.0461298227310181,0.197440903866664,
,,,3.5368E-06,-0.0461298227310181,0.197608267888427,
,,,3.537E-06,-0.113075435161591,0.196938811801374,
,,,3.5372E-06,-0.0461298227310181,0.197608267888427,
,,,3.5374E-06,-0.0461298227310181,0.198612452019006,
,,,3.5376E-06,0.0208157896995544,0.1972735398449,
,,,3.5378E-06,-0.113075435161591,0.197106175823137,
,,,3.538E-06,0.0208157896995544,0.197942995931953,
,,,3.5382E-06,-0.0461298227310181,0.197942995931953,
,,,3.5384E-06,-0.0461298227310181,0.197440903866664,
,,,3.5386E-06,0.0208157896995544,0.19827772397548,
,,,3.5388E-06,0.087761402130127,0.197942995931953,
,,,3.539E-06,-0.0461298227310181,0.196771447779611,
,,,3.5392E-06,-0.0461298227310181,0.19777563191019,
,,,3.5394E-06,0.0208157896995544,0.197106175823137,
,,,3.5396E-06,-0.113075435161591,0.1972735398449,
,,,3.5398E-06,-0.0461298227310181,0.197608267888427,
,,,3.54E-06,-0.0461298227310181,0.1972735398449,
,,,3.5402E-06,-0.113075435161591,0.196604083757848,
,,,3.5404E-06,-0.0461298227310181,0.198445087997243,
,,,3.5406E-06,0.0208157896995544,0.198445087997243,
,,,3.5408E-06,0.087761402130127,0.1972735398449,
,,,3.541E-06,-0.0461298227310181,0.197608267888427,
,,,3.5412E-06,-0.0461298227310181,0.19777563191019,
,,,3.5414E-06,-0.0461298227310181,0.197440903866664,
,,,3.5416E-06,-0.0461298227310181,0.197106175823137,
,,,3.5418E-06,-0.0461298227310181,0.19777563191019,
,,,3.542E-06,-0.113075435161591,0.197942995931953,
,,,3.5422E-06,-0.0461298227310181,0.19777563191019,
,,,3.5424E-06,0.0208157896995544,0.197440903866664,
,,,3.5426E-06,-0.180021047592163,0.197106175823137,
,,,3.5428E-06,-0.0461298227310181,0.197440903866664,
,,,3.543E-06,0.0208157896995544,0.197440903866664,
,,,3.5432E-06,0.0208157896995544,0.197440903866664,
,,,3.5434E-06,-0.0461298227310181,0.197608267888427,
,,,3.5436E-06,-0.0461298227310181,0.1972735398449,
,,,3.5438E-06,-0.113075435161591,0.197106175823137,
,,,3.544E-06,-0.0461298227310181,0.1972735398449,
,,,3.5442E-06,-0.113075435161591,0.1972735398449,
,,,3.5444E-06,0.0208157896995544,0.197608267888427,
,,,3.5446E-06,-0.0461298227310181,0.197440903866664,
,,,3.5448E-06,0.087761402130127,0.197106175823137,
,,,3.545E-06,-0.113075435161591,0.197106175823137,
,,,3.5452E-06,0.087761402130127,0.1972735398449,
,,,3.5454E-06,0.0208157896995544,0.1972735398449,
,,,3.5456E-06,-0.0461298227310181,0.196771447779611,
,,,3.5458E-06,0.0208157896995544,0.196938811801374,
,,,3.546E-06,-0.113075435161591,0.196938811801374,
,,,3.5462E-06,-0.0461298227310181,0.197106175823137,
,,,3.5464E-06,0.0208157896995544,0.1972735398449,
,,,3.5466E-06,-0.113075435161591,0.197106175823137,
,,,3.5468E-06,-0.0461298227310181,0.197608267888427,
,,,3.547E-06,0.0208157896995544,0.197608267888427,
,,,3.5472E-06,-0.0461298227310181,0.197106175823137,
,,,3.5474E-06,-0.0461298227310181,0.197440903866664,
,,,3.5476E-06,0.0208157896995544,0.19777563191019,
,,,3.5478E-06,-0.0461298227310181,0.19777563191019,
,,,3.548E-06,-0.0461298227310181,0.197106175823137,
,,,3.5482E-06,-0.0461298227310181,0.198445087997243,
,,,3.5484E-06,-0.113075435161591,0.198110359953716,
,,,3.5486E-06,-0.0461298227310181,0.197942995931953,
,,,3.5488E-06,0.087761402130127,0.197942995931953,
,,,3.549E-06,-0.0461298227310181,0.197942995931953,
,,,3.5492E-06,-0.113075435161591,0.197440903866664,
,,,3.5494E-06,0.0208157896995544,0.1972735398449,
,,,3.5496E-06,0.0208157896995544,0.197942995931953,
,,,3.5498E-06,-0.0461298227310181,0.197440903866664,
,,,3.55E-06,0.0208157896995544,0.197440903866664,
,,,3.5502E-06,-0.0461298227310181,0.198445087997243,
,,,3.5504E-06,-0.0461298227310181,0.197942995931953,
,,,3.5506E-06,-0.0461298227310181,0.197942995931953,
,,,3.5508E-06,-0.0461298227310181,0.19777563191019,
,,,3.551E-06,-0.0461298227310181,0.196938811801374,
,,,3.5512E-06,0.087761402130127,0.196938811801374,
,,,3.5514E-06,0.0208157896995544,0.197106175823137,
,,,3.5516E-06,0.087761402130127,0.196771447779611,
,,,3.5518E-06,0.0208157896995544,0.197440903866664,
,,,3.552E-06,0.0208157896995544,0.197106175823137,
,,,3.5522E-06,0.087761402130127,0.197942995931953,
,,,3.5524E-06,-0.0461298227310181,0.198110359953716,
,,,3.5526E-06,-0.0461298227310181,0.1972735398449,
,,,3.5528E-06,0.0208157896995544,0.196771447779611,
,,,3.553E-06,0.0208157896995544,0.197608267888427,
,,,3.5532E-06,0.0208157896995544,0.19777563191019,
,,,3.5534E-06,0.0208157896995544,0.197942995931953,
,,,3.5536E-06,0.087761402130127,0.197942995931953,
,,,3.5538E-06,-0.0461298227310181,0.198110359953716,
,,,3.554E-06,0.0208157896995544,0.19777563191019,
,,,3.5542E-06,0.0208157896995544,0.197942995931953,
,,,3.5544E-06,-0.113075435161591,0.19777563191019,
,,,3.5546E-06,0.0208157896995544,0.197608267888427,
,,,3.5548E-06,-0.0461298227310181,0.197440903866664,
,,,3.555E-06,-0.0461298227310181,0.196938811801374,
,,,3.5552E-06,0.087761402130127,0.197440903866664,
,,,3.5554E-06,-0.0461298227310181,0.1972735398449,
,,,3.5556E-06,0.0208157896995544,0.197608267888427,
,,,3.5558E-06,-0.0461298227310181,0.1972735398449,
,,,3.556E-06,0.0208157896995544,0.1972735398449,
,,,3.5562E-06,0.0208157896995544,0.197440903866664,
,,,3.5564E-06,-0.0461298227310181,0.197942995931953,
,,,3.5566E-06,-0.0461298227310181,0.197608267888427,
,,,3.5568E-06,0.0208157896995544,0.197440903866664,
,,,3.557E-06,0.0208157896995544,0.197440903866664,
,,,3.5572E-06,0.154707014560699,0.197440903866664,
,,,3.5574E-06,-0.0461298227310181,0.197608267888427,
,,,3.5576E-06,0.087761402130127,0.197440903866664,
,,,3.5578E-06,0.0208157896995544,0.197106175823137,
,,,3.558E-06,0.0208157896995544,0.197942995931953,
,,,3.5582E-06,0.087761402130127,0.197942995931953,
,,,3.5584E-06,-0.0461298227310181,0.1972735398449,
,,,3.5586E-06,0.087761402130127,0.197608267888427,
,,,3.5588E-06,0.0208157896995544,0.197608267888427,
,,,3.559E-06,-0.0461298227310181,0.196771447779611,
,,,3.5592E-06,0.087761402130127,0.197440903866664,
,,,3.5594E-06,0.0208157896995544,0.19827772397548,
,,,3.5596E-06,0.0208157896995544,0.197608267888427,
,,,3.5598E-06,-0.0461298227310181,0.197440903866664,
,,,3.56E-06,0.154707014560699,0.19777563191019,
,,,3.5602E-06,0.0208157896995544,0.198110359953716,
,,,3.5604E-06,0.0208157896995544,0.1972735398449,
,,,3.5606E-06,-0.0461298227310181,0.197608267888427,
,,,3.5608E-06,-0.0461298227310181,0.198110359953716,
,,,3.561E-06,0.087761402130127,0.197942995931953,
,,,3.5612E-06,0.0208157896995544,0.197608267888427,
,,,3.5614E-06,0.0208157896995544,0.19827772397548,
,,,3.5616E-06,0.087761402130127,0.198445087997243,
,,,3.5618E-06,-0.0461298227310181,0.19777563191019,
,,,3.562E-06,0.0208157896995544,0.198445087997243,
,,,3.5622E-06,0.0208157896995544,0.197942995931953,
,,,3.5624E-06,-0.0461298227310181,0.19777563191019,
,,,3.5626E-06,-0.0461298227310181,0.19827772397548,
,,,3.5628E-06,0.0208157896995544,0.19827772397548,
,,,3.563E-06,0.0208157896995544,0.197942995931953,
,,,3.5632E-06,0.0208157896995544,0.19777563191019,
,,,3.5634E-06,-0.0461298227310181,0.198110359953716,
,,,3.5636E-06,-0.0461298227310181,0.197608267888427,
,,,3.5638E-06,-0.0461298227310181,0.198110359953716,
,,,3.564E-06,0.0208157896995544,0.196938811801374,
,,,3.5642E-06,0.087761402130127,0.197942995931953,
,,,3.5644E-06,0.154707014560699,0.1972735398449,
,,,3.5646E-06,0.087761402130127,0.19777563191019,
,,,3.5648E-06,0.0208157896995544,0.197942995931953,
,,,3.565E-06,0.0208157896995544,0.197440903866664,
,,,3.5652E-06,0.0208157896995544,0.19777563191019,
,,,3.5654E-06,-0.0461298227310181,0.197942995931953,
,,,3.5656E-06,0.0208157896995544,0.197440903866664,
,,,3.5658E-06,0.0208157896995544,0.196938811801374,
,,,3.566E-06,0.087761402130127,0.197608267888427,
,,,3.5662E-06,0.0208157896995544,0.198110359953716,
,,,3.5664E-06,0.154707014560699,0.197608267888427,
,,,3.5666E-06,0.0208157896995544,0.197942995931953,
,,,3.5668E-06,0.0208157896995544,0.197106175823137,
,,,3.567E-06,0.0208157896995544,0.197608267888427,
,,,3.5672E-06,0.0208157896995544,0.196938811801374,
,,,3.5674E-06,0.0208157896995544,0.1972735398449,
,,,3.5676E-06,0.0208157896995544,0.19777563191019,
,,,3.5678E-06,0.0208157896995544,0.197608267888427,
,,,3.568E-06,0.0208157896995544,0.197440903866664,
,,,3.5682E-06,-0.0461298227310181,0.196938811801374,
,,,3.5684E-06,0.0208157896995544,0.197608267888427,
,,,3.5686E-06,0.087761402130127,0.1972735398449,
,,,3.5688E-06,0.087761402130127,0.19777563191019,
,,,3.569E-06,0.0208157896995544,0.196938811801374,
,,,3.5692E-06,0.0208157896995544,0.1972735398449,
,,,3.5694E-06,-0.0461298227310181,0.197608267888427,
,,,3.5696E-06,0.087761402130127,0.197608267888427,
,,,3.5698E-06,0.0208157896995544,0.196938811801374,
,,,3.57E-06,-0.0461298227310181,0.196938811801374,
,,,3.5702E-06,-0.0461298227310181,0.196771447779611,
,,,3.5704E-06,0.087761402130127,0.197440903866664,
,,,3.5706E-06,-0.0461298227310181,0.1972735398449,
,,,3.5708E-06,0.154707014560699,0.196771447779611,
,,,3.571E-06,0.0208157896995544,0.197106175823137,
,,,3.5712E-06,-0.0461298227310181,0.196938811801374,
,,,3.5714E-06,0.0208157896995544,0.196938811801374,
,,,3.5716E-06,-0.0461298227310181,0.196771447779611,
,,,3.5718E-06,0.0208157896995544,0.197106175823137,
,,,3.572E-06,0.0208157896995544,0.196436719736084,
,,,3.5722E-06,-0.113075435161591,0.196269355714321,
,,,3.5724E-06,0.0208157896995544,0.196436719736084,
,,,3.5726E-06,-0.0461298227310181,0.196771447779611,
,,,3.5728E-06,0.0208157896995544,0.196771447779611,
,,,3.573E-06,-0.0461298227310181,0.1972735398449,
,,,3.5732E-06,0.0208157896995544,0.197106175823137,
,,,3.5734E-06,0.0208157896995544,0.1972735398449,
,,,3.5736E-06,-0.113075435161591,0.197942995931953,
,,,3.5738E-06,0.0208157896995544,0.196604083757848,
,,,3.574E-06,0.0208157896995544,0.1972735398449,
,,,3.5742E-06,-0.0461298227310181,0.197608267888427,
,,,3.5744E-06,-0.0461298227310181,0.197440903866664,
,,,3.5746E-06,-0.113075435161591,0.196771447779611,
,,,3.5748E-06,0.0208157896995544,0.19777563191019,
,,,3.575E-06,0.087761402130127,0.197942995931953,
,,,3.5752E-06,0.0208157896995544,0.19777563191019,
,,,3.5754E-06,-0.0461298227310181,0.19777563191019,
,,,3.5756E-06,0.0208157896995544,0.19777563191019,
,,,3.5758E-06,-0.0461298227310181,0.19777563191019,
,,,3.576E-06,-0.113075435161591,0.19777563191019,
,,,3.5762E-06,-0.0461298227310181,0.197440903866664,
,,,3.5764E-06,0.087761402130127,0.197942995931953,
,,,3.5766E-06,-0.0461298227310181,0.198445087997243,
,,,3.5768E-06,0.0208157896995544,0.197608267888427,
,,,3.577E-06,0.0208157896995544,0.198110359953716,
,,,3.5772E-06,0.087761402130127,0.198110359953716,
,,,3.5774E-06,0.0208157896995544,0.198445087997243,
,,,3.5776E-06,0.0208157896995544,0.19827772397548,
,,,3.5778E-06,0.0208157896995544,0.198110359953716,
,,,3.578E-06,0.0208157896995544,0.19827772397548,
,,,3.5782E-06,-0.0461298227310181,0.198110359953716,
,,,3.5784E-06,0.087761402130127,0.19827772397548,
,,,3.5786E-06,-0.0461298227310181,0.198110359953716,
,,,3.5788E-06,0.0208157896995544,0.198779816040769,
,,,3.579E-06,0.154707014560699,0.197608267888427,
,,,3.5792E-06,0.087761402130127,0.197942995931953,
,,,3.5794E-06,-0.0461298227310181,0.19777563191019,
,,,3.5796E-06,0.0208157896995544,0.198445087997243,
,,,3.5798E-06,-0.0461298227310181,0.198110359953716,
,,,3.58E-06,-0.113075435161591,0.198110359953716,
,,,3.5802E-06,0.0208157896995544,0.198445087997243,
,,,3.5804E-06,-0.0461298227310181,0.19827772397548,
,,,3.5806E-06,-0.113075435161591,0.198445087997243,
,,,3.5808E-06,0.087761402130127,0.19777563191019,
,,,3.581E-06,-0.0461298227310181,0.197608267888427,
,,,3.5812E-06,0.0208157896995544,0.198110359953716,
,,,3.5814E-06,-0.0461298227310181,0.198110359953716,
,,,3.5816E-06,0.087761402130127,0.198110359953716,
,,,3.5818E-06,-0.0461298227310181,0.19827772397548,
,,,3.582E-06,0.0208157896995544,0.198110359953716,
,,,3.5822E-06,-0.0461298227310181,0.196938811801374,
,,,3.5824E-06,0.087761402130127,0.197440903866664,
,,,3.5826E-06,-0.0461298227310181,0.197608267888427,
,,,3.5828E-06,-0.0461298227310181,0.197440903866664,
,,,3.583E-06,-0.113075435161591,0.197608267888427,
,,,3.5832E-06,0.0208157896995544,0.19777563191019,
,,,3.5834E-06,0.0208157896995544,0.197942995931953,
,,,3.5836E-06,0.087761402130127,0.19777563191019,
,,,3.5838E-06,0.087761402130127,0.197440903866664,
,,,3.584E-06,-0.0461298227310181,0.197440903866664,
,,,3.5842E-06,0.0208157896995544,0.1972735398449,
,,,3.5844E-06,-0.113075435161591,0.197106175823137,
,,,3.5846E-06,0.0208157896995544,0.197106175823137,
,,,3.5848E-06,0.0208157896995544,0.197106175823137,
,,,3.585E-06,-0.113075435161591,0.197608267888427,
,,,3.5852E-06,-0.0461298227310181,0.197440903866664,
,,,3.5854E-06,-0.0461298227310181,0.197106175823137,
,,,3.5856E-06,0.087761402130127,0.196938811801374,
,,,3.5858E-06,-0.0461298227310181,0.1972735398449,
,,,3.586E-06,-0.0461298227310181,0.196604083757848,
,,,3.5862E-06,-0.0461298227310181,0.197440903866664,
,,,3.5864E-06,-0.180021047592163,0.196604083757848,
,,,3.5866E-06,-0.0461298227310181,0.196604083757848,
,,,3.5868E-06,0.0208157896995544,0.196436719736084,
,,,3.587E-06,-0.0461298227310181,0.197440903866664,
,,,3.5872E-06,-0.0461298227310181,0.1972735398449,
,,,3.5874E-06,-0.180021047592163,0.196436719736084,
,,,3.5876E-06,-0.0461298227310181,0.196436719736084,
,,,3.5878E-06,0.0208157896995544,0.196771447779611,
,,,3.588E-06,0.0208157896995544,0.197106175823137,
,,,3.5882E-06,-0.113075435161591,0.196604083757848,
,,,3.5884E-06,-0.0461298227310181,0.197106175823137,
,,,3.5886E-06,0.0208157896995544,0.196604083757848,
,,,3.5888E-06,0.0208157896995544,0.196436719736084,
,,,3.589E-06,0.0208157896995544,0.196436719736084,
,,,3.5892E-06,0.0208157896995544,0.196938811801374,
,,,3.5894E-06,-0.0461298227310181,0.196436719736084,
,,,3.5896E-06,0.0208157896995544,0.196771447779611,
,,,3.5898E-06,0.0208157896995544,0.196269355714321,
,,,3.59E-06,0.154707014560699,0.196938811801374,
,,,3.5902E-06,0.0208157896995544,0.196604083757848,
,,,3.5904E-06,0.0208157896995544,0.196604083757848,
,,,3.5906E-06,0.0208157896995544,0.196436719736084,
,,,3.5908E-06,-0.0461298227310181,0.196604083757848,
,,,3.591E-06,0.0208157896995544,0.196938811801374,
,,,3.5912E-06,0.0208157896995544,0.197106175823137,
,,,3.5914E-06,-0.113075435161591,0.196938811801374,
,,,3.5916E-06,-0.0461298227310181,0.197106175823137,
,,,3.5918E-06,0.0208157896995544,0.197608267888427,
,,,3.592E-06,0.0208157896995544,0.197106175823137,
,,,3.5922E-06,-0.113075435161591,0.196604083757848,
,,,3.5924E-06,0.0208157896995544,0.197608267888427,
,,,3.5926E-06,-0.0461298227310181,0.19777563191019,
,,,3.5928E-06,0.0208157896995544,0.197106175823137,
,,,3.593E-06,-0.0461298227310181,0.197608267888427,
,,,3.5932E-06,0.0208157896995544,0.196604083757848,
,,,3.5934E-06,-0.0461298227310181,0.196938811801374,
,,,3.5936E-06,-0.0461298227310181,0.197608267888427,
,,,3.5938E-06,-0.113075435161591,0.19777563191019,
,,,3.594E-06,0.0208157896995544,0.1972735398449,
,,,3.5942E-06,0.087761402130127,0.197106175823137,
,,,3.5944E-06,0.0208157896995544,0.196604083757848,
,,,3.5946E-06,-0.0461298227310181,0.196938811801374,
,,,3.5948E-06,0.0208157896995544,0.197440903866664,
,,,3.595E-06,-0.0461298227310181,0.197440903866664,
,,,3.5952E-06,0.0208157896995544,0.197608267888427,
,,,3.5954E-06,0.0208157896995544,0.196938811801374,
,,,3.5956E-06,-0.0461298227310181,0.197106175823137,
,,,3.5958E-06,-0.0461298227310181,0.197440903866664,
,,,3.596E-06,0.0208157896995544,0.197608267888427,
,,,3.5962E-06,0.0208157896995544,0.197440903866664,
,,,3.5964E-06,0.0208157896995544,0.197106175823137,
,,,3.5966E-06,-0.0461298227310181,0.19777563191019,
,,,3.5968E-06,0.087761402130127,0.19777563191019,
,,,3.597E-06,0.0208157896995544,0.198110359953716,
,,,3.5972E-06,0.0208157896995544,0.1972735398449,
,,,3.5974E-06,0.0208157896995544,0.197106175823137,
,,,3.5976E-06,0.0208157896995544,0.197942995931953,
,,,3.5978E-06,0.0208157896995544,0.197942995931953,
,,,3.598E-06,0.0208157896995544,0.197942995931953,
,,,3.5982E-06,-0.0461298227310181,0.197608267888427,
,,,3.5984E-06,0.0208157896995544,0.197942995931953,
,,,3.5986E-06,0.0208157896995544,0.197608267888427,
,,,3.5988E-06,0.0208157896995544,0.197942995931953,
,,,3.599E-06,-0.0461298227310181,0.198445087997243,
,,,3.5992E-06,-0.0461298227310181,0.19777563191019,
,,,3.5994E-06,0.0208157896995544,0.19777563191019,
,,,3.5996E-06,0.0208157896995544,0.19827772397548,
,,,3.5998E-06,0.087761402130127,0.198110359953716,
,,,3.6E-06,0.0208157896995544,0.1972735398449,
,,,3.6002E-06,-0.180021047592163,0.197440903866664,
,,,3.6004E-06,0.087761402130127,0.197608267888427,
,,,3.6006E-06,0.087761402130127,0.197440903866664,
,,,3.6008E-06,-0.0461298227310181,0.196771447779611,
,,,3.601E-06,-0.113075435161591,0.197942995931953,
,,,3.6012E-06,0.0208157896995544,0.196938811801374,
,,,3.6014E-06,-0.0461298227310181,0.196938811801374,
,,,3.6016E-06,-0.0461298227310181,0.19777563191019,
,,,3.6018E-06,0.0208157896995544,0.196938811801374,
,,,3.602E-06,-0.0461298227310181,0.196938811801374,
,,,3.6022E-06,-0.0461298227310181,0.196604083757848,
,,,3.6024E-06,0.087761402130127,0.1972735398449,
,,,3.6026E-06,-0.0461298227310181,0.196771447779611,
,,,3.6028E-06,0.087761402130127,0.196938811801374,
,,,3.603E-06,-0.0461298227310181,0.196269355714321,
,,,3.6032E-06,-0.0461298227310181,0.196938811801374,
,,,3.6034E-06,0.087761402130127,0.196436719736084,
,,,3.6036E-06,-0.0461298227310181,0.196436719736084,
,,,3.6038E-06,0.087761402130127,0.196604083757848,
,,,3.604E-06,0.087761402130127,0.1972735398449,
,,,3.6042E-06,-0.113075435161591,0.196436719736084,
,,,3.6044E-06,0.0208157896995544,0.196604083757848,
,,,3.6046E-06,0.0208157896995544,0.196269355714321,
,,,3.6048E-06,0.0208157896995544,0.196771447779611,
,,,3.605E-06,0.0208157896995544,0.197106175823137,
,,,3.6052E-06,0.087761402130127,0.196269355714321,
,,,3.6054E-06,-0.113075435161591,0.1972735398449,
,,,3.6056E-06,-0.113075435161591,0.197106175823137,
,,,3.6058E-06,0.0208157896995544,0.196269355714321,
,,,3.606E-06,0.0208157896995544,0.196101991692558,
,,,3.6062E-06,-0.113075435161591,0.1972735398449,
,,,3.6064E-06,0.087761402130127,0.196436719736084,
,,,3.6066E-06,-0.0461298227310181,0.196604083757848,
,,,3.6068E-06,-0.0461298227310181,0.197942995931953,
,,,3.607E-06,0.087761402130127,0.196771447779611,
,,,3.6072E-06,0.087761402130127,0.196269355714321,
,,,3.6074E-06,-0.113075435161591,0.196771447779611,
,,,3.6076E-06,0.0208157896995544,0.196604083757848,
,,,3.6078E-06,-0.0461298227310181,0.196604083757848,
,,,3.608E-06,0.0208157896995544,0.1972735398449,
,,,3.6082E-06,0.0208157896995544,0.197106175823137,
,,,3.6084E-06,-0.0461298227310181,0.196938811801374,
,,,3.6086E-06,-0.0461298227310181,0.196436719736084,
,,,3.6088E-06,0.0208157896995544,0.1972735398449,
,,,3.609E-06,-0.113075435161591,0.196436719736084,
,,,3.6092E-06,0.0208157896995544,0.196938811801374,
,,,3.6094E-06,0.0208157896995544,0.197106175823137,
,,,3.6096E-06,0.0208157896995544,0.197106175823137,
,,,3.6098E-06,0.0208157896995544,0.196771447779611,
,,,3.61E-06,-0.0461298227310181,0.19777563191019,
,,,3.6102E-06,-0.0461298227310181,0.196101991692558,
,,,3.6104E-06,0.0208157896995544,0.197106175823137,
,,,3.6106E-06,0.0208157896995544,0.197106175823137,
,,,3.6108E-06,0.0208157896995544,0.197106175823137,
,,,3.611E-06,0.0208157896995544,0.1972735398449,
,,,3.6112E-06,0.0208157896995544,0.1972735398449,
,,,3.6114E-06,0.0208157896995544,0.197106175823137,
,,,3.6116E-06,-0.0461298227310181,0.196938811801374,
,,,3.6118E-06,-0.0461298227310181,0.196604083757848,
,,,3.612E-06,-0.0461298227310181,0.196269355714321,
,,,3.6122E-06,0.0208157896995544,0.196771447779611,
,,,3.6124E-06,-0.0461298227310181,0.197608267888427,
,,,3.6126E-06,0.0208157896995544,0.197440903866664,
,,,3.6128E-06,0.087761402130127,0.196771447779611,
,,,3.613E-06,-0.113075435161591,0.196604083757848,
,,,3.6132E-06,0.0208157896995544,0.197106175823137,
,,,3.6134E-06,-0.0461298227310181,0.1972735398449,
,,,3.6136E-06,-0.113075435161591,0.198110359953716,
,,,3.6138E-06,-0.0461298227310181,0.197106175823137,
,,,3.614E-06,0.087761402130127,0.19777563191019,
,,,3.6142E-06,-0.113075435161591,0.197106175823137,
,,,3.6144E-06,-0.113075435161591,0.197106175823137,
,,,3.6146E-06,-0.0461298227310181,0.198445087997243,
,,,3.6148E-06,-0.0461298227310181,0.197608267888427,
,,,3.615E-06,-0.0461298227310181,0.196938811801374,
,,,3.6152E-06,0.087761402130127,0.197440903866664,
,,,3.6154E-06,-0.0461298227310181,0.19777563191019,
,,,3.6156E-06,0.087761402130127,0.197608267888427,
,,,3.6158E-06,0.0208157896995544,0.197440903866664,
,,,3.616E-06,-0.0461298227310181,0.198110359953716,
,,,3.6162E-06,0.087761402130127,0.197608267888427,
,,,3.6164E-06,0.0208157896995544,0.197608267888427,
,,,3.6166E-06,-0.0461298227310181,0.196938811801374,
,,,3.6168E-06,0.087761402130127,0.19777563191019,
,,,3.617E-06,0.0208157896995544,0.197608267888427,
,,,3.6172E-06,0.0208157896995544,0.1972735398449,
,,,3.6174E-06,0.0208157896995544,0.19777563191019,
,,,3.6176E-06,0.154707014560699,0.197440903866664,
,,,3.6178E-06,-0.0461298227310181,0.197608267888427,
,,,3.618E-06,0.087761402130127,0.1972735398449,
,,,3.6182E-06,0.0208157896995544,0.1972735398449,
,,,3.6184E-06,-0.113075435161591,0.1972735398449,
,,,3.6186E-06,0.0208157896995544,0.197106175823137,
,,,3.6188E-06,-0.0461298227310181,0.197440903866664,
,,,3.619E-06,0.0208157896995544,0.196938811801374,
,,,3.6192E-06,0.0208157896995544,0.1972735398449,
,,,3.6194E-06,-0.0461298227310181,0.19777563191019,
,,,3.6196E-06,0.0208157896995544,0.196771447779611,
,,,3.6198E-06,0.154707014560699,0.196604083757848,
,,,3.62E-06,0.154707014560699,0.196938811801374,
,,,3.6202E-06,0.0208157896995544,0.196938811801374,
,,,3.6204E-06,-0.0461298227310181,0.196436719736084,
,,,3.6206E-06,-0.0461298227310181,0.196604083757848,
,,,3.6208E-06,-0.0461298227310181,0.196269355714321,
,,,3.621E-06,-0.0461298227310181,0.196436719736084,
,,,3.6212E-06,0.0208157896995544,0.196938811801374,
,,,3.6214E-06,-0.0461298227310181,0.196604083757848,
,,,3.6216E-06,0.154707014560699,0.196101991692558,
,,,3.6218E-06,-0.0461298227310181,0.196938811801374,
,,,3.622E-06,0.087761402130127,0.197106175823137,
,,,3.6222E-06,0.0208157896995544,0.196938811801374,
,,,3.6224E-06,0.0208157896995544,0.196436719736084,
,,,3.6226E-06,0.0208157896995544,0.196938811801374,
,,,3.6228E-06,0.0208157896995544,0.197440903866664,
,,,3.623E-06,0.087761402130127,0.196604083757848,
,,,3.6232E-06,0.0208157896995544,0.196771447779611,
,,,3.6234E-06,-0.0461298227310181,0.196771447779611,
,,,3.6236E-06,0.087761402130127,0.196604083757848,
,,,3.6238E-06,0.0208157896995544,0.196269355714321,
,,,3.624E-06,0.087761402130127,0.196101991692558,
,,,3.6242E-06,-0.0461298227310181,0.196101991692558,
,,,3.6244E-06,-0.0461298227310181,0.196269355714321,
,,,3.6246E-06,0.0208157896995544,0.196436719736084,
,,,3.6248E-06,0.0208157896995544,0.195767263649032,
,,,3.625E-06,-0.0461298227310181,0.195934627670795,
,,,3.6252E-06,-0.113075435161591,0.195767263649032,
,,,3.6254E-06,0.0208157896995544,0.196938811801374,
,,,3.6256E-06,0.154707014560699,0.196771447779611,
,,,3.6258E-06,-0.0461298227310181,0.196269355714321,
,,,3.626E-06,0.0208157896995544,0.196269355714321,
,,,3.6262E-06,-0.0461298227310181,0.196436719736084,
,,,3.6264E-06,0.0208157896995544,0.196269355714321,
,,,3.6266E-06,-0.113075435161591,0.196938811801374,
,,,3.6268E-06,0.0208157896995544,0.196771447779611,
,,,3.627E-06,0.0208157896995544,0.196101991692558,
,,,3.6272E-06,0.087761402130127,0.196938811801374,
,,,3.6274E-06,-0.113075435161591,0.196938811801374,
,,,3.6276E-06,-0.0461298227310181,0.196436719736084,
,,,3.6278E-06,-0.0461298227310181,0.196101991692558,
,,,3.628E-06,0.087761402130127,0.196938811801374,
,,,3.6282E-06,-0.0461298227310181,0.196604083757848,
,,,3.6284E-06,0.154707014560699,0.196436719736084,
,,,3.6286E-06,0.0208157896995544,0.196771447779611,
,,,3.6288E-06,0.0208157896995544,0.196269355714321,
,,,3.629E-06,0.087761402130127,0.196269355714321,
,,,3.6292E-06,0.0208157896995544,0.196269355714321,
,,,3.6294E-06,-0.0461298227310181,0.197106175823137,
,,,3.6296E-06,0.087761402130127,0.196938811801374,
,,,3.6298E-06,0.0208157896995544,0.196771447779611,
,,,3.63E-06,-0.113075435161591,0.196604083757848,
,,,3.6302E-06,0.0208157896995544,0.196604083757848,
,,,3.6304E-06,0.087761402130127,0.197106175823137,
,,,3.6306E-06,-0.0461298227310181,0.1972735398449,
,,,3.6308E-06,0.087761402130127,0.196938811801374,
,,,3.631E-06,-0.0461298227310181,0.196604083757848,
,,,3.6312E-06,-0.0461298227310181,0.197106175823137,
,,,3.6314E-06,0.0208157896995544,0.197608267888427,
,,,3.6316E-06,0.0208157896995544,0.196938811801374,
,,,3.6318E-06,-0.0461298227310181,0.1972735398449,
,,,3.632E-06,0.0208157896995544,0.197608267888427,
,,,3.6322E-06,-0.113075435161591,0.196938811801374,
,,,3.6324E-06,-0.0461298227310181,0.19777563191019,
,,,3.6326E-06,0.0208157896995544,0.197608267888427,
,,,3.6328E-06,0.0208157896995544,0.196938811801374,
,,,3.633E-06,-0.0461298227310181,0.197106175823137,
,,,3.6332E-06,0.0208157896995544,0.196604083757848,
,,,3.6334E-06,0.0208157896995544,0.197440903866664,
,,,3.6336E-06,-0.0461298227310181,0.197440903866664,
,,,3.6338E-06,-0.0461298227310181,0.1972735398449,
,,,3.634E-06,0.0208157896995544,0.1972735398449,
,,,3.6342E-06,0.0208157896995544,0.197608267888427,
,,,3.6344E-06,-0.0461298227310181,0.196938811801374,
,,,3.6346E-06,-0.0461298227310181,0.197106175823137,
,,,3.6348E-06,0.087761402130127,0.19777563191019,
,,,3.635E-06,0.0208157896995544,0.1972735398449,
,,,3.6352E-06,0.0208157896995544,0.197608267888427,
,,,3.6354E-06,0.0208157896995544,0.197942995931953,
,,,3.6356E-06,-0.0461298227310181,0.19777563191019,
,,,3.6358E-06,-0.0461298227310181,0.1972735398449,
,,,3.636E-06,0.0208157896995544,0.197440903866664,
,,,3.6362E-06,0.0208157896995544,0.1972735398449,
,,,3.6364E-06,0.0208157896995544,0.198110359953716,
,,,3.6366E-06,-0.0461298227310181,0.197440903866664,
,,,3.6368E-06,0.087761402130127,0.198110359953716,
,,,3.637E-06,-0.0461298227310181,0.198110359953716,
,,,3.6372E-06,0.0208157896995544,0.197440903866664,
,,,3.6374E-06,-0.0461298227310181,0.19777563191019,
,,,3.6376E-06,0.0208157896995544,0.197608267888427,
,,,3.6378E-06,0.0208157896995544,0.197608267888427,
,,,3.638E-06,-0.113075435161591,0.19777563191019,
,,,3.6382E-06,-0.0461298227310181,0.198110359953716,
,,,3.6384E-06,0.0208157896995544,0.19777563191019,
,,,3.6386E-06,-0.113075435161591,0.197608267888427,
,,,3.6388E-06,-0.113075435161591,0.196938811801374,
,,,3.639E-06,0.087761402130127,0.197608267888427,
,,,3.6392E-06,0.0208157896995544,0.197608267888427,
,,,3.6394E-06,-0.113075435161591,0.196938811801374,
,,,3.6396E-06,0.0208157896995544,0.197440903866664,
,,,3.6398E-06,-0.0461298227310181,0.197440903866664,
,,,3.64E-06,0.0208157896995544,0.197440903866664,
,,,3.6402E-06,-0.0461298227310181,0.198110359953716,
,,,3.6404E-06,0.0208157896995544,0.197440903866664,
,,,3.6406E-06,-0.0461298227310181,0.1972735398449,
,,,3.6408E-06,0.087761402130127,0.197440903866664,
,,,3.641E-06,0.0208157896995544,0.197608267888427,
,,,3.6412E-06,0.087761402130127,0.197106175823137,
,,,3.6414E-06,0.087761402130127,0.1972735398449,
,,,3.6416E-06,0.0208157896995544,0.196771447779611,
,,,3.6418E-06,-0.0461298227310181,0.196771447779611,
,,,3.642E-06,-0.0461298227310181,0.1972735398449,
,,,3.6422E-06,0.0208157896995544,0.197942995931953,
,,,3.6424E-06,0.0208157896995544,0.197440903866664,
,,,3.6426E-06,0.0208157896995544,0.196604083757848,
,,,3.6428E-06,0.0208157896995544,0.196938811801374,
,,,3.643E-06,-0.0461298227310181,0.197440903866664,
,,,3.6432E-06,0.087761402130127,0.19777563191019,
,,,3.6434E-06,0.0208157896995544,0.196771447779611,
,,,3.6436E-06,0.087761402130127,0.197608267888427,
,,,3.6438E-06,0.0208157896995544,0.197106175823137,
,,,3.644E-06,-0.0461298227310181,0.196938811801374,
,,,3.6442E-06,-0.0461298227310181,0.197106175823137,
,,,3.6444E-06,0.0208157896995544,0.197106175823137,
,,,3.6446E-06,-0.0461298227310181,0.197106175823137,
,,,3.6448E-06,-0.0461298227310181,0.197106175823137,
,,,3.645E-06,0.0208157896995544,0.196604083757848,
,,,3.6452E-06,-0.0461298227310181,0.196604083757848,
,,,3.6454E-06,0.0208157896995544,0.1972735398449,
,,,3.6456E-06,0.0208157896995544,0.196101991692558,
,,,3.6458E-06,-0.0461298227310181,0.196269355714321,
,,,3.646E-06,-0.0461298227310181,0.196938811801374,
,,,3.6462E-06,-0.0461298227310181,0.196604083757848,
,,,3.6464E-06,0.087761402130127,0.1972735398449,
,,,3.6466E-06,0.154707014560699,0.19777563191019,
,,,3.6468E-06,0.0208157896995544,0.197106175823137,
,,,3.647E-06,-0.0461298227310181,0.196938811801374,
,,,3.6472E-06,0.087761402130127,0.196771447779611,
,,,3.6474E-06,0.0208157896995544,0.197106175823137,
,,,3.6476E-06,0.0208157896995544,0.196938811801374,
,,,3.6478E-06,0.087761402130127,0.196771447779611,
,,,3.648E-06,0.087761402130127,0.196771447779611,
,,,3.6482E-06,0.087761402130127,0.196938811801374,
,,,3.6484E-06,0.0208157896995544,0.197106175823137,
,,,3.6486E-06,0.087761402130127,0.196771447779611,
,,,3.6488E-06,0.0208157896995544,0.196771447779611,
,,,3.649E-06,0.0208157896995544,0.196771447779611,
,,,3.6492E-06,-0.0461298227310181,0.196604083757848,
,,,3.6494E-06,0.0208157896995544,0.196604083757848,
,,,3.6496E-06,0.154707014560699,0.196604083757848,
,,,3.6498E-06,-0.0461298227310181,0.196604083757848,
,,,3.65E-06,-0.0461298227310181,0.1972735398449,
,,,3.6502E-06,0.087761402130127,0.196938811801374,
,,,3.6504E-06,0.0208157896995544,0.1972735398449,
,,,3.6506E-06,-0.113075435161591,0.196771447779611,
,,,3.6508E-06,0.0208157896995544,0.196938811801374,
,,,3.651E-06,0.087761402130127,0.197440903866664,
,,,3.6512E-06,0.087761402130127,0.197608267888427,
,,,3.6514E-06,-0.0461298227310181,0.196436719736084,
,,,3.6516E-06,0.0208157896995544,0.196938811801374,
,,,3.6518E-06,0.0208157896995544,0.197106175823137,
,,,3.652E-06,-0.0461298227310181,0.196436719736084,
,,,3.6522E-06,-0.0461298227310181,0.1972735398449,
,,,3.6524E-06,0.0208157896995544,0.197106175823137,
,,,3.6526E-06,-0.0461298227310181,0.196938811801374,
,,,3.6528E-06,-0.0461298227310181,0.197608267888427,
,,,3.653E-06,-0.0461298227310181,0.197106175823137,
,,,3.6532E-06,0.0208157896995544,0.197440903866664,
,,,3.6534E-06,-0.113075435161591,0.197106175823137,
,,,3.6536E-06,0.0208157896995544,0.196938811801374,
,,,3.6538E-06,0.0208157896995544,0.197608267888427,
,,,3.654E-06,-0.0461298227310181,0.197106175823137,
,,,3.6542E-06,-0.0461298227310181,0.197106175823137,
,,,3.6544E-06,0.0208157896995544,0.197608267888427,
,,,3.6546E-06,0.087761402130127,0.1972735398449,
,,,3.6548E-06,0.0208157896995544,0.197106175823137,
,,,3.655E-06,0.087761402130127,0.196604083757848,
,,,3.6552E-06,0.0208157896995544,0.197106175823137,
,,,3.6554E-06,-0.113075435161591,0.1972735398449,
,,,3.6556E-06,0.0208157896995544,0.198110359953716,
,,,3.6558E-06,0.087761402130127,0.19777563191019,
,,,3.656E-06,0.087761402130127,0.197106175823137,
,,,3.6562E-06,-0.0461298227310181,0.197942995931953,
,,,3.6564E-06,0.0208157896995544,0.197608267888427,
,,,3.6566E-06,0.0208157896995544,0.197106175823137,
,,,3.6568E-06,-0.0461298227310181,0.197608267888427,
,,,3.657E-06,-0.0461298227310181,0.197440903866664,
,,,3.6572E-06,-0.0461298227310181,0.19827772397548,
,,,3.6574E-06,0.087761402130127,0.1972735398449,
,,,3.6576E-06,0.0208157896995544,0.197106175823137,
,,,3.6578E-06,-0.0461298227310181,0.1972735398449,
,,,3.658E-06,-0.0461298227310181,0.197106175823137,
,,,3.6582E-06,0.087761402130127,0.197608267888427,
,,,3.6584E-06,0.0208157896995544,0.197608267888427,
,,,3.6586E-06,-0.0461298227310181,0.197106175823137,
,,,3.6588E-06,0.087761402130127,0.197440903866664,
,,,3.659E-06,-0.0461298227310181,0.19777563191019,
,,,3.6592E-06,0.0208157896995544,0.19777563191019,
,,,3.6594E-06,0.0208157896995544,0.197608267888427,
,,,3.6596E-06,-0.0461298227310181,0.196938811801374,
,,,3.6598E-06,0.0208157896995544,0.197106175823137,
,,,3.66E-06,0.087761402130127,0.197106175823137,
,,,3.6602E-06,0.0208157896995544,0.196771447779611,
,,,3.6604E-06,0.0208157896995544,0.197106175823137,
,,,3.6606E-06,-0.0461298227310181,0.197440903866664,
,,,3.6608E-06,0.0208157896995544,0.196771447779611,
,,,3.661E-06,0.087761402130127,0.196604083757848,
,,,3.6612E-06,0.0208157896995544,0.1972735398449,
,,,3.6614E-06,0.087761402130127,0.197440903866664,
,,,3.6616E-06,-0.0461298227310181,0.196938811801374,
,,,3.6618E-06,-0.0461298227310181,0.197106175823137,
,,,3.662E-06,-0.0461298227310181,0.196269355714321,
,,,3.6622E-06,0.0208157896995544,0.196269355714321,
,,,3.6624E-06,0.154707014560699,0.196101991692558,
,,,3.6626E-06,0.0208157896995544,0.196269355714321,
,,,3.6628E-06,-0.0461298227310181,0.196269355714321,
,,,3.663E-06,0.0208157896995544,0.196436719736084,
,,,3.6632E-06,0.087761402130127,0.196101991692558,
,,,3.6634E-06,0.0208157896995544,0.196604083757848,
,,,3.6636E-06,-0.0461298227310181,0.196436719736084,
,,,3.6638E-06,-0.0461298227310181,0.196436719736084,
,,,3.664E-06,0.0208157896995544,0.196269355714321,
,,,3.6642E-06,-0.0461298227310181,0.196436719736084,
,,,3.6644E-06,0.0208157896995544,0.196771447779611,
,,,3.6646E-06,0.0208157896995544,0.196269355714321,
,,,3.6648E-06,0.0208157896995544,0.196269355714321,
,,,3.665E-06,-0.0461298227310181,0.196604083757848,
,,,3.6652E-06,-0.0461298227310181,0.195599899627268,
,,,3.6654E-06,-0.0461298227310181,0.196269355714321,
,,,3.6656E-06,0.0208157896995544,0.196436719736084,
,,,3.6658E-06,-0.113075435161591,0.195767263649032,
,,,3.666E-06,-0.0461298227310181,0.196771447779611,
,,,3.6662E-06,-0.113075435161591,0.196771447779611,
,,,3.6664E-06,0.087761402130127,0.196269355714321,
,,,3.6666E-06,0.0208157896995544,0.196101991692558,
,,,3.6668E-06,0.087761402130127,0.196436719736084,
,,,3.667E-06,0.0208157896995544,0.196938811801374,
,,,3.6672E-06,-0.113075435161591,0.195767263649032,
,,,3.6674E-06,-0.0461298227310181,0.195934627670795,
,,,3.6676E-06,0.0208157896995544,0.196604083757848,
,,,3.6678E-06,0.087761402130127,0.196436719736084,
,,,3.668E-06,0.0208157896995544,0.196436719736084,
,,,3.6682E-06,0.0208157896995544,0.196269355714321,
,,,3.6684E-06,-0.113075435161591,0.196101991692558,
,,,3.6686E-06,-0.0461298227310181,0.196604083757848,
,,,3.6688E-06,0.154707014560699,0.196938811801374,
,,,3.669E-06,0.0208157896995544,0.196771447779611,
,,,3.6692E-06,0.0208157896995544,0.196604083757848,
,,,3.6694E-06,0.087761402130127,0.197106175823137,
,,,3.6696E-06,-0.0461298227310181,0.196938811801374,
,,,3.6698E-06,0.087761402130127,0.196938811801374,
,,,3.67E-06,0.0208157896995544,0.196436719736084,
,,,3.6702E-06,0.0208157896995544,0.196269355714321,
,,,3.6704E-06,0.0208157896995544,0.196771447779611,
,,,3.6706E-06,-0.0461298227310181,0.196604083757848,
,,,3.6708E-06,-0.0461298227310181,0.196436719736084,
,,,3.671E-06,0.0208157896995544,0.195767263649032,
,,,3.6712E-06,0.0208157896995544,0.196604083757848,
,,,3.6714E-06,-0.0461298227310181,0.196938811801374,
,,,3.6716E-06,0.0208157896995544,0.196436719736084,
,,,3.6718E-06,-0.0461298227310181,0.196604083757848,
,,,3.672E-06,-0.0461298227310181,0.196771447779611,
,,,3.6722E-06,-0.113075435161591,0.197106175823137,
,,,3.6724E-06,0.0208157896995544,0.196604083757848,
,,,3.6726E-06,-0.113075435161591,0.196938811801374,
,,,3.6728E-06,0.0208157896995544,0.196436719736084,
,,,3.673E-06,0.0208157896995544,0.1972735398449,
,,,3.6732E-06,0.087761402130127,0.197106175823137,
,,,3.6734E-06,0.0208157896995544,0.197106175823137,
,,,3.6736E-06,-0.0461298227310181,0.196436719736084,
,,,3.6738E-06,0.0208157896995544,0.196604083757848,
,,,3.674E-06,-0.0461298227310181,0.197106175823137,
,,,3.6742E-06,-0.0461298227310181,0.197106175823137,
,,,3.6744E-06,0.0208157896995544,0.19777563191019,
,,,3.6746E-06,-0.0461298227310181,0.196938811801374,
,,,3.6748E-06,-0.0461298227310181,0.197106175823137,
,,,3.675E-06,0.087761402130127,0.196269355714321,
,,,3.6752E-06,0.087761402130127,0.196938811801374,
,,,3.6754E-06,-0.0461298227310181,0.197942995931953,
,,,3.6756E-06,0.087761402130127,0.196938811801374,
,,,3.6758E-06,0.0208157896995544,0.196604083757848,
,,,3.676E-06,-0.0461298227310181,0.1972735398449,
,,,3.6762E-06,-0.0461298227310181,0.196771447779611,
,,,3.6764E-06,-0.113075435161591,0.196269355714321,
,,,3.6766E-06,-0.0461298227310181,0.197440903866664,
,,,3.6768E-06,0.087761402130127,0.196771447779611,
,,,3.677E-06,-0.0461298227310181,0.196101991692558,
,,,3.6772E-06,-0.0461298227310181,0.196604083757848,
,,,3.6774E-06,0.0208157896995544,0.196269355714321,
,,,3.6776E-06,0.0208157896995544,0.196604083757848,
,,,3.6778E-06,-0.0461298227310181,0.1972735398449,
,,,3.678E-06,-0.0461298227310181,0.197106175823137,
,,,3.6782E-06,0.0208157896995544,0.196771447779611,
,,,3.6784E-06,-0.0461298227310181,0.196269355714321,
,,,3.6786E-06,0.0208157896995544,0.196604083757848,
,,,3.6788E-06,0.0208157896995544,0.1972735398449,
,,,3.679E-06,0.0208157896995544,0.196771447779611,
,,,3.6792E-06,0.087761402130127,0.196771447779611,
,,,3.6794E-06,0.0208157896995544,0.196604083757848,
,,,3.6796E-06,0.221652626991272,0.196604083757848,
,,,3.6798E-06,0.0208157896995544,0.197106175823137,
,,,3.68E-06,-0.113075435161591,0.196938811801374,
,,,3.6802E-06,0.087761402130127,0.196938811801374,
,,,3.6804E-06,0.087761402130127,0.196604083757848,
,,,3.6806E-06,-0.0461298227310181,0.195934627670795,
,,,3.6808E-06,0.0208157896995544,0.196771447779611,
,,,3.681E-06,0.0208157896995544,0.195934627670795,
,,,3.6812E-06,-0.0461298227310181,0.197106175823137,
,,,3.6814E-06,-0.0461298227310181,0.197440903866664,
,,,3.6816E-06,0.087761402130127,0.196101991692558,
,,,3.6818E-06,-0.0461298227310181,0.196604083757848,
,,,3.682E-06,0.0208157896995544,0.196938811801374,
,,,3.6822E-06,0.0208157896995544,0.196436719736084,
,,,3.6824E-06,0.0208157896995544,0.195934627670795,
,,,3.6826E-06,-0.0461298227310181,0.196771447779611,
,,,3.6828E-06,0.0208157896995544,0.196604083757848,
,,,3.683E-06,0.0208157896995544,0.196938811801374,
,,,3.6832E-06,-0.0461298227310181,0.196101991692558,
,,,3.6834E-06,-0.0461298227310181,0.195934627670795,
,,,3.6836E-06,0.0208157896995544,0.197608267888427,
,,,3.6838E-06,0.087761402130127,0.196938811801374,
,,,3.684E-06,0.0208157896995544,0.196604083757848,
,,,3.6842E-06,-0.113075435161591,0.196771447779611,
,,,3.6844E-06,0.0208157896995544,0.1972735398449,
,,,3.6846E-06,-0.0461298227310181,0.197106175823137,
,,,3.6848E-06,0.0208157896995544,0.196604083757848,
,,,3.685E-06,0.0208157896995544,0.197440903866664,
,,,3.6852E-06,0.0208157896995544,0.196436719736084,
,,,3.6854E-06,-0.0461298227310181,0.197608267888427,
,,,3.6856E-06,0.087761402130127,0.196771447779611,
,,,3.6858E-06,0.0208157896995544,0.196938811801374,
,,,3.686E-06,0.0208157896995544,0.1972735398449,
,,,3.6862E-06,0.0208157896995544,0.196771447779611,
,,,3.6864E-06,0.0208157896995544,0.196771447779611,
,,,3.6866E-06,0.087761402130127,0.196938811801374,
,,,3.6868E-06,0.087761402130127,0.196771447779611,
,,,3.687E-06,0.0208157896995544,0.1972735398449,
,,,3.6872E-06,0.0208157896995544,0.197106175823137,
,,,3.6874E-06,-0.0461298227310181,0.196604083757848,
,,,3.6876E-06,-0.0461298227310181,0.197608267888427,
,,,3.6878E-06,-0.0461298227310181,0.19777563191019,
,,,3.688E-06,0.154707014560699,0.197106175823137,
,,,3.6882E-06,-0.0461298227310181,0.196771447779611,
,,,3.6884E-06,0.154707014560699,0.197440903866664,
,,,3.6886E-06,0.0208157896995544,0.197106175823137,
,,,3.6888E-06,0.0208157896995544,0.196101991692558,
,,,3.689E-06,0.0208157896995544,0.1972735398449,
,,,3.6892E-06,0.0208157896995544,0.197608267888427,
,,,3.6894E-06,-0.0461298227310181,0.196938811801374,
,,,3.6896E-06,0.087761402130127,0.197106175823137,
,,,3.6898E-06,0.0208157896995544,0.196771447779611,
,,,3.69E-06,0.0208157896995544,0.1972735398449,
,,,3.6902E-06,0.0208157896995544,0.196771447779611,
,,,3.6904E-06,0.0208157896995544,0.196771447779611,
,,,3.6906E-06,-0.0461298227310181,0.1972735398449,
,,,3.6908E-06,-0.0461298227310181,0.196604083757848,
,,,3.691E-06,0.0208157896995544,0.197440903866664,
,,,3.6912E-06,0.0208157896995544,0.197106175823137,
,,,3.6914E-06,0.0208157896995544,0.196771447779611,
,,,3.6916E-06,-0.0461298227310181,0.196604083757848,
,,,3.6918E-06,-0.0461298227310181,0.196938811801374,
,,,3.692E-06,0.087761402130127,0.196938811801374,
,,,3.6922E-06,0.0208157896995544,0.196938811801374,
,,,3.6924E-06,0.221652626991272,0.196604083757848,
,,,3.6926E-06,0.0208157896995544,0.196938811801374,
,,,3.6928E-06,-0.0461298227310181,0.196436719736084,
,,,3.693E-06,0.087761402130127,0.196938811801374,
,,,3.6932E-06,-0.0461298227310181,0.197106175823137,
,,,3.6934E-06,-0.0461298227310181,0.197106175823137,
,,,3.6936E-06,-0.0461298227310181,0.196771447779611,
,,,3.6938E-06,0.0208157896995544,0.196771447779611,
,,,3.694E-06,0.0208157896995544,0.19777563191019,
,,,3.6942E-06,-0.0461298227310181,0.198110359953716,
,,,3.6944E-06,0.087761402130127,0.196938811801374,
,,,3.6946E-06,-0.0461298227310181,0.1972735398449,
,,,3.6948E-06,0.087761402130127,0.19777563191019,
,,,3.695E-06,0.0208157896995544,0.197106175823137,
,,,3.6952E-06,-0.0461298227310181,0.1972735398449,
,,,3.6954E-06,0.0208157896995544,0.197106175823137,
,,,3.6956E-06,0.0208157896995544,0.197608267888427,
,,,3.6958E-06,0.0208157896995544,0.196938811801374,
,,,3.696E-06,0.0208157896995544,0.1972735398449,
,,,3.6962E-06,-0.0461298227310181,0.196938811801374,
,,,3.6964E-06,0.0208157896995544,0.1972735398449,
,,,3.6966E-06,0.0208157896995544,0.197608267888427,
,,,3.6968E-06,0.087761402130127,0.196938811801374,
,,,3.697E-06,-0.0461298227310181,0.196604083757848,
,,,3.6972E-06,0.087761402130127,0.197106175823137,
,,,3.6974E-06,0.0208157896995544,0.196938811801374,
,,,3.6976E-06,-0.113075435161591,0.196938811801374,
,,,3.6978E-06,0.0208157896995544,0.196771447779611,
,,,3.698E-06,0.087761402130127,0.1972735398449,
,,,3.6982E-06,-0.0461298227310181,0.19777563191019,
,,,3.6984E-06,0.0208157896995544,0.197106175823137,
,,,3.6986E-06,0.0208157896995544,0.197608267888427,
,,,3.6988E-06,0.087761402130127,0.197106175823137,
,,,3.699E-06,-0.0461298227310181,0.196938811801374,
,,,3.6992E-06,0.0208157896995544,0.196938811801374,
,,,3.6994E-06,0.087761402130127,0.197608267888427,
,,,3.6996E-06,-0.0461298227310181,0.197106175823137,
,,,3.6998E-06,-0.0461298227310181,0.196436719736084,
,,,3.7E-06,0.0208157896995544,0.196771447779611,
,,,3.7002E-06,-0.0461298227310181,0.196938811801374,
,,,3.7004E-06,-0.0461298227310181,0.196604083757848,
,,,3.7006E-06,-0.113075435161591,0.196269355714321,
,,,3.7008E-06,0.0208157896995544,0.196604083757848,
,,,3.701E-06,-0.0461298227310181,0.196604083757848,
,,,3.7012E-06,0.0208157896995544,0.196604083757848,
,,,3.7014E-06,0.0208157896995544,0.196604083757848,
,,,3.7016E-06,0.0208157896995544,0.196938811801374,
,,,3.7018E-06,-0.0461298227310181,0.196101991692558,
,,,3.702E-06,-0.113075435161591,0.196101991692558,
,,,3.7022E-06,0.087761402130127,0.197106175823137,
,,,3.7024E-06,0.087761402130127,0.196604083757848,
,,,3.7026E-06,-0.180021047592163,0.196101991692558,
,,,3.7028E-06,0.0208157896995544,0.197440903866664,
,,,3.703E-06,0.087761402130127,0.196771447779611,
,,,3.7032E-06,0.0208157896995544,0.196269355714321,
,,,3.7034E-06,-0.113075435161591,0.196938811801374,
,,,3.7036E-06,0.0208157896995544,0.1972735398449,
,,,3.7038E-06,-0.0461298227310181,0.196771447779611,
,,,3.704E-06,-0.0461298227310181,0.197106175823137,
,,,3.7042E-06,0.087761402130127,0.196938811801374,
,,,3.7044E-06,0.087761402130127,0.196269355714321,
,,,3.7046E-06,-0.0461298227310181,0.196938811801374,
,,,3.7048E-06,0.087761402130127,0.196938811801374,
,,,3.705E-06,0.0208157896995544,0.197106175823137,
,,,3.7052E-06,0.087761402130127,0.1972735398449,
,,,3.7054E-06,0.0208157896995544,0.196436719736084,
,,,3.7056E-06,-0.0461298227310181,0.196938811801374,
,,,3.7058E-06,0.0208157896995544,0.1972735398449,
,,,3.706E-06,-0.113075435161591,0.195934627670795,
,,,3.7062E-06,-0.0461298227310181,0.196101991692558,
,,,3.7064E-06,0.0208157896995544,0.196771447779611,
,,,3.7066E-06,0.0208157896995544,0.196771447779611,
,,,3.7068E-06,0.0208157896995544,0.19777563191019,
,,,3.707E-06,0.0208157896995544,0.1972735398449,
,,,3.7072E-06,0.0208157896995544,0.196938811801374,
,,,3.7074E-06,0.0208157896995544,0.1972735398449,
,,,3.7076E-06,0.0208157896995544,0.196269355714321,
,,,3.7078E-06,0.0208157896995544,0.196938811801374,
,,,3.708E-06,-0.0461298227310181,0.197440903866664,
,,,3.7082E-06,-0.0461298227310181,0.197106175823137,
,,,3.7084E-06,0.0208157896995544,0.1972735398449,
,,,3.7086E-06,-0.0461298227310181,0.197106175823137,
,,,3.7088E-06,-0.0461298227310181,0.197608267888427,
,,,3.709E-06,-0.113075435161591,0.196771447779611,
,,,3.7092E-06,-0.0461298227310181,0.19777563191019,
,,,3.7094E-06,0.087761402130127,0.197942995931953,
,,,3.7096E-06,0.0208157896995544,0.197608267888427,
,,,3.7098E-06,-0.0461298227310181,0.197942995931953,
,,,3.71E-06,-0.0461298227310181,0.197608267888427,
,,,3.7102E-06,0.0208157896995544,0.19827772397548,
,,,3.7104E-06,0.0208157896995544,0.198110359953716,
,,,3.7106E-06,0.0208157896995544,0.19827772397548,
,,,3.7108E-06,0.0208157896995544,0.198110359953716,
,,,3.711E-06,-0.0461298227310181,0.198612452019006,
,,,3.7112E-06,0.0208157896995544,0.197942995931953,
,,,3.7114E-06,0.0208157896995544,0.198110359953716,
,,,3.7116E-06,0.087761402130127,0.196938811801374,
,,,3.7118E-06,0.0208157896995544,0.197106175823137,
,,,3.712E-06,-0.0461298227310181,0.197942995931953,
,,,3.7122E-06,0.0208157896995544,0.198110359953716,
,,,3.7124E-06,-0.0461298227310181,0.19777563191019,
,,,3.7126E-06,-0.0461298227310181,0.197942995931953,
,,,3.7128E-06,-0.0461298227310181,0.197440903866664,
,,,3.713E-06,0.0208157896995544,0.1972735398449,
,,,3.7132E-06,0.0208157896995544,0.197608267888427,
,,,3.7134E-06,-0.0461298227310181,0.196604083757848,
,,,3.7136E-06,0.087761402130127,0.1972735398449,
,,,3.7138E-06,-0.113075435161591,0.197106175823137,
,,,3.714E-06,0.0208157896995544,0.197440903866664,
,,,3.7142E-06,0.0208157896995544,0.1972735398449,
,,,3.7144E-06,-0.0461298227310181,0.196938811801374,
,,,3.7146E-06,-0.0461298227310181,0.196771447779611,
,,,3.7148E-06,-0.0461298227310181,0.197106175823137,
,,,3.715E-06,0.0208157896995544,0.196771447779611,
,,,3.7152E-06,0.0208157896995544,0.1972735398449,
,,,3.7154E-06,-0.0461298227310181,0.1972735398449,
,,,3.7156E-06,0.0208157896995544,0.1972735398449,
,,,3.7158E-06,0.087761402130127,0.197440903866664,
,,,3.716E-06,-0.0461298227310181,0.196771447779611,
,,,3.7162E-06,-0.0461298227310181,0.197106175823137,
,,,3.7164E-06,0.087761402130127,0.197106175823137,
,,,3.7166E-06,-0.0461298227310181,0.197106175823137,
,,,3.7168E-06,0.087761402130127,0.19777563191019,
,,,3.717E-06,-0.0461298227310181,0.19777563191019,
,,,3.7172E-06,0.0208157896995544,0.196938811801374,
,,,3.7174E-06,-0.113075435161591,0.197106175823137,
,,,3.7176E-06,0.087761402130127,0.197440903866664,
,,,3.7178E-06,0.087761402130127,0.197106175823137,
,,,3.718E-06,0.0208157896995544,0.197440903866664,
,,,3.7182E-06,0.0208157896995544,0.1972735398449,
,,,3.7184E-06,0.0208157896995544,0.197608267888427,
,,,3.7186E-06,0.0208157896995544,0.1972735398449,
,,,3.7188E-06,0.0208157896995544,0.197440903866664,
,,,3.719E-06,-0.0461298227310181,0.1972735398449,
,,,3.7192E-06,-0.0461298227310181,0.1972735398449,
,,,3.7194E-06,-0.0461298227310181,0.196269355714321,
,,,3.7196E-06,0.087761402130127,0.197440903866664,
,,,3.7198E-06,0.0208157896995544,0.197608267888427,
,,,3.72E-06,0.087761402130127,0.197608267888427,
,,,3.7202E-06,-0.0461298227310181,0.196604083757848,
,,,3.7204E-06,-0.0461298227310181,0.197440903866664,
,,,3.7206E-06,0.0208157896995544,0.197608267888427,
,,,3.7208E-06,-0.0461298227310181,0.1972735398449,
,,,3.721E-06,-0.0461298227310181,0.1972735398449,
,,,3.7212E-06,-0.0461298227310181,0.197608267888427,
,,,3.7214E-06,-0.113075435161591,0.19777563191019,
,,,3.7216E-06,0.087761402130127,0.1972735398449,
,,,3.7218E-06,-0.113075435161591,0.196269355714321,
,,,3.722E-06,0.0208157896995544,0.197440903866664,
,,,3.7222E-06,0.154707014560699,0.197942995931953,
,,,3.7224E-06,0.0208157896995544,0.196269355714321,
,,,3.7226E-06,-0.113075435161591,0.196604083757848,
,,,3.7228E-06,0.087761402130127,0.197942995931953,
,,,3.723E-06,-0.0461298227310181,0.197942995931953,
,,,3.7232E-06,-0.0461298227310181,0.197440903866664,
,,,3.7234E-06,-0.0461298227310181,0.197608267888427,
,,,3.7236E-06,0.0208157896995544,0.1972735398449,
,,,3.7238E-06,-0.0461298227310181,0.196604083757848,
,,,3.724E-06,0.0208157896995544,0.197942995931953,
,,,3.7242E-06,0.087761402130127,0.197608267888427,
,,,3.7244E-06,0.087761402130127,0.197106175823137,
,,,3.7246E-06,-0.0461298227310181,0.197106175823137,
,,,3.7248E-06,-0.0461298227310181,0.198445087997243,
,,,3.725E-06,0.087761402130127,0.198445087997243,
,,,3.7252E-06,0.0208157896995544,0.19827772397548,
,,,3.7254E-06,0.0208157896995544,0.197608267888427,
,,,3.7256E-06,0.087761402130127,0.197440903866664,
,,,3.7258E-06,-0.113075435161591,0.198110359953716,
,,,3.726E-06,0.0208157896995544,0.19777563191019,
,,,3.7262E-06,0.0208157896995544,0.198110359953716,
,,,3.7264E-06,0.0208157896995544,0.19777563191019,
,,,3.7266E-06,-0.0461298227310181,0.19827772397548,
,,,3.7268E-06,0.087761402130127,0.197440903866664,
,,,3.727E-06,0.0208157896995544,0.19777563191019,
,,,3.7272E-06,-0.0461298227310181,0.19777563191019,
,,,3.7274E-06,0.087761402130127,0.197608267888427,
,,,3.7276E-06,-0.0461298227310181,0.197942995931953,
,,,3.7278E-06,0.087761402130127,0.19777563191019,
,,,3.728E-06,0.0208157896995544,0.197942995931953,
,,,3.7282E-06,-0.0461298227310181,0.197106175823137,
,,,3.7284E-06,-0.113075435161591,0.1972735398449,
,,,3.7286E-06,0.087761402130127,0.19777563191019,
,,,3.7288E-06,0.0208157896995544,0.197440903866664,
,,,3.729E-06,-0.113075435161591,0.196771447779611,
,,,3.7292E-06,-0.0461298227310181,0.197106175823137,
,,,3.7294E-06,0.0208157896995544,0.197942995931953,
,,,3.7296E-06,0.0208157896995544,0.197440903866664,
,,,3.7298E-06,-0.113075435161591,0.197608267888427,
,,,3.73E-06,0.0208157896995544,0.19827772397548,
,,,3.7302E-06,0.0208157896995544,0.19777563191019,
,,,3.7304E-06,0.0208157896995544,0.1972735398449,
,,,3.7306E-06,0.0208157896995544,0.1972735398449,
,,,3.7308E-06,0.154707014560699,0.19777563191019,
,,,3.731E-06,0.087761402130127,0.19827772397548,
,,,3.7312E-06,-0.0461298227310181,0.197942995931953,
,,,3.7314E-06,0.0208157896995544,0.197608267888427,
,,,3.7316E-06,-0.0461298227310181,0.19827772397548,
,,,3.7318E-06,0.0208157896995544,0.197608267888427,
,,,3.732E-06,-0.0461298227310181,0.197106175823137,
,,,3.7322E-06,-0.113075435161591,0.19827772397548,
,,,3.7324E-06,0.0208157896995544,0.19777563191019,
,,,3.7326E-06,0.0208157896995544,0.1972735398449,
,,,3.7328E-06,0.154707014560699,0.19777563191019,
,,,3.733E-06,0.0208157896995544,0.197942995931953,
,,,3.7332E-06,0.0208157896995544,0.196771447779611,
,,,3.7334E-06,-0.0461298227310181,0.19777563191019,
,,,3.7336E-06,-0.113075435161591,0.197440903866664,
,,,3.7338E-06,-0.113075435161591,0.196938811801374,
,,,3.734E-06,-0.0461298227310181,0.197942995931953,
,,,3.7342E-06,0.0208157896995544,0.19827772397548,
,,,3.7344E-06,0.154707014560699,0.1972735398449,
,,,3.7346E-06,-0.180021047592163,0.197106175823137,
,,,3.7348E-06,-0.0461298227310181,0.197608267888427,
,,,3.735E-06,0.087761402130127,0.19777563191019,
,,,3.7352E-06,0.0208157896995544,0.196771447779611,
,,,3.7354E-06,-0.0461298227310181,0.196938811801374,
,,,3.7356E-06,0.0208157896995544,0.198110359953716,
,,,3.7358E-06,-0.0461298227310181,0.197440903866664,
,,,3.736E-06,-0.0461298227310181,0.196938811801374,
,,,3.7362E-06,-0.113075435161591,0.197942995931953,
,,,3.7364E-06,0.0208157896995544,0.198110359953716,
,,,3.7366E-06,-0.0461298227310181,0.197440903866664,
,,,3.7368E-06,0.087761402130127,0.197440903866664,
,,,3.737E-06,0.0208157896995544,0.197608267888427,
,,,3.7372E-06,0.087761402130127,0.19777563191019,
,,,3.7374E-06,0.0208157896995544,0.197608267888427,
,,,3.7376E-06,0.0208157896995544,0.197106175823137,
,,,3.7378E-06,0.087761402130127,0.198110359953716,
,,,3.738E-06,-0.0461298227310181,0.198445087997243,
,,,3.7382E-06,-0.0461298227310181,0.196771447779611,
,,,3.7384E-06,0.0208157896995544,0.196771447779611,
,,,3.7386E-06,0.0208157896995544,0.197608267888427,
,,,3.7388E-06,0.0208157896995544,0.197608267888427,
,,,3.739E-06,-0.0461298227310181,0.197440903866664,
,,,3.7392E-06,0.087761402130127,0.198110359953716,
,,,3.7394E-06,-0.0461298227310181,0.197608267888427,
,,,3.7396E-06,0.087761402130127,0.1972735398449,
,,,3.7398E-06,0.0208157896995544,0.197440903866664,
,,,3.74E-06,-0.0461298227310181,0.19827772397548,
,,,3.7402E-06,-0.0461298227310181,0.197942995931953,
,,,3.7404E-06,0.0208157896995544,0.197942995931953,
,,,3.7406E-06,-0.0461298227310181,0.197942995931953,
,,,3.7408E-06,-0.0461298227310181,0.19827772397548,
,,,3.741E-06,-0.113075435161591,0.197942995931953,
,,,3.7412E-06,0.0208157896995544,0.19827772397548,
,,,3.7414E-06,0.0208157896995544,0.1972735398449,
,,,3.7416E-06,0.0208157896995544,0.198110359953716,
,,,3.7418E-06,-0.113075435161591,0.198612452019006,
,,,3.742E-06,-0.0461298227310181,0.198110359953716,
,,,3.7422E-06,-0.0461298227310181,0.197942995931953,
,,,3.7424E-06,0.0208157896995544,0.198110359953716,
,,,3.7426E-06,-0.0461298227310181,0.19777563191019,
,,,3.7428E-06,0.0208157896995544,0.198947180062532,
,,,3.743E-06,-0.0461298227310181,0.19777563191019,
,,,3.7432E-06,0.0208157896995544,0.197942995931953,
,,,3.7434E-06,0.087761402130127,0.198110359953716,
,,,3.7436E-06,0.154707014560699,0.19827772397548,
,,,3.7438E-06,0.087761402130127,0.197608267888427,
,,,3.744E-06,0.0208157896995544,0.198110359953716,
,,,3.7442E-06,0.087761402130127,0.197440903866664,
,,,3.7444E-06,-0.0461298227310181,0.197106175823137,
,,,3.7446E-06,0.0208157896995544,0.197608267888427,
,,,3.7448E-06,0.154707014560699,0.1972735398449,
,,,3.745E-06,0.0208157896995544,0.196771447779611,
,,,3.7452E-06,-0.0461298227310181,0.197942995931953,
,,,3.7454E-06,0.087761402130127,0.1972735398449,
,,,3.7456E-06,0.0208157896995544,0.1972735398449,
,,,3.7458E-06,-0.0461298227310181,0.197608267888427,
,,,3.746E-06,0.087761402130127,0.19777563191019,
,,,3.7462E-06,0.0208157896995544,0.197106175823137,
,,,3.7464E-06,0.087761402130127,0.196938811801374,
,,,3.7466E-06,0.0208157896995544,0.196604083757848,
,,,3.7468E-06,-0.113075435161591,0.197608267888427,
,,,3.747E-06,0.0208157896995544,0.1972735398449,
,,,3.7472E-06,0.154707014560699,0.197106175823137,
,,,3.7474E-06,-0.0461298227310181,0.197942995931953,
,,,3.7476E-06,-0.0461298227310181,0.19777563191019,
,,,3.7478E-06,0.087761402130127,0.19777563191019,
,,,3.748E-06,0.0208157896995544,0.197942995931953,
,,,3.7482E-06,-0.0461298227310181,0.198110359953716,
,,,3.7484E-06,0.0208157896995544,0.198110359953716,
,,,3.7486E-06,-0.0461298227310181,0.197608267888427,
,,,3.7488E-06,-0.0461298227310181,0.198110359953716,
,,,3.749E-06,0.0208157896995544,0.19777563191019,
,,,3.7492E-06,0.087761402130127,0.19777563191019,
,,,3.7494E-06,-0.113075435161591,0.19777563191019,
,,,3.7496E-06,-0.0461298227310181,0.197608267888427,
,,,3.7498E-06,0.087761402130127,0.197440903866664,
,,,3.75E-06,0.154707014560699,0.197440903866664,
,,,3.7502E-06,0.0208157896995544,0.19827772397548,
,,,3.7504E-06,0.0208157896995544,0.198110359953716,
,,,3.7506E-06,0.0208157896995544,0.1972735398449,
,,,3.7508E-06,-0.0461298227310181,0.197608267888427,
,,,3.751E-06,0.0208157896995544,0.1972735398449,
,,,3.7512E-06,-0.0461298227310181,0.198110359953716,
,,,3.7514E-06,-0.113075435161591,0.197608267888427,
,,,3.7516E-06,0.0208157896995544,0.1972735398449,
,,,3.7518E-06,0.0208157896995544,0.197106175823137,
,,,3.752E-06,0.087761402130127,0.197106175823137,
,,,3.7522E-06,-0.0461298227310181,0.196938811801374,
,,,3.7524E-06,0.0208157896995544,0.197106175823137,
,,,3.7526E-06,0.0208157896995544,0.197608267888427,
,,,3.7528E-06,-0.113075435161591,0.19777563191019,
,,,3.753E-06,0.0208157896995544,0.196436719736084,
,,,3.7532E-06,-0.0461298227310181,0.197106175823137,
,,,3.7534E-06,0.0208157896995544,0.197942995931953,
,,,3.7536E-06,-0.0461298227310181,0.197942995931953,
,,,3.7538E-06,-0.113075435161591,0.1972735398449,
,,,3.754E-06,-0.0461298227310181,0.197440903866664,
,,,3.7542E-06,0.0208157896995544,0.197440903866664,
,,,3.7544E-06,0.0208157896995544,0.197942995931953,
,,,3.7546E-06,-0.113075435161591,0.19777563191019,
,,,3.7548E-06,-0.0461298227310181,0.197106175823137,
,,,3.755E-06,-0.0461298227310181,0.19777563191019,
,,,3.7552E-06,-0.0461298227310181,0.19827772397548,
,,,3.7554E-06,-0.0461298227310181,0.19827772397548,
,,,3.7556E-06,0.0208157896995544,0.197106175823137,
,,,3.7558E-06,-0.180021047592163,0.197942995931953,
,,,3.756E-06,0.0208157896995544,0.19777563191019,
,,,3.7562E-06,0.087761402130127,0.198612452019006,
,,,3.7564E-06,0.087761402130127,0.197942995931953,
,,,3.7566E-06,-0.0461298227310181,0.198110359953716,
,,,3.7568E-06,-0.0461298227310181,0.19827772397548,
,,,3.757E-06,0.0208157896995544,0.197440903866664,
,,,3.7572E-06,-0.113075435161591,0.1972735398449,
,,,3.7574E-06,0.0208157896995544,0.198612452019006,
,,,3.7576E-06,0.0208157896995544,0.19777563191019,
,,,3.7578E-06,-0.113075435161591,0.197440903866664,
,,,3.758E-06,0.0208157896995544,0.19827772397548,
,,,3.7582E-06,0.0208157896995544,0.197942995931953,
,,,3.7584E-06,0.154707014560699,0.197608267888427,
,,,3.7586E-06,-0.0461298227310181,0.19777563191019,
,,,3.7588E-06,0.087761402130127,0.197942995931953,
,,,3.759E-06,-0.0461298227310181,0.197942995931953,
,,,3.7592E-06,-0.0461298227310181,0.1972735398449,
,,,3.7594E-06,0.0208157896995544,0.197942995931953,
,,,3.7596E-06,0.0208157896995544,0.198110359953716,
,,,3.7598E-06,-0.113075435161591,0.197608267888427,
,,,3.76E-06,-0.113075435161591,0.197942995931953,
,,,3.7602E-06,-0.0461298227310181,0.19827772397548,
,,,3.7604E-06,0.0208157896995544,0.197942995931953,
,,,3.7606E-06,0.0208157896995544,0.197106175823137,
,,,3.7608E-06,0.087761402130127,0.197106175823137,
,,,3.761E-06,-0.0461298227310181,0.197106175823137,
,,,3.7612E-06,0.087761402130127,0.197608267888427,
,,,3.7614E-06,-0.0461298227310181,0.19777563191019,
,,,3.7616E-06,-0.113075435161591,0.197440903866664,
,,,3.7618E-06,0.0208157896995544,0.196436719736084,
,,,3.762E-06,0.087761402130127,0.196938811801374,
,,,3.7622E-06,-0.0461298227310181,0.196771447779611,
,,,3.7624E-06,0.0208157896995544,0.197106175823137,
,,,3.7626E-06,0.087761402130127,0.196938811801374,
,,,3.7628E-06,0.0208157896995544,0.197106175823137,
,,,3.763E-06,-0.0461298227310181,0.197106175823137,
,,,3.7632E-06,-0.0461298227310181,0.196938811801374,
,,,3.7634E-06,0.087761402130127,0.196938811801374,
,,,3.7636E-06,0.0208157896995544,0.197608267888427,
,,,3.7638E-06,0.087761402130127,0.1972735398449,
,,,3.764E-06,0.087761402130127,0.19777563191019,
,,,3.7642E-06,-0.0461298227310181,0.1972735398449,
,,,3.7644E-06,0.0208157896995544,0.196938811801374,
,,,3.7646E-06,-0.0461298227310181,0.19777563191019,
,,,3.7648E-06,-0.0461298227310181,0.19777563191019,
,,,3.765E-06,0.087761402130127,0.197608267888427,
,,,3.7652E-06,0.154707014560699,0.197106175823137,
,,,3.7654E-06,-0.0461298227310181,0.197608267888427,
,,,3.7656E-06,0.0208157896995544,0.196771447779611,
,,,3.7658E-06,-0.0461298227310181,0.197440903866664,
,,,3.766E-06,0.0208157896995544,0.197942995931953,
,,,3.7662E-06,-0.0461298227310181,0.197608267888427,
,,,3.7664E-06,0.0208157896995544,0.197440903866664,
,,,3.7666E-06,-0.0461298227310181,0.197608267888427,
,,,3.7668E-06,-0.0461298227310181,0.197440903866664,
,,,3.767E-06,0.154707014560699,0.197440903866664,
,,,3.7672E-06,0.0208157896995544,0.196938811801374,
,,,3.7674E-06,-0.0461298227310181,0.198110359953716,
,,,3.7676E-06,0.0208157896995544,0.197106175823137,
,,,3.7678E-06,-0.0461298227310181,0.197942995931953,
,,,3.768E-06,0.0208157896995544,0.196938811801374,
,,,3.7682E-06,-0.113075435161591,0.197942995931953,
,,,3.7684E-06,0.0208157896995544,0.197608267888427,
,,,3.7686E-06,-0.0461298227310181,0.19777563191019,
,,,3.7688E-06,0.0208157896995544,0.19777563191019,
,,,3.769E-06,-0.0461298227310181,0.197440903866664,
,,,3.7692E-06,0.0208157896995544,0.197942995931953,
,,,3.7694E-06,0.087761402130127,0.197106175823137,
,,,3.7696E-06,-0.0461298227310181,0.198110359953716,
,,,3.7698E-06,-0.0461298227310181,0.197440903866664,
,,,3.77E-06,0.0208157896995544,0.197440903866664,
,,,3.7702E-06,0.087761402130127,0.197440903866664,
,,,3.7704E-06,0.0208157896995544,0.19777563191019,
,,,3.7706E-06,-0.0461298227310181,0.1972735398449,
,,,3.7708E-06,0.0208157896995544,0.196938811801374,
,,,3.771E-06,-0.0461298227310181,0.1972735398449,
,,,3.7712E-06,0.0208157896995544,0.197608267888427,
,,,3.7714E-06,0.0208157896995544,0.197942995931953,
,,,3.7716E-06,0.0208157896995544,0.197608267888427,
,,,3.7718E-06,-0.0461298227310181,0.197440903866664,
,,,3.772E-06,0.0208157896995544,0.197106175823137,
,,,3.7722E-06,0.0208157896995544,0.198110359953716,
,,,3.7724E-06,-0.113075435161591,0.197608267888427,
,,,3.7726E-06,-0.113075435161591,0.197608267888427,
,,,3.7728E-06,0.154707014560699,0.19777563191019,
,,,3.773E-06,-0.113075435161591,0.197942995931953,
,,,3.7732E-06,0.0208157896995544,0.196771447779611,
,,,3.7734E-06,0.087761402130127,0.196771447779611,
,,,3.7736E-06,0.0208157896995544,0.197106175823137,
,,,3.7738E-06,-0.113075435161591,0.197440903866664,
,,,3.774E-06,0.0208157896995544,0.196938811801374,
,,,3.7742E-06,0.0208157896995544,0.197942995931953,
,,,3.7744E-06,-0.0461298227310181,0.1972735398449,
,,,3.7746E-06,-0.113075435161591,0.197608267888427,
,,,3.7748E-06,0.0208157896995544,0.197440903866664,
,,,3.775E-06,-0.0461298227310181,0.197942995931953,
,,,3.7752E-06,0.087761402130127,0.197440903866664,
,,,3.7754E-06,0.087761402130127,0.197608267888427,
,,,3.7756E-06,0.087761402130127,0.197608267888427,
,,,3.7758E-06,-0.0461298227310181,0.197440903866664,
,,,3.776E-06,0.0208157896995544,0.196269355714321,
,,,3.7762E-06,0.0208157896995544,0.1972735398449,
,,,3.7764E-06,-0.0461298227310181,0.198110359953716,
,,,3.7766E-06,0.0208157896995544,0.1972735398449,
,,,3.7768E-06,0.087761402130127,0.1972735398449,
,,,3.777E-06,0.0208157896995544,0.19777563191019,
,,,3.7772E-06,-0.113075435161591,0.197440903866664,
,,,3.7774E-06,0.0208157896995544,0.197440903866664,
,,,3.7776E-06,0.0208157896995544,0.1972735398449,
,,,3.7778E-06,-0.0461298227310181,0.197440903866664,
,,,3.778E-06,0.0208157896995544,0.19777563191019,
,,,3.7782E-06,-0.0461298227310181,0.197106175823137,
,,,3.7784E-06,-0.0461298227310181,0.197106175823137,
,,,3.7786E-06,-0.0461298227310181,0.197440903866664,
,,,3.7788E-06,-0.0461298227310181,0.1972735398449,
,,,3.779E-06,-0.0461298227310181,0.197440903866664,
,,,3.7792E-06,0.087761402130127,0.197608267888427,
,,,3.7794E-06,-0.0461298227310181,0.1972735398449,
,,,3.7796E-06,-0.0461298227310181,0.1972735398449,
,,,3.7798E-06,0.0208157896995544,0.197608267888427,
,,,3.78E-06,0.0208157896995544,0.197942995931953,
,,,3.7802E-06,0.0208157896995544,0.19777563191019,
,,,3.7804E-06,0.087761402130127,0.197106175823137,
,,,3.7806E-06,-0.0461298227310181,0.197942995931953,
,,,3.7808E-06,0.0208157896995544,0.1972735398449,
,,,3.781E-06,-0.113075435161591,0.197942995931953,
,,,3.7812E-06,0.0208157896995544,0.197440903866664,
,,,3.7814E-06,-0.113075435161591,0.197440903866664,
,,,3.7816E-06,0.0208157896995544,0.196938811801374,
,,,3.7818E-06,0.0208157896995544,0.1972735398449,
,,,3.782E-06,0.154707014560699,0.197440903866664,
,,,3.7822E-06,0.087761402130127,0.197608267888427,
,,,3.7824E-06,-0.0461298227310181,0.197608267888427,
,,,3.7826E-06,0.087761402130127,0.1972735398449,
,,,3.7828E-06,-0.0461298227310181,0.1972735398449,
,,,3.783E-06,-0.0461298227310181,0.1972735398449,
,,,3.7832E-06,0.0208157896995544,0.197942995931953,
,,,3.7834E-06,-0.0461298227310181,0.19777563191019,
,,,3.7836E-06,-0.0461298227310181,0.19777563191019,
,,,3.7838E-06,0.0208157896995544,0.198110359953716,
,,,3.784E-06,0.154707014560699,0.1972735398449,
,,,3.7842E-06,-0.0461298227310181,0.196938811801374,
,,,3.7844E-06,0.087761402130127,0.197608267888427,
,,,3.7846E-06,0.087761402130127,0.197942995931953,
,,,3.7848E-06,-0.0461298227310181,0.197608267888427,
,,,3.785E-06,-0.0461298227310181,0.1972735398449,
,,,3.7852E-06,0.0208157896995544,0.196604083757848,
,,,3.7854E-06,0.087761402130127,0.1972735398449,
,,,3.7856E-06,0.0208157896995544,0.198110359953716,
,,,3.7858E-06,-0.0461298227310181,0.197106175823137,
,,,3.786E-06,0.0208157896995544,0.197440903866664,
,,,3.7862E-06,0.154707014560699,0.198110359953716,
,,,3.7864E-06,0.087761402130127,0.197608267888427,
,,,3.7866E-06,-0.0461298227310181,0.1972735398449,
,,,3.7868E-06,0.087761402130127,0.197942995931953,
,,,3.787E-06,-0.0461298227310181,0.19777563191019,
,,,3.7872E-06,0.0208157896995544,0.198445087997243,
,,,3.7874E-06,-0.0461298227310181,0.197608267888427,
,,,3.7876E-06,0.0208157896995544,0.197942995931953,
,,,3.7878E-06,-0.0461298227310181,0.198445087997243,
,,,3.788E-06,0.087761402130127,0.197942995931953,
,,,3.7882E-06,0.087761402130127,0.197608267888427,
,,,3.7884E-06,0.087761402130127,0.197608267888427,
,,,3.7886E-06,0.0208157896995544,0.19777563191019,
,,,3.7888E-06,-0.0461298227310181,0.197608267888427,
,,,3.789E-06,-0.0461298227310181,0.197608267888427,
,,,3.7892E-06,0.0208157896995544,0.1972735398449,
,,,3.7894E-06,0.087761402130127,0.19777563191019,
,,,3.7896E-06,0.0208157896995544,0.1972735398449,
,,,3.7898E-06,-0.113075435161591,0.196269355714321,
,,,3.79E-06,0.0208157896995544,0.1972735398449,
,,,3.7902E-06,0.0208157896995544,0.197440903866664,
,,,3.7904E-06,0.0208157896995544,0.196938811801374,
,,,3.7906E-06,0.0208157896995544,0.197106175823137,
,,,3.7908E-06,0.0208157896995544,0.197942995931953,
,,,3.791E-06,-0.0461298227310181,0.197440903866664,
,,,3.7912E-06,0.0208157896995544,0.197106175823137,
,,,3.7914E-06,0.0208157896995544,0.197942995931953,
,,,3.7916E-06,-0.0461298227310181,0.197608267888427,
,,,3.7918E-06,-0.0461298227310181,0.197608267888427,
,,,3.792E-06,0.0208157896995544,0.197942995931953,
,,,3.7922E-06,0.0208157896995544,0.197608267888427,
,,,3.7924E-06,0.0208157896995544,0.197608267888427,
,,,3.7926E-06,-0.0461298227310181,0.19777563191019,
,,,3.7928E-06,-0.0461298227310181,0.197608267888427,
,,,3.793E-06,-0.0461298227310181,0.197942995931953,
,,,3.7932E-06,0.0208157896995544,0.198612452019006,
,,,3.7934E-06,-0.0461298227310181,0.198110359953716,
,,,3.7936E-06,0.0208157896995544,0.198110359953716,
,,,3.7938E-06,0.087761402130127,0.197608267888427,
,,,3.794E-06,-0.0461298227310181,0.196938811801374,
,,,3.7942E-06,0.0208157896995544,0.19777563191019,
,,,3.7944E-06,0.087761402130127,0.198110359953716,
,,,3.7946E-06,0.0208157896995544,0.19777563191019,
,,,3.7948E-06,0.087761402130127,0.198110359953716,
,,,3.795E-06,-0.0461298227310181,0.198110359953716,
,,,3.7952E-06,0.0208157896995544,0.197608267888427,
,,,3.7954E-06,0.087761402130127,0.19777563191019,
,,,3.7956E-06,0.0208157896995544,0.198110359953716,
,,,3.7958E-06,0.087761402130127,0.197608267888427,
,,,3.796E-06,0.0208157896995544,0.1972735398449,
,,,3.7962E-06,-0.0461298227310181,0.197440903866664,
,,,3.7964E-06,0.0208157896995544,0.19777563191019,
,,,3.7966E-06,-0.0461298227310181,0.198110359953716,
,,,3.7968E-06,0.087761402130127,0.197942995931953,
,,,3.797E-06,-0.0461298227310181,0.197942995931953,
,,,3.7972E-06,0.154707014560699,0.197942995931953,
,,,3.7974E-06,0.0208157896995544,0.19827772397548,
,,,3.7976E-06,-0.0461298227310181,0.19777563191019,
,,,3.7978E-06,0.087761402130127,0.198110359953716,
,,,3.798E-06,0.0208157896995544,0.198445087997243,
,,,3.7982E-06,-0.0461298227310181,0.197440903866664,
,,,3.7984E-06,0.087761402130127,0.197608267888427,
,,,3.7986E-06,0.0208157896995544,0.1972735398449,
,,,3.7988E-06,0.0208157896995544,0.19777563191019,
,,,3.799E-06,0.087761402130127,0.19777563191019,
,,,3.7992E-06,0.087761402130127,0.197106175823137,
,,,3.7994E-06,-0.113075435161591,0.197106175823137,
,,,3.7996E-06,-0.0461298227310181,0.197942995931953,
,,,3.7998E-06,-0.0461298227310181,0.197942995931953,
,,,3.8E-06,0.0208157896995544,0.19777563191019,
,,,3.8002E-06,0.0208157896995544,0.198445087997243,
,,,3.8004E-06,0.087761402130127,0.19827772397548,
,,,3.8006E-06,-0.0461298227310181,0.197942995931953,
,,,3.8008E-06,0.087761402130127,0.19827772397548,
,,,3.801E-06,0.0208157896995544,0.197608267888427,
,,,3.8012E-06,0.087761402130127,0.19827772397548,
,,,3.8014E-06,0.0208157896995544,0.197942995931953,
,,,3.8016E-06,0.087761402130127,0.196938811801374,
,,,3.8018E-06,0.087761402130127,0.197608267888427,
,,,3.802E-06,0.0208157896995544,0.19777563191019,
,,,3.8022E-06,0.087761402130127,0.197440903866664,
,,,3.8024E-06,0.0208157896995544,0.198110359953716,
,,,3.8026E-06,-0.0461298227310181,0.197608267888427,
,,,3.8028E-06,0.0208157896995544,0.19777563191019,
,,,3.803E-06,0.087761402130127,0.197440903866664,
,,,3.8032E-06,0.087761402130127,0.196604083757848,
,,,3.8034E-06,-0.0461298227310181,0.197608267888427,
,,,3.8036E-06,0.0208157896995544,0.197608267888427,
,,,3.8038E-06,0.0208157896995544,0.197440903866664,
,,,3.804E-06,-0.0461298227310181,0.198445087997243,
,,,3.8042E-06,-0.0461298227310181,0.197942995931953,
,,,3.8044E-06,0.0208157896995544,0.197608267888427,
,,,3.8046E-06,0.0208157896995544,0.197608267888427,
,,,3.8048E-06,0.0208157896995544,0.197942995931953,
,,,3.805E-06,-0.113075435161591,0.19777563191019,
,,,3.8052E-06,0.0208157896995544,0.198110359953716,
,,,3.8054E-06,0.0208157896995544,0.198110359953716,
,,,3.8056E-06,0.0208157896995544,0.198110359953716,
,,,3.8058E-06,-0.0461298227310181,0.19777563191019,
,,,3.806E-06,0.0208157896995544,0.197608267888427,
,,,3.8062E-06,-0.0461298227310181,0.198612452019006,
,,,3.8064E-06,0.0208157896995544,0.197440903866664,
,,,3.8066E-06,0.0208157896995544,0.197942995931953,
,,,3.8068E-06,0.0208157896995544,0.198612452019006,
,,,3.807E-06,-0.0461298227310181,0.198110359953716,
,,,3.8072E-06,0.087761402130127,0.19777563191019,
,,,3.8074E-06,0.0208157896995544,0.198612452019006,
,,,3.8076E-06,0.0208157896995544,0.198445087997243,
,,,3.8078E-06,-0.0461298227310181,0.197942995931953,
,,,3.808E-06,0.087761402130127,0.19777563191019,
,,,3.8082E-06,0.0208157896995544,0.19827772397548,
,,,3.8084E-06,-0.0461298227310181,0.19827772397548,
,,,3.8086E-06,-0.0461298227310181,0.197608267888427,
,,,3.8088E-06,0.0208157896995544,0.197440903866664,
,,,3.809E-06,0.0208157896995544,0.198110359953716,
,,,3.8092E-06,0.087761402130127,0.198110359953716,
,,,3.8094E-06,0.0208157896995544,0.19827772397548,
,,,3.8096E-06,0.087761402130127,0.197942995931953,
,,,3.8098E-06,0.0208157896995544,0.19827772397548,
,,,3.81E-06,0.0208157896995544,0.198110359953716,
,,,3.8102E-06,-0.0461298227310181,0.198110359953716,
,,,3.8104E-06,-0.0461298227310181,0.198110359953716,
,,,3.8106E-06,0.0208157896995544,0.197942995931953,
,,,3.8108E-06,0.0208157896995544,0.198445087997243,
,,,3.811E-06,-0.0461298227310181,0.197942995931953,
,,,3.8112E-06,0.087761402130127,0.19827772397548,
,,,3.8114E-06,-0.0461298227310181,0.19777563191019,
,,,3.8116E-06,-0.0461298227310181,0.197608267888427,
,,,3.8118E-06,0.087761402130127,0.198612452019006,
,,,3.812E-06,0.0208157896995544,0.197608267888427,
,,,3.8122E-06,-0.0461298227310181,0.19827772397548,
,,,3.8124E-06,0.0208157896995544,0.197608267888427,
,,,3.8126E-06,0.0208157896995544,0.197440903866664,
,,,3.8128E-06,-0.0461298227310181,0.198110359953716,
,,,3.813E-06,0.087761402130127,0.19827772397548,
,,,3.8132E-06,0.0208157896995544,0.198612452019006,
,,,3.8134E-06,-0.0461298227310181,0.197942995931953,
,,,3.8136E-06,0.154707014560699,0.19827772397548,
,,,3.8138E-06,0.0208157896995544,0.198779816040769,
,,,3.814E-06,0.0208157896995544,0.198445087997243,
,,,3.8142E-06,0.087761402130127,0.197942995931953,
,,,3.8144E-06,0.0208157896995544,0.19827772397548,
,,,3.8146E-06,0.087761402130127,0.197942995931953,
,,,3.8148E-06,-0.0461298227310181,0.19827772397548,
,,,3.815E-06,0.0208157896995544,0.19827772397548,
,,,3.8152E-06,0.0208157896995544,0.198445087997243,
,,,3.8154E-06,0.0208157896995544,0.198110359953716,
,,,3.8156E-06,0.0208157896995544,0.198445087997243,
,,,3.8158E-06,0.0208157896995544,0.197942995931953,
,,,3.816E-06,0.154707014560699,0.198445087997243,
,,,3.8162E-06,-0.0461298227310181,0.198612452019006,
,,,3.8164E-06,0.154707014560699,0.198110359953716,
,,,3.8166E-06,0.0208157896995544,0.19777563191019,
,,,3.8168E-06,0.0208157896995544,0.198445087997243,
,,,3.817E-06,-0.0461298227310181,0.198445087997243,
,,,3.8172E-06,0.0208157896995544,0.197942995931953,
,,,3.8174E-06,0.0208157896995544,0.197942995931953,
,,,3.8176E-06,0.087761402130127,0.198445087997243,
,,,3.8178E-06,-0.0461298227310181,0.19777563191019,
,,,3.818E-06,0.0208157896995544,0.197608267888427,
,,,3.8182E-06,-0.0461298227310181,0.198110359953716,
,,,3.8184E-06,0.087761402130127,0.19827772397548,
,,,3.8186E-06,-0.0461298227310181,0.19777563191019,
,,,3.8188E-06,0.087761402130127,0.19827772397548,
,,,3.819E-06,-0.0461298227310181,0.198445087997243,
,,,3.8192E-06,0.0208157896995544,0.197608267888427,
,,,3.8194E-06,-0.0461298227310181,0.198110359953716,
,,,3.8196E-06,0.0208157896995544,0.197106175823137,
,,,3.8198E-06,0.0208157896995544,0.197608267888427,
,,,3.82E-06,0.0208157896995544,0.197942995931953,
,,,3.8202E-06,0.087761402130127,0.197106175823137,
,,,3.8204E-06,0.087761402130127,0.197942995931953,
,,,3.8206E-06,0.0208157896995544,0.197440903866664,
,,,3.8208E-06,0.087761402130127,0.1972735398449,
,,,3.821E-06,0.087761402130127,0.197608267888427,
,,,3.8212E-06,-0.0461298227310181,0.19777563191019,
,,,3.8214E-06,-0.0461298227310181,0.197106175823137,
,,,3.8216E-06,0.0208157896995544,0.19827772397548,
,,,3.8218E-06,-0.0461298227310181,0.197440903866664,
,,,3.822E-06,0.0208157896995544,0.1972735398449,
,,,3.8222E-06,0.087761402130127,0.197106175823137,
,,,3.8224E-06,0.087761402130127,0.197608267888427,
,,,3.8226E-06,0.0208157896995544,0.197440903866664,
,,,3.8228E-06,0.087761402130127,0.197106175823137,
,,,3.823E-06,0.0208157896995544,0.198110359953716,
,,,3.8232E-06,0.087761402130127,0.198110359953716,
,,,3.8234E-06,0.087761402130127,0.1972735398449,
,,,3.8236E-06,-0.113075435161591,0.197440903866664,
,,,3.8238E-06,-0.0461298227310181,0.196938811801374,
,,,3.824E-06,0.087761402130127,0.197440903866664,
,,,3.8242E-06,-0.0461298227310181,0.197106175823137,
,,,3.8244E-06,-0.0461298227310181,0.19777563191019,
,,,3.8246E-06,0.087761402130127,0.197608267888427,
,,,3.8248E-06,-0.0461298227310181,0.197942995931953,
,,,3.825E-06,-0.0461298227310181,0.197942995931953,
,,,3.8252E-06,-0.113075435161591,0.198445087997243,
,,,3.8254E-06,-0.0461298227310181,0.197608267888427,
,,,3.8256E-06,0.0208157896995544,0.198445087997243,
,,,3.8258E-06,-0.0461298227310181,0.197942995931953,
,,,3.826E-06,0.087761402130127,0.198110359953716,
,,,3.8262E-06,-0.113075435161591,0.197106175823137,
,,,3.8264E-06,0.087761402130127,0.19777563191019,
,,,3.8266E-06,0.0208157896995544,0.19777563191019,
,,,3.8268E-06,0.087761402130127,0.197440903866664,
,,,3.827E-06,0.0208157896995544,0.197942995931953,
,,,3.8272E-06,-0.0461298227310181,0.197106175823137,
,,,3.8274E-06,0.087761402130127,0.197440903866664,
,,,3.8276E-06,-0.0461298227310181,0.1972735398449,
,,,3.8278E-06,0.0208157896995544,0.197440903866664,
,,,3.828E-06,0.0208157896995544,0.1972735398449,
,,,3.8282E-06,0.0208157896995544,0.197440903866664,
,,,3.8284E-06,0.0208157896995544,0.1972735398449,
,,,3.8286E-06,0.0208157896995544,0.197608267888427,
,,,3.8288E-06,0.087761402130127,0.19777563191019,
,,,3.829E-06,-0.0461298227310181,0.197608267888427,
,,,3.8292E-06,0.0208157896995544,0.196771447779611,
,,,3.8294E-06,0.0208157896995544,0.19777563191019,
,,,3.8296E-06,0.0208157896995544,0.197608267888427,
,,,3.8298E-06,0.0208157896995544,0.1972735398449,
,,,3.83E-06,0.0208157896995544,0.19777563191019,
,,,3.8302E-06,-0.0461298227310181,0.198110359953716,
,,,3.8304E-06,0.0208157896995544,0.1972735398449,
,,,3.8306E-06,-0.0461298227310181,0.197942995931953,
,,,3.8308E-06,0.0208157896995544,0.197106175823137,
,,,3.831E-06,0.0208157896995544,0.197440903866664,
,,,3.8312E-06,0.087761402130127,0.197440903866664,
,,,3.8314E-06,-0.0461298227310181,0.19777563191019,
,,,3.8316E-06,-0.0461298227310181,0.198110359953716,
,,,3.8318E-06,-0.0461298227310181,0.197942995931953,
,,,3.832E-06,0.087761402130127,0.198110359953716,
,,,3.8322E-06,-0.113075435161591,0.19827772397548,
,,,3.8324E-06,-0.0461298227310181,0.198110359953716,
,,,3.8326E-06,0.0208157896995544,0.198110359953716,
,,,3.8328E-06,0.0208157896995544,0.196604083757848,
,,,3.833E-06,0.0208157896995544,0.197942995931953,
,,,3.8332E-06,0.154707014560699,0.197440903866664,
,,,3.8334E-06,0.0208157896995544,0.198110359953716,
,,,3.8336E-06,-0.0461298227310181,0.196771447779611,
,,,3.8338E-06,0.087761402130127,0.19777563191019,
,,,3.834E-06,0.0208157896995544,0.197106175823137,
,,,3.8342E-06,0.0208157896995544,0.197608267888427,
,,,3.8344E-06,0.0208157896995544,0.197942995931953,
,,,3.8346E-06,0.0208157896995544,0.197440903866664,
,,,3.8348E-06,0.0208157896995544,0.197106175823137,
,,,3.835E-06,-0.0461298227310181,0.197440903866664,
,,,3.8352E-06,0.087761402130127,0.196771447779611,
,,,3.8354E-06,0.0208157896995544,0.1972735398449,
,,,3.8356E-06,0.087761402130127,0.19777563191019,
,,,3.8358E-06,0.0208157896995544,0.197942995931953,
,,,3.836E-06,-0.0461298227310181,0.197106175823137,
,,,3.8362E-06,-0.0461298227310181,0.196771447779611,
,,,3.8364E-06,0.0208157896995544,0.197608267888427,
,,,3.8366E-06,0.0208157896995544,0.19777563191019,
,,,3.8368E-06,0.0208157896995544,0.197440903866664,
,,,3.837E-06,-0.0461298227310181,0.196771447779611,
,,,3.8372E-06,-0.0461298227310181,0.19777563191019,
,,,3.8374E-06,0.0208157896995544,0.196604083757848,
,,,3.8376E-06,0.0208157896995544,0.196101991692558,
,,,3.8378E-06,-0.0461298227310181,0.196938811801374,
,,,3.838E-06,-0.0461298227310181,0.1972735398449,
,,,3.8382E-06,-0.0461298227310181,0.1972735398449,
,,,3.8384E-06,0.154707014560699,0.197106175823137,
,,,3.8386E-06,-0.113075435161591,0.196938811801374,
,,,3.8388E-06,0.0208157896995544,0.196938811801374,
,,,3.839E-06,-0.0461298227310181,0.196938811801374,
,,,3.8392E-06,0.087761402130127,0.196938811801374,
,,,3.8394E-06,0.087761402130127,0.1972735398449,
,,,3.8396E-06,0.154707014560699,0.196771447779611,
,,,3.8398E-06,-0.0461298227310181,0.196269355714321,
,,,3.84E-06,-0.0461298227310181,0.196771447779611,
,,,3.8402E-06,0.0208157896995544,0.197608267888427,
,,,3.8404E-06,0.0208157896995544,0.197106175823137,
,,,3.8406E-06,0.0208157896995544,0.197106175823137,
,,,3.8408E-06,0.087761402130127,0.197106175823137,
,,,3.841E-06,-0.113075435161591,0.196604083757848,
,,,3.8412E-06,0.087761402130127,0.197106175823137,
,,,3.8414E-06,0.154707014560699,0.197608267888427,
,,,3.8416E-06,0.0208157896995544,0.197608267888427,
,,,3.8418E-06,0.0208157896995544,0.197440903866664,
,,,3.842E-06,0.0208157896995544,0.197106175823137,
,,,3.8422E-06,0.0208157896995544,0.196938811801374,
,,,3.8424E-06,-0.0461298227310181,0.197106175823137,
,,,3.8426E-06,0.087761402130127,0.1972735398449,
,,,3.8428E-06,-0.0461298227310181,0.19777563191019,
,,,3.843E-06,-0.0461298227310181,0.197106175823137,
,,,3.8432E-06,0.0208157896995544,0.19827772397548,
,,,3.8434E-06,-0.180021047592163,0.196938811801374,
,,,3.8436E-06,-0.113075435161591,0.197440903866664,
,,,3.8438E-06,0.087761402130127,0.197608267888427,
,,,3.844E-06,0.087761402130127,0.197608267888427,
,,,3.8442E-06,-0.0461298227310181,0.196938811801374,
,,,3.8444E-06,-0.113075435161591,0.197608267888427,
,,,3.8446E-06,0.0208157896995544,0.1972735398449,
,,,3.8448E-06,0.0208157896995544,0.197440903866664,
,,,3.845E-06,-0.0461298227310181,0.198110359953716,
,,,3.8452E-06,0.0208157896995544,0.197106175823137,
,,,3.8454E-06,0.0208157896995544,0.196938811801374,
,,,3.8456E-06,0.087761402130127,0.197106175823137,
,,,3.8458E-06,0.087761402130127,0.196771447779611,
,,,3.846E-06,0.0208157896995544,0.196938811801374,
,,,3.8462E-06,0.0208157896995544,0.196436719736084,
,,,3.8464E-06,-0.0461298227310181,0.196436719736084,
,,,3.8466E-06,0.087761402130127,0.196938811801374,
,,,3.8468E-06,-0.0461298227310181,0.197440903866664,
,,,3.847E-06,0.0208157896995544,0.1972735398449,
,,,3.8472E-06,0.0208157896995544,0.196436719736084,
,,,3.8474E-06,0.0208157896995544,0.196604083757848,
,,,3.8476E-06,0.0208157896995544,0.196938811801374,
,,,3.8478E-06,0.0208157896995544,0.196604083757848,
,,,3.848E-06,0.087761402130127,0.196604083757848,
,,,3.8482E-06,-0.0461298227310181,0.196269355714321,
,,,3.8484E-06,0.087761402130127,0.197106175823137,
,,,3.8486E-06,0.0208157896995544,0.196269355714321,
,,,3.8488E-06,-0.0461298227310181,0.196269355714321,
,,,3.849E-06,-0.0461298227310181,0.196604083757848,
,,,3.8492E-06,-0.113075435161591,0.196269355714321,
,,,3.8494E-06,0.0208157896995544,0.196938811801374,
,,,3.8496E-06,0.0208157896995544,0.196771447779611,
,,,3.8498E-06,-0.0461298227310181,0.196436719736084,
,,,3.85E-06,0.0208157896995544,0.196436719736084,
,,,3.8502E-06,-0.113075435161591,0.195934627670795,
,,,3.8504E-06,0.154707014560699,0.196101991692558,
,,,3.8506E-06,0.087761402130127,0.196436719736084,
,,,3.8508E-06,-0.113075435161591,0.196436719736084,
,,,3.851E-06,-0.0461298227310181,0.195934627670795,
,,,3.8512E-06,-0.0461298227310181,0.196436719736084,
,,,3.8514E-06,-0.0461298227310181,0.195934627670795,
,,,3.8516E-06,-0.0461298227310181,0.195934627670795,
,,,3.8518E-06,-0.0461298227310181,0.196771447779611,
,,,3.852E-06,0.087761402130127,0.196269355714321,
,,,3.8522E-06,0.0208157896995544,0.196269355714321,
,,,3.8524E-06,0.087761402130127,0.196269355714321,
,,,3.8526E-06,0.0208157896995544,0.196101991692558,
,,,3.8528E-06,0.0208157896995544,0.196101991692558,
,,,3.853E-06,0.0208157896995544,0.196101991692558,
,,,3.8532E-06,-0.0461298227310181,0.196604083757848,
,,,3.8534E-06,-0.0461298227310181,0.196269355714321,
,,,3.8536E-06,0.154707014560699,0.196436719736084,
,,,3.8538E-06,-0.0461298227310181,0.196101991692558,
,,,3.854E-06,0.0208157896995544,0.195599899627268,
,,,3.8542E-06,0.0208157896995544,0.196101991692558,
,,,3.8544E-06,0.087761402130127,0.196436719736084,
,,,3.8546E-06,0.0208157896995544,0.196604083757848,
,,,3.8548E-06,0.0208157896995544,0.196269355714321,
,,,3.855E-06,0.0208157896995544,0.195767263649032,
,,,3.8552E-06,-0.0461298227310181,0.196101991692558,
,,,3.8554E-06,0.087761402130127,0.195767263649032,
,,,3.8556E-06,-0.0461298227310181,0.195934627670795,
,,,3.8558E-06,-0.0461298227310181,0.196101991692558,
,,,3.856E-06,0.0208157896995544,0.196101991692558,
,,,3.8562E-06,-0.113075435161591,0.196269355714321,
,,,3.8564E-06,0.0208157896995544,0.196604083757848,
,,,3.8566E-06,0.0208157896995544,0.195767263649032,
,,,3.8568E-06,-0.0461298227310181,0.195432535605505,
,,,3.857E-06,0.0208157896995544,0.196771447779611,
,,,3.8572E-06,0.0208157896995544,0.197608267888427,
,,,3.8574E-06,-0.113075435161591,0.196771447779611,
,,,3.8576E-06,0.0208157896995544,0.196771447779611,
,,,3.8578E-06,0.0208157896995544,0.196771447779611,
,,,3.858E-06,0.0208157896995544,0.196604083757848,
,,,3.8582E-06,-0.0461298227310181,0.195934627670795,
,,,3.8584E-06,0.087761402130127,0.196604083757848,
,,,3.8586E-06,0.0208157896995544,0.197440903866664,
,,,3.8588E-06,0.087761402130127,0.197106175823137,
,,,3.859E-06,0.0208157896995544,0.196269355714321,
,,,3.8592E-06,0.0208157896995544,0.196436719736084,
,,,3.8594E-06,0.0208157896995544,0.19777563191019,
,,,3.8596E-06,-0.0461298227310181,0.197608267888427,
,,,3.8598E-06,0.0208157896995544,0.197440903866664,
,,,3.86E-06,0.0208157896995544,0.197440903866664,
,,,3.8602E-06,0.0208157896995544,0.1972735398449,
,,,3.8604E-06,0.0208157896995544,0.197608267888427,
,,,3.8606E-06,0.0208157896995544,0.198110359953716,
,,,3.8608E-06,0.154707014560699,0.197106175823137,
,,,3.861E-06,0.0208157896995544,0.197106175823137,
,,,3.8612E-06,0.0208157896995544,0.19777563191019,
,,,3.8614E-06,0.0208157896995544,0.197106175823137,
,,,3.8616E-06,-0.113075435161591,0.196604083757848,
,,,3.8618E-06,0.0208157896995544,0.196771447779611,
,,,3.862E-06,0.0208157896995544,0.19827772397548,
,,,3.8622E-06,0.0208157896995544,0.197106175823137,
,,,3.8624E-06,0.0208157896995544,0.1972735398449,
,,,3.8626E-06,-0.0461298227310181,0.197106175823137,
,,,3.8628E-06,0.0208157896995544,0.197608267888427,
,,,3.863E-06,0.0208157896995544,0.196938811801374,
,,,3.8632E-06,0.0208157896995544,0.196771447779611,
,,,3.8634E-06,-0.0461298227310181,0.1972735398449,
,,,3.8636E-06,0.087761402130127,0.196938811801374,
,,,3.8638E-06,0.0208157896995544,0.196604083757848,
,,,3.864E-06,-0.0461298227310181,0.196604083757848,
,,,3.8642E-06,-0.0461298227310181,0.196771447779611,
,,,3.8644E-06,0.0208157896995544,0.196771447779611,
,,,3.8646E-06,0.0208157896995544,0.195934627670795,
,,,3.8648E-06,0.0208157896995544,0.196771447779611,
,,,3.865E-06,0.0208157896995544,0.196436719736084,
,,,3.8652E-06,0.087761402130127,0.196436719736084,
,,,3.8654E-06,0.0208157896995544,0.197106175823137,
,,,3.8656E-06,0.0208157896995544,0.196269355714321,
,,,3.8658E-06,0.0208157896995544,0.196938811801374,
,,,3.866E-06,-0.113075435161591,0.196604083757848,
,,,3.8662E-06,-0.0461298227310181,0.195767263649032,
,,,3.8664E-06,0.0208157896995544,0.196604083757848,
,,,3.8666E-06,-0.0461298227310181,0.196771447779611,
,,,3.8668E-06,0.0208157896995544,0.196101991692558,
,,,3.867E-06,0.0208157896995544,0.197106175823137,
,,,3.8672E-06,0.221652626991272,0.195934627670795,
,,,3.8674E-06,0.0208157896995544,0.196604083757848,
,,,3.8676E-06,-0.0461298227310181,0.195934627670795,
,,,3.8678E-06,0.0208157896995544,0.197106175823137,
,,,3.868E-06,0.0208157896995544,0.195934627670795,
,,,3.8682E-06,-0.0461298227310181,0.196436719736084,
,,,3.8684E-06,0.0208157896995544,0.196771447779611,
,,,3.8686E-06,0.087761402130127,0.196938811801374,
,,,3.8688E-06,-0.0461298227310181,0.196604083757848,
,,,3.869E-06,-0.180021047592163,0.196604083757848,
,,,3.8692E-06,0.087761402130127,0.196604083757848,
,,,3.8694E-06,0.087761402130127,0.196436719736084,
,,,3.8696E-06,0.0208157896995544,0.196436719736084,
,,,3.8698E-06,0.0208157896995544,0.196771447779611,
,,,3.87E-06,-0.0461298227310181,0.196604083757848,
,,,3.8702E-06,-0.113075435161591,0.196604083757848,
,,,3.8704E-06,0.087761402130127,0.196269355714321,
,,,3.8706E-06,0.0208157896995544,0.196269355714321,
,,,3.8708E-06,0.0208157896995544,0.196269355714321,
,,,3.871E-06,-0.113075435161591,0.196436719736084,
,,,3.8712E-06,0.087761402130127,0.196604083757848,
,,,3.8714E-06,0.0208157896995544,0.196604083757848,
,,,3.8716E-06,0.0208157896995544,0.196101991692558,
,,,3.8718E-06,0.0208157896995544,0.196604083757848,
,,,3.872E-06,0.0208157896995544,0.196269355714321,
,,,3.8722E-06,0.0208157896995544,0.196604083757848,
,,,3.8724E-06,-0.0461298227310181,0.196101991692558,
,,,3.8726E-06,0.0208157896995544,0.195934627670795,
,,,3.8728E-06,0.0208157896995544,0.196436719736084,
,,,3.873E-06,0.0208157896995544,0.196436719736084,
,,,3.8732E-06,-0.0461298227310181,0.195934627670795,
,,,3.8734E-06,-0.0461298227310181,0.196604083757848,
,,,3.8736E-06,0.087761402130127,0.196771447779611,
,,,3.8738E-06,-0.0461298227310181,0.1972735398449,
,,,3.874E-06,-0.0461298227310181,0.196604083757848,
,,,3.8742E-06,0.0208157896995544,0.196436719736084,
,,,3.8744E-06,-0.0461298227310181,0.196269355714321,
,,,3.8746E-06,-0.0461298227310181,0.196604083757848,
,,,3.8748E-06,0.0208157896995544,0.196771447779611,
,,,3.875E-06,0.0208157896995544,0.196938811801374,
,,,3.8752E-06,0.0208157896995544,0.197106175823137,
,,,3.8754E-06,-0.0461298227310181,0.196938811801374,
,,,3.8756E-06,0.0208157896995544,0.197106175823137,
,,,3.8758E-06,-0.0461298227310181,0.196938811801374,
,,,3.876E-06,0.0208157896995544,0.197106175823137,
,,,3.8762E-06,-0.0461298227310181,0.1972735398449,
,,,3.8764E-06,0.0208157896995544,0.19777563191019,
,,,3.8766E-06,-0.113075435161591,0.197942995931953,
,,,3.8768E-06,0.087761402130127,0.1972735398449,
,,,3.877E-06,0.087761402130127,0.197106175823137,
,,,3.8772E-06,-0.0461298227310181,0.19777563191019,
,,,3.8774E-06,-0.180021047592163,0.197608267888427,
,,,3.8776E-06,0.087761402130127,0.197608267888427,
,,,3.8778E-06,-0.0461298227310181,0.197608267888427,
,,,3.878E-06,0.154707014560699,0.198110359953716,
,,,3.8782E-06,0.0208157896995544,0.19777563191019,
,,,3.8784E-06,0.0208157896995544,0.1972735398449,
,,,3.8786E-06,0.0208157896995544,0.197942995931953,
,,,3.8788E-06,-0.0461298227310181,0.197106175823137,
,,,3.879E-06,0.0208157896995544,0.19777563191019,
,,,3.8792E-06,0.0208157896995544,0.19777563191019,
,,,3.8794E-06,0.0208157896995544,0.1972735398449,
,,,3.8796E-06,0.0208157896995544,0.19777563191019,
,,,3.8798E-06,0.0208157896995544,0.19777563191019,
,,,3.88E-06,0.087761402130127,0.1972735398449,
,,,3.8802E-06,-0.0461298227310181,0.1972735398449,
,,,3.8804E-06,0.0208157896995544,0.198445087997243,
,,,3.8806E-06,0.0208157896995544,0.19777563191019,
,,,3.8808E-06,-0.0461298227310181,0.1972735398449,
,,,3.881E-06,0.0208157896995544,0.197608267888427,
,,,3.8812E-06,0.0208157896995544,0.197942995931953,
,,,3.8814E-06,-0.0461298227310181,0.197440903866664,
,,,3.8816E-06,0.0208157896995544,0.1972735398449,
,,,3.8818E-06,-0.0461298227310181,0.197440903866664,
,,,3.882E-06,0.0208157896995544,0.198110359953716,
,,,3.8822E-06,0.0208157896995544,0.196938811801374,
,,,3.8824E-06,0.0208157896995544,0.196604083757848,
,,,3.8826E-06,-0.0461298227310181,0.1972735398449,
,,,3.8828E-06,-0.0461298227310181,0.197106175823137,
,,,3.883E-06,0.0208157896995544,0.196436719736084,
,,,3.8832E-06,0.0208157896995544,0.196938811801374,
,,,3.8834E-06,-0.113075435161591,0.1972735398449,
,,,3.8836E-06,0.0208157896995544,0.196101991692558,
,,,3.8838E-06,-0.0461298227310181,0.196604083757848,
,,,3.884E-06,0.087761402130127,0.197608267888427,
,,,3.8842E-06,-0.0461298227310181,0.196604083757848,
,,,3.8844E-06,0.087761402130127,0.196269355714321,
,,,3.8846E-06,0.0208157896995544,0.196604083757848,
,,,3.8848E-06,0.0208157896995544,0.196771447779611,
,,,3.885E-06,0.0208157896995544,0.197106175823137,
,,,3.8852E-06,-0.0461298227310181,0.197106175823137,
,,,3.8854E-06,-0.0461298227310181,0.197440903866664,
,,,3.8856E-06,0.087761402130127,0.1972735398449,
,,,3.8858E-06,-0.113075435161591,0.196604083757848,
,,,3.886E-06,0.0208157896995544,0.197106175823137,
,,,3.8862E-06,0.087761402130127,0.197106175823137,
,,,3.8864E-06,0.0208157896995544,0.196938811801374,
,,,3.8866E-06,-0.0461298227310181,0.196604083757848,
,,,3.8868E-06,0.087761402130127,0.197440903866664,
,,,3.887E-06,0.0208157896995544,0.196938811801374,
,,,3.8872E-06,0.0208157896995544,0.196604083757848,
,,,3.8874E-06,-0.0461298227310181,0.197106175823137,
,,,3.8876E-06,-0.113075435161591,0.197106175823137,
,,,3.8878E-06,0.0208157896995544,0.196436719736084,
,,,3.888E-06,0.0208157896995544,0.196938811801374,
,,,3.8882E-06,-0.0461298227310181,0.196938811801374,
,,,3.8884E-06,-0.0461298227310181,0.196938811801374,
,,,3.8886E-06,0.0208157896995544,0.1972735398449,
,,,3.8888E-06,0.0208157896995544,0.196604083757848,
,,,3.889E-06,-0.113075435161591,0.197440903866664,
,,,3.8892E-06,0.087761402130127,0.197106175823137,
,,,3.8894E-06,-0.0461298227310181,0.197440903866664,
,,,3.8896E-06,-0.0461298227310181,0.1972735398449,
,,,3.8898E-06,0.0208157896995544,0.196938811801374,
,,,3.89E-06,0.0208157896995544,0.196771447779611,
,,,3.8902E-06,-0.0461298227310181,0.196269355714321,
,,,3.8904E-06,0.087761402130127,0.1972735398449,
,,,3.8906E-06,-0.0461298227310181,0.196436719736084,
,,,3.8908E-06,0.087761402130127,0.196938811801374,
,,,3.891E-06,-0.0461298227310181,0.196604083757848,
,,,3.8912E-06,0.0208157896995544,0.1972735398449,
,,,3.8914E-06,0.0208157896995544,0.1972735398449,
,,,3.8916E-06,0.0208157896995544,0.196604083757848,
,,,3.8918E-06,0.0208157896995544,0.197440903866664,
,,,3.892E-06,0.0208157896995544,0.196436719736084,
,,,3.8922E-06,-0.0461298227310181,0.196771447779611,
,,,3.8924E-06,0.087761402130127,0.196771447779611,
,,,3.8926E-06,0.0208157896995544,0.1972735398449,
,,,3.8928E-06,0.087761402130127,0.196938811801374,
,,,3.893E-06,0.0208157896995544,0.197106175823137,
,,,3.8932E-06,0.0208157896995544,0.196436719736084,
,,,3.8934E-06,0.0208157896995544,0.197440903866664,
,,,3.8936E-06,-0.113075435161591,0.197440903866664,
,,,3.8938E-06,-0.113075435161591,0.196604083757848,
,,,3.894E-06,0.0208157896995544,0.197440903866664,
,,,3.8942E-06,0.0208157896995544,0.198110359953716,
,,,3.8944E-06,0.087761402130127,0.19777563191019,
,,,3.8946E-06,-0.0461298227310181,0.196938811801374,
,,,3.8948E-06,-0.0461298227310181,0.197608267888427,
,,,3.895E-06,0.0208157896995544,0.197608267888427,
,,,3.8952E-06,0.0208157896995544,0.197106175823137,
,,,3.8954E-06,-0.0461298227310181,0.197440903866664,
,,,3.8956E-06,0.0208157896995544,0.197440903866664,
,,,3.8958E-06,-0.0461298227310181,0.19777563191019,
,,,3.896E-06,0.0208157896995544,0.197942995931953,
,,,3.8962E-06,-0.113075435161591,0.197942995931953,
,,,3.8964E-06,0.0208157896995544,0.198110359953716,
,,,3.8966E-06,0.0208157896995544,0.19777563191019,
,,,3.8968E-06,-0.0461298227310181,0.1972735398449,
,,,3.897E-06,0.0208157896995544,0.197942995931953,
,,,3.8972E-06,0.154707014560699,0.197440903866664,
,,,3.8974E-06,-0.0461298227310181,0.197942995931953,
,,,3.8976E-06,-0.113075435161591,0.1972735398449,
,,,3.8978E-06,0.087761402130127,0.197942995931953,
,,,3.898E-06,-0.0461298227310181,0.198110359953716,
,,,3.8982E-06,-0.0461298227310181,0.198445087997243,
,,,3.8984E-06,0.0208157896995544,0.197608267888427,
,,,3.8986E-06,-0.0461298227310181,0.197106175823137,
,,,3.8988E-06,0.0208157896995544,0.197608267888427,
,,,3.899E-06,0.0208157896995544,0.197608267888427,
,,,3.8992E-06,0.087761402130127,0.197942995931953,
,,,3.8994E-06,-0.0461298227310181,0.19777563191019,
,,,3.8996E-06,0.087761402130127,0.1972735398449,
,,,3.8998E-06,-0.0461298227310181,0.1972735398449,
,,,3.9E-06,-0.113075435161591,0.196938811801374,
,,,3.9002E-06,0.0208157896995544,0.19777563191019,
,,,3.9004E-06,0.0208157896995544,0.1972735398449,
,,,3.9006E-06,0.0208157896995544,0.1972735398449,
,,,3.9008E-06,0.0208157896995544,0.197608267888427,
,,,3.901E-06,-0.0461298227310181,0.197608267888427,
,,,3.9012E-06,0.0208157896995544,0.197608267888427,
,,,3.9014E-06,0.087761402130127,0.19777563191019,
,,,3.9016E-06,0.0208157896995544,0.1972735398449,
,,,3.9018E-06,-0.0461298227310181,0.196771447779611,
,,,3.902E-06,-0.0461298227310181,0.196938811801374,
,,,3.9022E-06,-0.0461298227310181,0.197106175823137,
,,,3.9024E-06,-0.0461298227310181,0.196604083757848,
,,,3.9026E-06,0.0208157896995544,0.197942995931953,
,,,3.9028E-06,0.0208157896995544,0.197942995931953,
,,,3.903E-06,-0.113075435161591,0.196938811801374,
,,,3.9032E-06,0.087761402130127,0.197106175823137,
,,,3.9034E-06,0.087761402130127,0.19777563191019,
,,,3.9036E-06,-0.0461298227310181,0.196938811801374,
,,,3.9038E-06,0.0208157896995544,0.197106175823137,
,,,3.904E-06,0.0208157896995544,0.19777563191019,
,,,3.9042E-06,-0.0461298227310181,0.197608267888427,
,,,3.9044E-06,-0.113075435161591,0.197608267888427,
,,,3.9046E-06,0.087761402130127,0.196938811801374,
,,,3.9048E-06,0.0208157896995544,0.197942995931953,
,,,3.905E-06,-0.0461298227310181,0.19777563191019,
,,,3.9052E-06,0.087761402130127,0.197608267888427,
,,,3.9054E-06,0.0208157896995544,0.197608267888427,
,,,3.9056E-06,0.154707014560699,0.197942995931953,
,,,3.9058E-06,-0.0461298227310181,0.197106175823137,
,,,3.906E-06,-0.113075435161591,0.195934627670795,
,,,3.9062E-06,-0.0461298227310181,0.197106175823137,
,,,3.9064E-06,-0.0461298227310181,0.196269355714321,
,,,3.9066E-06,-0.0461298227310181,0.1972735398449,
,,,3.9068E-06,0.0208157896995544,0.19777563191019,
,,,3.907E-06,0.0208157896995544,0.1972735398449,
,,,3.9072E-06,0.0208157896995544,0.196938811801374,
,,,3.9074E-06,-0.113075435161591,0.197440903866664,
,,,3.9076E-06,-0.0461298227310181,0.196938811801374,
,,,3.9078E-06,-0.0461298227310181,0.196938811801374,
,,,3.908E-06,0.0208157896995544,0.196938811801374,
,,,3.9082E-06,-0.113075435161591,0.196771447779611,
,,,3.9084E-06,-0.0461298227310181,0.196771447779611,
,,,3.9086E-06,-0.0461298227310181,0.196771447779611,
,,,3.9088E-06,-0.113075435161591,0.195934627670795,
,,,3.909E-06,-0.113075435161591,0.196436719736084,
,,,3.9092E-06,0.0208157896995544,0.196436719736084,
,,,3.9094E-06,-0.113075435161591,0.195767263649032,
,,,3.9096E-06,0.087761402130127,0.1972735398449,
,,,3.9098E-06,0.0208157896995544,0.196604083757848,
,,,3.91E-06,0.0208157896995544,0.196269355714321,
,,,3.9102E-06,0.0208157896995544,0.196938811801374,
,,,3.9104E-06,0.0208157896995544,0.196101991692558,
,,,3.9106E-06,0.087761402130127,0.196771447779611,
,,,3.9108E-06,-0.0461298227310181,0.197608267888427,
,,,3.911E-06,-0.0461298227310181,0.197106175823137,
,,,3.9112E-06,0.0208157896995544,0.1972735398449,
,,,3.9114E-06,-0.113075435161591,0.197106175823137,
,,,3.9116E-06,0.0208157896995544,0.196938811801374,
,,,3.9118E-06,0.0208157896995544,0.196269355714321,
,,,3.912E-06,0.154707014560699,0.196771447779611,
,,,3.9122E-06,0.0208157896995544,0.197608267888427,
,,,3.9124E-06,0.0208157896995544,0.19777563191019,
,,,3.9126E-06,0.0208157896995544,0.196604083757848,
,,,3.9128E-06,-0.0461298227310181,0.196269355714321,
,,,3.913E-06,-0.0461298227310181,0.197106175823137,
,,,3.9132E-06,-0.0461298227310181,0.197106175823137,
,,,3.9134E-06,-0.0461298227310181,0.196938811801374,
,,,3.9136E-06,0.0208157896995544,0.196604083757848,
,,,3.9138E-06,-0.113075435161591,0.196938811801374,
,,,3.914E-06,0.0208157896995544,0.197106175823137,
,,,3.9142E-06,0.087761402130127,0.1972735398449,
,,,3.9144E-06,-0.0461298227310181,0.196938811801374,
,,,3.9146E-06,-0.113075435161591,0.196938811801374,
,,,3.9148E-06,0.0208157896995544,0.197106175823137,
,,,3.915E-06,-0.0461298227310181,0.196436719736084,
,,,3.9152E-06,0.0208157896995544,0.1972735398449,
,,,3.9154E-06,-0.0461298227310181,0.197440903866664,
,,,3.9156E-06,0.0208157896995544,0.19777563191019,
,,,3.9158E-06,0.0208157896995544,0.1972735398449,
,,,3.916E-06,0.0208157896995544,0.197106175823137,
,,,3.9162E-06,-0.0461298227310181,0.19777563191019,
,,,3.9164E-06,0.0208157896995544,0.196938811801374,
,,,3.9166E-06,0.0208157896995544,0.1972735398449,
,,,3.9168E-06,-0.0461298227310181,0.197942995931953,
,,,3.917E-06,0.0208157896995544,0.19777563191019,
,,,3.9172E-06,-0.0461298227310181,0.19777563191019,
,,,3.9174E-06,0.0208157896995544,0.197106175823137,
,,,3.9176E-06,0.0208157896995544,0.196938811801374,
,,,3.9178E-06,0.0208157896995544,0.197608267888427,
,,,3.918E-06,0.0208157896995544,0.197440903866664,
,,,3.9182E-06,0.0208157896995544,0.1972735398449,
,,,3.9184E-06,0.0208157896995544,0.197106175823137,
,,,3.9186E-06,-0.0461298227310181,0.19777563191019,
,,,3.9188E-06,0.0208157896995544,0.197106175823137,
,,,3.919E-06,0.0208157896995544,0.197106175823137,
,,,3.9192E-06,-0.113075435161591,0.1972735398449,
,,,3.9194E-06,0.0208157896995544,0.197440903866664,
,,,3.9196E-06,0.0208157896995544,0.196771447779611,
,,,3.9198E-06,0.0208157896995544,0.1972735398449,
,,,3.92E-06,0.0208157896995544,0.197440903866664,
,,,3.9202E-06,-0.113075435161591,0.197440903866664,
,,,3.9204E-06,0.0208157896995544,0.198110359953716,
,,,3.9206E-06,-0.0461298227310181,0.1972735398449,
,,,3.9208E-06,0.0208157896995544,0.197106175823137,
,,,3.921E-06,0.0208157896995544,0.1972735398449,
,,,3.9212E-06,0.0208157896995544,0.197106175823137,
,,,3.9214E-06,-0.0461298227310181,0.196938811801374,
,,,3.9216E-06,0.087761402130127,0.1972735398449,
,,,3.9218E-06,-0.0461298227310181,0.198110359953716,
,,,3.922E-06,-0.113075435161591,0.196771447779611,
,,,3.9222E-06,0.0208157896995544,0.196938811801374,
,,,3.9224E-06,0.087761402130127,0.197106175823137,
,,,3.9226E-06,-0.113075435161591,0.197942995931953,
,,,3.9228E-06,0.0208157896995544,0.1972735398449,
,,,3.923E-06,0.0208157896995544,0.196938811801374,
,,,3.9232E-06,-0.0461298227310181,0.1972735398449,
,,,3.9234E-06,0.0208157896995544,0.1972735398449,
,,,3.9236E-06,0.0208157896995544,0.197106175823137,
,,,3.9238E-06,-0.0461298227310181,0.196771447779611,
,,,3.924E-06,0.087761402130127,0.197608267888427,
,,,3.9242E-06,-0.0461298227310181,0.1972735398449,
,,,3.9244E-06,0.0208157896995544,0.196938811801374,
,,,3.9246E-06,0.0208157896995544,0.196436719736084,
,,,3.9248E-06,0.0208157896995544,0.197106175823137,
,,,3.925E-06,0.0208157896995544,0.196436719736084,
,,,3.9252E-06,-0.0461298227310181,0.196771447779611,
,,,3.9254E-06,-0.113075435161591,0.197440903866664,
,,,3.9256E-06,-0.0461298227310181,0.196938811801374,
,,,3.9258E-06,0.0208157896995544,0.196269355714321,
,,,3.926E-06,-0.0461298227310181,0.196604083757848,
,,,3.9262E-06,0.0208157896995544,0.1972735398449,
,,,3.9264E-06,0.154707014560699,0.1972735398449,
,,,3.9266E-06,-0.0461298227310181,0.196436719736084,
,,,3.9268E-06,-0.0461298227310181,0.1972735398449,
,,,3.927E-06,0.0208157896995544,0.196269355714321,
,,,3.9272E-06,0.0208157896995544,0.196771447779611,
,,,3.9274E-06,-0.0461298227310181,0.196604083757848,
,,,3.9276E-06,0.0208157896995544,0.197106175823137,
,,,3.9278E-06,-0.0461298227310181,0.196771447779611,
,,,3.928E-06,-0.0461298227310181,0.1972735398449,
,,,3.9282E-06,-0.113075435161591,0.196771447779611,
,,,3.9284E-06,-0.0461298227310181,0.196604083757848,
,,,3.9286E-06,-0.0461298227310181,0.1972735398449,
,,,3.9288E-06,-0.0461298227310181,0.1972735398449,
,,,3.929E-06,0.0208157896995544,0.196938811801374,
,,,3.9292E-06,0.0208157896995544,0.197608267888427,
,,,3.9294E-06,-0.0461298227310181,0.1972735398449,
,,,3.9296E-06,0.0208157896995544,0.1972735398449,
,,,3.9298E-06,0.087761402130127,0.197440903866664,
,,,3.93E-06,0.0208157896995544,0.197440903866664,
,,,3.9302E-06,0.0208157896995544,0.1972735398449,
,,,3.9304E-06,0.087761402130127,0.1972735398449,
,,,3.9306E-06,-0.0461298227310181,0.197608267888427,
,,,3.9308E-06,0.0208157896995544,0.197106175823137,
,,,3.931E-06,0.0208157896995544,0.196604083757848,
,,,3.9312E-06,0.087761402130127,0.197106175823137,
,,,3.9314E-06,-0.0461298227310181,0.197440903866664,
,,,3.9316E-06,-0.0461298227310181,0.196604083757848,
,,,3.9318E-06,-0.0461298227310181,0.197106175823137,
,,,3.932E-06,0.0208157896995544,0.197106175823137,
,,,3.9322E-06,-0.0461298227310181,0.196771447779611,
,,,3.9324E-06,-0.0461298227310181,0.196771447779611,
,,,3.9326E-06,0.0208157896995544,0.197608267888427,
,,,3.9328E-06,0.087761402130127,0.19777563191019,
,,,3.933E-06,-0.113075435161591,0.196771447779611,
,,,3.9332E-06,-0.0461298227310181,0.197106175823137,
,,,3.9334E-06,0.087761402130127,0.19777563191019,
,,,3.9336E-06,-0.0461298227310181,0.197106175823137,
,,,3.9338E-06,-0.0461298227310181,0.196938811801374,
,,,3.934E-06,0.0208157896995544,0.196771447779611,
,,,3.9342E-06,-0.0461298227310181,0.197942995931953,
,,,3.9344E-06,-0.0461298227310181,0.197608267888427,
,,,3.9346E-06,-0.0461298227310181,0.197608267888427,
,,,3.9348E-06,0.0208157896995544,0.196938811801374,
,,,3.935E-06,0.0208157896995544,0.197440903866664,
,,,3.9352E-06,0.087761402130127,0.1972735398449,
,,,3.9354E-06,0.0208157896995544,0.196938811801374,
,,,3.9356E-06,0.0208157896995544,0.196771447779611,
,,,3.9358E-06,0.087761402130127,0.198110359953716,
,,,3.936E-06,-0.0461298227310181,0.1972735398449,
,,,3.9362E-06,0.0208157896995544,0.196604083757848,
,,,3.9364E-06,-0.0461298227310181,0.197608267888427,
,,,3.9366E-06,-0.0461298227310181,0.197440903866664,
,,,3.9368E-06,0.0208157896995544,0.1972735398449,
,,,3.937E-06,-0.113075435161591,0.197440903866664,
,,,3.9372E-06,-0.0461298227310181,0.19777563191019,
,,,3.9374E-06,0.0208157896995544,0.1972735398449,
,,,3.9376E-06,0.087761402130127,0.1972735398449,
,,,3.9378E-06,-0.113075435161591,0.197942995931953,
,,,3.938E-06,0.0208157896995544,0.197106175823137,
,,,3.9382E-06,-0.0461298227310181,0.197440903866664,
,,,3.9384E-06,-0.180021047592163,0.197106175823137,
,,,3.9386E-06,0.0208157896995544,0.197440903866664,
,,,3.9388E-06,0.087761402130127,0.1972735398449,
,,,3.939E-06,-0.0461298227310181,0.197942995931953,
,,,3.9392E-06,0.0208157896995544,0.197942995931953,
,,,3.9394E-06,-0.0461298227310181,0.196938811801374,
,,,3.9396E-06,-0.0461298227310181,0.196771447779611,
,,,3.9398E-06,0.0208157896995544,0.19777563191019,
,,,3.94E-06,0.0208157896995544,0.196771447779611,
,,,3.9402E-06,0.0208157896995544,0.1972735398449,
,,,3.9404E-06,0.0208157896995544,0.196938811801374,
,,,3.9406E-06,-0.0461298227310181,0.197440903866664,
,,,3.9408E-06,0.0208157896995544,0.196938811801374,
,,,3.941E-06,0.0208157896995544,0.197106175823137,
,,,3.9412E-06,-0.0461298227310181,0.197106175823137,
,,,3.9414E-06,-0.0461298227310181,0.196269355714321,
,,,3.9416E-06,0.087761402130127,0.197106175823137,
,,,3.9418E-06,0.0208157896995544,0.197440903866664,
,,,3.942E-06,0.087761402130127,0.196771447779611,
,,,3.9422E-06,0.0208157896995544,0.196604083757848,
,,,3.9424E-06,0.0208157896995544,0.197106175823137,
,,,3.9426E-06,0.087761402130127,0.196771447779611,
,,,3.9428E-06,-0.113075435161591,0.196604083757848,
,,,3.943E-06,0.0208157896995544,0.197106175823137,
,,,3.9432E-06,0.087761402130127,0.1972735398449,
,,,3.9434E-06,-0.0461298227310181,0.196604083757848,
,,,3.9436E-06,0.087761402130127,0.197440903866664,
,,,3.9438E-06,-0.0461298227310181,0.196604083757848,
,,,3.944E-06,0.087761402130127,0.196604083757848,
,,,3.9442E-06,0.0208157896995544,0.197106175823137,
,,,3.9444E-06,0.0208157896995544,0.1972735398449,
,,,3.9446E-06,0.0208157896995544,0.196436719736084,
,,,3.9448E-06,-0.0461298227310181,0.196938811801374,
,,,3.945E-06,-0.0461298227310181,0.196938811801374,
,,,3.9452E-06,0.0208157896995544,0.197440903866664,
,,,3.9454E-06,0.0208157896995544,0.196771447779611,
,,,3.9456E-06,-0.0461298227310181,0.197608267888427,
,,,3.9458E-06,-0.113075435161591,0.196771447779611,
,,,3.946E-06,0.0208157896995544,0.196436719736084,
,,,3.9462E-06,0.0208157896995544,0.196771447779611,
,,,3.9464E-06,0.0208157896995544,0.197106175823137,
,,,3.9466E-06,-0.0461298227310181,0.19777563191019,
,,,3.9468E-06,0.0208157896995544,0.197106175823137,
,,,3.947E-06,-0.0461298227310181,0.196771447779611,
,,,3.9472E-06,-0.0461298227310181,0.19777563191019,
,,,3.9474E-06,-0.0461298227310181,0.196938811801374,
,,,3.9476E-06,0.0208157896995544,0.196771447779611,
,,,3.9478E-06,-0.0461298227310181,0.197440903866664,
,,,3.948E-06,0.0208157896995544,0.197440903866664,
,,,3.9482E-06,-0.0461298227310181,0.197608267888427,
,,,3.9484E-06,0.0208157896995544,0.197440903866664,
,,,3.9486E-06,0.087761402130127,0.197106175823137,
,,,3.9488E-06,-0.0461298227310181,0.196771447779611,
,,,3.949E-06,0.087761402130127,0.196938811801374,
,,,3.9492E-06,-0.0461298227310181,0.197608267888427,
,,,3.9494E-06,0.0208157896995544,0.196771447779611,
,,,3.9496E-06,0.0208157896995544,0.196604083757848,
,,,3.9498E-06,-0.0461298227310181,0.197440903866664,
,,,3.95E-06,0.0208157896995544,0.196771447779611,
,,,3.9502E-06,0.0208157896995544,0.196604083757848,
,,,3.9504E-06,0.087761402130127,0.196771447779611,
,,,3.9506E-06,-0.0461298227310181,0.1972735398449,
,,,3.9508E-06,0.0208157896995544,0.197106175823137,
,,,3.951E-06,-0.0461298227310181,0.197106175823137,
,,,3.9512E-06,-0.0461298227310181,0.197106175823137,
,,,3.9514E-06,-0.113075435161591,0.195767263649032,
,,,3.9516E-06,-0.0461298227310181,0.197106175823137,
,,,3.9518E-06,-0.0461298227310181,0.197106175823137,
,,,3.952E-06,0.087761402130127,0.1972735398449,
,,,3.9522E-06,-0.113075435161591,0.196771447779611,
,,,3.9524E-06,0.0208157896995544,0.196771447779611,
,,,3.9526E-06,0.154707014560699,0.196101991692558,
,,,3.9528E-06,-0.0461298227310181,0.196771447779611,
,,,3.953E-06,-0.0461298227310181,0.196771447779611,
,,,3.9532E-06,0.087761402130127,0.1972735398449,
,,,3.9534E-06,-0.0461298227310181,0.197106175823137,
,,,3.9536E-06,-0.0461298227310181,0.197608267888427,
,,,3.9538E-06,0.087761402130127,0.196771447779611,
,,,3.954E-06,0.154707014560699,0.197440903866664,
,,,3.9542E-06,-0.0461298227310181,0.1972735398449,
,,,3.9544E-06,0.0208157896995544,0.197440903866664,
,,,3.9546E-06,0.0208157896995544,0.19777563191019,
,,,3.9548E-06,0.0208157896995544,0.1972735398449,
,,,3.955E-06,0.087761402130127,0.197440903866664,
,,,3.9552E-06,0.0208157896995544,0.196436719736084,
,,,3.9554E-06,-0.0461298227310181,0.1972735398449,
,,,3.9556E-06,-0.0461298227310181,0.197440903866664,
,,,3.9558E-06,-0.0461298227310181,0.197106175823137,
,,,3.956E-06,-0.0461298227310181,0.196771447779611,
,,,3.9562E-06,0.0208157896995544,0.197608267888427,
,,,3.9564E-06,0.0208157896995544,0.1972735398449,
,,,3.9566E-06,0.0208157896995544,0.1972735398449,
,,,3.9568E-06,0.087761402130127,0.197942995931953,
,,,3.957E-06,-0.0461298227310181,0.197440903866664,
,,,3.9572E-06,0.087761402130127,0.197440903866664,
,,,3.9574E-06,0.0208157896995544,0.197942995931953,
,,,3.9576E-06,-0.113075435161591,0.196938811801374,
,,,3.9578E-06,0.0208157896995544,0.196604083757848,
,,,3.958E-06,0.0208157896995544,0.197106175823137,
,,,3.9582E-06,0.0208157896995544,0.197440903866664,
,,,3.9584E-06,-0.0461298227310181,0.196771447779611,
,,,3.9586E-06,-0.0461298227310181,0.197106175823137,
,,,3.9588E-06,0.0208157896995544,0.197440903866664,
,,,3.959E-06,0.087761402130127,0.196938811801374,
,,,3.9592E-06,0.0208157896995544,0.196604083757848,
,,,3.9594E-06,-0.0461298227310181,0.197440903866664,
,,,3.9596E-06,-0.0461298227310181,0.197608267888427,
,,,3.9598E-06,-0.0461298227310181,0.197608267888427,
,,,3.96E-06,0.0208157896995544,0.196938811801374,
,,,3.9602E-06,0.0208157896995544,0.19777563191019,
,,,3.9604E-06,0.0208157896995544,0.197106175823137,
,,,3.9606E-06,-0.0461298227310181,0.196436719736084,
,,,3.9608E-06,0.087761402130127,0.196771447779611,
,,,3.961E-06,0.0208157896995544,0.197608267888427,
,,,3.9612E-06,0.154707014560699,0.1972735398449,
,,,3.9614E-06,0.0208157896995544,0.197106175823137,
,,,3.9616E-06,0.0208157896995544,0.197106175823137,
,,,3.9618E-06,0.154707014560699,0.197106175823137,
,,,3.962E-06,0.0208157896995544,0.196938811801374,
,,,3.9622E-06,-0.0461298227310181,0.1972735398449,
,,,3.9624E-06,0.087761402130127,0.197106175823137,
,,,3.9626E-06,0.0208157896995544,0.196938811801374,
,,,3.9628E-06,0.0208157896995544,0.196604083757848,
,,,3.963E-06,0.0208157896995544,0.197106175823137,
,,,3.9632E-06,0.087761402130127,0.197106175823137,
,,,3.9634E-06,0.0208157896995544,0.196269355714321,
,,,3.9636E-06,0.0208157896995544,0.196604083757848,
,,,3.9638E-06,0.0208157896995544,0.197106175823137,
,,,3.964E-06,0.0208157896995544,0.196604083757848,
,,,3.9642E-06,0.0208157896995544,0.196436719736084,
,,,3.9644E-06,-0.113075435161591,0.197106175823137,
,,,3.9646E-06,0.154707014560699,0.197608267888427,
,,,3.9648E-06,0.087761402130127,0.1972735398449,
,,,3.965E-06,-0.0461298227310181,0.196604083757848,
,,,3.9652E-06,0.0208157896995544,0.19777563191019,
,,,3.9654E-06,0.0208157896995544,0.197942995931953,
,,,3.9656E-06,0.0208157896995544,0.196604083757848,
,,,3.9658E-06,-0.0461298227310181,0.19777563191019,
,,,3.966E-06,-0.0461298227310181,0.19827772397548,
,,,3.9662E-06,-0.0461298227310181,0.19777563191019,
,,,3.9664E-06,-0.0461298227310181,0.196436719736084,
,,,3.9666E-06,-0.0461298227310181,0.197106175823137,
,,,3.9668E-06,0.0208157896995544,0.1972735398449,
,,,3.967E-06,0.0208157896995544,0.197440903866664,
,,,3.9672E-06,0.0208157896995544,0.196938811801374,
,,,3.9674E-06,0.0208157896995544,0.197608267888427,
,,,3.9676E-06,0.087761402130127,0.196604083757848,
,,,3.9678E-06,0.087761402130127,0.196101991692558,
,,,3.968E-06,0.0208157896995544,0.196938811801374,
,,,3.9682E-06,0.087761402130127,0.197440903866664,
,,,3.9684E-06,-0.0461298227310181,0.196771447779611,
,,,3.9686E-06,-0.0461298227310181,0.196938811801374,
,,,3.9688E-06,0.0208157896995544,0.1972735398449,
,,,3.969E-06,-0.0461298227310181,0.196771447779611,
,,,3.9692E-06,0.087761402130127,0.196938811801374,
,,,3.9694E-06,0.0208157896995544,0.1972735398449,
,,,3.9696E-06,0.087761402130127,0.197106175823137,
,,,3.9698E-06,0.0208157896995544,0.196771447779611,
,,,3.97E-06,0.087761402130127,0.197942995931953,
,,,3.9702E-06,0.087761402130127,0.198110359953716,
,,,3.9704E-06,-0.0461298227310181,0.19777563191019,
,,,3.9706E-06,-0.0461298227310181,0.196938811801374,
,,,3.9708E-06,-0.113075435161591,0.19827772397548,
,,,3.971E-06,0.0208157896995544,0.19827772397548,
,,,3.9712E-06,0.087761402130127,0.1972735398449,
,,,3.9714E-06,-0.113075435161591,0.197440903866664,
,,,3.9716E-06,0.0208157896995544,0.197440903866664,
,,,3.9718E-06,0.0208157896995544,0.1972735398449,
,,,3.972E-06,0.0208157896995544,0.196771447779611,
,,,3.9722E-06,-0.0461298227310181,0.196604083757848,
,,,3.9724E-06,0.087761402130127,0.197440903866664,
,,,3.9726E-06,-0.0461298227310181,0.197440903866664,
,,,3.9728E-06,-0.0461298227310181,0.196938811801374,
,,,3.973E-06,-0.0461298227310181,0.1972735398449,
,,,3.9732E-06,0.087761402130127,0.1972735398449,
,,,3.9734E-06,-0.0461298227310181,0.197106175823137,
,,,3.9736E-06,0.087761402130127,0.196771447779611,
,,,3.9738E-06,-0.113075435161591,0.196938811801374,
,,,3.974E-06,0.087761402130127,0.196938811801374,
,,,3.9742E-06,0.0208157896995544,0.1972735398449,
,,,3.9744E-06,-0.0461298227310181,0.197106175823137,
,,,3.9746E-06,0.087761402130127,0.196938811801374,
,,,3.9748E-06,0.0208157896995544,0.197440903866664,
,,,3.975E-06,0.0208157896995544,0.1972735398449,
,,,3.9752E-06,0.154707014560699,0.19777563191019,
,,,3.9754E-06,-0.0461298227310181,0.197440903866664,
,,,3.9756E-06,0.0208157896995544,0.1972735398449,
,,,3.9758E-06,0.0208157896995544,0.196436719736084,
,,,3.976E-06,0.087761402130127,0.197106175823137,
,,,3.9762E-06,0.0208157896995544,0.19777563191019,
,,,3.9764E-06,0.087761402130127,0.197106175823137,
,,,3.9766E-06,0.087761402130127,0.1972735398449,
,,,3.9768E-06,-0.0461298227310181,0.197106175823137,
,,,3.977E-06,-0.113075435161591,0.197440903866664,
,,,3.9772E-06,0.0208157896995544,0.196771447779611,
,,,3.9774E-06,-0.0461298227310181,0.196938811801374,
,,,3.9776E-06,0.154707014560699,0.197440903866664,
,,,3.9778E-06,-0.113075435161591,0.1972735398449,
,,,3.978E-06,-0.113075435161591,0.197106175823137,
,,,3.9782E-06,-0.0461298227310181,0.197608267888427,
,,,3.9784E-06,0.087761402130127,0.197440903866664,
,,,3.9786E-06,-0.0461298227310181,0.197106175823137,
,,,3.9788E-06,0.0208157896995544,0.197440903866664,
,,,3.979E-06,0.0208157896995544,0.197608267888427,
,,,3.9792E-06,0.087761402130127,0.1972735398449,
,,,3.9794E-06,-0.0461298227310181,0.19777563191019,
,,,3.9796E-06,0.0208157896995544,0.1972735398449,
,,,3.9798E-06,0.0208157896995544,0.197106175823137,
,,,3.98E-06,0.087761402130127,0.196771447779611,
,,,3.9802E-06,-0.0461298227310181,0.197608267888427,
,,,3.9804E-06,0.087761402130127,0.197106175823137,
,,,3.9806E-06,0.0208157896995544,0.197440903866664,
,,,3.9808E-06,0.087761402130127,0.196938811801374,
,,,3.981E-06,0.087761402130127,0.196269355714321,
,,,3.9812E-06,-0.0461298227310181,0.197440903866664,
,,,3.9814E-06,0.087761402130127,0.1972735398449,
,,,3.9816E-06,0.0208157896995544,0.197440903866664,
,,,3.9818E-06,-0.0461298227310181,0.1972735398449,
,,,3.982E-06,0.0208157896995544,0.197440903866664,
,,,3.9822E-06,-0.0461298227310181,0.197608267888427,
,,,3.9824E-06,0.154707014560699,0.197942995931953,
,,,3.9826E-06,0.0208157896995544,0.197608267888427,
,,,3.9828E-06,-0.0461298227310181,0.1972735398449,
,,,3.983E-06,0.0208157896995544,0.196938811801374,
,,,3.9832E-06,-0.0461298227310181,0.197106175823137,
,,,3.9834E-06,-0.0461298227310181,0.1972735398449,
,,,3.9836E-06,-0.0461298227310181,0.198110359953716,
,,,3.9838E-06,-0.0461298227310181,0.197440903866664,
,,,3.984E-06,0.087761402130127,0.1972735398449,
,,,3.9842E-06,-0.0461298227310181,0.1972735398449,
,,,3.9844E-06,-0.0461298227310181,0.197942995931953,
,,,3.9846E-06,0.0208157896995544,0.197942995931953,
,,,3.9848E-06,0.0208157896995544,0.197942995931953,
,,,3.985E-06,-0.0461298227310181,0.197440903866664,
,,,3.9852E-06,-0.113075435161591,0.197608267888427,
,,,3.9854E-06,0.0208157896995544,0.197106175823137,
,,,3.9856E-06,-0.0461298227310181,0.197440903866664,
,,,3.9858E-06,-0.0461298227310181,0.19827772397548,
,,,3.986E-06,0.0208157896995544,0.19777563191019,
,,,3.9862E-06,-0.0461298227310181,0.198110359953716,
,,,3.9864E-06,0.087761402130127,0.1972735398449,
,,,3.9866E-06,0.087761402130127,0.197440903866664,
,,,3.9868E-06,0.154707014560699,0.19777563191019,
,,,3.987E-06,0.0208157896995544,0.198110359953716,
,,,3.9872E-06,0.0208157896995544,0.197942995931953,
,,,3.9874E-06,0.154707014560699,0.198110359953716,
,,,3.9876E-06,-0.0461298227310181,0.197106175823137,
,,,3.9878E-06,-0.0461298227310181,0.1972735398449,
,,,3.988E-06,0.087761402130127,0.198110359953716,
,,,3.9882E-06,0.0208157896995544,0.19777563191019,
,,,3.9884E-06,-0.0461298227310181,0.197440903866664,
,,,3.9886E-06,0.087761402130127,0.197608267888427,
,,,3.9888E-06,0.087761402130127,0.197106175823137,
,,,3.989E-06,0.0208157896995544,0.197608267888427,
,,,3.9892E-06,0.0208157896995544,0.198110359953716,
,,,3.9894E-06,-0.113075435161591,0.197440903866664,
,,,3.9896E-06,-0.0461298227310181,0.1972735398449,
,,,3.9898E-06,0.0208157896995544,0.197440903866664,
,,,3.99E-06,0.0208157896995544,0.197440903866664,
,,,3.9902E-06,-0.0461298227310181,0.196938811801374,
,,,3.9904E-06,0.087761402130127,0.197942995931953,
,,,3.9906E-06,-0.113075435161591,0.1972735398449,
,,,3.9908E-06,-0.113075435161591,0.197608267888427,
,,,3.991E-06,0.0208157896995544,0.197440903866664,
,,,3.9912E-06,0.154707014560699,0.19777563191019,
,,,3.9914E-06,-0.0461298227310181,0.198110359953716,
,,,3.9916E-06,0.0208157896995544,0.198110359953716,
,,,3.9918E-06,-0.0461298227310181,0.197106175823137,
,,,3.992E-06,0.0208157896995544,0.19777563191019,
,,,3.9922E-06,0.0208157896995544,0.198110359953716,
,,,3.9924E-06,0.087761402130127,0.197942995931953,
,,,3.9926E-06,-0.0461298227310181,0.1972735398449,
,,,3.9928E-06,0.087761402130127,0.198110359953716,
,,,3.993E-06,0.0208157896995544,0.198110359953716,
,,,3.9932E-06,0.087761402130127,0.197440903866664,
,,,3.9934E-06,0.087761402130127,0.19777563191019,
,,,3.9936E-06,0.0208157896995544,0.197942995931953,
,,,3.9938E-06,0.087761402130127,0.19777563191019,
,,,3.994E-06,0.0208157896995544,0.19777563191019,
,,,3.9942E-06,0.087761402130127,0.197942995931953,
,,,3.9944E-06,0.0208157896995544,0.198445087997243,
,,,3.9946E-06,-0.0461298227310181,0.197942995931953,
,,,3.9948E-06,0.0208157896995544,0.197942995931953,
,,,3.995E-06,0.0208157896995544,0.197942995931953,
,,,3.9952E-06,0.0208157896995544,0.19827772397548,
,,,3.9954E-06,-0.0461298227310181,0.197942995931953,
,,,3.9956E-06,0.154707014560699,0.19777563191019,
,,,3.9958E-06,0.0208157896995544,0.19827772397548,
,,,3.996E-06,0.0208157896995544,0.198445087997243,
,,,3.9962E-06,0.0208157896995544,0.19827772397548,
,,,3.9964E-06,-0.0461298227310181,0.198110359953716,
,,,3.9966E-06,-0.0461298227310181,0.198947180062532,
,,,3.9968E-06,0.087761402130127,0.198779816040769,
,,,3.997E-06,-0.0461298227310181,0.198110359953716,
,,,3.9972E-06,-0.0461298227310181,0.19777563191019,
,,,3.9974E-06,0.0208157896995544,0.198612452019006,
,,,3.9976E-06,-0.0461298227310181,0.198110359953716,
,,,3.9978E-06,-0.0461298227310181,0.19827772397548,
,,,3.998E-06,0.087761402130127,0.198445087997243,
,,,3.9982E-06,-0.0461298227310181,0.19827772397548,
,,,3.9984E-06,0.0208157896995544,0.198110359953716,
,,,3.9986E-06,0.0208157896995544,0.198779816040769,
,,,3.9988E-06,0.0208157896995544,0.198779816040769,
,,,3.999E-06,-0.113075435161591,0.199114544084296,
,,,3.9992E-06,0.087761402130127,0.198612452019006,
,,,3.9994E-06,0.0208157896995544,0.199281908106059,
,,,3.9996E-06,0.087761402130127,0.198612452019006,
,,,3.9998E-06,0.0208157896995544,0.198779816040769,
,,,4E-06,-0.0461298227310181,0.198947180062532,
,,,4.0002E-06,0.087761402130127,0.198947180062532,
,,,4.0004E-06,-0.0461298227310181,0.199114544084296,
,,,4.0006E-06,0.0208157896995544,0.199281908106059,
,,,4.0008E-06,0.087761402130127,0.199449272127822,
,,,4.001E-06,-0.0461298227310181,0.199114544084296,
,,,4.0012E-06,0.0208157896995544,0.198612452019006,
,,,4.0014E-06,0.0208157896995544,0.198779816040769,
,,,4.0016E-06,0.154707014560699,0.198947180062532,
,,,4.0018E-06,-0.113075435161591,0.198779816040769,
,,,4.002E-06,0.154707014560699,0.19827772397548,
,,,4.0022E-06,0.0208157896995544,0.198779816040769,
,,,4.0024E-06,0.0208157896995544,0.198445087997243,
,,,4.0026E-06,0.0208157896995544,0.198612452019006,
,,,4.0028E-06,-0.0461298227310181,0.198779816040769,
,,,4.003E-06,-0.0461298227310181,0.198612452019006,
,,,4.0032E-06,0.087761402130127,0.19827772397548,
,,,4.0034E-06,-0.113075435161591,0.197942995931953,
,,,4.0036E-06,-0.0461298227310181,0.19827772397548,
,,,4.0038E-06,0.0208157896995544,0.19827772397548,
,,,4.004E-06,0.0208157896995544,0.197942995931953,
,,,4.0042E-06,-0.113075435161591,0.197942995931953,
,,,4.0044E-06,0.087761402130127,0.197942995931953,
,,,4.0046E-06,0.087761402130127,0.197942995931953,
,,,4.0048E-06,0.0208157896995544,0.197608267888427,
,,,4.005E-06,-0.0461298227310181,0.19777563191019,
,,,4.0052E-06,0.0208157896995544,0.197608267888427,
,,,4.0054E-06,0.0208157896995544,0.197440903866664,
,,,4.0056E-06,0.087761402130127,0.198947180062532,
,,,4.0058E-06,0.0208157896995544,0.198445087997243,
,,,4.006E-06,0.087761402130127,0.197440903866664,
,,,4.0062E-06,0.087761402130127,0.197440903866664,
,,,4.0064E-06,-0.0461298227310181,0.198612452019006,
,,,4.0066E-06,0.087761402130127,0.196938811801374,
,,,4.0068E-06,0.0208157896995544,0.19777563191019,
,,,4.007E-06,0.087761402130127,0.1972735398449,
,,,4.0072E-06,0.087761402130127,0.197440903866664,
,,,4.0074E-06,0.0208157896995544,0.197440903866664,
,,,4.0076E-06,0.0208157896995544,0.197440903866664,
,,,4.0078E-06,0.087761402130127,0.197440903866664,
,,,4.008E-06,0.087761402130127,0.197440903866664,
,,,4.0082E-06,-0.0461298227310181,0.19777563191019,
,,,4.0084E-06,0.0208157896995544,0.196938811801374,
,,,4.0086E-06,-0.0461298227310181,0.197106175823137,
,,,4.0088E-06,0.0208157896995544,0.196938811801374,
,,,4.009E-06,-0.0461298227310181,0.196938811801374,
,,,4.0092E-06,-0.0461298227310181,0.197440903866664,
,,,4.0094E-06,-0.0461298227310181,0.197106175823137,
,,,4.0096E-06,0.087761402130127,0.196771447779611,
,,,4.0098E-06,-0.113075435161591,0.196604083757848,
,,,4.01E-06,0.0208157896995544,0.196938811801374,
,,,4.0102E-06,0.0208157896995544,0.196604083757848,
,,,4.0104E-06,0.087761402130127,0.196938811801374,
,,,4.0106E-06,-0.0461298227310181,0.19777563191019,
,,,4.0108E-06,0.087761402130127,0.196604083757848,
,,,4.011E-06,-0.0461298227310181,0.197106175823137,
,,,4.0112E-06,-0.113075435161591,0.197440903866664,
,,,4.0114E-06,0.0208157896995544,0.197440903866664,
,,,4.0116E-06,0.154707014560699,0.197440903866664,
,,,4.0118E-06,-0.0461298227310181,0.197440903866664,
,,,4.012E-06,0.087761402130127,0.1972735398449,
,,,4.0122E-06,0.0208157896995544,0.197440903866664,
,,,4.0124E-06,0.087761402130127,0.197608267888427,
,,,4.0126E-06,0.0208157896995544,0.197942995931953,
,,,4.0128E-06,0.087761402130127,0.19777563191019,
,,,4.013E-06,0.0208157896995544,0.197440903866664,
,,,4.0132E-06,-0.113075435161591,0.197440903866664,
,,,4.0134E-06,-0.0461298227310181,0.196938811801374,
,,,4.0136E-06,0.154707014560699,0.197106175823137,
,,,4.0138E-06,0.0208157896995544,0.196938811801374,
,,,4.014E-06,-0.0461298227310181,0.196938811801374,
,,,4.0142E-06,0.0208157896995544,0.197106175823137,
,,,4.0144E-06,0.087761402130127,0.1972735398449,
,,,4.0146E-06,-0.0461298227310181,0.197942995931953,
,,,4.0148E-06,0.0208157896995544,0.197440903866664,
,,,4.015E-06,-0.0461298227310181,0.197608267888427,
,,,4.0152E-06,-0.0461298227310181,0.197608267888427,
,,,4.0154E-06,0.0208157896995544,0.1972735398449,
,,,4.0156E-06,-0.113075435161591,0.198612452019006,
,,,4.0158E-06,-0.0461298227310181,0.198779816040769,
,,,4.016E-06,0.087761402130127,0.198612452019006,
,,,4.0162E-06,-0.113075435161591,0.19827772397548,
,,,4.0164E-06,0.0208157896995544,0.198612452019006,
,,,4.0166E-06,0.0208157896995544,0.198110359953716,
,,,4.0168E-06,0.0208157896995544,0.19777563191019,
,,,4.017E-06,-0.0461298227310181,0.19827772397548,
,,,4.0172E-06,0.087761402130127,0.197440903866664,
,,,4.0174E-06,-0.0461298227310181,0.19777563191019,
,,,4.0176E-06,-0.0461298227310181,0.197942995931953,
,,,4.0178E-06,0.0208157896995544,0.197942995931953,
,,,4.018E-06,0.0208157896995544,0.198110359953716,
,,,4.0182E-06,-0.113075435161591,0.1972735398449,
,,,4.0184E-06,0.087761402130127,0.19777563191019,
,,,4.0186E-06,-0.0461298227310181,0.19827772397548,
,,,4.0188E-06,0.087761402130127,0.197942995931953,
,,,4.019E-06,0.0208157896995544,0.197106175823137,
,,,4.0192E-06,0.0208157896995544,0.197106175823137,
,,,4.0194E-06,0.0208157896995544,0.197942995931953,
,,,4.0196E-06,0.0208157896995544,0.19777563191019,
,,,4.0198E-06,-0.0461298227310181,0.1972735398449,
,,,4.02E-06,0.0208157896995544,0.198612452019006,
,,,4.0202E-06,-0.0461298227310181,0.196938811801374,
,,,4.0204E-06,0.0208157896995544,0.196938811801374,
,,,4.0206E-06,-0.0461298227310181,0.19777563191019,
,,,4.0208E-06,-0.0461298227310181,0.1972735398449,
,,,4.021E-06,0.0208157896995544,0.196938811801374,
,,,4.0212E-06,0.087761402130127,0.196604083757848,
,,,4.0214E-06,0.0208157896995544,0.1972735398449,
,,,4.0216E-06,-0.113075435161591,0.196436719736084,
,,,4.0218E-06,0.0208157896995544,0.196436719736084,
,,,4.022E-06,0.0208157896995544,0.196938811801374,
,,,4.0222E-06,-0.0461298227310181,0.196938811801374,
,,,4.0224E-06,-0.0461298227310181,0.196604083757848,
,,,4.0226E-06,-0.0461298227310181,0.197106175823137,
,,,4.0228E-06,0.0208157896995544,0.197440903866664,
,,,4.023E-06,0.0208157896995544,0.196604083757848,
,,,4.0232E-06,0.0208157896995544,0.196771447779611,
,,,4.0234E-06,-0.0461298227310181,0.196436719736084,
,,,4.0236E-06,-0.0461298227310181,0.196436719736084,
,,,4.0238E-06,-0.0461298227310181,0.196938811801374,
,,,4.024E-06,-0.0461298227310181,0.196436719736084,
,,,4.0242E-06,-0.113075435161591,0.196771447779611,
,,,4.0244E-06,0.0208157896995544,0.195934627670795,
,,,4.0246E-06,0.0208157896995544,0.195767263649032,
,,,4.0248E-06,0.0208157896995544,0.195934627670795,
,,,4.025E-06,0.0208157896995544,0.195934627670795,
,,,4.0252E-06,0.0208157896995544,0.195599899627268,
,,,4.0254E-06,0.0208157896995544,0.196101991692558,
,,,4.0256E-06,-0.0461298227310181,0.195767263649032,
,,,4.0258E-06,0.0208157896995544,0.195097807561979,
,,,4.026E-06,-0.0461298227310181,0.195432535605505,
,,,4.0262E-06,-0.0461298227310181,0.195767263649032,
,,,4.0264E-06,0.0208157896995544,0.195767263649032,
,,,4.0266E-06,-0.0461298227310181,0.195097807561979,
,,,4.0268E-06,0.087761402130127,0.195599899627268,
,,,4.027E-06,0.0208157896995544,0.196101991692558,
,,,4.0272E-06,0.0208157896995544,0.195265171583742,
,,,4.0274E-06,-0.0461298227310181,0.194428351474926,
,,,4.0276E-06,0.087761402130127,0.194930443540215,
,,,4.0278E-06,-0.0461298227310181,0.195097807561979,
,,,4.028E-06,0.0208157896995544,0.195599899627268,
,,,4.0282E-06,0.0208157896995544,0.195097807561979,
,,,4.0284E-06,0.0208157896995544,0.194595715496689,
,,,4.0286E-06,0.0208157896995544,0.194930443540215,
,,,4.0288E-06,0.087761402130127,0.196101991692558,
,,,4.029E-06,-0.113075435161591,0.195432535605505,
,,,4.0292E-06,0.0208157896995544,0.195265171583742,
,,,4.0294E-06,0.0208157896995544,0.195767263649032,
,,,4.0296E-06,0.0208157896995544,0.195432535605505,
,,,4.0298E-06,-0.113075435161591,0.194763079518452,
,,,4.03E-06,0.0208157896995544,0.195599899627268,
,,,4.0302E-06,0.0208157896995544,0.195767263649032,
,,,4.0304E-06,-0.0461298227310181,0.195767263649032,
,,,4.0306E-06,0.0208157896995544,0.195432535605505,
,,,4.0308E-06,0.0208157896995544,0.194930443540215,
,,,4.031E-06,-0.113075435161591,0.195097807561979,
,,,4.0312E-06,0.0208157896995544,0.195599899627268,
,,,4.0314E-06,0.0208157896995544,0.195432535605505,
,,,4.0316E-06,0.0208157896995544,0.195097807561979,
,,,4.0318E-06,0.087761402130127,0.195265171583742,
,,,4.032E-06,-0.0461298227310181,0.195599899627268,
,,,4.0322E-06,0.0208157896995544,0.195599899627268,
,,,4.0324E-06,-0.113075435161591,0.195599899627268,
,,,4.0326E-06,0.0208157896995544,0.195599899627268,
,,,4.0328E-06,0.0208157896995544,0.195599899627268,
,,,4.033E-06,-0.113075435161591,0.195599899627268,
,,,4.0332E-06,0.0208157896995544,0.196269355714321,
,,,4.0334E-06,-0.0461298227310181,0.195599899627268,
,,,4.0336E-06,0.087761402130127,0.195934627670795,
,,,4.0338E-06,0.0208157896995544,0.195265171583742,
,,,4.034E-06,-0.113075435161591,0.195432535605505,
,,,4.0342E-06,-0.0461298227310181,0.195432535605505,
,,,4.0344E-06,-0.113075435161591,0.194930443540215,
,,,4.0346E-06,-0.0461298227310181,0.195934627670795,
,,,4.0348E-06,-0.0461298227310181,0.195767263649032,
,,,4.035E-06,0.087761402130127,0.195432535605505,
,,,4.0352E-06,0.0208157896995544,0.196436719736084,
,,,4.0354E-06,-0.113075435161591,0.196604083757848,
,,,4.0356E-06,0.0208157896995544,0.195097807561979,
,,,4.0358E-06,0.087761402130127,0.196101991692558,
,,,4.036E-06,-0.0461298227310181,0.196436719736084,
,,,4.0362E-06,-0.0461298227310181,0.196269355714321,
,,,4.0364E-06,0.0208157896995544,0.196101991692558,
,,,4.0366E-06,-0.0461298227310181,0.196436719736084,
,,,4.0368E-06,0.0208157896995544,0.196436719736084,
,,,4.037E-06,0.0208157896995544,0.197106175823137,
,,,4.0372E-06,0.0208157896995544,0.196938811801374,
,,,4.0374E-06,-0.113075435161591,0.196101991692558,
,,,4.0376E-06,0.0208157896995544,0.195599899627268,
,,,4.0378E-06,0.0208157896995544,0.196604083757848,
,,,4.038E-06,0.0208157896995544,0.195599899627268,
,,,4.0382E-06,0.0208157896995544,0.195934627670795,
,,,4.0384E-06,-0.0461298227310181,0.195432535605505,
,,,4.0386E-06,0.087761402130127,0.195599899627268,
,,,4.0388E-06,-0.0461298227310181,0.196101991692558,
,,,4.039E-06,0.0208157896995544,0.196101991692558,
,,,4.0392E-06,0.087761402130127,0.195767263649032,
,,,4.0394E-06,-0.0461298227310181,0.195767263649032,
,,,4.0396E-06,-0.0461298227310181,0.195767263649032,
,,,4.0398E-06,0.0208157896995544,0.196269355714321,
,,,4.04E-06,0.0208157896995544,0.195599899627268,
,,,4.0402E-06,-0.0461298227310181,0.195599899627268,
,,,4.0404E-06,0.087761402130127,0.196101991692558,
,,,4.0406E-06,-0.0461298227310181,0.195767263649032,
,,,4.0408E-06,0.0208157896995544,0.196269355714321,
,,,4.041E-06,-0.0461298227310181,0.195767263649032,
,,,4.0412E-06,-0.113075435161591,0.196436719736084,
,,,4.0414E-06,-0.0461298227310181,0.196269355714321,
,,,4.0416E-06,0.087761402130127,0.195934627670795,
,,,4.0418E-06,-0.180021047592163,0.195934627670795,
,,,4.042E-06,-0.0461298227310181,0.196604083757848,
,,,4.0422E-06,0.087761402130127,0.196101991692558,
,,,4.0424E-06,0.0208157896995544,0.195432535605505,
,,,4.0426E-06,-0.113075435161591,0.196269355714321,
,,,4.0428E-06,0.0208157896995544,0.195767263649032,
,,,4.043E-06,-0.0461298227310181,0.195934627670795,
,,,4.0432E-06,0.0208157896995544,0.195432535605505,
,,,4.0434E-06,0.087761402130127,0.196101991692558,
,,,4.0436E-06,-0.113075435161591,0.195767263649032,
,,,4.0438E-06,-0.113075435161591,0.195767263649032,
,,,4.044E-06,0.0208157896995544,0.195767263649032,
,,,4.0442E-06,-0.0461298227310181,0.195599899627268,
,,,4.0444E-06,0.087761402130127,0.195432535605505,
,,,4.0446E-06,0.0208157896995544,0.195767263649032,
,,,4.0448E-06,-0.0461298227310181,0.195934627670795,
,,,4.045E-06,0.0208157896995544,0.195432535605505,
,,,4.0452E-06,-0.0461298227310181,0.195767263649032,
,,,4.0454E-06,0.0208157896995544,0.195934627670795,
,,,4.0456E-06,-0.0461298227310181,0.195599899627268,
,,,4.0458E-06,0.0208157896995544,0.195767263649032,
,,,4.046E-06,0.087761402130127,0.195767263649032,
,,,4.0462E-06,0.0208157896995544,0.195934627670795,
,,,4.0464E-06,0.087761402130127,0.195934627670795,
,,,4.0466E-06,0.087761402130127,0.195934627670795,
,,,4.0468E-06,-0.0461298227310181,0.195767263649032,
,,,4.047E-06,-0.113075435161591,0.195432535605505,
,,,4.0472E-06,0.0208157896995544,0.196604083757848,
,,,4.0474E-06,0.0208157896995544,0.195934627670795,
,,,4.0476E-06,-0.0461298227310181,0.195934627670795,
,,,4.0478E-06,-0.0461298227310181,0.195767263649032,
,,,4.048E-06,0.0208157896995544,0.194763079518452,
,,,4.0482E-06,-0.113075435161591,0.196101991692558,
,,,4.0484E-06,-0.0461298227310181,0.196101991692558,
,,,4.0486E-06,0.087761402130127,0.196269355714321,
,,,4.0488E-06,0.0208157896995544,0.196101991692558,
,,,4.049E-06,-0.0461298227310181,0.196101991692558,
,,,4.0492E-06,0.0208157896995544,0.195599899627268,
,,,4.0494E-06,0.0208157896995544,0.196101991692558,
,,,4.0496E-06,0.0208157896995544,0.195934627670795,
,,,4.0498E-06,0.0208157896995544,0.195097807561979,
,,,4.05E-06,-0.0461298227310181,0.195097807561979,
,,,4.0502E-06,-0.0461298227310181,0.196101991692558,
,,,4.0504E-06,0.087761402130127,0.196101991692558,
,,,4.0506E-06,0.087761402130127,0.196604083757848,
,,,4.0508E-06,0.087761402130127,0.196436719736084,
,,,4.051E-06,-0.0461298227310181,0.195934627670795,
,,,4.0512E-06,0.0208157896995544,0.196771447779611,
,,,4.0514E-06,-0.0461298227310181,0.196938811801374,
,,,4.0516E-06,-0.0461298227310181,0.195767263649032,
,,,4.0518E-06,-0.0461298227310181,0.196269355714321,
,,,4.052E-06,0.0208157896995544,0.196604083757848,
,,,4.0522E-06,-0.0461298227310181,0.196269355714321,
,,,4.0524E-06,0.087761402130127,0.196101991692558,
,,,4.0526E-06,0.087761402130127,0.197106175823137,
,,,4.0528E-06,0.0208157896995544,0.196269355714321,
,,,4.053E-06,-0.0461298227310181,0.195934627670795,
,,,4.0532E-06,0.0208157896995544,0.196771447779611,
,,,4.0534E-06,-0.113075435161591,0.196101991692558,
,,,4.0536E-06,-0.0461298227310181,0.195934627670795,
,,,4.0538E-06,-0.0461298227310181,0.196771447779611,
,,,4.054E-06,0.0208157896995544,0.196269355714321,
,,,4.0542E-06,0.0208157896995544,0.196604083757848,
,,,4.0544E-06,-0.0461298227310181,0.196604083757848,
,,,4.0546E-06,-0.180021047592163,0.195934627670795,
,,,4.0548E-06,0.0208157896995544,0.196436719736084,
,,,4.055E-06,0.0208157896995544,0.1972735398449,
,,,4.0552E-06,-0.0461298227310181,0.196604083757848,
,,,4.0554E-06,-0.113075435161591,0.196101991692558,
,,,4.0556E-06,0.0208157896995544,0.196771447779611,
,,,4.0558E-06,0.0208157896995544,0.196771447779611,
,,,4.056E-06,-0.0461298227310181,0.196604083757848,
,,,4.0562E-06,-0.113075435161591,0.196269355714321,
,,,4.0564E-06,0.0208157896995544,0.196771447779611,
,,,4.0566E-06,0.0208157896995544,0.196101991692558,
,,,4.0568E-06,0.0208157896995544,0.196269355714321,
,,,4.057E-06,-0.0461298227310181,0.196771447779611,
,,,4.0572E-06,0.0208157896995544,0.196771447779611,
,,,4.0574E-06,0.0208157896995544,0.196436719736084,
,,,4.0576E-06,0.0208157896995544,0.196269355714321,
,,,4.0578E-06,0.154707014560699,0.196101991692558,
,,,4.058E-06,-0.0461298227310181,0.196101991692558,
,,,4.0582E-06,-0.0461298227310181,0.195934627670795,
,,,4.0584E-06,0.087761402130127,0.196771447779611,
,,,4.0586E-06,-0.113075435161591,0.195934627670795,
,,,4.0588E-06,-0.0461298227310181,0.196771447779611,
,,,4.059E-06,0.0208157896995544,0.196436719736084,
,,,4.0592E-06,0.154707014560699,0.196771447779611,
,,,4.0594E-06,-0.0461298227310181,0.196436719736084,
,,,4.0596E-06,-0.0461298227310181,0.196604083757848,
,,,4.0598E-06,-0.0461298227310181,0.197608267888427,
,,,4.06E-06,-0.0461298227310181,0.196938811801374,
,,,4.0602E-06,-0.113075435161591,0.196269355714321,
,,,4.0604E-06,-0.0461298227310181,0.196604083757848,
,,,4.0606E-06,0.0208157896995544,0.197106175823137,
,,,4.0608E-06,0.0208157896995544,0.196604083757848,
,,,4.061E-06,-0.113075435161591,0.195934627670795,
,,,4.0612E-06,-0.0461298227310181,0.196436719736084,
,,,4.0614E-06,0.0208157896995544,0.196771447779611,
,,,4.0616E-06,0.087761402130127,0.196938811801374,
,,,4.0618E-06,-0.0461298227310181,0.196771447779611,
,,,4.062E-06,-0.0461298227310181,0.196771447779611,
,,,4.0622E-06,-0.0461298227310181,0.196436719736084,
,,,4.0624E-06,0.0208157896995544,0.195934627670795,
,,,4.0626E-06,-0.0461298227310181,0.196771447779611,
,,,4.0628E-06,0.0208157896995544,0.197440903866664,
,,,4.063E-06,-0.113075435161591,0.197440903866664,
,,,4.0632E-06,0.087761402130127,0.197440903866664,
,,,4.0634E-06,0.0208157896995544,0.196938811801374,
,,,4.0636E-06,-0.0461298227310181,0.196938811801374,
,,,4.0638E-06,0.0208157896995544,0.196938811801374,
,,,4.064E-06,0.0208157896995544,0.197942995931953,
,,,4.0642E-06,0.0208157896995544,0.196604083757848,
,,,4.0644E-06,0.0208157896995544,0.195934627670795,
,,,4.0646E-06,0.0208157896995544,0.195599899627268,
,,,4.0648E-06,-0.0461298227310181,0.196436719736084,
,,,4.065E-06,0.0208157896995544,0.196269355714321,
,,,4.0652E-06,0.0208157896995544,0.196604083757848,
,,,4.0654E-06,0.087761402130127,0.196604083757848,
,,,4.0656E-06,0.0208157896995544,0.196604083757848,
,,,4.0658E-06,-0.0461298227310181,0.196771447779611,
,,,4.066E-06,0.087761402130127,0.196771447779611,
,,,4.0662E-06,0.0208157896995544,0.196771447779611,
,,,4.0664E-06,-0.0461298227310181,0.196604083757848,
,,,4.0666E-06,-0.0461298227310181,0.19777563191019,
,,,4.0668E-06,0.0208157896995544,0.197608267888427,
,,,4.067E-06,0.0208157896995544,0.196771447779611,
,,,4.0672E-06,-0.0461298227310181,0.197608267888427,
,,,4.0674E-06,-0.113075435161591,0.196938811801374,
,,,4.0676E-06,-0.0461298227310181,0.196938811801374,
,,,4.0678E-06,0.0208157896995544,0.196604083757848,
,,,4.068E-06,0.0208157896995544,0.196771447779611,
,,,4.0682E-06,-0.0461298227310181,0.197106175823137,
,,,4.0684E-06,0.087761402130127,0.197440903866664,
,,,4.0686E-06,-0.0461298227310181,0.197942995931953,
,,,4.0688E-06,-0.113075435161591,0.197608267888427,
,,,4.069E-06,0.0208157896995544,0.197608267888427,
,,,4.0692E-06,0.0208157896995544,0.1972735398449,
,,,4.0694E-06,-0.113075435161591,0.1972735398449,
,,,4.0696E-06,-0.0461298227310181,0.197106175823137,
,,,4.0698E-06,0.0208157896995544,0.196604083757848,
,,,4.07E-06,0.087761402130127,0.196938811801374,
,,,4.0702E-06,0.087761402130127,0.1972735398449,
,,,4.0704E-06,0.0208157896995544,0.196604083757848,
,,,4.0706E-06,0.087761402130127,0.1972735398449,
,,,4.0708E-06,0.0208157896995544,0.1972735398449,
,,,4.071E-06,0.0208157896995544,0.196771447779611,
,,,4.0712E-06,0.0208157896995544,0.196771447779611,
,,,4.0714E-06,-0.0461298227310181,0.196604083757848,
,,,4.0716E-06,0.0208157896995544,0.196938811801374,
,,,4.0718E-06,0.0208157896995544,0.196771447779611,
,,,4.072E-06,0.087761402130127,0.197106175823137,
,,,4.0722E-06,-0.0461298227310181,0.196771447779611,
,,,4.0724E-06,0.087761402130127,0.196604083757848,
,,,4.0726E-06,-0.0461298227310181,0.196436719736084,
,,,4.0728E-06,-0.0461298227310181,0.1972735398449,
,,,4.073E-06,-0.0461298227310181,0.197106175823137,
,,,4.0732E-06,-0.0461298227310181,0.197942995931953,
,,,4.0734E-06,0.0208157896995544,0.196771447779611,
,,,4.0736E-06,0.0208157896995544,0.197106175823137,
,,,4.0738E-06,-0.113075435161591,0.196604083757848,
,,,4.074E-06,0.0208157896995544,0.197440903866664,
,,,4.0742E-06,0.0208157896995544,0.196269355714321,
,,,4.0744E-06,0.0208157896995544,0.197106175823137,
,,,4.0746E-06,-0.0461298227310181,0.196269355714321,
,,,4.0748E-06,-0.113075435161591,0.195767263649032,
,,,4.075E-06,-0.0461298227310181,0.196101991692558,
,,,4.0752E-06,0.087761402130127,0.196604083757848,
,,,4.0754E-06,-0.0461298227310181,0.196771447779611,
,,,4.0756E-06,0.0208157896995544,0.197106175823137,
,,,4.0758E-06,0.0208157896995544,0.196771447779611,
,,,4.076E-06,0.087761402130127,0.196604083757848,
,,,4.0762E-06,0.0208157896995544,0.197106175823137,
,,,4.0764E-06,0.087761402130127,0.197106175823137,
,,,4.0766E-06,0.087761402130127,0.197608267888427,
,,,4.0768E-06,0.0208157896995544,0.1972735398449,
,,,4.077E-06,0.087761402130127,0.197440903866664,
,,,4.0772E-06,0.0208157896995544,0.197608267888427,
,,,4.0774E-06,-0.0461298227310181,0.1972735398449,
,,,4.0776E-06,0.0208157896995544,0.196938811801374,
,,,4.0778E-06,-0.113075435161591,0.196436719736084,
,,,4.078E-06,0.087761402130127,0.197608267888427,
,,,4.0782E-06,0.0208157896995544,0.196604083757848,
,,,4.0784E-06,0.154707014560699,0.196436719736084,
,,,4.0786E-06,-0.0461298227310181,0.197106175823137,
,,,4.0788E-06,0.0208157896995544,0.1972735398449,
,,,4.079E-06,0.087761402130127,0.196436719736084,
,,,4.0792E-06,0.0208157896995544,0.196604083757848,
,,,4.0794E-06,-0.0461298227310181,0.197440903866664,
,,,4.0796E-06,-0.0461298227310181,0.196938811801374,
,,,4.0798E-06,0.0208157896995544,0.1972735398449,
,,,4.08E-06,0.0208157896995544,0.197440903866664,
,,,4.0802E-06,-0.113075435161591,0.196436719736084,
,,,4.0804E-06,0.0208157896995544,0.196604083757848,
,,,4.0806E-06,0.0208157896995544,0.196771447779611,
,,,4.0808E-06,0.0208157896995544,0.1972735398449,
,,,4.081E-06,-0.0461298227310181,0.196771447779611,
,,,4.0812E-06,-0.113075435161591,0.1972735398449,
,,,4.0814E-06,0.0208157896995544,0.197106175823137,
,,,4.0816E-06,0.087761402130127,0.197608267888427,
,,,4.0818E-06,0.0208157896995544,0.197106175823137,
,,,4.082E-06,0.087761402130127,0.197106175823137,
,,,4.0822E-06,0.0208157896995544,0.196604083757848,
,,,4.0824E-06,0.0208157896995544,0.196604083757848,
,,,4.0826E-06,-0.0461298227310181,0.197440903866664,
,,,4.0828E-06,0.154707014560699,0.1972735398449,
,,,4.083E-06,0.087761402130127,0.196938811801374,
,,,4.0832E-06,-0.0461298227310181,0.197942995931953,
,,,4.0834E-06,0.0208157896995544,0.19777563191019,
,,,4.0836E-06,0.0208157896995544,0.196938811801374,
,,,4.0838E-06,0.087761402130127,0.197440903866664,
,,,4.084E-06,0.087761402130127,0.197440903866664,
,,,4.0842E-06,0.087761402130127,0.196604083757848,
,,,4.0844E-06,0.0208157896995544,0.196436719736084,
,,,4.0846E-06,0.0208157896995544,0.197106175823137,
,,,4.0848E-06,0.087761402130127,0.197106175823137,
,,,4.085E-06,-0.0461298227310181,0.197942995931953,
,,,4.0852E-06,0.087761402130127,0.19777563191019,
,,,4.0854E-06,0.087761402130127,0.19777563191019,
,,,4.0856E-06,-0.0461298227310181,0.196938811801374,
,,,4.0858E-06,-0.0461298227310181,0.196938811801374,
,,,4.086E-06,0.0208157896995544,0.1972735398449,
,,,4.0862E-06,-0.113075435161591,0.19777563191019,
,,,4.0864E-06,0.0208157896995544,0.197608267888427,
,,,4.0866E-06,-0.0461298227310181,0.196604083757848,
,,,4.0868E-06,0.0208157896995544,0.197440903866664,
,,,4.087E-06,0.087761402130127,0.19777563191019,
,,,4.0872E-06,0.0208157896995544,0.196771447779611,
,,,4.0874E-06,-0.0461298227310181,0.197440903866664,
,,,4.0876E-06,0.0208157896995544,0.198110359953716,
,,,4.0878E-06,-0.0461298227310181,0.1972735398449,
,,,4.088E-06,0.0208157896995544,0.196771447779611,
,,,4.0882E-06,-0.113075435161591,0.196604083757848,
,,,4.0884E-06,0.0208157896995544,0.197106175823137,
,,,4.0886E-06,0.0208157896995544,0.196938811801374,
,,,4.0888E-06,0.0208157896995544,0.196771447779611,
,,,4.089E-06,0.0208157896995544,0.1972735398449,
,,,4.0892E-06,0.087761402130127,0.196938811801374,
,,,4.0894E-06,0.0208157896995544,0.196771447779611,
,,,4.0896E-06,0.0208157896995544,0.197106175823137,
,,,4.0898E-06,0.087761402130127,0.196604083757848,
,,,4.09E-06,-0.0461298227310181,0.1972735398449,
,,,4.0902E-06,0.0208157896995544,0.196436719736084,
,,,4.0904E-06,0.087761402130127,0.196938811801374,
,,,4.0906E-06,-0.0461298227310181,0.196938811801374,
,,,4.0908E-06,0.0208157896995544,0.196938811801374,
,,,4.091E-06,0.0208157896995544,0.197106175823137,
,,,4.0912E-06,0.0208157896995544,0.1972735398449,
,,,4.0914E-06,0.0208157896995544,0.195767263649032,
,,,4.0916E-06,0.0208157896995544,0.196604083757848,
,,,4.0918E-06,0.0208157896995544,0.1972735398449,
,,,4.092E-06,-0.0461298227310181,0.196938811801374,
,,,4.0922E-06,-0.0461298227310181,0.196269355714321,
,,,4.0924E-06,-0.113075435161591,0.1972735398449,
,,,4.0926E-06,0.0208157896995544,0.1972735398449,
,,,4.0928E-06,0.154707014560699,0.196771447779611,
,,,4.093E-06,-0.113075435161591,0.196938811801374,
,,,4.0932E-06,0.0208157896995544,0.196604083757848,
,,,4.0934E-06,0.0208157896995544,0.1972735398449,
,,,4.0936E-06,0.0208157896995544,0.197440903866664,
,,,4.0938E-06,-0.113075435161591,0.197608267888427,
,,,4.094E-06,0.087761402130127,0.197106175823137,
,,,4.0942E-06,-0.0461298227310181,0.197440903866664,
,,,4.0944E-06,0.0208157896995544,0.197106175823137,
,,,4.0946E-06,-0.113075435161591,0.1972735398449,
,,,4.0948E-06,-0.0461298227310181,0.197608267888427,
,,,4.095E-06,-0.0461298227310181,0.198110359953716,
,,,4.0952E-06,0.087761402130127,0.1972735398449,
,,,4.0954E-06,0.0208157896995544,0.198110359953716,
,,,4.0956E-06,0.0208157896995544,0.197942995931953,
,,,4.0958E-06,0.0208157896995544,0.197608267888427,
,,,4.096E-06,0.087761402130127,0.197608267888427,
,,,4.0962E-06,0.087761402130127,0.197942995931953,
,,,4.0964E-06,-0.0461298227310181,0.197106175823137,
,,,4.0966E-06,0.087761402130127,0.196938811801374,
,,,4.0968E-06,0.0208157896995544,0.197942995931953,
,,,4.097E-06,-0.113075435161591,0.197608267888427,
,,,4.0972E-06,-0.0461298227310181,0.1972735398449,
,,,4.0974E-06,0.0208157896995544,0.196771447779611,
,,,4.0976E-06,0.0208157896995544,0.197106175823137,
,,,4.0978E-06,-0.113075435161591,0.19777563191019,
,,,4.098E-06,0.0208157896995544,0.197608267888427,
,,,4.0982E-06,0.087761402130127,0.196938811801374,
,,,4.0984E-06,-0.113075435161591,0.19827772397548,
,,,4.0986E-06,0.0208157896995544,0.19777563191019,
,,,4.0988E-06,0.0208157896995544,0.196938811801374,
,,,4.099E-06,-0.0461298227310181,0.197106175823137,
,,,4.0992E-06,0.0208157896995544,0.1972735398449,
,,,4.0994E-06,-0.0461298227310181,0.1972735398449,
,,,4.0996E-06,0.0208157896995544,0.197942995931953,
,,,4.0998E-06,0.0208157896995544,0.197106175823137,
,,,4.1E-06,0.0208157896995544,0.1972735398449,
,,,4.1002E-06,-0.113075435161591,0.197942995931953,
,,,4.1004E-06,0.087761402130127,0.197608267888427,
,,,4.1006E-06,-0.0461298227310181,0.197942995931953,
,,,4.1008E-06,0.0208157896995544,0.1972735398449,
,,,4.101E-06,0.0208157896995544,0.197440903866664,
,,,4.1012E-06,0.0208157896995544,0.197440903866664,
,,,4.1014E-06,-0.0461298227310181,0.197608267888427,
,,,4.1016E-06,0.0208157896995544,0.197440903866664,
,,,4.1018E-06,0.0208157896995544,0.197440903866664,
,,,4.102E-06,0.0208157896995544,0.197608267888427,
,,,4.1022E-06,0.0208157896995544,0.197440903866664,
,,,4.1024E-06,0.0208157896995544,0.196101991692558,
,,,4.1026E-06,0.0208157896995544,0.197608267888427,
,,,4.1028E-06,0.0208157896995544,0.198110359953716,
,,,4.103E-06,0.0208157896995544,0.19777563191019,
,,,4.1032E-06,0.087761402130127,0.198110359953716,
,,,4.1034E-06,0.0208157896995544,0.197608267888427,
,,,4.1036E-06,0.0208157896995544,0.197942995931953,
,,,4.1038E-06,0.0208157896995544,0.19827772397548,
,,,4.104E-06,0.087761402130127,0.198445087997243,
,,,4.1042E-06,-0.0461298227310181,0.197942995931953,
,,,4.1044E-06,-0.0461298227310181,0.19827772397548,
,,,4.1046E-06,0.087761402130127,0.198110359953716,
,,,4.1048E-06,-0.0461298227310181,0.1972735398449,
,,,4.105E-06,0.0208157896995544,0.1972735398449,
,,,4.1052E-06,0.0208157896995544,0.19827772397548,
,,,4.1054E-06,0.0208157896995544,0.19777563191019,
,,,4.1056E-06,0.087761402130127,0.197608267888427,
,,,4.1058E-06,-0.0461298227310181,0.197440903866664,
,,,4.106E-06,-0.113075435161591,0.196938811801374,
,,,4.1062E-06,0.0208157896995544,0.197608267888427,
,,,4.1064E-06,0.0208157896995544,0.196938811801374,
,,,4.1066E-06,-0.0461298227310181,0.197106175823137,
,,,4.1068E-06,0.087761402130127,0.198110359953716,
,,,4.107E-06,0.0208157896995544,0.197942995931953,
,,,4.1072E-06,0.087761402130127,0.197608267888427,
,,,4.1074E-06,0.0208157896995544,0.19827772397548,
,,,4.1076E-06,0.0208157896995544,0.198445087997243,
,,,4.1078E-06,-0.0461298227310181,0.196938811801374,
,,,4.108E-06,0.0208157896995544,0.197440903866664,
,,,4.1082E-06,-0.0461298227310181,0.198110359953716,
,,,4.1084E-06,0.087761402130127,0.197106175823137,
,,,4.1086E-06,0.087761402130127,0.1972735398449,
,,,4.1088E-06,0.0208157896995544,0.1972735398449,
,,,4.109E-06,0.087761402130127,0.196938811801374,
,,,4.1092E-06,0.0208157896995544,0.196604083757848,
,,,4.1094E-06,0.0208157896995544,0.197440903866664,
,,,4.1096E-06,0.087761402130127,0.196604083757848,
,,,4.1098E-06,-0.113075435161591,0.197106175823137,
,,,4.11E-06,0.0208157896995544,0.197440903866664,
,,,4.1102E-06,0.0208157896995544,0.1972735398449,
,,,4.1104E-06,0.087761402130127,0.1972735398449,
,,,4.1106E-06,-0.113075435161591,0.197440903866664,
,,,4.1108E-06,0.154707014560699,0.197608267888427,
,,,4.111E-06,0.0208157896995544,0.197106175823137,
,,,4.1112E-06,-0.113075435161591,0.1972735398449,
,,,4.1114E-06,-0.0461298227310181,0.197942995931953,
,,,4.1116E-06,0.0208157896995544,0.197608267888427,
,,,4.1118E-06,-0.0461298227310181,0.197440903866664,
,,,4.112E-06,0.087761402130127,0.198110359953716,
,,,4.1122E-06,-0.0461298227310181,0.19777563191019,
,,,4.1124E-06,0.0208157896995544,0.196771447779611,
,,,4.1126E-06,0.0208157896995544,0.197608267888427,
,,,4.1128E-06,0.0208157896995544,0.197440903866664,
,,,4.113E-06,-0.0461298227310181,0.197440903866664,
,,,4.1132E-06,0.087761402130127,0.197608267888427,
,,,4.1134E-06,-0.0461298227310181,0.197942995931953,
,,,4.1136E-06,0.0208157896995544,0.1972735398449,
,,,4.1138E-06,0.0208157896995544,0.197942995931953,
,,,4.114E-06,0.0208157896995544,0.1972735398449,
,,,4.1142E-06,-0.0461298227310181,0.197608267888427,
,,,4.1144E-06,0.087761402130127,0.197608267888427,
,,,4.1146E-06,0.087761402130127,0.1972735398449,
,,,4.1148E-06,0.087761402130127,0.197440903866664,
,,,4.115E-06,0.087761402130127,0.19777563191019,
,,,4.1152E-06,-0.0461298227310181,0.1972735398449,
,,,4.1154E-06,0.087761402130127,0.197942995931953,
,,,4.1156E-06,0.0208157896995544,0.197440903866664,
,,,4.1158E-06,0.087761402130127,0.1972735398449,
,,,4.116E-06,-0.0461298227310181,0.1972735398449,
,,,4.1162E-06,-0.113075435161591,0.1972735398449,
,,,4.1164E-06,0.087761402130127,0.196938811801374,
,,,4.1166E-06,0.0208157896995544,0.197106175823137,
,,,4.1168E-06,0.087761402130127,0.1972735398449,
,,,4.117E-06,0.0208157896995544,0.197106175823137,
,,,4.1172E-06,0.0208157896995544,0.19777563191019,
,,,4.1174E-06,0.0208157896995544,0.196938811801374,
,,,4.1176E-06,-0.113075435161591,0.196604083757848,
,,,4.1178E-06,-0.0461298227310181,0.196436719736084,
,,,4.118E-06,0.0208157896995544,0.197106175823137,
,,,4.1182E-06,-0.0461298227310181,0.196604083757848,
,,,4.1184E-06,0.0208157896995544,0.196604083757848,
,,,4.1186E-06,-0.0461298227310181,0.196771447779611,
,,,4.1188E-06,0.087761402130127,0.196604083757848,
,,,4.119E-06,0.087761402130127,0.196938811801374,
,,,4.1192E-06,0.0208157896995544,0.196436719736084,
,,,4.1194E-06,-0.0461298227310181,0.196101991692558,
,,,4.1196E-06,0.0208157896995544,0.196604083757848,
,,,4.1198E-06,-0.0461298227310181,0.195432535605505,
,,,4.12E-06,0.0208157896995544,0.196604083757848,
,,,4.1202E-06,-0.0461298227310181,0.196101991692558,
,,,4.1204E-06,0.087761402130127,0.196269355714321,
,,,4.1206E-06,0.0208157896995544,0.196101991692558,
,,,4.1208E-06,0.087761402130127,0.195599899627268,
,,,4.121E-06,0.0208157896995544,0.196604083757848,
,,,4.1212E-06,0.087761402130127,0.196604083757848,
,,,4.1214E-06,0.0208157896995544,0.195767263649032,
,,,4.1216E-06,-0.0461298227310181,0.196436719736084,
,,,4.1218E-06,0.087761402130127,0.196101991692558,
,,,4.122E-06,0.0208157896995544,0.195934627670795,
,,,4.1222E-06,0.087761402130127,0.195432535605505,
,,,4.1224E-06,-0.113075435161591,0.196771447779611,
,,,4.1226E-06,0.0208157896995544,0.195934627670795,
,,,4.1228E-06,0.0208157896995544,0.195599899627268,
,,,4.123E-06,-0.0461298227310181,0.195432535605505,
,,,4.1232E-06,0.087761402130127,0.195934627670795,
,,,4.1234E-06,-0.113075435161591,0.195767263649032,
,,,4.1236E-06,0.0208157896995544,0.195599899627268,
,,,4.1238E-06,0.0208157896995544,0.195934627670795,
,,,4.124E-06,-0.113075435161591,0.196436719736084,
,,,4.1242E-06,-0.0461298227310181,0.195767263649032,
,,,4.1244E-06,0.087761402130127,0.195767263649032,
,,,4.1246E-06,0.0208157896995544,0.196269355714321,
,,,4.1248E-06,-0.0461298227310181,0.195265171583742,
,,,4.125E-06,-0.0461298227310181,0.196436719736084,
,,,4.1252E-06,0.0208157896995544,0.196101991692558,
,,,4.1254E-06,0.087761402130127,0.195934627670795,
,,,4.1256E-06,0.0208157896995544,0.195599899627268,
,,,4.1258E-06,-0.0461298227310181,0.196436719736084,
,,,4.126E-06,-0.0461298227310181,0.195599899627268,
,,,4.1262E-06,0.0208157896995544,0.196436719736084,
,,,4.1264E-06,0.0208157896995544,0.195934627670795,
,,,4.1266E-06,-0.113075435161591,0.195432535605505,
,,,4.1268E-06,0.0208157896995544,0.195265171583742,
,,,4.127E-06,0.0208157896995544,0.194930443540215,
,,,4.1272E-06,0.0208157896995544,0.195265171583742,
,,,4.1274E-06,-0.0461298227310181,0.195599899627268,
,,,4.1276E-06,0.087761402130127,0.195265171583742,
,,,4.1278E-06,0.0208157896995544,0.195432535605505,
,,,4.128E-06,-0.0461298227310181,0.195432535605505,
,,,4.1282E-06,0.154707014560699,0.195934627670795,
,,,4.1284E-06,-0.0461298227310181,0.195265171583742,
,,,4.1286E-06,0.0208157896995544,0.196269355714321,
,,,4.1288E-06,0.087761402130127,0.196604083757848,
,,,4.129E-06,-0.113075435161591,0.195432535605505,
,,,4.1292E-06,0.0208157896995544,0.195265171583742,
,,,4.1294E-06,0.087761402130127,0.196436719736084,
,,,4.1296E-06,0.087761402130127,0.196101991692558,
,,,4.1298E-06,-0.0461298227310181,0.195265171583742,
,,,4.13E-06,0.0208157896995544,0.196771447779611,
,,,4.1302E-06,0.087761402130127,0.196604083757848,
,,,4.1304E-06,-0.0461298227310181,0.195934627670795,
,,,4.1306E-06,0.0208157896995544,0.196436719736084,
,,,4.1308E-06,0.0208157896995544,0.195767263649032,
,,,4.131E-06,-0.0461298227310181,0.196436719736084,
,,,4.1312E-06,0.0208157896995544,0.196269355714321,
,,,4.1314E-06,-0.0461298227310181,0.196269355714321,
,,,4.1316E-06,0.087761402130127,0.195599899627268,
,,,4.1318E-06,0.0208157896995544,0.196436719736084,
,,,4.132E-06,0.0208157896995544,0.196771447779611,
,,,4.1322E-06,-0.0461298227310181,0.196771447779611,
,,,4.1324E-06,0.087761402130127,0.196938811801374,
,,,4.1326E-06,-0.0461298227310181,0.196938811801374,
,,,4.1328E-06,-0.0461298227310181,0.196436719736084,
,,,4.133E-06,0.0208157896995544,0.1972735398449,
,,,4.1332E-06,0.0208157896995544,0.196604083757848,
,,,4.1334E-06,-0.0461298227310181,0.196938811801374,
,,,4.1336E-06,0.0208157896995544,0.196938811801374,
,,,4.1338E-06,0.0208157896995544,0.196269355714321,
,,,4.134E-06,-0.0461298227310181,0.196938811801374,
,,,4.1342E-06,0.0208157896995544,0.197106175823137,
,,,4.1344E-06,0.0208157896995544,0.195599899627268,
,,,4.1346E-06,0.0208157896995544,0.196101991692558,
,,,4.1348E-06,-0.0461298227310181,0.197106175823137,
,,,4.135E-06,-0.0461298227310181,0.196604083757848,
,,,4.1352E-06,0.0208157896995544,0.196269355714321,
,,,4.1354E-06,0.0208157896995544,0.196604083757848,
,,,4.1356E-06,-0.0461298227310181,0.196436719736084,
,,,4.1358E-06,-0.0461298227310181,0.196269355714321,
,,,4.136E-06,0.154707014560699,0.196269355714321,
,,,4.1362E-06,0.0208157896995544,0.195934627670795,
,,,4.1364E-06,-0.0461298227310181,0.195934627670795,
,,,4.1366E-06,-0.0461298227310181,0.196101991692558,
,,,4.1368E-06,0.0208157896995544,0.195265171583742,
,,,4.137E-06,-0.0461298227310181,0.196101991692558,
,,,4.1372E-06,-0.0461298227310181,0.196101991692558,
,,,4.1374E-06,-0.113075435161591,0.196436719736084,
,,,4.1376E-06,0.0208157896995544,0.196604083757848,
,,,4.1378E-06,-0.113075435161591,0.195265171583742,
,,,4.138E-06,-0.113075435161591,0.196101991692558,
,,,4.1382E-06,0.087761402130127,0.196101991692558,
,,,4.1384E-06,0.0208157896995544,0.195767263649032,
,,,4.1386E-06,-0.113075435161591,0.195767263649032,
,,,4.1388E-06,0.087761402130127,0.195599899627268,
,,,4.139E-06,0.087761402130127,0.195767263649032,
,,,4.1392E-06,-0.0461298227310181,0.195767263649032,
,,,4.1394E-06,-0.0461298227310181,0.195432535605505,
,,,4.1396E-06,0.0208157896995544,0.195599899627268,
,,,4.1398E-06,0.0208157896995544,0.195599899627268,
,,,4.14E-06,0.0208157896995544,0.195934627670795,
,,,4.1402E-06,0.0208157896995544,0.195767263649032,
,,,4.1404E-06,0.087761402130127,0.196101991692558,
,,,4.1406E-06,0.0208157896995544,0.195934627670795,
,,,4.1408E-06,-0.0461298227310181,0.195599899627268,
,,,4.141E-06,0.0208157896995544,0.195767263649032,
,,,4.1412E-06,0.0208157896995544,0.196269355714321,
,,,4.1414E-06,0.0208157896995544,0.196604083757848,
,,,4.1416E-06,0.0208157896995544,0.195934627670795,
,,,4.1418E-06,0.0208157896995544,0.196101991692558,
,,,4.142E-06,0.0208157896995544,0.195934627670795,
,,,4.1422E-06,0.087761402130127,0.196101991692558,
,,,4.1424E-06,0.0208157896995544,0.196269355714321,
,,,4.1426E-06,-0.113075435161591,0.195599899627268,
,,,4.1428E-06,0.087761402130127,0.196604083757848,
,,,4.143E-06,-0.0461298227310181,0.196771447779611,
,,,4.1432E-06,0.0208157896995544,0.195767263649032,
,,,4.1434E-06,-0.0461298227310181,0.195767263649032,
,,,4.1436E-06,-0.0461298227310181,0.197106175823137,
,,,4.1438E-06,0.0208157896995544,0.196771447779611,
,,,4.144E-06,0.087761402130127,0.196604083757848,
,,,4.1442E-06,-0.113075435161591,0.196101991692558,
,,,4.1444E-06,0.087761402130127,0.195934627670795,
,,,4.1446E-06,0.154707014560699,0.196269355714321,
,,,4.1448E-06,-0.0461298227310181,0.196436719736084,
,,,4.145E-06,-0.0461298227310181,0.197106175823137,
,,,4.1452E-06,0.0208157896995544,0.196604083757848,
,,,4.1454E-06,-0.0461298227310181,0.196771447779611,
,,,4.1456E-06,0.0208157896995544,0.197106175823137,
,,,4.1458E-06,-0.0461298227310181,0.196604083757848,
,,,4.146E-06,-0.0461298227310181,0.196771447779611,
,,,4.1462E-06,0.0208157896995544,0.1972735398449,
,,,4.1464E-06,0.087761402130127,0.196436719736084,
,,,4.1466E-06,0.0208157896995544,0.196436719736084,
,,,4.1468E-06,0.087761402130127,0.197440903866664,
,,,4.147E-06,0.0208157896995544,0.197440903866664,
,,,4.1472E-06,-0.0461298227310181,0.1972735398449,
,,,4.1474E-06,0.087761402130127,0.19777563191019,
,,,4.1476E-06,-0.0461298227310181,0.1972735398449,
,,,4.1478E-06,-0.0461298227310181,0.19777563191019,
,,,4.148E-06,0.0208157896995544,0.197106175823137,
,,,4.1482E-06,0.0208157896995544,0.197942995931953,
,,,4.1484E-06,-0.0461298227310181,0.19827772397548,
,,,4.1486E-06,-0.0461298227310181,0.197608267888427,
,,,4.1488E-06,0.087761402130127,0.198612452019006,
,,,4.149E-06,-0.0461298227310181,0.19827772397548,
,,,4.1492E-06,0.087761402130127,0.198445087997243,
,,,4.1494E-06,0.0208157896995544,0.198445087997243,
,,,4.1496E-06,-0.0461298227310181,0.19827772397548,
,,,4.1498E-06,-0.0461298227310181,0.198445087997243,
,,,4.15E-06,-0.0461298227310181,0.19827772397548,
,,,4.1502E-06,-0.0461298227310181,0.199114544084296,
,,,4.1504E-06,0.0208157896995544,0.198612452019006,
,,,4.1506E-06,0.0208157896995544,0.198110359953716,
,,,4.1508E-06,-0.113075435161591,0.198110359953716,
,,,4.151E-06,-0.0461298227310181,0.199114544084296,
,,,4.1512E-06,0.0208157896995544,0.198612452019006,
,,,4.1514E-06,0.0208157896995544,0.19827772397548,
,,,4.1516E-06,0.0208157896995544,0.198779816040769,
,,,4.1518E-06,-0.0461298227310181,0.199114544084296,
,,,4.152E-06,-0.0461298227310181,0.198612452019006,
,,,4.1522E-06,-0.0461298227310181,0.19777563191019,
,,,4.1524E-06,0.0208157896995544,0.19827772397548,
,,,4.1526E-06,0.0208157896995544,0.198947180062532,
,,,4.1528E-06,0.0208157896995544,0.197440903866664,
,,,4.153E-06,0.087761402130127,0.198445087997243,
,,,4.1532E-06,0.087761402130127,0.199114544084296,
,,,4.1534E-06,0.0208157896995544,0.19827772397548,
,,,4.1536E-06,-0.0461298227310181,0.198110359953716,
,,,4.1538E-06,0.0208157896995544,0.198779816040769,
,,,4.154E-06,0.0208157896995544,0.19777563191019,
,,,4.1542E-06,0.0208157896995544,0.19777563191019,
,,,4.1544E-06,0.0208157896995544,0.19827772397548,
,,,4.1546E-06,-0.113075435161591,0.197942995931953,
,,,4.1548E-06,0.0208157896995544,0.198110359953716,
,,,4.155E-06,-0.0461298227310181,0.19777563191019,
,,,4.1552E-06,0.154707014560699,0.198612452019006,
,,,4.1554E-06,-0.0461298227310181,0.197942995931953,
,,,4.1556E-06,0.0208157896995544,0.197942995931953,
,,,4.1558E-06,-0.0461298227310181,0.198110359953716,
,,,4.156E-06,0.0208157896995544,0.197942995931953,
,,,4.1562E-06,0.0208157896995544,0.197942995931953,
,,,4.1564E-06,-0.113075435161591,0.198947180062532,
,,,4.1566E-06,0.0208157896995544,0.198947180062532,
,,,4.1568E-06,0.087761402130127,0.198779816040769,
,,,4.157E-06,-0.113075435161591,0.19777563191019,
,,,4.1572E-06,0.0208157896995544,0.19827772397548,
,,,4.1574E-06,0.087761402130127,0.19827772397548,
,,,4.1576E-06,0.0208157896995544,0.197942995931953,
,,,4.1578E-06,-0.113075435161591,0.197942995931953,
,,,4.158E-06,-0.0461298227310181,0.197440903866664,
,,,4.1582E-06,-0.0461298227310181,0.198445087997243,
,,,4.1584E-06,0.087761402130127,0.197440903866664,
,,,4.1586E-06,0.0208157896995544,0.1972735398449,
,,,4.1588E-06,0.0208157896995544,0.198110359953716,
,,,4.159E-06,-0.0461298227310181,0.19827772397548,
,,,4.1592E-06,0.0208157896995544,0.197440903866664,
,,,4.1594E-06,-0.0461298227310181,0.197942995931953,
,,,4.1596E-06,0.0208157896995544,0.1972735398449,
,,,4.1598E-06,0.0208157896995544,0.197608267888427,
,,,4.16E-06,0.087761402130127,0.197942995931953,
,,,4.1602E-06,-0.0461298227310181,0.19827772397548,
,,,4.1604E-06,-0.113075435161591,0.19777563191019,
,,,4.1606E-06,0.087761402130127,0.197942995931953,
,,,4.1608E-06,0.0208157896995544,0.198612452019006,
,,,4.161E-06,-0.113075435161591,0.197942995931953,
,,,4.1612E-06,-0.0461298227310181,0.198445087997243,
,,,4.1614E-06,0.087761402130127,0.19777563191019,
,,,4.1616E-06,0.0208157896995544,0.198445087997243,
,,,4.1618E-06,0.0208157896995544,0.198445087997243,
,,,4.162E-06,0.0208157896995544,0.198612452019006,
,,,4.1622E-06,-0.113075435161591,0.198110359953716,
,,,4.1624E-06,-0.0461298227310181,0.198779816040769,
,,,4.1626E-06,-0.0461298227310181,0.197942995931953,
,,,4.1628E-06,-0.113075435161591,0.198947180062532,
,,,4.163E-06,0.0208157896995544,0.199616636149585,
,,,4.1632E-06,0.0208157896995544,0.198779816040769,
,,,4.1634E-06,-0.180021047592163,0.19777563191019,
,,,4.1636E-06,-0.0461298227310181,0.198779816040769,
,,,4.1638E-06,0.0208157896995544,0.198612452019006,
,,,4.164E-06,0.0208157896995544,0.198445087997243,
,,,4.1642E-06,-0.0461298227310181,0.198612452019006,
,,,4.1644E-06,-0.0461298227310181,0.198779816040769,
,,,4.1646E-06,-0.0461298227310181,0.19827772397548,
,,,4.1648E-06,0.0208157896995544,0.198110359953716,
,,,4.165E-06,0.0208157896995544,0.198612452019006,
,,,4.1652E-06,0.0208157896995544,0.197942995931953,
,,,4.1654E-06,-0.0461298227310181,0.198110359953716,
,,,4.1656E-06,0.087761402130127,0.199114544084296,
,,,4.1658E-06,0.0208157896995544,0.198612452019006,
,,,4.166E-06,0.0208157896995544,0.198110359953716,
,,,4.1662E-06,0.0208157896995544,0.198110359953716,
,,,4.1664E-06,0.087761402130127,0.198110359953716,
,,,4.1666E-06,0.087761402130127,0.197942995931953,
,,,4.1668E-06,-0.113075435161591,0.19777563191019,
,,,4.167E-06,0.0208157896995544,0.19827772397548,
,,,4.1672E-06,0.0208157896995544,0.197942995931953,
,,,4.1674E-06,-0.0461298227310181,0.1972735398449,
,,,4.1676E-06,0.0208157896995544,0.197942995931953,
,,,4.1678E-06,0.087761402130127,0.197608267888427,
,,,4.168E-06,0.087761402130127,0.197608267888427,
,,,4.1682E-06,-0.0461298227310181,0.19777563191019,
,,,4.1684E-06,0.087761402130127,0.19777563191019,
,,,4.1686E-06,0.087761402130127,0.197608267888427,
,,,4.1688E-06,-0.113075435161591,0.197608267888427,
,,,4.169E-06,0.0208157896995544,0.197942995931953,
,,,4.1692E-06,0.0208157896995544,0.197440903866664,
,,,4.1694E-06,-0.0461298227310181,0.198110359953716,
,,,4.1696E-06,0.087761402130127,0.197608267888427,
,,,4.1698E-06,0.0208157896995544,0.1972735398449,
,,,4.17E-06,-0.0461298227310181,0.197106175823137,
,,,4.1702E-06,0.087761402130127,0.1972735398449,
,,,4.1704E-06,0.0208157896995544,0.196938811801374,
,,,4.1706E-06,-0.113075435161591,0.196938811801374,
,,,4.1708E-06,-0.0461298227310181,0.197106175823137,
,,,4.171E-06,0.0208157896995544,0.1972735398449,
,,,4.1712E-06,0.0208157896995544,0.196269355714321,
,,,4.1714E-06,-0.113075435161591,0.197440903866664,
,,,4.1716E-06,-0.0461298227310181,0.197106175823137,
,,,4.1718E-06,0.0208157896995544,0.197106175823137,
,,,4.172E-06,0.087761402130127,0.196771447779611,
,,,4.1722E-06,0.0208157896995544,0.196604083757848,
,,,4.1724E-06,0.087761402130127,0.196101991692558,
,,,4.1726E-06,0.0208157896995544,0.196938811801374,
,,,4.1728E-06,0.0208157896995544,0.196771447779611,
,,,4.173E-06,-0.0461298227310181,0.196771447779611,
,,,4.1732E-06,-0.0461298227310181,0.196101991692558,
,,,4.1734E-06,0.0208157896995544,0.196269355714321,
,,,4.1736E-06,0.087761402130127,0.196101991692558,
,,,4.1738E-06,0.0208157896995544,0.196269355714321,
,,,4.174E-06,0.087761402130127,0.195599899627268,
,,,4.1742E-06,0.0208157896995544,0.196771447779611,
,,,4.1744E-06,0.087761402130127,0.195934627670795,
,,,4.1746E-06,-0.0461298227310181,0.195767263649032,
,,,4.1748E-06,-0.0461298227310181,0.196436719736084,
,,,4.175E-06,0.0208157896995544,0.196269355714321,
,,,4.1752E-06,-0.0461298227310181,0.196771447779611,
,,,4.1754E-06,0.0208157896995544,0.197440903866664,
,,,4.1756E-06,-0.0461298227310181,0.196604083757848,
,,,4.1758E-06,0.0208157896995544,0.196938811801374,
,,,4.176E-06,0.0208157896995544,0.197608267888427,
,,,4.1762E-06,-0.0461298227310181,0.196771447779611,
,,,4.1764E-06,-0.0461298227310181,0.197106175823137,
,,,4.1766E-06,0.0208157896995544,0.196938811801374,
,,,4.1768E-06,0.0208157896995544,0.196771447779611,
,,,4.177E-06,-0.113075435161591,0.1972735398449,
,,,4.1772E-06,-0.0461298227310181,0.19777563191019,
,,,4.1774E-06,0.0208157896995544,0.19777563191019,
,,,4.1776E-06,-0.0461298227310181,0.197608267888427,
,,,4.1778E-06,-0.0461298227310181,0.197440903866664,
,,,4.178E-06,0.0208157896995544,0.197942995931953,
,,,4.1782E-06,-0.0461298227310181,0.197440903866664,
,,,4.1784E-06,-0.0461298227310181,0.197608267888427,
,,,4.1786E-06,0.087761402130127,0.198445087997243,
,,,4.1788E-06,0.087761402130127,0.197608267888427,
,,,4.179E-06,0.0208157896995544,0.198110359953716,
,,,4.1792E-06,-0.0461298227310181,0.1972735398449,
,,,4.1794E-06,0.0208157896995544,0.1972735398449,
,,,4.1796E-06,-0.113075435161591,0.1972735398449,
,,,4.1798E-06,0.0208157896995544,0.197106175823137,
,,,4.18E-06,0.087761402130127,0.197942995931953,
,,,4.1802E-06,0.0208157896995544,0.196938811801374,
,,,4.1804E-06,0.0208157896995544,0.197440903866664,
,,,4.1806E-06,0.087761402130127,0.196604083757848,
,,,4.1808E-06,0.154707014560699,0.197440903866664,
,,,4.181E-06,-0.0461298227310181,0.196436719736084,
,,,4.1812E-06,0.0208157896995544,0.197106175823137,
,,,4.1814E-06,0.0208157896995544,0.1972735398449,
,,,4.1816E-06,-0.0461298227310181,0.196771447779611,
,,,4.1818E-06,-0.0461298227310181,0.196604083757848,
,,,4.182E-06,0.0208157896995544,0.197440903866664,
,,,4.1822E-06,0.0208157896995544,0.197440903866664,
,,,4.1824E-06,0.087761402130127,0.196436719736084,
,,,4.1826E-06,-0.0461298227310181,0.196101991692558,
,,,4.1828E-06,0.087761402130127,0.196436719736084,
,,,4.183E-06,0.0208157896995544,0.196604083757848,
,,,4.1832E-06,0.0208157896995544,0.196269355714321,
,,,4.1834E-06,-0.0461298227310181,0.196604083757848,
,,,4.1836E-06,0.087761402130127,0.196436719736084,
,,,4.1838E-06,-0.0461298227310181,0.196771447779611,
,,,4.184E-06,0.087761402130127,0.196771447779611,
,,,4.1842E-06,-0.0461298227310181,0.19777563191019,
,,,4.1844E-06,0.087761402130127,0.1972735398449,
,,,4.1846E-06,-0.0461298227310181,0.197440903866664,
,,,4.1848E-06,0.0208157896995544,0.196269355714321,
,,,4.185E-06,0.0208157896995544,0.196938811801374,
,,,4.1852E-06,0.087761402130127,0.197106175823137,
,,,4.1854E-06,0.0208157896995544,0.197608267888427,
,,,4.1856E-06,0.0208157896995544,0.196771447779611,
,,,4.1858E-06,0.087761402130127,0.19777563191019,
,,,4.186E-06,0.0208157896995544,0.196938811801374,
,,,4.1862E-06,0.0208157896995544,0.196269355714321,
,,,4.1864E-06,0.0208157896995544,0.196436719736084,
,,,4.1866E-06,0.087761402130127,0.196938811801374,
,,,4.1868E-06,0.0208157896995544,0.1972735398449,
,,,4.187E-06,0.0208157896995544,0.196604083757848,
,,,4.1872E-06,0.087761402130127,0.196604083757848,
,,,4.1874E-06,0.0208157896995544,0.196436719736084,
,,,4.1876E-06,-0.0461298227310181,0.196604083757848,
,,,4.1878E-06,0.0208157896995544,0.196604083757848,
,,,4.188E-06,0.0208157896995544,0.196604083757848,
,,,4.1882E-06,0.0208157896995544,0.196771447779611,
,,,4.1884E-06,-0.113075435161591,0.195934627670795,
,,,4.1886E-06,0.0208157896995544,0.196436719736084,
,,,4.1888E-06,0.087761402130127,0.196101991692558,
,,,4.189E-06,-0.113075435161591,0.195934627670795,
,,,4.1892E-06,0.0208157896995544,0.196269355714321,
,,,4.1894E-06,0.0208157896995544,0.196101991692558,
,,,4.1896E-06,0.0208157896995544,0.195265171583742,
,,,4.1898E-06,-0.0461298227310181,0.196269355714321,
,,,4.19E-06,-0.0461298227310181,0.196938811801374,
,,,4.1902E-06,-0.0461298227310181,0.196436719736084,
,,,4.1904E-06,0.0208157896995544,0.196269355714321,
,,,4.1906E-06,0.0208157896995544,0.196101991692558,
,,,4.1908E-06,0.087761402130127,0.197106175823137,
,,,4.191E-06,0.0208157896995544,0.196436719736084,
,,,4.1912E-06,0.0208157896995544,0.196269355714321,
,,,4.1914E-06,-0.0461298227310181,0.196436719736084,
,,,4.1916E-06,0.0208157896995544,0.1972735398449,
,,,4.1918E-06,-0.0461298227310181,0.196269355714321,
,,,4.192E-06,-0.0461298227310181,0.196938811801374,
,,,4.1922E-06,0.087761402130127,0.197106175823137,
,,,4.1924E-06,0.0208157896995544,0.196771447779611,
,,,4.1926E-06,0.0208157896995544,0.197440903866664,
,,,4.1928E-06,0.0208157896995544,0.197942995931953,
,,,4.193E-06,-0.113075435161591,0.196771447779611,
,,,4.1932E-06,0.0208157896995544,0.196938811801374,
,,,4.1934E-06,0.0208157896995544,0.1972735398449,
,,,4.1936E-06,0.0208157896995544,0.198110359953716,
,,,4.1938E-06,-0.113075435161591,0.197106175823137,
,,,4.194E-06,-0.0461298227310181,0.197106175823137,
,,,4.1942E-06,0.0208157896995544,0.197106175823137,
,,,4.1944E-06,-0.0461298227310181,0.1972735398449,
,,,4.1946E-06,0.0208157896995544,0.197106175823137,
,,,4.1948E-06,-0.0461298227310181,0.1972735398449,
,,,4.195E-06,-0.0461298227310181,0.19777563191019,
,,,4.1952E-06,0.087761402130127,0.1972735398449,
,,,4.1954E-06,-0.113075435161591,0.196604083757848,
,,,4.1956E-06,-0.0461298227310181,0.196938811801374,
,,,4.1958E-06,0.0208157896995544,0.198110359953716,
,,,4.196E-06,0.0208157896995544,0.198110359953716,
,,,4.1962E-06,-0.0461298227310181,0.196604083757848,
,,,4.1964E-06,0.087761402130127,0.197942995931953,
,,,4.1966E-06,-0.0461298227310181,0.19777563191019,
,,,4.1968E-06,0.0208157896995544,0.197440903866664,
,,,4.197E-06,0.0208157896995544,0.19777563191019,
,,,4.1972E-06,0.0208157896995544,0.198110359953716,
,,,4.1974E-06,0.0208157896995544,0.197608267888427,
,,,4.1976E-06,0.0208157896995544,0.197440903866664,
,,,4.1978E-06,0.0208157896995544,0.197608267888427,
,,,4.198E-06,0.0208157896995544,0.19827772397548,
,,,4.1982E-06,0.0208157896995544,0.197608267888427,
,,,4.1984E-06,0.0208157896995544,0.197942995931953,
,,,4.1986E-06,0.0208157896995544,0.19777563191019,
,,,4.1988E-06,0.0208157896995544,0.1972735398449,
,,,4.199E-06,-0.0461298227310181,0.19777563191019,
,,,4.1992E-06,0.0208157896995544,0.198612452019006,
,,,4.1994E-06,-0.0461298227310181,0.1972735398449,
,,,4.1996E-06,0.0208157896995544,0.197942995931953,
,,,4.1998E-06,0.0208157896995544,0.198612452019006,
,,,4.2E-06,0.0208157896995544,0.197942995931953,
,,,4.2002E-06,-0.0461298227310181,0.197942995931953,
,,,4.2004E-06,0.087761402130127,0.197942995931953,
,,,4.2006E-06,-0.113075435161591,0.198779816040769,
,,,4.2008E-06,0.0208157896995544,0.197942995931953,
,,,4.201E-06,0.087761402130127,0.197608267888427,
,,,4.2012E-06,-0.113075435161591,0.198612452019006,
,,,4.2014E-06,-0.0461298227310181,0.198445087997243,
,,,4.2016E-06,0.154707014560699,0.197942995931953,
,,,4.2018E-06,-0.0461298227310181,0.198445087997243,
,,,4.202E-06,-0.113075435161591,0.198110359953716,
,,,4.2022E-06,-0.0461298227310181,0.197942995931953,
,,,4.2024E-06,0.0208157896995544,0.198110359953716,
,,,4.2026E-06,-0.0461298227310181,0.197440903866664,
,,,4.2028E-06,-0.0461298227310181,0.197942995931953,
,,,4.203E-06,-0.0461298227310181,0.198110359953716,
,,,4.2032E-06,-0.0461298227310181,0.197440903866664,
,,,4.2034E-06,0.087761402130127,0.198110359953716,
,,,4.2036E-06,0.0208157896995544,0.197942995931953,
,,,4.2038E-06,-0.0461298227310181,0.197440903866664,
,,,4.204E-06,0.087761402130127,0.196604083757848,
,,,4.2042E-06,0.087761402130127,0.197440903866664,
,,,4.2044E-06,0.087761402130127,0.196938811801374,
,,,4.2046E-06,0.0208157896995544,0.197440903866664,
,,,4.2048E-06,-0.0461298227310181,0.1972735398449,
,,,4.205E-06,0.087761402130127,0.197608267888427,
,,,4.2052E-06,-0.0461298227310181,0.196604083757848,
,,,4.2054E-06,-0.113075435161591,0.1972735398449,
,,,4.2056E-06,0.087761402130127,0.197106175823137,
,,,4.2058E-06,-0.0461298227310181,0.197106175823137,
,,,4.206E-06,0.0208157896995544,0.197106175823137,
,,,4.2062E-06,0.087761402130127,0.19827772397548,
,,,4.2064E-06,0.0208157896995544,0.197608267888427,
,,,4.2066E-06,-0.113075435161591,0.197440903866664,
,,,4.2068E-06,0.0208157896995544,0.197440903866664,
,,,4.207E-06,0.0208157896995544,0.197440903866664,
,,,4.2072E-06,-0.0461298227310181,0.196938811801374,
,,,4.2074E-06,0.0208157896995544,0.197942995931953,
,,,4.2076E-06,0.0208157896995544,0.19777563191019,
,,,4.2078E-06,-0.0461298227310181,0.198110359953716,
,,,4.208E-06,0.087761402130127,0.197106175823137,
,,,4.2082E-06,-0.0461298227310181,0.1972735398449,
,,,4.2084E-06,-0.0461298227310181,0.197608267888427,
,,,4.2086E-06,0.0208157896995544,0.198110359953716,
,,,4.2088E-06,0.0208157896995544,0.19777563191019,
,,,4.209E-06,-0.0461298227310181,0.197942995931953,
,,,4.2092E-06,0.0208157896995544,0.198110359953716,
,,,4.2094E-06,0.0208157896995544,0.197942995931953,
,,,4.2096E-06,0.087761402130127,0.19777563191019,
,,,4.2098E-06,-0.0461298227310181,0.198612452019006,
,,,4.21E-06,-0.0461298227310181,0.198612452019006,
,,,4.2102E-06,0.0208157896995544,0.198612452019006,
,,,4.2104E-06,0.087761402130127,0.19827772397548,
,,,4.2106E-06,0.0208157896995544,0.198445087997243,
,,,4.2108E-06,0.087761402130127,0.198445087997243,
,,,4.211E-06,0.0208157896995544,0.198612452019006,
,,,4.2112E-06,-0.0461298227310181,0.19827772397548,
,,,4.2114E-06,0.087761402130127,0.199114544084296,
,,,4.2116E-06,-0.113075435161591,0.19827772397548,
,,,4.2118E-06,0.0208157896995544,0.197942995931953,
,,,4.212E-06,0.0208157896995544,0.198110359953716,
,,,4.2122E-06,-0.0461298227310181,0.198110359953716,
,,,4.2124E-06,0.0208157896995544,0.19777563191019,
,,,4.2126E-06,0.0208157896995544,0.197942995931953,
,,,4.2128E-06,0.0208157896995544,0.197608267888427,
,,,4.213E-06,-0.0461298227310181,0.198110359953716,
,,,4.2132E-06,0.087761402130127,0.1972735398449,
,,,4.2134E-06,0.0208157896995544,0.19777563191019,
,,,4.2136E-06,-0.0461298227310181,0.197608267888427,
,,,4.2138E-06,0.0208157896995544,0.1972735398449,
,,,4.214E-06,0.0208157896995544,0.197440903866664,
,,,4.2142E-06,-0.0461298227310181,0.197942995931953,
,,,4.2144E-06,0.087761402130127,0.197106175823137,
,,,4.2146E-06,-0.0461298227310181,0.196938811801374,
,,,4.2148E-06,-0.0461298227310181,0.1972735398449,
,,,4.215E-06,0.0208157896995544,0.19777563191019,
,,,4.2152E-06,0.0208157896995544,0.196604083757848,
,,,4.2154E-06,-0.0461298227310181,0.196938811801374,
,,,4.2156E-06,0.0208157896995544,0.1972735398449,
,,,4.2158E-06,-0.0461298227310181,0.196771447779611,
,,,4.216E-06,0.0208157896995544,0.197440903866664,
,,,4.2162E-06,-0.0461298227310181,0.1972735398449,
,,,4.2164E-06,-0.0461298227310181,0.196938811801374,
,,,4.2166E-06,-0.0461298227310181,0.196269355714321,
,,,4.2168E-06,0.087761402130127,0.196938811801374,
,,,4.217E-06,0.0208157896995544,0.197608267888427,
,,,4.2172E-06,0.087761402130127,0.197440903866664,
,,,4.2174E-06,0.087761402130127,0.196771447779611,
,,,4.2176E-06,0.0208157896995544,0.197608267888427,
,,,4.2178E-06,0.087761402130127,0.198110359953716,
,,,4.218E-06,-0.0461298227310181,0.197608267888427,
,,,4.2182E-06,0.087761402130127,0.197608267888427,
,,,4.2184E-06,0.087761402130127,0.198445087997243,
,,,4.2186E-06,-0.0461298227310181,0.1972735398449,
,,,4.2188E-06,-0.113075435161591,0.197608267888427,
,,,4.219E-06,0.087761402130127,0.19777563191019,
,,,4.2192E-06,0.0208157896995544,0.197942995931953,
,,,4.2194E-06,-0.0461298227310181,0.197440903866664,
,,,4.2196E-06,0.087761402130127,0.19827772397548,
,,,4.2198E-06,0.0208157896995544,0.198445087997243,
,,,4.22E-06,-0.0461298227310181,0.19777563191019,
,,,4.2202E-06,-0.0461298227310181,0.198612452019006,
,,,4.2204E-06,0.0208157896995544,0.197942995931953,
,,,4.2206E-06,0.0208157896995544,0.197942995931953,
,,,4.2208E-06,0.0208157896995544,0.19777563191019,
,,,4.221E-06,-0.0461298227310181,0.1972735398449,
,,,4.2212E-06,0.0208157896995544,0.197106175823137,
,,,4.2214E-06,-0.0461298227310181,0.197942995931953,
,,,4.2216E-06,-0.0461298227310181,0.197106175823137,
,,,4.2218E-06,0.0208157896995544,0.19827772397548,
,,,4.222E-06,0.0208157896995544,0.197608267888427,
,,,4.2222E-06,-0.0461298227310181,0.197440903866664,
,,,4.2224E-06,0.087761402130127,0.197440903866664,
,,,4.2226E-06,0.087761402130127,0.19777563191019,
,,,4.2228E-06,-0.0461298227310181,0.197440903866664,
,,,4.223E-06,-0.0461298227310181,0.1972735398449,
,,,4.2232E-06,0.154707014560699,0.197106175823137,
,,,4.2234E-06,0.087761402130127,0.197440903866664,
,,,4.2236E-06,0.0208157896995544,0.197106175823137,
,,,4.2238E-06,0.0208157896995544,0.197440903866664,
,,,4.224E-06,0.0208157896995544,0.197608267888427,
,,,4.2242E-06,0.087761402130127,0.1972735398449,
,,,4.2244E-06,-0.0461298227310181,0.197106175823137,
,,,4.2246E-06,0.0208157896995544,0.196771447779611,
,,,4.2248E-06,0.087761402130127,0.196771447779611,
,,,4.225E-06,-0.0461298227310181,0.196101991692558,
,,,4.2252E-06,-0.0461298227310181,0.196436719736084,
,,,4.2254E-06,0.0208157896995544,0.196938811801374,
,,,4.2256E-06,0.087761402130127,0.195934627670795,
,,,4.2258E-06,0.0208157896995544,0.196938811801374,
,,,4.226E-06,0.087761402130127,0.196436719736084,
,,,4.2262E-06,-0.0461298227310181,0.195934627670795,
,,,4.2264E-06,-0.0461298227310181,0.196269355714321,
,,,4.2266E-06,0.0208157896995544,0.1972735398449,
,,,4.2268E-06,-0.113075435161591,0.197106175823137,
,,,4.227E-06,-0.0461298227310181,0.196938811801374,
,,,4.2272E-06,0.154707014560699,0.196771447779611,
,,,4.2274E-06,-0.113075435161591,0.196269355714321,
,,,4.2276E-06,-0.0461298227310181,0.196269355714321,
,,,4.2278E-06,0.087761402130127,0.196938811801374,
,,,4.228E-06,0.0208157896995544,0.196771447779611,
,,,4.2282E-06,-0.113075435161591,0.197106175823137,
,,,4.2284E-06,0.0208157896995544,0.197440903866664,
,,,4.2286E-06,0.0208157896995544,0.197106175823137,
,,,4.2288E-06,-0.113075435161591,0.196771447779611,
,,,4.229E-06,0.087761402130127,0.197608267888427,
,,,4.2292E-06,0.0208157896995544,0.197440903866664,
,,,4.2294E-06,-0.0461298227310181,0.196938811801374,
,,,4.2296E-06,0.0208157896995544,0.1972735398449,
,,,4.2298E-06,0.087761402130127,0.197608267888427,
,,,4.23E-06,0.0208157896995544,0.197106175823137,
,,,4.2302E-06,0.0208157896995544,0.197440903866664,
,,,4.2304E-06,0.0208157896995544,0.1972735398449,
,,,4.2306E-06,0.087761402130127,0.1972735398449,
,,,4.2308E-06,0.0208157896995544,0.196604083757848,
,,,4.231E-06,-0.0461298227310181,0.196436719736084,
,,,4.2312E-06,0.0208157896995544,0.196604083757848,
,,,4.2314E-06,-0.0461298227310181,0.196938811801374,
,,,4.2316E-06,0.087761402130127,0.196938811801374,
,,,4.2318E-06,-0.0461298227310181,0.196771447779611,
,,,4.232E-06,0.087761402130127,0.196269355714321,
,,,4.2322E-06,-0.0461298227310181,0.196604083757848,
,,,4.2324E-06,0.087761402130127,0.195934627670795,
,,,4.2326E-06,0.0208157896995544,0.196101991692558,
,,,4.2328E-06,-0.113075435161591,0.195767263649032,
,,,4.233E-06,-0.0461298227310181,0.196269355714321,
,,,4.2332E-06,0.0208157896995544,0.195767263649032,
,,,4.2334E-06,-0.0461298227310181,0.195934627670795,
,,,4.2336E-06,0.0208157896995544,0.196269355714321,
,,,4.2338E-06,-0.0461298227310181,0.195432535605505,
,,,4.234E-06,0.0208157896995544,0.196101991692558,
,,,4.2342E-06,-0.113075435161591,0.195934627670795,
,,,4.2344E-06,0.0208157896995544,0.195432535605505,
,,,4.2346E-06,-0.0461298227310181,0.195599899627268,
,,,4.2348E-06,-0.0461298227310181,0.195934627670795,
,,,4.235E-06,-0.0461298227310181,0.196101991692558,
,,,4.2352E-06,0.0208157896995544,0.195934627670795,
,,,4.2354E-06,-0.113075435161591,0.196269355714321,
,,,4.2356E-06,0.0208157896995544,0.196436719736084,
,,,4.2358E-06,0.0208157896995544,0.196436719736084,
,,,4.236E-06,0.087761402130127,0.196101991692558,
,,,4.2362E-06,-0.0461298227310181,0.196269355714321,
,,,4.2364E-06,0.0208157896995544,0.196604083757848,
,,,4.2366E-06,0.0208157896995544,0.196269355714321,
,,,4.2368E-06,0.0208157896995544,0.196101991692558,
,,,4.237E-06,0.0208157896995544,0.196771447779611,
,,,4.2372E-06,-0.0461298227310181,0.196604083757848,
,,,4.2374E-06,-0.0461298227310181,0.196604083757848,
,,,4.2376E-06,0.154707014560699,0.196604083757848,
,,,4.2378E-06,-0.0461298227310181,0.196938811801374,
,,,4.238E-06,0.0208157896995544,0.197440903866664,
,,,4.2382E-06,0.0208157896995544,0.197106175823137,
,,,4.2384E-06,0.087761402130127,0.197608267888427,
,,,4.2386E-06,0.0208157896995544,0.196938811801374,
,,,4.2388E-06,0.0208157896995544,0.1972735398449,
,,,4.239E-06,0.0208157896995544,0.196938811801374,
,,,4.2392E-06,-0.0461298227310181,0.19777563191019,
,,,4.2394E-06,-0.0461298227310181,0.198110359953716,
,,,4.2396E-06,0.0208157896995544,0.197440903866664,
,,,4.2398E-06,-0.0461298227310181,0.197608267888427,
,,,4.24E-06,0.087761402130127,0.197106175823137,
,,,4.2402E-06,-0.0461298227310181,0.1972735398449,
,,,4.2404E-06,0.0208157896995544,0.197440903866664,
,,,4.2406E-06,0.0208157896995544,0.197942995931953,
,,,4.2408E-06,-0.0461298227310181,0.197106175823137,
,,,4.241E-06,-0.0461298227310181,0.197608267888427,
,,,4.2412E-06,0.0208157896995544,0.19777563191019,
,,,4.2414E-06,-0.113075435161591,0.197106175823137,
,,,4.2416E-06,0.0208157896995544,0.197608267888427,
,,,4.2418E-06,0.0208157896995544,0.1972735398449,
,,,4.242E-06,-0.0461298227310181,0.197440903866664,
,,,4.2422E-06,-0.0461298227310181,0.197440903866664,
,,,4.2424E-06,0.0208157896995544,0.197608267888427,
,,,4.2426E-06,-0.0461298227310181,0.1972735398449,
,,,4.2428E-06,0.087761402130127,0.197106175823137,
,,,4.243E-06,0.087761402130127,0.196771447779611,
,,,4.2432E-06,-0.0461298227310181,0.197106175823137,
,,,4.2434E-06,0.087761402130127,0.196771447779611,
,,,4.2436E-06,-0.113075435161591,0.1972735398449,
,,,4.2438E-06,0.0208157896995544,0.196771447779611,
,,,4.244E-06,0.087761402130127,0.196938811801374,
,,,4.2442E-06,0.0208157896995544,0.197608267888427,
,,,4.2444E-06,-0.0461298227310181,0.1972735398449,
,,,4.2446E-06,0.0208157896995544,0.197106175823137,
,,,4.2448E-06,0.087761402130127,0.197106175823137,
,,,4.245E-06,-0.0461298227310181,0.197608267888427,
,,,4.2452E-06,0.0208157896995544,0.196436719736084,
,,,4.2454E-06,0.0208157896995544,0.197440903866664,
,,,4.2456E-06,-0.0461298227310181,0.197106175823137,
,,,4.2458E-06,-0.0461298227310181,0.197942995931953,
,,,4.246E-06,0.0208157896995544,0.197608267888427,
,,,4.2462E-06,0.0208157896995544,0.197608267888427,
,,,4.2464E-06,0.087761402130127,0.198445087997243,
,,,4.2466E-06,-0.0461298227310181,0.198110359953716,
,,,4.2468E-06,-0.0461298227310181,0.197106175823137,
,,,4.247E-06,0.087761402130127,0.19777563191019,
,,,4.2472E-06,0.0208157896995544,0.198110359953716,
,,,4.2474E-06,-0.0461298227310181,0.198110359953716,
,,,4.2476E-06,0.0208157896995544,0.198110359953716,
,,,4.2478E-06,0.0208157896995544,0.197942995931953,
,,,4.248E-06,0.0208157896995544,0.19827772397548,
,,,4.2482E-06,-0.0461298227310181,0.198947180062532,
,,,4.2484E-06,0.0208157896995544,0.198612452019006,
,,,4.2486E-06,-0.0461298227310181,0.197608267888427,
,,,4.2488E-06,0.087761402130127,0.198110359953716,
,,,4.249E-06,0.0208157896995544,0.19827772397548,
,,,4.2492E-06,0.0208157896995544,0.197440903866664,
,,,4.2494E-06,0.0208157896995544,0.198445087997243,
,,,4.2496E-06,0.0208157896995544,0.197608267888427,
,,,4.2498E-06,0.0208157896995544,0.197608267888427,
,,,4.25E-06,-0.0461298227310181,0.198110359953716,
,,,4.2502E-06,0.0208157896995544,0.197608267888427,
,,,4.2504E-06,0.087761402130127,0.19777563191019,
,,,4.2506E-06,-0.0461298227310181,0.197440903866664,
,,,4.2508E-06,0.0208157896995544,0.197942995931953,
,,,4.251E-06,-0.0461298227310181,0.1972735398449,
,,,4.2512E-06,-0.0461298227310181,0.197106175823137,
,,,4.2514E-06,-0.0461298227310181,0.198110359953716,
,,,4.2516E-06,-0.0461298227310181,0.197608267888427,
,,,4.2518E-06,0.0208157896995544,0.1972735398449,
,,,4.252E-06,0.0208157896995544,0.19777563191019,
,,,4.2522E-06,-0.113075435161591,0.196604083757848,
,,,4.2524E-06,-0.0461298227310181,0.197608267888427,
,,,4.2526E-06,-0.0461298227310181,0.197440903866664,
,,,4.2528E-06,0.087761402130127,0.1972735398449,
,,,4.253E-06,-0.113075435161591,0.197106175823137,
,,,4.2532E-06,-0.0461298227310181,0.1972735398449,
,,,4.2534E-06,0.0208157896995544,0.198110359953716,
,,,4.2536E-06,0.0208157896995544,0.197440903866664,
,,,4.2538E-06,0.087761402130127,0.19777563191019,
,,,4.254E-06,-0.0461298227310181,0.197942995931953,
,,,4.2542E-06,0.0208157896995544,0.19777563191019,
,,,4.2544E-06,0.0208157896995544,0.19777563191019,
,,,4.2546E-06,0.087761402130127,0.197942995931953,
,,,4.2548E-06,-0.0461298227310181,0.197942995931953,
,,,4.255E-06,-0.113075435161591,0.197942995931953,
,,,4.2552E-06,0.087761402130127,0.198110359953716,
,,,4.2554E-06,0.0208157896995544,0.198779816040769,
,,,4.2556E-06,0.087761402130127,0.19827772397548,
,,,4.2558E-06,0.0208157896995544,0.19827772397548,
,,,4.256E-06,-0.0461298227310181,0.198110359953716,
,,,4.2562E-06,0.087761402130127,0.199449272127822,
,,,4.2564E-06,0.0208157896995544,0.198947180062532,
,,,4.2566E-06,-0.0461298227310181,0.198947180062532,
,,,4.2568E-06,0.0208157896995544,0.199616636149585,
,,,4.257E-06,-0.0461298227310181,0.198612452019006,
,,,4.2572E-06,0.0208157896995544,0.198779816040769,
,,,4.2574E-06,0.087761402130127,0.199114544084296,
,,,4.2576E-06,0.0208157896995544,0.198947180062532,
,,,4.2578E-06,0.0208157896995544,0.199114544084296,
,,,4.258E-06,0.087761402130127,0.198612452019006,
,,,4.2582E-06,-0.0461298227310181,0.199114544084296,
,,,4.2584E-06,-0.0461298227310181,0.198779816040769,
,,,4.2586E-06,0.0208157896995544,0.198612452019006,
,,,4.2588E-06,0.0208157896995544,0.199114544084296,
,,,4.259E-06,-0.0461298227310181,0.198947180062532,
,,,4.2592E-06,0.0208157896995544,0.198947180062532,
,,,4.2594E-06,-0.0461298227310181,0.198779816040769,
,,,4.2596E-06,-0.0461298227310181,0.198445087997243,
,,,4.2598E-06,0.087761402130127,0.199449272127822,
,,,4.26E-06,0.0208157896995544,0.19827772397548,
,,,4.2602E-06,-0.0461298227310181,0.198779816040769,
,,,4.2604E-06,0.087761402130127,0.19827772397548,
,,,4.2606E-06,0.087761402130127,0.198779816040769,
,,,4.2608E-06,-0.0461298227310181,0.19777563191019,
,,,4.261E-06,0.0208157896995544,0.198947180062532,
,,,4.2612E-06,0.0208157896995544,0.199449272127822,
,,,4.2614E-06,-0.0461298227310181,0.198612452019006,
,,,4.2616E-06,0.0208157896995544,0.198110359953716,
,,,4.2618E-06,0.087761402130127,0.198612452019006,
,,,4.262E-06,0.154707014560699,0.198612452019006,
,,,4.2622E-06,-0.0461298227310181,0.198445087997243,
,,,4.2624E-06,0.0208157896995544,0.19827772397548,
,,,4.2626E-06,0.0208157896995544,0.197942995931953,
,,,4.2628E-06,0.0208157896995544,0.198779816040769,
,,,4.263E-06,-0.0461298227310181,0.198779816040769,
,,,4.2632E-06,0.087761402130127,0.197942995931953,
,,,4.2634E-06,-0.0461298227310181,0.198110359953716,
,,,4.2636E-06,0.0208157896995544,0.198612452019006,
,,,4.2638E-06,0.0208157896995544,0.198612452019006,
,,,4.264E-06,0.154707014560699,0.197942995931953,
,,,4.2642E-06,0.0208157896995544,0.199114544084296,
,,,4.2644E-06,-0.0461298227310181,0.198445087997243,
,,,4.2646E-06,-0.0461298227310181,0.198612452019006,
,,,4.2648E-06,0.0208157896995544,0.199114544084296,
,,,4.265E-06,0.0208157896995544,0.198947180062532,
,,,4.2652E-06,0.0208157896995544,0.19827772397548,
,,,4.2654E-06,0.0208157896995544,0.198779816040769,
,,,4.2656E-06,-0.0461298227310181,0.198779816040769,
,,,4.2658E-06,-0.0461298227310181,0.198445087997243,
,,,4.266E-06,0.087761402130127,0.197942995931953,
,,,4.2662E-06,0.0208157896995544,0.197942995931953,
,,,4.2664E-06,0.0208157896995544,0.198779816040769,
,,,4.2666E-06,-0.0461298227310181,0.19827772397548,
,,,4.2668E-06,0.0208157896995544,0.198779816040769,
,,,4.267E-06,0.0208157896995544,0.199616636149585,
,,,4.2672E-06,0.0208157896995544,0.198110359953716,
,,,4.2674E-06,-0.113075435161591,0.198445087997243,
,,,4.2676E-06,0.087761402130127,0.198612452019006,
,,,4.2678E-06,0.0208157896995544,0.198779816040769,
,,,4.268E-06,0.0208157896995544,0.198612452019006,
,,,4.2682E-06,0.0208157896995544,0.198947180062532,
,,,4.2684E-06,0.087761402130127,0.198779816040769,
,,,4.2686E-06,0.0208157896995544,0.198779816040769,
,,,4.2688E-06,0.0208157896995544,0.197942995931953,
,,,4.269E-06,0.0208157896995544,0.198110359953716,
,,,4.2692E-06,0.0208157896995544,0.198110359953716,
,,,4.2694E-06,0.0208157896995544,0.198445087997243,
,,,4.2696E-06,0.0208157896995544,0.198947180062532,
,,,4.2698E-06,-0.0461298227310181,0.19827772397548,
,,,4.27E-06,-0.0461298227310181,0.198445087997243,
,,,4.2702E-06,0.0208157896995544,0.19827772397548,
,,,4.2704E-06,0.154707014560699,0.19827772397548,
,,,4.2706E-06,0.0208157896995544,0.19827772397548,
,,,4.2708E-06,0.087761402130127,0.198947180062532,
,,,4.271E-06,-0.0461298227310181,0.19827772397548,
,,,4.2712E-06,0.0208157896995544,0.198445087997243,
,,,4.2714E-06,0.0208157896995544,0.19777563191019,
,,,4.2716E-06,-0.113075435161591,0.197106175823137,
,,,4.2718E-06,0.0208157896995544,0.198445087997243,
,,,4.272E-06,0.087761402130127,0.198445087997243,
,,,4.2722E-06,-0.113075435161591,0.198779816040769,
,,,4.2724E-06,0.087761402130127,0.197942995931953,
,,,4.2726E-06,0.0208157896995544,0.198947180062532,
,,,4.2728E-06,-0.0461298227310181,0.198947180062532,
,,,4.273E-06,0.0208157896995544,0.19827772397548,
,,,4.2732E-06,0.087761402130127,0.198445087997243,
,,,4.2734E-06,-0.0461298227310181,0.198612452019006,
,,,4.2736E-06,0.0208157896995544,0.198110359953716,
,,,4.2738E-06,-0.0461298227310181,0.19827772397548,
,,,4.274E-06,-0.0461298227310181,0.198779816040769,
,,,4.2742E-06,-0.0461298227310181,0.198445087997243,
,,,4.2744E-06,0.087761402130127,0.198779816040769,
,,,4.2746E-06,0.0208157896995544,0.19827772397548,
,,,4.2748E-06,0.0208157896995544,0.198612452019006,
,,,4.275E-06,0.0208157896995544,0.19777563191019,
,,,4.2752E-06,0.087761402130127,0.198612452019006,
,,,4.2754E-06,0.0208157896995544,0.198779816040769,
,,,4.2756E-06,-0.113075435161591,0.198445087997243,
,,,4.2758E-06,0.087761402130127,0.19827772397548,
,,,4.276E-06,0.0208157896995544,0.198445087997243,
,,,4.2762E-06,-0.0461298227310181,0.198779816040769,
,,,4.2764E-06,0.0208157896995544,0.19827772397548,
,,,4.2766E-06,0.0208157896995544,0.198947180062532,
,,,4.2768E-06,0.087761402130127,0.197608267888427,
,,,4.277E-06,-0.113075435161591,0.198445087997243,
,,,4.2772E-06,0.0208157896995544,0.198612452019006,
,,,4.2774E-06,0.0208157896995544,0.19827772397548,
,,,4.2776E-06,-0.0461298227310181,0.198110359953716,
,,,4.2778E-06,-0.113075435161591,0.197440903866664,
,,,4.278E-06,-0.0461298227310181,0.1972735398449,
,,,4.2782E-06,-0.0461298227310181,0.1972735398449,
,,,4.2784E-06,0.087761402130127,0.197608267888427,
,,,4.2786E-06,-0.113075435161591,0.197440903866664,
,,,4.2788E-06,0.0208157896995544,0.19777563191019,
,,,4.279E-06,0.0208157896995544,0.197608267888427,
,,,4.2792E-06,0.0208157896995544,0.197106175823137,
,,,4.2794E-06,-0.0461298227310181,0.196938811801374,
,,,4.2796E-06,-0.0461298227310181,0.197608267888427,
,,,4.2798E-06,-0.0461298227310181,0.197440903866664,
,,,4.28E-06,0.0208157896995544,0.197106175823137,
,,,4.2802E-06,-0.113075435161591,0.19777563191019,
,,,4.2804E-06,0.0208157896995544,0.1972735398449,
,,,4.2806E-06,-0.0461298227310181,0.196771447779611,
,,,4.2808E-06,0.087761402130127,0.197608267888427,
,,,4.281E-06,0.087761402130127,0.1972735398449,
,,,4.2812E-06,0.087761402130127,0.197440903866664,
,,,4.2814E-06,0.087761402130127,0.1972735398449,
,,,4.2816E-06,0.0208157896995544,0.196771447779611,
,,,4.2818E-06,0.087761402130127,0.197942995931953,
,,,4.282E-06,0.0208157896995544,0.197440903866664,
,,,4.2822E-06,0.087761402130127,0.197608267888427,
,,,4.2824E-06,0.0208157896995544,0.196771447779611,
,,,4.2826E-06,-0.0461298227310181,0.1972735398449,
,,,4.2828E-06,0.0208157896995544,0.197608267888427,
,,,4.283E-06,0.0208157896995544,0.196771447779611,
,,,4.2832E-06,0.154707014560699,0.196604083757848,
,,,4.2834E-06,-0.0461298227310181,0.197106175823137,
,,,4.2836E-06,0.0208157896995544,0.196771447779611,
,,,4.2838E-06,-0.0461298227310181,0.196771447779611,
,,,4.284E-06,-0.0461298227310181,0.196604083757848,
,,,4.2842E-06,0.0208157896995544,0.197106175823137,
,,,4.2844E-06,0.0208157896995544,0.1972735398449,
,,,4.2846E-06,0.0208157896995544,0.196938811801374,
,,,4.2848E-06,0.087761402130127,0.196771447779611,
,,,4.285E-06,-0.180021047592163,0.196771447779611,
,,,4.2852E-06,0.0208157896995544,0.197106175823137,
,,,4.2854E-06,0.087761402130127,0.197106175823137,
,,,4.2856E-06,0.0208157896995544,0.1972735398449,
,,,4.2858E-06,-0.113075435161591,0.1972735398449,
,,,4.286E-06,0.0208157896995544,0.196604083757848,
,,,4.2862E-06,0.0208157896995544,0.196604083757848,
,,,4.2864E-06,-0.113075435161591,0.197106175823137,
,,,4.2866E-06,0.0208157896995544,0.19777563191019,
,,,4.2868E-06,-0.0461298227310181,0.196604083757848,
,,,4.287E-06,-0.0461298227310181,0.196938811801374,
,,,4.2872E-06,0.087761402130127,0.197440903866664,
,,,4.2874E-06,0.087761402130127,0.196436719736084,
,,,4.2876E-06,0.0208157896995544,0.196771447779611,
,,,4.2878E-06,0.087761402130127,0.196771447779611,
,,,4.288E-06,0.0208157896995544,0.196269355714321,
,,,4.2882E-06,0.0208157896995544,0.196938811801374,
,,,4.2884E-06,-0.0461298227310181,0.196771447779611,
,,,4.2886E-06,-0.0461298227310181,0.196771447779611,
,,,4.2888E-06,0.0208157896995544,0.196938811801374,
,,,4.289E-06,-0.0461298227310181,0.196938811801374,
,,,4.2892E-06,0.0208157896995544,0.196436719736084,
,,,4.2894E-06,0.0208157896995544,0.196604083757848,
,,,4.2896E-06,0.154707014560699,0.197106175823137,
,,,4.2898E-06,-0.0461298227310181,0.197106175823137,
,,,4.29E-06,0.087761402130127,0.196436719736084,
,,,4.2902E-06,0.0208157896995544,0.196771447779611,
,,,4.2904E-06,-0.0461298227310181,0.196938811801374,
,,,4.2906E-06,-0.0461298227310181,0.196771447779611,
,,,4.2908E-06,0.0208157896995544,0.196269355714321,
,,,4.291E-06,0.0208157896995544,0.196604083757848,
,,,4.2912E-06,0.087761402130127,0.197106175823137,
,,,4.2914E-06,-0.113075435161591,0.195934627670795,
,,,4.2916E-06,0.0208157896995544,0.196269355714321,
,,,4.2918E-06,0.154707014560699,0.196436719736084,
,,,4.292E-06,0.0208157896995544,0.196269355714321,
,,,4.2922E-06,-0.0461298227310181,0.196938811801374,
,,,4.2924E-06,0.0208157896995544,0.196771447779611,
,,,4.2926E-06,-0.0461298227310181,0.1972735398449,
,,,4.2928E-06,0.087761402130127,0.196938811801374,
,,,4.293E-06,-0.0461298227310181,0.196436719736084,
,,,4.2932E-06,0.0208157896995544,0.196101991692558,
,,,4.2934E-06,-0.0461298227310181,0.196101991692558,
,,,4.2936E-06,0.087761402130127,0.196101991692558,
,,,4.2938E-06,0.0208157896995544,0.196604083757848,
,,,4.294E-06,0.0208157896995544,0.196604083757848,
,,,4.2942E-06,0.087761402130127,0.195934627670795,
,,,4.2944E-06,-0.0461298227310181,0.196269355714321,
,,,4.2946E-06,0.087761402130127,0.196436719736084,
,,,4.2948E-06,-0.0461298227310181,0.196101991692558,
,,,4.295E-06,0.154707014560699,0.195265171583742,
,,,4.2952E-06,0.0208157896995544,0.194763079518452,
,,,4.2954E-06,-0.0461298227310181,0.195599899627268,
,,,4.2956E-06,0.0208157896995544,0.195432535605505,
,,,4.2958E-06,0.0208157896995544,0.195432535605505,
,,,4.296E-06,0.0208157896995544,0.195097807561979,
,,,4.2962E-06,-0.0461298227310181,0.195265171583742,
,,,4.2964E-06,0.154707014560699,0.195097807561979,
,,,4.2966E-06,0.0208157896995544,0.194930443540215,
,,,4.2968E-06,-0.0461298227310181,0.195265171583742,
,,,4.297E-06,0.0208157896995544,0.195432535605505,
,,,4.2972E-06,0.0208157896995544,0.194930443540215,
,,,4.2974E-06,0.087761402130127,0.194930443540215,
,,,4.2976E-06,-0.0461298227310181,0.194930443540215,
,,,4.2978E-06,-0.113075435161591,0.194930443540215,
,,,4.298E-06,0.0208157896995544,0.194763079518452,
,,,4.2982E-06,-0.113075435161591,0.195097807561979,
,,,4.2984E-06,0.0208157896995544,0.194763079518452,
,,,4.2986E-06,-0.0461298227310181,0.195599899627268,
,,,4.2988E-06,0.087761402130127,0.195432535605505,
,,,4.299E-06,-0.0461298227310181,0.194930443540215,
,,,4.2992E-06,0.0208157896995544,0.194763079518452,
,,,4.2994E-06,-0.0461298227310181,0.195265171583742,
,,,4.2996E-06,-0.0461298227310181,0.195432535605505,
,,,4.2998E-06,-0.0461298227310181,0.195097807561979,
,,,4.3E-06,0.087761402130127,0.194428351474926,
,,,4.3002E-06,0.087761402130127,0.194930443540215,
,,,4.3004E-06,0.0208157896995544,0.194763079518452,
,,,4.3006E-06,0.0208157896995544,0.195265171583742,
,,,4.3008E-06,-0.0461298227310181,0.195265171583742,
,,,4.301E-06,0.0208157896995544,0.195432535605505,
,,,4.3012E-06,-0.0461298227310181,0.195097807561979,
,,,4.3014E-06,-0.0461298227310181,0.194093623431399,
,,,4.3016E-06,0.0208157896995544,0.195934627670795,
,,,4.3018E-06,0.087761402130127,0.194930443540215,
,,,4.302E-06,0.0208157896995544,0.195432535605505,
,,,4.3022E-06,0.0208157896995544,0.194930443540215,
,,,4.3024E-06,0.0208157896995544,0.195432535605505,
,,,4.3026E-06,-0.0461298227310181,0.195432535605505,
,,,4.3028E-06,0.0208157896995544,0.195934627670795,
,,,4.303E-06,-0.0461298227310181,0.195934627670795,
,,,4.3032E-06,0.0208157896995544,0.196269355714321,
,,,4.3034E-06,-0.0461298227310181,0.195432535605505,
,,,4.3036E-06,0.0208157896995544,0.196269355714321,
,,,4.3038E-06,0.0208157896995544,0.195432535605505,
,,,4.304E-06,0.0208157896995544,0.196604083757848,
,,,4.3042E-06,-0.0461298227310181,0.195934627670795,
,,,4.3044E-06,0.0208157896995544,0.196269355714321,
,,,4.3046E-06,0.087761402130127,0.196436719736084,
,,,4.3048E-06,-0.0461298227310181,0.195934627670795,
,,,4.305E-06,-0.0461298227310181,0.196269355714321,
,,,4.3052E-06,-0.0461298227310181,0.196436719736084,
,,,4.3054E-06,-0.0461298227310181,0.196436719736084,
,,,4.3056E-06,-0.0461298227310181,0.196269355714321,
,,,4.3058E-06,-0.0461298227310181,0.196436719736084,
,,,4.306E-06,0.0208157896995544,0.195767263649032,
,,,4.3062E-06,-0.0461298227310181,0.196938811801374,
,,,4.3064E-06,0.0208157896995544,0.196938811801374,
,,,4.3066E-06,0.087761402130127,0.196604083757848,
,,,4.3068E-06,0.087761402130127,0.196938811801374,
,,,4.307E-06,-0.0461298227310181,0.196771447779611,
,,,4.3072E-06,-0.0461298227310181,0.196101991692558,
,,,4.3074E-06,0.0208157896995544,0.196604083757848,
,,,4.3076E-06,-0.0461298227310181,0.1972735398449,
,,,4.3078E-06,0.087761402130127,0.196604083757848,
,,,4.308E-06,0.0208157896995544,0.196436719736084,
,,,4.3082E-06,0.0208157896995544,0.197106175823137,
,,,4.3084E-06,0.087761402130127,0.196938811801374,
,,,4.3086E-06,0.0208157896995544,0.196604083757848,
,,,4.3088E-06,-0.0461298227310181,0.196771447779611,
,,,4.309E-06,-0.0461298227310181,0.196938811801374,
,,,4.3092E-06,-0.0461298227310181,0.196436719736084,
,,,4.3094E-06,0.0208157896995544,0.196771447779611,
,,,4.3096E-06,-0.0461298227310181,0.195599899627268,
,,,4.3098E-06,-0.0461298227310181,0.196436719736084,
,,,4.31E-06,-0.0461298227310181,0.196771447779611,
,,,4.3102E-06,0.0208157896995544,0.195767263649032,
,,,4.3104E-06,0.0208157896995544,0.196604083757848,
,,,4.3106E-06,-0.0461298227310181,0.196436719736084,
,,,4.3108E-06,-0.0461298227310181,0.196101991692558,
,,,4.311E-06,0.0208157896995544,0.196771447779611,
,,,4.3112E-06,0.154707014560699,0.196436719736084,
,,,4.3114E-06,0.0208157896995544,0.196436719736084,
,,,4.3116E-06,-0.0461298227310181,0.196436719736084,
,,,4.3118E-06,0.0208157896995544,0.196604083757848,
,,,4.312E-06,0.0208157896995544,0.196771447779611,
,,,4.3122E-06,-0.0461298227310181,0.196269355714321,
,,,4.3124E-06,0.0208157896995544,0.196436719736084,
,,,4.3126E-06,-0.0461298227310181,0.196101991692558,
,,,4.3128E-06,0.0208157896995544,0.196269355714321,
,,,4.313E-06,0.0208157896995544,0.196436719736084,
,,,4.3132E-06,0.087761402130127,0.195934627670795,
,,,4.3134E-06,0.0208157896995544,0.196604083757848,
,,,4.3136E-06,0.0208157896995544,0.196604083757848,
,,,4.3138E-06,0.087761402130127,0.196269355714321,
,,,4.314E-06,0.0208157896995544,0.196101991692558,
,,,4.3142E-06,-0.0461298227310181,0.196101991692558,
,,,4.3144E-06,0.087761402130127,0.196604083757848,
,,,4.3146E-06,0.0208157896995544,0.195934627670795,
,,,4.3148E-06,-0.0461298227310181,0.196101991692558,
,,,4.315E-06,0.0208157896995544,0.196269355714321,
,,,4.3152E-06,0.0208157896995544,0.196101991692558,
,,,4.3154E-06,-0.0461298227310181,0.196771447779611,
,,,4.3156E-06,0.0208157896995544,0.196771447779611,
,,,4.3158E-06,0.087761402130127,0.196436719736084,
,,,4.316E-06,0.0208157896995544,0.195934627670795,
,,,4.3162E-06,0.0208157896995544,0.196604083757848,
,,,4.3164E-06,-0.0461298227310181,0.196604083757848,
,,,4.3166E-06,-0.0461298227310181,0.196771447779611,
,,,4.3168E-06,0.087761402130127,0.197440903866664,
,,,4.317E-06,-0.0461298227310181,0.196771447779611,
,,,4.3172E-06,-0.0461298227310181,0.197106175823137,
,,,4.3174E-06,0.0208157896995544,0.196604083757848,
,,,4.3176E-06,0.0208157896995544,0.196604083757848,
,,,4.3178E-06,-0.0461298227310181,0.196938811801374,
,,,4.318E-06,0.0208157896995544,0.197608267888427,
,,,4.3182E-06,-0.0461298227310181,0.196938811801374,
,,,4.3184E-06,0.0208157896995544,0.197106175823137,
,,,4.3186E-06,0.0208157896995544,0.196771447779611,
,,,4.3188E-06,-0.0461298227310181,0.196938811801374,
,,,4.319E-06,-0.0461298227310181,0.196604083757848,
,,,4.3192E-06,0.087761402130127,0.196269355714321,
,,,4.3194E-06,0.0208157896995544,0.196938811801374,
,,,4.3196E-06,0.087761402130127,0.197106175823137,
,,,4.3198E-06,0.0208157896995544,0.197440903866664,
,,,4.32E-06,-0.0461298227310181,0.196938811801374,
,,,4.3202E-06,0.154707014560699,0.196771447779611,
,,,4.3204E-06,0.0208157896995544,0.196604083757848,
,,,4.3206E-06,-0.0461298227310181,0.196604083757848,
,,,4.3208E-06,0.0208157896995544,0.197106175823137,
,,,4.321E-06,-0.0461298227310181,0.1972735398449,
,,,4.3212E-06,-0.113075435161591,0.197106175823137,
,,,4.3214E-06,0.087761402130127,0.197440903866664,
,,,4.3216E-06,0.0208157896995544,0.197106175823137,
,,,4.3218E-06,0.0208157896995544,0.1972735398449,
,,,4.322E-06,0.0208157896995544,0.196771447779611,
,,,4.3222E-06,0.0208157896995544,0.19777563191019,
,,,4.3224E-06,-0.0461298227310181,0.197106175823137,
,,,4.3226E-06,0.0208157896995544,0.197942995931953,
,,,4.3228E-06,0.0208157896995544,0.197608267888427,
,,,4.323E-06,-0.113075435161591,0.196771447779611,
,,,4.3232E-06,0.0208157896995544,0.197106175823137,
,,,4.3234E-06,0.0208157896995544,0.197106175823137,
,,,4.3236E-06,-0.0461298227310181,0.1972735398449,
,,,4.3238E-06,0.0208157896995544,0.1972735398449,
,,,4.324E-06,0.0208157896995544,0.197608267888427,
,,,4.3242E-06,-0.0461298227310181,0.197440903866664,
,,,4.3244E-06,-0.0461298227310181,0.196938811801374,
,,,4.3246E-06,-0.0461298227310181,0.196771447779611,
,,,4.3248E-06,0.0208157896995544,0.19777563191019,
,,,4.325E-06,0.0208157896995544,0.19777563191019,
,,,4.3252E-06,-0.0461298227310181,0.196938811801374,
,,,4.3254E-06,0.0208157896995544,0.1972735398449,
,,,4.3256E-06,0.154707014560699,0.197608267888427,
,,,4.3258E-06,0.0208157896995544,0.1972735398449,
,,,4.326E-06,0.154707014560699,0.197942995931953,
,,,4.3262E-06,0.087761402130127,0.19827772397548,
,,,4.3264E-06,0.0208157896995544,0.19777563191019,
,,,4.3266E-06,0.087761402130127,0.197106175823137,
,,,4.3268E-06,0.0208157896995544,0.197942995931953,
,,,4.327E-06,-0.0461298227310181,0.19777563191019,
,,,4.3272E-06,0.0208157896995544,0.1972735398449,
,,,4.3274E-06,0.0208157896995544,0.19827772397548,
,,,4.3276E-06,0.154707014560699,0.197608267888427,
,,,4.3278E-06,0.0208157896995544,0.1972735398449,
,,,4.328E-06,0.0208157896995544,0.19777563191019,
,,,4.3282E-06,0.0208157896995544,0.197942995931953,
,,,4.3284E-06,0.087761402130127,0.197608267888427,
,,,4.3286E-06,0.087761402130127,0.197942995931953,
,,,4.3288E-06,-0.0461298227310181,0.1972735398449,
,,,4.329E-06,0.0208157896995544,0.197608267888427,
,,,4.3292E-06,0.0208157896995544,0.197608267888427,
,,,4.3294E-06,-0.0461298227310181,0.197942995931953,
,,,4.3296E-06,0.087761402130127,0.197608267888427,
,,,4.3298E-06,-0.0461298227310181,0.1972735398449,
,,,4.33E-06,0.0208157896995544,0.198110359953716,
,,,4.3302E-06,0.154707014560699,0.196771447779611,
,,,4.3304E-06,0.0208157896995544,0.197440903866664,
,,,4.3306E-06,-0.113075435161591,0.197440903866664,
,,,4.3308E-06,0.0208157896995544,0.19777563191019,
,,,4.331E-06,-0.0461298227310181,0.19777563191019,
,,,4.3312E-06,-0.0461298227310181,0.197440903866664,
,,,4.3314E-06,0.0208157896995544,0.197608267888427,
,,,4.3316E-06,0.0208157896995544,0.197440903866664,
,,,4.3318E-06,-0.0461298227310181,0.196269355714321,
,,,4.332E-06,0.087761402130127,0.197440903866664,
,,,4.3322E-06,0.0208157896995544,0.19827772397548,
,,,4.3324E-06,0.154707014560699,0.197440903866664,
,,,4.3326E-06,0.0208157896995544,0.196604083757848,
,,,4.3328E-06,0.0208157896995544,0.197106175823137,
,,,4.333E-06,0.0208157896995544,0.197440903866664,
,,,4.3332E-06,0.0208157896995544,0.197106175823137,
,,,4.3334E-06,-0.0461298227310181,0.197106175823137,
,,,4.3336E-06,0.087761402130127,0.1972735398449,
,,,4.3338E-06,0.0208157896995544,0.196604083757848,
,,,4.334E-06,0.0208157896995544,0.197608267888427,
,,,4.3342E-06,0.087761402130127,0.197608267888427,
,,,4.3344E-06,0.087761402130127,0.19777563191019,
,,,4.3346E-06,0.087761402130127,0.19777563191019,
,,,4.3348E-06,-0.0461298227310181,0.1972735398449,
,,,4.335E-06,-0.0461298227310181,0.196771447779611,
,,,4.3352E-06,0.087761402130127,0.198110359953716,
,,,4.3354E-06,-0.0461298227310181,0.19777563191019,
,,,4.3356E-06,0.0208157896995544,0.196604083757848,
,,,4.3358E-06,0.087761402130127,0.197942995931953,
,,,4.336E-06,0.0208157896995544,0.197608267888427,
,,,4.3362E-06,-0.113075435161591,0.196938811801374,
,,,4.3364E-06,0.0208157896995544,0.197608267888427,
,,,4.3366E-06,0.087761402130127,0.197440903866664,
,,,4.3368E-06,0.0208157896995544,0.197106175823137,
,,,4.337E-06,-0.0461298227310181,0.1972735398449,
,,,4.3372E-06,0.0208157896995544,0.198110359953716,
,,,4.3374E-06,-0.0461298227310181,0.197440903866664,
,,,4.3376E-06,0.0208157896995544,0.197608267888427,
,,,4.3378E-06,-0.0461298227310181,0.19777563191019,
,,,4.338E-06,0.0208157896995544,0.197440903866664,
,,,4.3382E-06,0.0208157896995544,0.197440903866664,
,,,4.3384E-06,0.087761402130127,0.197440903866664,
,,,4.3386E-06,0.0208157896995544,0.197608267888427,
,,,4.3388E-06,0.0208157896995544,0.197106175823137,
,,,4.339E-06,0.087761402130127,0.196604083757848,
,,,4.3392E-06,0.0208157896995544,0.197608267888427,
,,,4.3394E-06,-0.0461298227310181,0.197608267888427,
,,,4.3396E-06,-0.0461298227310181,0.197106175823137,
,,,4.3398E-06,0.087761402130127,0.197106175823137,
,,,4.34E-06,0.0208157896995544,0.197106175823137,
,,,4.3402E-06,-0.113075435161591,0.1972735398449,
,,,4.3404E-06,0.087761402130127,0.197608267888427,
,,,4.3406E-06,-0.0461298227310181,0.197608267888427,
,,,4.3408E-06,0.087761402130127,0.1972735398449,
,,,4.341E-06,-0.0461298227310181,0.197440903866664,
,,,4.3412E-06,-0.113075435161591,0.197106175823137,
,,,4.3414E-06,0.0208157896995544,0.197106175823137,
,,,4.3416E-06,-0.113075435161591,0.1972735398449,
,,,4.3418E-06,0.0208157896995544,0.197440903866664,
,,,4.342E-06,-0.0461298227310181,0.196771447779611,
,,,4.3422E-06,0.0208157896995544,0.197608267888427,
,,,4.3424E-06,-0.0461298227310181,0.19777563191019,
,,,4.3426E-06,-0.0461298227310181,0.197440903866664,
,,,4.3428E-06,0.0208157896995544,0.197608267888427,
,,,4.343E-06,-0.0461298227310181,0.19777563191019,
,,,4.3432E-06,0.087761402130127,0.196938811801374,
,,,4.3434E-06,-0.113075435161591,0.19777563191019,
,,,4.3436E-06,-0.0461298227310181,0.197440903866664,
,,,4.3438E-06,0.0208157896995544,0.19777563191019,
,,,4.344E-06,0.0208157896995544,0.196938811801374,
,,,4.3442E-06,0.087761402130127,0.197608267888427,
,,,4.3444E-06,-0.0461298227310181,0.197440903866664,
,,,4.3446E-06,-0.0461298227310181,0.197942995931953,
,,,4.3448E-06,0.0208157896995544,0.197440903866664,
,,,4.345E-06,-0.0461298227310181,0.1972735398449,
,,,4.3452E-06,0.087761402130127,0.197106175823137,
,,,4.3454E-06,0.0208157896995544,0.1972735398449,
,,,4.3456E-06,0.0208157896995544,0.197106175823137,
,,,4.3458E-06,0.087761402130127,0.196938811801374,
,,,4.346E-06,0.0208157896995544,0.197440903866664,
,,,4.3462E-06,-0.0461298227310181,0.196938811801374,
,,,4.3464E-06,0.0208157896995544,0.197106175823137,
,,,4.3466E-06,-0.0461298227310181,0.196771447779611,
,,,4.3468E-06,0.0208157896995544,0.196938811801374,
,,,4.347E-06,0.0208157896995544,0.197608267888427,
,,,4.3472E-06,0.087761402130127,0.196938811801374,
,,,4.3474E-06,-0.0461298227310181,0.197440903866664,
,,,4.3476E-06,0.0208157896995544,0.197106175823137,
,,,4.3478E-06,0.0208157896995544,0.196604083757848,
,,,4.348E-06,0.0208157896995544,0.196604083757848,
,,,4.3482E-06,-0.0461298227310181,0.1972735398449,
,,,4.3484E-06,-0.0461298227310181,0.197106175823137,
,,,4.3486E-06,0.087761402130127,0.1972735398449,
,,,4.3488E-06,0.087761402130127,0.197608267888427,
,,,4.349E-06,-0.113075435161591,0.196436719736084,
,,,4.3492E-06,-0.0461298227310181,0.197440903866664,
,,,4.3494E-06,0.0208157896995544,0.196604083757848,
,,,4.3496E-06,-0.0461298227310181,0.197106175823137,
,,,4.3498E-06,-0.0461298227310181,0.196938811801374,
,,,4.35E-06,0.0208157896995544,0.1972735398449,
,,,4.3502E-06,0.0208157896995544,0.197106175823137,
,,,4.3504E-06,-0.0461298227310181,0.196436719736084,
,,,4.3506E-06,-0.0461298227310181,0.196436719736084,
,,,4.3508E-06,0.087761402130127,0.197106175823137,
,,,4.351E-06,-0.113075435161591,0.196771447779611,
,,,4.3512E-06,0.0208157896995544,0.197440903866664,
,,,4.3514E-06,0.0208157896995544,0.197608267888427,
,,,4.3516E-06,0.087761402130127,0.196938811801374,
,,,4.3518E-06,0.0208157896995544,0.196771447779611,
,,,4.352E-06,-0.0461298227310181,0.196938811801374,
,,,4.3522E-06,0.0208157896995544,0.196604083757848,
,,,4.3524E-06,-0.0461298227310181,0.196938811801374,
,,,4.3526E-06,0.0208157896995544,0.196771447779611,
,,,4.3528E-06,-0.0461298227310181,0.196604083757848,
,,,4.353E-06,-0.0461298227310181,0.195934627670795,
,,,4.3532E-06,0.0208157896995544,0.196436719736084,
,,,4.3534E-06,0.0208157896995544,0.196938811801374,
,,,4.3536E-06,0.0208157896995544,0.196604083757848,
,,,4.3538E-06,0.0208157896995544,0.195934627670795,
,,,4.354E-06,0.0208157896995544,0.196101991692558,
,,,4.3542E-06,-0.0461298227310181,0.196436719736084,
,,,4.3544E-06,-0.0461298227310181,0.196101991692558,
,,,4.3546E-06,-0.0461298227310181,0.196436719736084,
,,,4.3548E-06,-0.113075435161591,0.196771447779611,
,,,4.355E-06,0.0208157896995544,0.196269355714321,
,,,4.3552E-06,0.0208157896995544,0.196269355714321,
,,,4.3554E-06,-0.113075435161591,0.197106175823137,
,,,4.3556E-06,0.0208157896995544,0.197106175823137,
,,,4.3558E-06,0.0208157896995544,0.196604083757848,
,,,4.356E-06,-0.0461298227310181,0.196436719736084,
,,,4.3562E-06,-0.113075435161591,0.196771447779611,
,,,4.3564E-06,-0.0461298227310181,0.197440903866664,
,,,4.3566E-06,0.0208157896995544,0.1972735398449,
,,,4.3568E-06,0.0208157896995544,0.197106175823137,
,,,4.357E-06,-0.113075435161591,0.197440903866664,
,,,4.3572E-06,0.0208157896995544,0.197440903866664,
,,,4.3574E-06,0.0208157896995544,0.197608267888427,
,,,4.3576E-06,0.087761402130127,0.196938811801374,
,,,4.3578E-06,0.0208157896995544,0.1972735398449,
,,,4.358E-06,0.087761402130127,0.197440903866664,
,,,4.3582E-06,0.0208157896995544,0.196938811801374,
,,,4.3584E-06,0.0208157896995544,0.196938811801374,
,,,4.3586E-06,0.087761402130127,0.197440903866664,
,,,4.3588E-06,0.0208157896995544,0.196938811801374,
,,,4.359E-06,-0.0461298227310181,0.197106175823137,
,,,4.3592E-06,0.0208157896995544,0.1972735398449,
,,,4.3594E-06,-0.0461298227310181,0.197608267888427,
,,,4.3596E-06,0.0208157896995544,0.19777563191019,
,,,4.3598E-06,0.087761402130127,0.197440903866664,
,,,4.36E-06,0.087761402130127,0.197440903866664,
,,,4.3602E-06,-0.0461298227310181,0.197440903866664,
,,,4.3604E-06,0.0208157896995544,0.197106175823137,
,,,4.3606E-06,0.087761402130127,0.198110359953716,
,,,4.3608E-06,-0.113075435161591,0.197608267888427,
,,,4.361E-06,-0.113075435161591,0.197440903866664,
,,,4.3612E-06,0.0208157896995544,0.196938811801374,
,,,4.3614E-06,0.0208157896995544,0.19777563191019,
,,,4.3616E-06,0.087761402130127,0.197942995931953,
,,,4.3618E-06,-0.0461298227310181,0.19777563191019,
,,,4.362E-06,-0.0461298227310181,0.197942995931953,
,,,4.3622E-06,0.0208157896995544,0.19777563191019,
,,,4.3624E-06,-0.0461298227310181,0.197608267888427,
,,,4.3626E-06,-0.113075435161591,0.197440903866664,
,,,4.3628E-06,0.0208157896995544,0.197942995931953,
,,,4.363E-06,0.0208157896995544,0.197942995931953,
,,,4.3632E-06,-0.0461298227310181,0.197608267888427,
,,,4.3634E-06,0.0208157896995544,0.1972735398449,
,,,4.3636E-06,0.0208157896995544,0.197106175823137,
,,,4.3638E-06,0.0208157896995544,0.197608267888427,
,,,4.364E-06,0.0208157896995544,0.197608267888427,
,,,4.3642E-06,0.087761402130127,0.197440903866664,
,,,4.3644E-06,0.154707014560699,0.19777563191019,
,,,4.3646E-06,0.154707014560699,0.197440903866664,
,,,4.3648E-06,0.0208157896995544,0.197440903866664,
,,,4.365E-06,0.0208157896995544,0.197608267888427,
,,,4.3652E-06,0.0208157896995544,0.197608267888427,
,,,4.3654E-06,-0.0461298227310181,0.197608267888427,
,,,4.3656E-06,0.087761402130127,0.197440903866664,
,,,4.3658E-06,-0.0461298227310181,0.19827772397548,
,,,4.366E-06,0.0208157896995544,0.19777563191019,
,,,4.3662E-06,0.087761402130127,0.197942995931953,
,,,4.3664E-06,0.087761402130127,0.197942995931953,
,,,4.3666E-06,-0.0461298227310181,0.198110359953716,
,,,4.3668E-06,0.0208157896995544,0.197608267888427,
,,,4.367E-06,0.0208157896995544,0.19777563191019,
,,,4.3672E-06,-0.113075435161591,0.197942995931953,
,,,4.3674E-06,-0.0461298227310181,0.197440903866664,
,,,4.3676E-06,0.0208157896995544,0.196771447779611,
,,,4.3678E-06,-0.0461298227310181,0.197942995931953,
,,,4.368E-06,0.087761402130127,0.197608267888427,
,,,4.3682E-06,-0.0461298227310181,0.197608267888427,
,,,4.3684E-06,-0.0461298227310181,0.197440903866664,
,,,4.3686E-06,0.0208157896995544,0.19827772397548,
,,,4.3688E-06,0.0208157896995544,0.1972735398449,
,,,4.369E-06,-0.0461298227310181,0.197440903866664,
,,,4.3692E-06,0.0208157896995544,0.196938811801374,
,,,4.3694E-06,-0.0461298227310181,0.197440903866664,
,,,4.3696E-06,-0.0461298227310181,0.1972735398449,
,,,4.3698E-06,-0.113075435161591,0.19777563191019,
,,,4.37E-06,-0.0461298227310181,0.197440903866664,
,,,4.3702E-06,-0.0461298227310181,0.1972735398449,
,,,4.3704E-06,0.0208157896995544,0.197106175823137,
,,,4.3706E-06,-0.0461298227310181,0.197942995931953,
,,,4.3708E-06,0.087761402130127,0.198445087997243,
,,,4.371E-06,0.087761402130127,0.197440903866664,
,,,4.3712E-06,0.0208157896995544,0.1972735398449,
,,,4.3714E-06,0.0208157896995544,0.19777563191019,
,,,4.3716E-06,-0.113075435161591,0.19777563191019,
,,,4.3718E-06,-0.0461298227310181,0.1972735398449,
,,,4.372E-06,0.0208157896995544,0.19777563191019,
,,,4.3722E-06,-0.113075435161591,0.19777563191019,
,,,4.3724E-06,0.0208157896995544,0.197440903866664,
,,,4.3726E-06,0.0208157896995544,0.19777563191019,
,,,4.3728E-06,0.087761402130127,0.197608267888427,
,,,4.373E-06,-0.0461298227310181,0.19777563191019,
,,,4.3732E-06,0.0208157896995544,0.19777563191019,
,,,4.3734E-06,0.0208157896995544,0.19777563191019,
,,,4.3736E-06,0.0208157896995544,0.1972735398449,
,,,4.3738E-06,-0.0461298227310181,0.197608267888427,
,,,4.374E-06,-0.0461298227310181,0.197608267888427,
,,,4.3742E-06,0.0208157896995544,0.19777563191019,
,,,4.3744E-06,0.087761402130127,0.1972735398449,
,,,4.3746E-06,-0.0461298227310181,0.197440903866664,
,,,4.3748E-06,0.0208157896995544,0.19827772397548,
,,,4.375E-06,0.087761402130127,0.19777563191019,
,,,4.3752E-06,0.0208157896995544,0.1972735398449,
,,,4.3754E-06,-0.0461298227310181,0.197440903866664,
,,,4.3756E-06,0.087761402130127,0.19777563191019,
,,,4.3758E-06,-0.0461298227310181,0.197608267888427,
,,,4.376E-06,-0.0461298227310181,0.197440903866664,
,,,4.3762E-06,-0.0461298227310181,0.197942995931953,
,,,4.3764E-06,-0.0461298227310181,0.19827772397548,
,,,4.3766E-06,-0.0461298227310181,0.19777563191019,
,,,4.3768E-06,0.087761402130127,0.198110359953716,
,,,4.377E-06,0.087761402130127,0.19827772397548,
,,,4.3772E-06,-0.0461298227310181,0.19777563191019,
,,,4.3774E-06,0.087761402130127,0.19777563191019,
,,,4.3776E-06,0.0208157896995544,0.197608267888427,
,,,4.3778E-06,0.087761402130127,0.198445087997243,
,,,4.378E-06,-0.0461298227310181,0.19777563191019,
,,,4.3782E-06,0.0208157896995544,0.197942995931953,
,,,4.3784E-06,0.0208157896995544,0.198445087997243,
,,,4.3786E-06,0.0208157896995544,0.198110359953716,
,,,4.3788E-06,0.0208157896995544,0.19827772397548,
,,,4.379E-06,0.087761402130127,0.198445087997243,
,,,4.3792E-06,0.154707014560699,0.198445087997243,
,,,4.3794E-06,-0.0461298227310181,0.198110359953716,
,,,4.3796E-06,0.0208157896995544,0.198947180062532,
,,,4.3798E-06,0.0208157896995544,0.198612452019006,
,,,4.38E-06,-0.0461298227310181,0.197942995931953,
,,,4.3802E-06,-0.0461298227310181,0.198779816040769,
,,,4.3804E-06,0.0208157896995544,0.198612452019006,
,,,4.3806E-06,0.0208157896995544,0.198947180062532,
,,,4.3808E-06,0.087761402130127,0.199114544084296,
,,,4.381E-06,-0.0461298227310181,0.19827772397548,
,,,4.3812E-06,0.0208157896995544,0.19777563191019,
,,,4.3814E-06,0.0208157896995544,0.198779816040769,
,,,4.3816E-06,0.0208157896995544,0.198110359953716,
,,,4.3818E-06,-0.0461298227310181,0.198612452019006,
,,,4.382E-06,-0.0461298227310181,0.198445087997243,
,,,4.3822E-06,-0.0461298227310181,0.198445087997243,
,,,4.3824E-06,-0.0461298227310181,0.198779816040769,
,,,4.3826E-06,0.0208157896995544,0.19827772397548,
,,,4.3828E-06,0.0208157896995544,0.19827772397548,
,,,4.383E-06,-0.113075435161591,0.198612452019006,
,,,4.3832E-06,0.087761402130127,0.19827772397548,
,,,4.3834E-06,0.087761402130127,0.19777563191019,
,,,4.3836E-06,0.0208157896995544,0.197440903866664,
,,,4.3838E-06,0.0208157896995544,0.197942995931953,
,,,4.384E-06,-0.0461298227310181,0.197942995931953,
,,,4.3842E-06,0.0208157896995544,0.197440903866664,
,,,4.3844E-06,-0.113075435161591,0.198110359953716,
,,,4.3846E-06,-0.0461298227310181,0.197942995931953,
,,,4.3848E-06,0.087761402130127,0.198110359953716,
,,,4.385E-06,-0.113075435161591,0.19777563191019,
,,,4.3852E-06,-0.0461298227310181,0.197942995931953,
,,,4.3854E-06,0.0208157896995544,0.19777563191019,
,,,4.3856E-06,0.087761402130127,0.19777563191019,
,,,4.3858E-06,-0.0461298227310181,0.198445087997243,
,,,4.386E-06,0.0208157896995544,0.19777563191019,
,,,4.3862E-06,-0.0461298227310181,0.198779816040769,
,,,4.3864E-06,0.0208157896995544,0.198612452019006,
,,,4.3866E-06,0.0208157896995544,0.198612452019006,
,,,4.3868E-06,-0.113075435161591,0.19827772397548,
,,,4.387E-06,-0.0461298227310181,0.19827772397548,
,,,4.3872E-06,0.0208157896995544,0.197942995931953,
,,,4.3874E-06,-0.0461298227310181,0.19827772397548,
,,,4.3876E-06,0.0208157896995544,0.198445087997243,
,,,4.3878E-06,0.087761402130127,0.199114544084296,
,,,4.388E-06,-0.0461298227310181,0.198110359953716,
,,,4.3882E-06,-0.0461298227310181,0.1972735398449,
,,,4.3884E-06,0.087761402130127,0.198779816040769,
,,,4.3886E-06,0.0208157896995544,0.197942995931953,
,,,4.3888E-06,-0.0461298227310181,0.197942995931953,
,,,4.389E-06,-0.0461298227310181,0.198445087997243,
,,,4.3892E-06,0.0208157896995544,0.197608267888427,
,,,4.3894E-06,-0.0461298227310181,0.197440903866664,
,,,4.3896E-06,0.087761402130127,0.197608267888427,
,,,4.3898E-06,0.0208157896995544,0.197608267888427,
,,,4.39E-06,0.0208157896995544,0.197608267888427,
,,,4.3902E-06,-0.0461298227310181,0.19827772397548,
,,,4.3904E-06,0.087761402130127,0.197608267888427,
,,,4.3906E-06,0.0208157896995544,0.197942995931953,
,,,4.3908E-06,0.0208157896995544,0.198110359953716,
,,,4.391E-06,0.0208157896995544,0.197608267888427,
,,,4.3912E-06,0.0208157896995544,0.197608267888427,
,,,4.3914E-06,0.0208157896995544,0.19827772397548,
,,,4.3916E-06,-0.0461298227310181,0.198110359953716,
,,,4.3918E-06,0.0208157896995544,0.197440903866664,
,,,4.392E-06,0.154707014560699,0.198110359953716,
,,,4.3922E-06,-0.0461298227310181,0.198110359953716,
,,,4.3924E-06,0.0208157896995544,0.197942995931953,
,,,4.3926E-06,-0.0461298227310181,0.197608267888427,
,,,4.3928E-06,-0.0461298227310181,0.197942995931953,
,,,4.393E-06,0.0208157896995544,0.198110359953716,
,,,4.3932E-06,-0.113075435161591,0.197608267888427,
,,,4.3934E-06,0.087761402130127,0.198947180062532,
,,,4.3936E-06,0.087761402130127,0.19777563191019,
,,,4.3938E-06,-0.113075435161591,0.1972735398449,
,,,4.394E-06,0.0208157896995544,0.19827772397548,
,,,4.3942E-06,0.087761402130127,0.198445087997243,
,,,4.3944E-06,0.0208157896995544,0.197440903866664,
,,,4.3946E-06,-0.0461298227310181,0.197440903866664,
,,,4.3948E-06,-0.0461298227310181,0.198110359953716,
,,,4.395E-06,-0.0461298227310181,0.19777563191019,
,,,4.3952E-06,0.087761402130127,0.19777563191019,
,,,4.3954E-06,-0.0461298227310181,0.19777563191019,
,,,4.3956E-06,0.087761402130127,0.19827772397548,
,,,4.3958E-06,0.0208157896995544,0.198110359953716,
,,,4.396E-06,0.087761402130127,0.198110359953716,
,,,4.3962E-06,0.0208157896995544,0.19777563191019,
,,,4.3964E-06,0.087761402130127,0.19827772397548,
,,,4.3966E-06,-0.0461298227310181,0.19827772397548,
,,,4.3968E-06,-0.0461298227310181,0.19827772397548,
,,,4.397E-06,0.087761402130127,0.197440903866664,
,,,4.3972E-06,0.0208157896995544,0.19777563191019,
,,,4.3974E-06,0.087761402130127,0.197942995931953,
,,,4.3976E-06,0.0208157896995544,0.198110359953716,
,,,4.3978E-06,0.0208157896995544,0.198110359953716,
,,,4.398E-06,-0.0461298227310181,0.197942995931953,
,,,4.3982E-06,0.0208157896995544,0.197440903866664,
,,,4.3984E-06,0.0208157896995544,0.19777563191019,
,,,4.3986E-06,0.0208157896995544,0.1972735398449,
,,,4.3988E-06,0.087761402130127,0.197106175823137,
,,,4.399E-06,0.0208157896995544,0.197608267888427,
,,,4.3992E-06,-0.0461298227310181,0.197608267888427,
,,,4.3994E-06,0.087761402130127,0.197440903866664,
,,,4.3996E-06,0.0208157896995544,0.1972735398449,
,,,4.3998E-06,-0.113075435161591,0.198445087997243,
,,,4.4E-06,0.087761402130127,0.19827772397548,
,,,4.4002E-06,-0.0461298227310181,0.19777563191019,
,,,4.4004E-06,0.0208157896995544,0.197440903866664,
,,,4.4006E-06,0.0208157896995544,0.198445087997243,
,,,4.4008E-06,0.0208157896995544,0.197440903866664,
,,,4.401E-06,-0.0461298227310181,0.197106175823137,
,,,4.4012E-06,0.0208157896995544,0.197608267888427,
,,,4.4014E-06,-0.0461298227310181,0.197942995931953,
,,,4.4016E-06,-0.0461298227310181,0.19777563191019,
,,,4.4018E-06,-0.0461298227310181,0.196938811801374,
,,,4.402E-06,0.0208157896995544,0.196938811801374,
,,,4.4022E-06,-0.0461298227310181,0.196436719736084,
,,,4.4024E-06,0.087761402130127,0.196269355714321,
,,,4.4026E-06,-0.0461298227310181,0.196604083757848,
,,,4.4028E-06,-0.0461298227310181,0.197106175823137,
,,,4.403E-06,0.0208157896995544,0.196938811801374,
,,,4.4032E-06,0.087761402130127,0.196436719736084,
,,,4.4034E-06,-0.0461298227310181,0.196771447779611,
,,,4.4036E-06,-0.0461298227310181,0.197106175823137,
,,,4.4038E-06,-0.0461298227310181,0.196269355714321,
,,,4.404E-06,-0.0461298227310181,0.196269355714321,
,,,4.4042E-06,-0.0461298227310181,0.196436719736084,
,,,4.4044E-06,0.0208157896995544,0.196269355714321,
,,,4.4046E-06,0.0208157896995544,0.196436719736084,
,,,4.4048E-06,0.087761402130127,0.197440903866664,
,,,4.405E-06,0.0208157896995544,0.196938811801374,
,,,4.4052E-06,0.0208157896995544,0.196269355714321,
,,,4.4054E-06,-0.0461298227310181,0.197106175823137,
,,,4.4056E-06,0.0208157896995544,0.196938811801374,
,,,4.4058E-06,0.0208157896995544,0.195934627670795,
,,,4.406E-06,-0.0461298227310181,0.196604083757848,
,,,4.4062E-06,0.0208157896995544,0.197440903866664,
,,,4.4064E-06,0.087761402130127,0.197106175823137,
,,,4.4066E-06,-0.0461298227310181,0.196436719736084,
,,,4.4068E-06,0.0208157896995544,0.196436719736084,
,,,4.407E-06,0.0208157896995544,0.197106175823137,
,,,4.4072E-06,0.0208157896995544,0.196269355714321,
,,,4.4074E-06,-0.113075435161591,0.1972735398449,
,,,4.4076E-06,-0.0461298227310181,0.196938811801374,
,,,4.4078E-06,0.0208157896995544,0.196604083757848,
,,,4.408E-06,-0.0461298227310181,0.196938811801374,
,,,4.4082E-06,-0.0461298227310181,0.197440903866664,
,,,4.4084E-06,0.0208157896995544,0.196771447779611,
,,,4.4086E-06,0.0208157896995544,0.196604083757848,
,,,4.4088E-06,0.087761402130127,0.197106175823137,
,,,4.409E-06,0.0208157896995544,0.197106175823137,
,,,4.4092E-06,0.087761402130127,0.196269355714321,
,,,4.4094E-06,0.0208157896995544,0.196604083757848,
,,,4.4096E-06,-0.0461298227310181,0.196269355714321,
,,,4.4098E-06,0.0208157896995544,0.196938811801374,
,,,4.41E-06,-0.0461298227310181,0.196771447779611,
,,,4.4102E-06,0.0208157896995544,0.197440903866664,
,,,4.4104E-06,-0.113075435161591,0.1972735398449,
,,,4.4106E-06,-0.113075435161591,0.196938811801374,
,,,4.4108E-06,-0.0461298227310181,0.1972735398449,
,,,4.411E-06,-0.0461298227310181,0.197106175823137,
,,,4.4112E-06,0.0208157896995544,0.196938811801374,
,,,4.4114E-06,-0.0461298227310181,0.196938811801374,
,,,4.4116E-06,0.0208157896995544,0.196604083757848,
,,,4.4118E-06,-0.0461298227310181,0.196938811801374,
,,,4.412E-06,-0.0461298227310181,0.196771447779611,
,,,4.4122E-06,-0.0461298227310181,0.196604083757848,
,,,4.4124E-06,0.0208157896995544,0.197608267888427,
,,,4.4126E-06,0.0208157896995544,0.197106175823137,
,,,4.4128E-06,0.087761402130127,0.197440903866664,
,,,4.413E-06,-0.0461298227310181,0.196771447779611,
,,,4.4132E-06,0.0208157896995544,0.196771447779611,
,,,4.4134E-06,0.0208157896995544,0.196938811801374,
,,,4.4136E-06,-0.0461298227310181,0.196771447779611,
,,,4.4138E-06,-0.0461298227310181,0.196604083757848,
,,,4.414E-06,0.087761402130127,0.196771447779611,
,,,4.4142E-06,-0.0461298227310181,0.196436719736084,
,,,4.4144E-06,-0.0461298227310181,0.196771447779611,
,,,4.4146E-06,-0.0461298227310181,0.1972735398449,
,,,4.4148E-06,-0.113075435161591,0.196771447779611,
,,,4.415E-06,-0.0461298227310181,0.197106175823137,
,,,4.4152E-06,0.0208157896995544,0.19777563191019,
,,,4.4154E-06,0.0208157896995544,0.196604083757848,
,,,4.4156E-06,0.0208157896995544,0.196436719736084,
,,,4.4158E-06,0.0208157896995544,0.197106175823137,
,,,4.416E-06,-0.180021047592163,0.198110359953716,
,,,4.4162E-06,0.0208157896995544,0.1972735398449,
,,,4.4164E-06,-0.0461298227310181,0.1972735398449,
,,,4.4166E-06,-0.0461298227310181,0.197608267888427,
,,,4.4168E-06,0.087761402130127,0.197106175823137,
,,,4.417E-06,-0.0461298227310181,0.197106175823137,
,,,4.4172E-06,-0.0461298227310181,0.197608267888427,
,,,4.4174E-06,-0.0461298227310181,0.197106175823137,
,,,4.4176E-06,0.087761402130127,0.197942995931953,
,,,4.4178E-06,-0.0461298227310181,0.1972735398449,
,,,4.418E-06,0.087761402130127,0.197106175823137,
,,,4.4182E-06,-0.0461298227310181,0.196938811801374,
,,,4.4184E-06,0.0208157896995544,0.19777563191019,
,,,4.4186E-06,0.0208157896995544,0.197106175823137,
,,,4.4188E-06,-0.113075435161591,0.196938811801374,
,,,4.419E-06,-0.0461298227310181,0.197440903866664,
,,,4.4192E-06,-0.0461298227310181,0.196771447779611,
,,,4.4194E-06,-0.0461298227310181,0.196604083757848,
,,,4.4196E-06,0.0208157896995544,0.197440903866664,
,,,4.4198E-06,0.087761402130127,0.196938811801374,
,,,4.42E-06,0.0208157896995544,0.197106175823137,
,,,4.4202E-06,-0.113075435161591,0.196771447779611,
,,,4.4204E-06,-0.0461298227310181,0.196938811801374,
,,,4.4206E-06,-0.0461298227310181,0.196771447779611,
,,,4.4208E-06,0.0208157896995544,0.196436719736084,
,,,4.421E-06,-0.180021047592163,0.196436719736084,
,,,4.4212E-06,0.087761402130127,0.196938811801374,
,,,4.4214E-06,-0.0461298227310181,0.196436719736084,
,,,4.4216E-06,0.0208157896995544,0.197106175823137,
,,,4.4218E-06,-0.0461298227310181,0.196771447779611,
,,,4.422E-06,0.087761402130127,0.196269355714321,
,,,4.4222E-06,0.0208157896995544,0.196771447779611,
,,,4.4224E-06,-0.0461298227310181,0.1972735398449,
,,,4.4226E-06,0.087761402130127,0.196269355714321,
,,,4.4228E-06,0.0208157896995544,0.196938811801374,
,,,4.423E-06,-0.0461298227310181,0.197440903866664,
,,,4.4232E-06,0.0208157896995544,0.197106175823137,
,,,4.4234E-06,-0.0461298227310181,0.1972735398449,
,,,4.4236E-06,-0.0461298227310181,0.196771447779611,
,,,4.4238E-06,0.0208157896995544,0.197608267888427,
,,,4.424E-06,0.0208157896995544,0.19777563191019,
,,,4.4242E-06,-0.0461298227310181,0.196938811801374,
,,,4.4244E-06,0.0208157896995544,0.197106175823137,
,,,4.4246E-06,0.0208157896995544,0.196771447779611,
,,,4.4248E-06,-0.0461298227310181,0.196938811801374,
,,,4.425E-06,0.0208157896995544,0.196771447779611,
,,,4.4252E-06,-0.113075435161591,0.197942995931953,
,,,4.4254E-06,0.0208157896995544,0.197942995931953,
,,,4.4256E-06,0.087761402130127,0.197440903866664,
,,,4.4258E-06,-0.0461298227310181,0.197440903866664,
,,,4.426E-06,-0.0461298227310181,0.197106175823137,
,,,4.4262E-06,0.0208157896995544,0.197608267888427,
,,,4.4264E-06,0.0208157896995544,0.1972735398449,
,,,4.4266E-06,-0.0461298227310181,0.197106175823137,
,,,4.4268E-06,-0.0461298227310181,0.196938811801374,
,,,4.427E-06,-0.0461298227310181,0.197942995931953,
,,,4.4272E-06,0.0208157896995544,0.197440903866664,
,,,4.4274E-06,0.0208157896995544,0.197608267888427,
,,,4.4276E-06,-0.0461298227310181,0.197608267888427,
,,,4.4278E-06,0.0208157896995544,0.197942995931953,
,,,4.428E-06,0.087761402130127,0.197608267888427,
,,,4.4282E-06,-0.0461298227310181,0.197942995931953,
,,,4.4284E-06,0.087761402130127,0.19777563191019,
,,,4.4286E-06,0.0208157896995544,0.1972735398449,
,,,4.4288E-06,0.0208157896995544,0.1972735398449,
,,,4.429E-06,0.087761402130127,0.1972735398449,
,,,4.4292E-06,0.0208157896995544,0.198612452019006,
,,,4.4294E-06,0.0208157896995544,0.198110359953716,
,,,4.4296E-06,0.087761402130127,0.197106175823137,
,,,4.4298E-06,0.0208157896995544,0.19777563191019,
,,,4.43E-06,-0.0461298227310181,0.198612452019006,
,,,4.4302E-06,0.0208157896995544,0.19827772397548,
,,,4.4304E-06,0.087761402130127,0.198612452019006,
,,,4.4306E-06,-0.0461298227310181,0.198445087997243,
,,,4.4308E-06,0.154707014560699,0.197608267888427,
,,,4.431E-06,0.087761402130127,0.198110359953716,
,,,4.4312E-06,-0.113075435161591,0.198110359953716,
,,,4.4314E-06,-0.0461298227310181,0.197942995931953,
,,,4.4316E-06,0.0208157896995544,0.198612452019006,
,,,4.4318E-06,-0.0461298227310181,0.198947180062532,
,,,4.432E-06,0.0208157896995544,0.198947180062532,
,,,4.4322E-06,-0.0461298227310181,0.19827772397548,
,,,4.4324E-06,-0.0461298227310181,0.198445087997243,
,,,4.4326E-06,0.0208157896995544,0.197942995931953,
,,,4.4328E-06,0.154707014560699,0.198110359953716,
,,,4.433E-06,-0.113075435161591,0.19827772397548,
,,,4.4332E-06,-0.0461298227310181,0.198445087997243,
,,,4.4334E-06,-0.0461298227310181,0.19827772397548,
,,,4.4336E-06,0.087761402130127,0.19827772397548,
,,,4.4338E-06,-0.0461298227310181,0.19777563191019,
,,,4.434E-06,-0.0461298227310181,0.198110359953716,
,,,4.4342E-06,0.0208157896995544,0.198110359953716,
,,,4.4344E-06,0.087761402130127,0.198612452019006,
,,,4.4346E-06,-0.0461298227310181,0.198779816040769,
,,,4.4348E-06,0.154707014560699,0.19827772397548,
,,,4.435E-06,0.0208157896995544,0.197440903866664,
,,,4.4352E-06,-0.0461298227310181,0.197942995931953,
,,,4.4354E-06,-0.0461298227310181,0.19777563191019,
,,,4.4356E-06,-0.0461298227310181,0.198612452019006,
,,,4.4358E-06,-0.0461298227310181,0.197942995931953,
,,,4.436E-06,0.087761402130127,0.198612452019006,
,,,4.4362E-06,-0.0461298227310181,0.198110359953716,
,,,4.4364E-06,0.0208157896995544,0.198110359953716,
,,,4.4366E-06,-0.0461298227310181,0.197608267888427,
,,,4.4368E-06,0.0208157896995544,0.19827772397548,
,,,4.437E-06,0.0208157896995544,0.198110359953716,
,,,4.4372E-06,0.0208157896995544,0.198110359953716,
,,,4.4374E-06,-0.0461298227310181,0.19777563191019,
,,,4.4376E-06,-0.0461298227310181,0.198612452019006,
,,,4.4378E-06,-0.0461298227310181,0.198612452019006,
,,,4.438E-06,-0.113075435161591,0.197608267888427,
,,,4.4382E-06,0.0208157896995544,0.198779816040769,
,,,4.4384E-06,0.087761402130127,0.19827772397548,
,,,4.4386E-06,-0.113075435161591,0.197106175823137,
,,,4.4388E-06,0.0208157896995544,0.19827772397548,
,,,4.439E-06,0.087761402130127,0.197942995931953,
,,,4.4392E-06,-0.0461298227310181,0.197608267888427,
,,,4.4394E-06,-0.0461298227310181,0.198110359953716,
,,,4.4396E-06,0.087761402130127,0.197942995931953,
,,,4.4398E-06,0.0208157896995544,0.197608267888427,
,,,4.44E-06,-0.113075435161591,0.197942995931953,
,,,4.4402E-06,0.0208157896995544,0.197608267888427,
,,,4.4404E-06,0.0208157896995544,0.197440903866664,
,,,4.4406E-06,-0.0461298227310181,0.197608267888427,
,,,4.4408E-06,0.087761402130127,0.197608267888427,
,,,4.441E-06,0.087761402130127,0.19777563191019,
,,,4.4412E-06,0.0208157896995544,0.19827772397548,
,,,4.4414E-06,-0.0461298227310181,0.198110359953716,
,,,4.4416E-06,0.0208157896995544,0.197942995931953,
,,,4.4418E-06,0.087761402130127,0.19777563191019,
,,,4.442E-06,-0.113075435161591,0.19777563191019,
,,,4.4422E-06,-0.0461298227310181,0.197608267888427,
,,,4.4424E-06,0.0208157896995544,0.197440903866664,
,,,4.4426E-06,-0.113075435161591,0.197608267888427,
,,,4.4428E-06,-0.0461298227310181,0.197106175823137,
,,,4.443E-06,0.0208157896995544,0.196938811801374,
,,,4.4432E-06,0.087761402130127,0.1972735398449,
,,,4.4434E-06,0.0208157896995544,0.197942995931953,
,,,4.4436E-06,0.087761402130127,0.197106175823137,
,,,4.4438E-06,-0.0461298227310181,0.1972735398449,
,,,4.444E-06,0.0208157896995544,0.198110359953716,
,,,4.4442E-06,-0.0461298227310181,0.197440903866664,
,,,4.4444E-06,-0.0461298227310181,0.197942995931953,
,,,4.4446E-06,0.087761402130127,0.197942995931953,
,,,4.4448E-06,-0.0461298227310181,0.198110359953716,
,,,4.445E-06,-0.113075435161591,0.197440903866664,
,,,4.4452E-06,-0.0461298227310181,0.197440903866664,
,,,4.4454E-06,0.087761402130127,0.197942995931953,
,,,4.4456E-06,0.0208157896995544,0.197608267888427,
,,,4.4458E-06,-0.0461298227310181,0.197440903866664,
,,,4.446E-06,0.0208157896995544,0.196938811801374,
,,,4.4462E-06,-0.0461298227310181,0.197440903866664,
,,,4.4464E-06,0.0208157896995544,0.197106175823137,
,,,4.4466E-06,0.0208157896995544,0.197942995931953,
,,,4.4468E-06,0.087761402130127,0.19827772397548,
,,,4.447E-06,0.0208157896995544,0.197608267888427,
,,,4.4472E-06,0.0208157896995544,0.197440903866664,
,,,4.4474E-06,0.0208157896995544,0.19777563191019,
,,,4.4476E-06,0.0208157896995544,0.197942995931953,
,,,4.4478E-06,-0.0461298227310181,0.197440903866664,
,,,4.448E-06,0.0208157896995544,0.19777563191019,
,,,4.4482E-06,0.0208157896995544,0.197942995931953,
,,,4.4484E-06,-0.0461298227310181,0.197608267888427,
,,,4.4486E-06,-0.0461298227310181,0.197608267888427,
,,,4.4488E-06,0.087761402130127,0.198612452019006,
,,,4.449E-06,-0.0461298227310181,0.197608267888427,
,,,4.4492E-06,0.0208157896995544,0.19777563191019,
,,,4.4494E-06,0.0208157896995544,0.19827772397548,
,,,4.4496E-06,0.087761402130127,0.197942995931953,
,,,4.4498E-06,0.0208157896995544,0.19777563191019,
,,,4.45E-06,-0.0461298227310181,0.198110359953716,
,,,4.4502E-06,-0.0461298227310181,0.198110359953716,
,,,4.4504E-06,-0.0461298227310181,0.197942995931953,
,,,4.4506E-06,-0.0461298227310181,0.197942995931953,
,,,4.4508E-06,0.0208157896995544,0.19827772397548,
,,,4.451E-06,0.087761402130127,0.197942995931953,
,,,4.4512E-06,0.087761402130127,0.19827772397548,
,,,4.4514E-06,-0.113075435161591,0.196938811801374,
,,,4.4516E-06,0.0208157896995544,0.197440903866664,
,,,4.4518E-06,0.0208157896995544,0.19777563191019,
,,,4.452E-06,-0.113075435161591,0.197106175823137,
,,,4.4522E-06,-0.0461298227310181,0.197440903866664,
,,,4.4524E-06,-0.0461298227310181,0.197440903866664,
,,,4.4526E-06,-0.0461298227310181,0.196771447779611,
,,,4.4528E-06,-0.0461298227310181,0.197106175823137,
,,,4.453E-06,0.0208157896995544,0.198110359953716,
,,,4.4532E-06,0.0208157896995544,0.19777563191019,
,,,4.4534E-06,-0.0461298227310181,0.196269355714321,
,,,4.4536E-06,0.0208157896995544,0.197440903866664,
,,,4.4538E-06,0.0208157896995544,0.19777563191019,
,,,4.454E-06,0.087761402130127,0.196771447779611,
,,,4.4542E-06,0.0208157896995544,0.1972735398449,
,,,4.4544E-06,-0.0461298227310181,0.1972735398449,
,,,4.4546E-06,0.087761402130127,0.197440903866664,
,,,4.4548E-06,-0.0461298227310181,0.197440903866664,
,,,4.455E-06,0.087761402130127,0.1972735398449,
,,,4.4552E-06,-0.0461298227310181,0.197440903866664,
,,,4.4554E-06,-0.113075435161591,0.197440903866664,
,,,4.4556E-06,-0.0461298227310181,0.196771447779611,
,,,4.4558E-06,0.0208157896995544,0.196771447779611,
,,,4.456E-06,0.087761402130127,0.197106175823137,
,,,4.4562E-06,-0.0461298227310181,0.196436719736084,
,,,4.4564E-06,-0.0461298227310181,0.195934627670795,
,,,4.4566E-06,0.0208157896995544,0.196436719736084,
,,,4.4568E-06,-0.0461298227310181,0.196771447779611,
,,,4.457E-06,0.0208157896995544,0.196604083757848,
,,,4.4572E-06,-0.113075435161591,0.196771447779611,
,,,4.4574E-06,0.0208157896995544,0.196771447779611,
,,,4.4576E-06,-0.0461298227310181,0.196771447779611,
,,,4.4578E-06,-0.0461298227310181,0.196771447779611,
,,,4.458E-06,0.0208157896995544,0.1972735398449,
,,,4.4582E-06,0.0208157896995544,0.196436719736084,
,,,4.4584E-06,0.0208157896995544,0.196101991692558,
,,,4.4586E-06,-0.113075435161591,0.196938811801374,
,,,4.4588E-06,0.087761402130127,0.196436719736084,
,,,4.459E-06,0.0208157896995544,0.195767263649032,
,,,4.4592E-06,-0.0461298227310181,0.196269355714321,
,,,4.4594E-06,-0.113075435161591,0.196771447779611,
,,,4.4596E-06,-0.0461298227310181,0.196436719736084,
,,,4.4598E-06,-0.0461298227310181,0.196604083757848,
,,,4.46E-06,0.0208157896995544,0.196436719736084,
,,,4.4602E-06,0.087761402130127,0.195599899627268,
,,,4.4604E-06,0.087761402130127,0.195934627670795,
,,,4.4606E-06,0.0208157896995544,0.196101991692558,
,,,4.4608E-06,0.0208157896995544,0.195767263649032,
,,,4.461E-06,0.0208157896995544,0.196101991692558,
,,,4.4612E-06,0.0208157896995544,0.196436719736084,
,,,4.4614E-06,-0.0461298227310181,0.196101991692558,
,,,4.4616E-06,0.087761402130127,0.196436719736084,
,,,4.4618E-06,-0.113075435161591,0.195265171583742,
,,,4.462E-06,-0.0461298227310181,0.196269355714321,
,,,4.4622E-06,-0.0461298227310181,0.196101991692558,
,,,4.4624E-06,0.087761402130127,0.196101991692558,
,,,4.4626E-06,-0.113075435161591,0.196436719736084,
,,,4.4628E-06,-0.0461298227310181,0.196436719736084,
,,,4.463E-06,0.0208157896995544,0.196101991692558,
,,,4.4632E-06,-0.0461298227310181,0.196604083757848,
,,,4.4634E-06,0.0208157896995544,0.196436719736084,
,,,4.4636E-06,0.0208157896995544,0.196771447779611,
,,,4.4638E-06,0.087761402130127,0.196938811801374,
,,,4.464E-06,0.0208157896995544,0.196436719736084,
,,,4.4642E-06,0.0208157896995544,0.195767263649032,
,,,4.4644E-06,0.0208157896995544,0.196436719736084,
,,,4.4646E-06,0.0208157896995544,0.196101991692558,
,,,4.4648E-06,0.0208157896995544,0.196101991692558,
,,,4.465E-06,-0.0461298227310181,0.195934627670795,
,,,4.4652E-06,-0.0461298227310181,0.196604083757848,
,,,4.4654E-06,-0.0461298227310181,0.196101991692558,
,,,4.4656E-06,0.0208157896995544,0.195934627670795,
,,,4.4658E-06,-0.113075435161591,0.196101991692558,
,,,4.466E-06,-0.0461298227310181,0.196269355714321,
,,,4.4662E-06,0.0208157896995544,0.196436719736084,
,,,4.4664E-06,0.0208157896995544,0.196771447779611,
,,,4.4666E-06,0.0208157896995544,0.196938811801374,
,,,4.4668E-06,0.087761402130127,0.196269355714321,
,,,4.467E-06,0.0208157896995544,0.196938811801374,
,,,4.4672E-06,0.0208157896995544,0.197440903866664,
,,,4.4674E-06,0.087761402130127,0.1972735398449,
,,,4.4676E-06,-0.0461298227310181,0.197440903866664,
,,,4.4678E-06,0.0208157896995544,0.1972735398449,
,,,4.468E-06,0.0208157896995544,0.196938811801374,
,,,4.4682E-06,-0.0461298227310181,0.196771447779611,
,,,4.4684E-06,-0.0461298227310181,0.196771447779611,
,,,4.4686E-06,-0.0461298227310181,0.196938811801374,
,,,4.4688E-06,0.087761402130127,0.197608267888427,
,,,4.469E-06,-0.0461298227310181,0.196604083757848,
,,,4.4692E-06,-0.0461298227310181,0.196101991692558,
,,,4.4694E-06,0.0208157896995544,0.196436719736084,
,,,4.4696E-06,0.0208157896995544,0.196436719736084,
,,,4.4698E-06,0.087761402130127,0.196101991692558,
,,,4.47E-06,0.0208157896995544,0.196436719736084,
,,,4.4702E-06,-0.113075435161591,0.195934627670795,
,,,4.4704E-06,0.154707014560699,0.196604083757848,
,,,4.4706E-06,-0.0461298227310181,0.196436719736084,
,,,4.4708E-06,-0.0461298227310181,0.196938811801374,
,,,4.471E-06,0.0208157896995544,0.195934627670795,
,,,4.4712E-06,0.0208157896995544,0.196604083757848,
,,,4.4714E-06,-0.113075435161591,0.196771447779611,
,,,4.4716E-06,-0.0461298227310181,0.196938811801374,
,,,4.4718E-06,0.087761402130127,0.197106175823137,
,,,4.472E-06,-0.0461298227310181,0.197106175823137,
,,,4.4722E-06,-0.113075435161591,0.197106175823137,
,,,4.4724E-06,0.0208157896995544,0.196604083757848,
,,,4.4726E-06,-0.0461298227310181,0.196938811801374,
,,,4.4728E-06,0.0208157896995544,0.197106175823137,
,,,4.473E-06,0.087761402130127,0.1972735398449,
,,,4.4732E-06,0.154707014560699,0.196771447779611,
,,,4.4734E-06,0.0208157896995544,0.196604083757848,
,,,4.4736E-06,-0.113075435161591,0.196938811801374,
,,,4.4738E-06,0.087761402130127,0.197608267888427,
,,,4.474E-06,-0.113075435161591,0.196604083757848,
,,,4.4742E-06,-0.0461298227310181,0.195767263649032,
,,,4.4744E-06,0.0208157896995544,0.1972735398449,
,,,4.4746E-06,-0.113075435161591,0.197106175823137,
,,,4.4748E-06,-0.113075435161591,0.196101991692558,
,,,4.475E-06,-0.0461298227310181,0.196436719736084,
,,,4.4752E-06,0.087761402130127,0.197942995931953,
,,,4.4754E-06,-0.0461298227310181,0.197608267888427,
,,,4.4756E-06,0.0208157896995544,0.196771447779611,
,,,4.4758E-06,-0.0461298227310181,0.197608267888427,
,,,4.476E-06,-0.0461298227310181,0.196938811801374,
,,,4.4762E-06,-0.0461298227310181,0.197440903866664,
,,,4.4764E-06,-0.0461298227310181,0.19777563191019,
,,,4.4766E-06,0.0208157896995544,0.198110359953716,
,,,4.4768E-06,0.087761402130127,0.197608267888427,
,,,4.477E-06,-0.113075435161591,0.1972735398449,
,,,4.4772E-06,-0.0461298227310181,0.196938811801374,
,,,4.4774E-06,0.0208157896995544,0.197106175823137,
,,,4.4776E-06,0.0208157896995544,0.196771447779611,
,,,4.4778E-06,0.0208157896995544,0.197440903866664,
,,,4.478E-06,-0.0461298227310181,0.197106175823137,
,,,4.4782E-06,-0.0461298227310181,0.196938811801374,
,,,4.4784E-06,0.0208157896995544,0.196771447779611,
,,,4.4786E-06,0.0208157896995544,0.196604083757848,
,,,4.4788E-06,-0.0461298227310181,0.19777563191019,
,,,4.479E-06,-0.0461298227310181,0.1972735398449,
,,,4.4792E-06,0.0208157896995544,0.197608267888427,
,,,4.4794E-06,0.0208157896995544,0.197440903866664,
,,,4.4796E-06,0.087761402130127,0.196938811801374,
,,,4.4798E-06,0.0208157896995544,0.197608267888427,
,,,4.48E-06,-0.0461298227310181,0.1972735398449,
,,,4.4802E-06,0.0208157896995544,0.197608267888427,
,,,4.4804E-06,-0.113075435161591,0.197608267888427,
,,,4.4806E-06,0.0208157896995544,0.197608267888427,
,,,4.4808E-06,0.0208157896995544,0.19777563191019,
,,,4.481E-06,0.0208157896995544,0.1972735398449,
,,,4.4812E-06,0.0208157896995544,0.19777563191019,
,,,4.4814E-06,0.087761402130127,0.198110359953716,
,,,4.4816E-06,0.087761402130127,0.197608267888427,
,,,4.4818E-06,-0.0461298227310181,0.197440903866664,
,,,4.482E-06,0.087761402130127,0.197440903866664,
,,,4.4822E-06,0.0208157896995544,0.197106175823137,
,,,4.4824E-06,-0.0461298227310181,0.196938811801374,
,,,4.4826E-06,-0.0461298227310181,0.197106175823137,
,,,4.4828E-06,0.0208157896995544,0.196938811801374,
,,,4.483E-06,-0.113075435161591,0.1972735398449,
,,,4.4832E-06,0.0208157896995544,0.197440903866664,
,,,4.4834E-06,-0.0461298227310181,0.196771447779611,
,,,4.4836E-06,-0.0461298227310181,0.197440903866664,
,,,4.4838E-06,0.087761402130127,0.197440903866664,
,,,4.484E-06,-0.0461298227310181,0.197106175823137,
,,,4.4842E-06,-0.0461298227310181,0.197608267888427,
,,,4.4844E-06,-0.0461298227310181,0.19827772397548,
,,,4.4846E-06,-0.0461298227310181,0.197942995931953,
,,,4.4848E-06,0.0208157896995544,0.19777563191019,
,,,4.485E-06,-0.113075435161591,0.198445087997243,
,,,4.4852E-06,-0.0461298227310181,0.19777563191019,
,,,4.4854E-06,0.0208157896995544,0.19777563191019,
,,,4.4856E-06,0.087761402130127,0.198110359953716,
,,,4.4858E-06,-0.0461298227310181,0.197942995931953,
,,,4.486E-06,0.0208157896995544,0.198110359953716,
,,,4.4862E-06,0.0208157896995544,0.198445087997243,
,,,4.4864E-06,-0.0461298227310181,0.19777563191019,
,,,4.4866E-06,0.0208157896995544,0.19777563191019,
,,,4.4868E-06,0.0208157896995544,0.19827772397548,
,,,4.487E-06,0.087761402130127,0.197942995931953,
,,,4.4872E-06,0.0208157896995544,0.198110359953716,
,,,4.4874E-06,-0.0461298227310181,0.198110359953716,
,,,4.4876E-06,0.0208157896995544,0.19827772397548,
,,,4.4878E-06,0.087761402130127,0.19827772397548,
,,,4.488E-06,0.154707014560699,0.19827772397548,
,,,4.4882E-06,-0.113075435161591,0.198445087997243,
,,,4.4884E-06,0.087761402130127,0.19827772397548,
,,,4.4886E-06,0.087761402130127,0.19827772397548,
,,,4.4888E-06,-0.0461298227310181,0.198612452019006,
,,,4.489E-06,-0.0461298227310181,0.198779816040769,
,,,4.4892E-06,0.0208157896995544,0.199449272127822,
,,,4.4894E-06,-0.0461298227310181,0.198445087997243,
,,,4.4896E-06,0.087761402130127,0.19827772397548,
,,,4.4898E-06,-0.0461298227310181,0.198445087997243,
,,,4.49E-06,-0.0461298227310181,0.199114544084296,
,,,4.4902E-06,0.087761402130127,0.198445087997243,
,,,4.4904E-06,0.0208157896995544,0.198110359953716,
,,,4.4906E-06,-0.0461298227310181,0.198947180062532,
,,,4.4908E-06,0.087761402130127,0.198110359953716,
,,,4.491E-06,-0.0461298227310181,0.19827772397548,
,,,4.4912E-06,-0.0461298227310181,0.198779816040769,
,,,4.4914E-06,-0.0461298227310181,0.19827772397548,
,,,4.4916E-06,0.0208157896995544,0.19827772397548,
,,,4.4918E-06,-0.0461298227310181,0.19827772397548,
,,,4.492E-06,0.0208157896995544,0.19827772397548,
,,,4.4922E-06,0.087761402130127,0.198779816040769,
,,,4.4924E-06,0.154707014560699,0.198779816040769,
,,,4.4926E-06,0.0208157896995544,0.19827772397548,
,,,4.4928E-06,-0.113075435161591,0.19777563191019,
,,,4.493E-06,0.087761402130127,0.19777563191019,
,,,4.4932E-06,-0.0461298227310181,0.198947180062532,
,,,4.4934E-06,-0.0461298227310181,0.199281908106059,
,,,4.4936E-06,0.0208157896995544,0.198947180062532,
,,,4.4938E-06,-0.0461298227310181,0.198110359953716,
,,,4.494E-06,0.0208157896995544,0.197942995931953,
,,,4.4942E-06,0.0208157896995544,0.198779816040769,
,,,4.4944E-06,0.087761402130127,0.19777563191019,
,,,4.4946E-06,-0.0461298227310181,0.198445087997243,
,,,4.4948E-06,0.0208157896995544,0.198779816040769,
,,,4.495E-06,0.0208157896995544,0.197608267888427,
,,,4.4952E-06,0.0208157896995544,0.197942995931953,
,,,4.4954E-06,-0.0461298227310181,0.197608267888427,
,,,4.4956E-06,0.0208157896995544,0.198445087997243,
,,,4.4958E-06,-0.0461298227310181,0.19777563191019,
,,,4.496E-06,0.087761402130127,0.19777563191019,
,,,4.4962E-06,-0.0461298227310181,0.198612452019006,
,,,4.4964E-06,0.087761402130127,0.19827772397548,
,,,4.4966E-06,0.087761402130127,0.197942995931953,
,,,4.4968E-06,-0.113075435161591,0.197942995931953,
,,,4.497E-06,0.0208157896995544,0.19777563191019,
,,,4.4972E-06,0.087761402130127,0.198110359953716,
,,,4.4974E-06,0.0208157896995544,0.197608267888427,
,,,4.4976E-06,0.0208157896995544,0.19777563191019,
,,,4.4978E-06,0.087761402130127,0.19777563191019,
,,,4.498E-06,0.0208157896995544,0.198110359953716,
,,,4.4982E-06,-0.113075435161591,0.198110359953716,
,,,4.4984E-06,0.087761402130127,0.197942995931953,
,,,4.4986E-06,0.087761402130127,0.19777563191019,
,,,4.4988E-06,-0.0461298227310181,0.197942995931953,
,,,4.499E-06,0.087761402130127,0.197608267888427,
,,,4.4992E-06,-0.0461298227310181,0.1972735398449,
,,,4.4994E-06,0.0208157896995544,0.197942995931953,
,,,4.4996E-06,0.0208157896995544,0.198445087997243,
,,,4.4998E-06,0.0208157896995544,0.197608267888427,
,,,4.5E-06,0.0208157896995544,0.1972735398449,
,,,4.5002E-06,0.0208157896995544,0.197106175823137,
,,,4.5004E-06,-0.0461298227310181,0.19777563191019,
,,,4.5006E-06,0.0208157896995544,0.19777563191019,
,,,4.5008E-06,0.087761402130127,0.196938811801374,
,,,4.501E-06,-0.0461298227310181,0.196771447779611,
,,,4.5012E-06,0.0208157896995544,0.196938811801374,
,,,4.5014E-06,0.087761402130127,0.1972735398449,
,,,4.5016E-06,-0.0461298227310181,0.1972735398449,
,,,4.5018E-06,-0.0461298227310181,0.1972735398449,
,,,4.502E-06,0.0208157896995544,0.1972735398449,
,,,4.5022E-06,-0.0461298227310181,0.196938811801374,
,,,4.5024E-06,0.154707014560699,0.197106175823137,
,,,4.5026E-06,-0.113075435161591,0.197106175823137,
,,,4.5028E-06,-0.0461298227310181,0.198110359953716,
,,,4.503E-06,0.087761402130127,0.19777563191019,
,,,4.5032E-06,0.087761402130127,0.197106175823137,
,,,4.5034E-06,-0.113075435161591,0.197106175823137,
,,,4.5036E-06,0.0208157896995544,0.197106175823137,
,,,4.5038E-06,-0.0461298227310181,0.197106175823137,
,,,4.504E-06,0.0208157896995544,0.197440903866664,
,,,4.5042E-06,0.0208157896995544,0.198445087997243,
,,,4.5044E-06,0.0208157896995544,0.1972735398449,
,,,4.5046E-06,-0.0461298227310181,0.197608267888427,
,,,4.5048E-06,0.087761402130127,0.197440903866664,
,,,4.505E-06,-0.0461298227310181,0.19777563191019,
,,,4.5052E-06,0.154707014560699,0.1972735398449,
,,,4.5054E-06,-0.0461298227310181,0.19777563191019,
,,,4.5056E-06,-0.0461298227310181,0.19827772397548,
,,,4.5058E-06,0.0208157896995544,0.197608267888427,
,,,4.506E-06,0.087761402130127,0.197942995931953,
,,,4.5062E-06,-0.0461298227310181,0.198779816040769,
,,,4.5064E-06,0.0208157896995544,0.19777563191019,
,,,4.5066E-06,-0.113075435161591,0.1972735398449,
,,,4.5068E-06,0.0208157896995544,0.19777563191019,
,,,4.507E-06,0.0208157896995544,0.198445087997243,
,,,4.5072E-06,0.087761402130127,0.198110359953716,
,,,4.5074E-06,-0.0461298227310181,0.198110359953716,
,,,4.5076E-06,0.087761402130127,0.19827772397548,
,,,4.5078E-06,0.0208157896995544,0.19827772397548,
,,,4.508E-06,0.0208157896995544,0.196938811801374,
,,,4.5082E-06,0.0208157896995544,0.197942995931953,
,,,4.5084E-06,0.0208157896995544,0.198779816040769,
,,,4.5086E-06,0.0208157896995544,0.197608267888427,
,,,4.5088E-06,0.087761402130127,0.197440903866664,
,,,4.509E-06,-0.0461298227310181,0.197106175823137,
,,,4.5092E-06,0.0208157896995544,0.196771447779611,
,,,4.5094E-06,0.0208157896995544,0.196938811801374,
,,,4.5096E-06,0.087761402130127,0.197440903866664,
,,,4.5098E-06,-0.0461298227310181,0.197106175823137,
,,,4.51E-06,-0.0461298227310181,0.197106175823137,
,,,4.5102E-06,-0.0461298227310181,0.1972735398449,
,,,4.5104E-06,0.087761402130127,0.197106175823137,
,,,4.5106E-06,-0.0461298227310181,0.19777563191019,
,,,4.5108E-06,0.0208157896995544,0.196771447779611,
,,,4.511E-06,-0.0461298227310181,0.197608267888427,
,,,4.5112E-06,0.087761402130127,0.197106175823137,
,,,4.5114E-06,0.0208157896995544,0.196269355714321,
,,,4.5116E-06,0.087761402130127,0.196269355714321,
,,,4.5118E-06,0.0208157896995544,0.196436719736084,
,,,4.512E-06,0.0208157896995544,0.196436719736084,
,,,4.5122E-06,0.0208157896995544,0.196771447779611,
,,,4.5124E-06,-0.0461298227310181,0.196101991692558,
,,,4.5126E-06,0.087761402130127,0.195767263649032,
,,,4.5128E-06,0.0208157896995544,0.196101991692558,
,,,4.513E-06,-0.0461298227310181,0.196269355714321,
,,,4.5132E-06,0.087761402130127,0.196436719736084,
,,,4.5134E-06,0.087761402130127,0.196269355714321,
,,,4.5136E-06,0.087761402130127,0.196604083757848,
,,,4.5138E-06,-0.0461298227310181,0.196604083757848,
,,,4.514E-06,0.0208157896995544,0.195767263649032,
,,,4.5142E-06,0.0208157896995544,0.196771447779611,
,,,4.5144E-06,-0.113075435161591,0.196604083757848,
,,,4.5146E-06,0.0208157896995544,0.196604083757848,
,,,4.5148E-06,-0.113075435161591,0.196771447779611,
,,,4.515E-06,0.0208157896995544,0.196269355714321,
,,,4.5152E-06,0.0208157896995544,0.196938811801374,
,,,4.5154E-06,-0.0461298227310181,0.196269355714321,
,,,4.5156E-06,0.0208157896995544,0.1972735398449,
,,,4.5158E-06,0.087761402130127,0.196269355714321,
,,,4.516E-06,0.0208157896995544,0.196604083757848,
,,,4.5162E-06,-0.0461298227310181,0.196436719736084,
,,,4.5164E-06,-0.0461298227310181,0.196771447779611,
,,,4.5166E-06,-0.0461298227310181,0.197440903866664,
,,,4.5168E-06,0.0208157896995544,0.196771447779611,
,,,4.517E-06,-0.0461298227310181,0.197608267888427,
,,,4.5172E-06,-0.0461298227310181,0.1972735398449,
,,,4.5174E-06,-0.113075435161591,0.196938811801374,
,,,4.5176E-06,0.0208157896995544,0.1972735398449,
,,,4.5178E-06,0.0208157896995544,0.197440903866664,
,,,4.518E-06,0.087761402130127,0.196436719736084,
,,,4.5182E-06,0.0208157896995544,0.196771447779611,
,,,4.5184E-06,0.0208157896995544,0.196604083757848,
,,,4.5186E-06,-0.0461298227310181,0.197106175823137,
,,,4.5188E-06,-0.0461298227310181,0.196771447779611,
,,,4.519E-06,-0.0461298227310181,0.197106175823137,
,,,4.5192E-06,0.0208157896995544,0.197106175823137,
,,,4.5194E-06,0.0208157896995544,0.196269355714321,
,,,4.5196E-06,0.087761402130127,0.196604083757848,
,,,4.5198E-06,-0.0461298227310181,0.197106175823137,
,,,4.52E-06,0.087761402130127,0.196771447779611,
,,,4.5202E-06,-0.0461298227310181,0.1972735398449,
,,,4.5204E-06,-0.0461298227310181,0.196269355714321,
,,,4.5206E-06,-0.0461298227310181,0.196436719736084,
,,,4.5208E-06,0.0208157896995544,0.1972735398449,
,,,4.521E-06,0.0208157896995544,0.196771447779611,
,,,4.5212E-06,0.0208157896995544,0.196938811801374,
,,,4.5214E-06,0.087761402130127,0.196938811801374,
,,,4.5216E-06,0.087761402130127,0.196604083757848,
,,,4.5218E-06,-0.113075435161591,0.196436719736084,
,,,4.522E-06,-0.0461298227310181,0.196604083757848,
,,,4.5222E-06,0.0208157896995544,0.197106175823137,
,,,4.5224E-06,0.0208157896995544,0.196771447779611,
,,,4.5226E-06,-0.113075435161591,0.196771447779611,
,,,4.5228E-06,0.0208157896995544,0.197440903866664,
,,,4.523E-06,0.087761402130127,0.1972735398449,
,,,4.5232E-06,-0.0461298227310181,0.197106175823137,
,,,4.5234E-06,-0.113075435161591,0.19777563191019,
,,,4.5236E-06,0.0208157896995544,0.196938811801374,
,,,4.5238E-06,-0.113075435161591,0.196436719736084,
,,,4.524E-06,0.087761402130127,0.1972735398449,
,,,4.5242E-06,0.087761402130127,0.197608267888427,
,,,4.5244E-06,-0.0461298227310181,0.197608267888427,
,,,4.5246E-06,-0.0461298227310181,0.197106175823137,
,,,4.5248E-06,0.0208157896995544,0.1972735398449,
,,,4.525E-06,0.087761402130127,0.197106175823137,
,,,4.5252E-06,-0.0461298227310181,0.19827772397548,
,,,4.5254E-06,0.0208157896995544,0.197608267888427,
,,,4.5256E-06,0.0208157896995544,0.197942995931953,
,,,4.5258E-06,-0.113075435161591,0.196938811801374,
,,,4.526E-06,-0.0461298227310181,0.197440903866664,
,,,4.5262E-06,-0.0461298227310181,0.197106175823137,
,,,4.5264E-06,0.0208157896995544,0.197440903866664,
,,,4.5266E-06,0.0208157896995544,0.197608267888427,
,,,4.5268E-06,-0.0461298227310181,0.1972735398449,
,,,4.527E-06,-0.180021047592163,0.19777563191019,
,,,4.5272E-06,-0.113075435161591,0.197440903866664,
,,,4.5274E-06,0.0208157896995544,0.197440903866664,
,,,4.5276E-06,-0.180021047592163,0.197106175823137,
,,,4.5278E-06,-0.113075435161591,0.197440903866664,
,,,4.528E-06,0.154707014560699,0.197440903866664,
,,,4.5282E-06,-0.113075435161591,0.197106175823137,
,,,4.5284E-06,-0.113075435161591,0.196436719736084,
,,,4.5286E-06,0.087761402130127,0.1972735398449,
,,,4.5288E-06,0.0208157896995544,0.196771447779611,
,,,4.529E-06,-0.113075435161591,0.196604083757848,
,,,4.5292E-06,-0.0461298227310181,0.196101991692558,
,,,4.5294E-06,-0.0461298227310181,0.195934627670795,
,,,4.5296E-06,0.087761402130127,0.196436719736084,
,,,4.5298E-06,-0.113075435161591,0.195767263649032,
,,,4.53E-06,-0.0461298227310181,0.195767263649032,
,,,4.5302E-06,-0.0461298227310181,0.196101991692558,
,,,4.5304E-06,0.154707014560699,0.195767263649032,
,,,4.5306E-06,-0.0461298227310181,0.196101991692558,
,,,4.5308E-06,0.154707014560699,0.195934627670795,
,,,4.531E-06,-0.0461298227310181,0.196269355714321,
,,,4.5312E-06,-0.0461298227310181,0.196436719736084,
,,,4.5314E-06,0.0208157896995544,0.196269355714321,
,,,4.5316E-06,-0.0461298227310181,0.196101991692558,
,,,4.5318E-06,-0.0461298227310181,0.195599899627268,
,,,4.532E-06,0.0208157896995544,0.196101991692558,
,,,4.5322E-06,-0.0461298227310181,0.196771447779611,
,,,4.5324E-06,-0.0461298227310181,0.196436719736084,
,,,4.5326E-06,0.0208157896995544,0.196771447779611,
,,,4.5328E-06,0.154707014560699,0.196771447779611,
,,,4.533E-06,-0.0461298227310181,0.196269355714321,
,,,4.5332E-06,0.0208157896995544,0.196604083757848,
,,,4.5334E-06,0.0208157896995544,0.197440903866664,
,,,4.5336E-06,0.0208157896995544,0.197106175823137,
,,,4.5338E-06,-0.0461298227310181,0.196938811801374,
,,,4.534E-06,0.0208157896995544,0.19777563191019,
,,,4.5342E-06,-0.0461298227310181,0.197608267888427,
,,,4.5344E-06,0.0208157896995544,0.198779816040769,
,,,4.5346E-06,-0.113075435161591,0.198110359953716,
,,,4.5348E-06,0.0208157896995544,0.19827772397548,
,,,4.535E-06,0.0208157896995544,0.197942995931953,
,,,4.5352E-06,0.0208157896995544,0.197942995931953,
,,,4.5354E-06,-0.0461298227310181,0.198110359953716,
,,,4.5356E-06,-0.0461298227310181,0.198445087997243,
,,,4.5358E-06,-0.0461298227310181,0.197106175823137,
,,,4.536E-06,0.0208157896995544,0.19777563191019,
,,,4.5362E-06,-0.113075435161591,0.198110359953716,
,,,4.5364E-06,0.0208157896995544,0.197608267888427,
,,,4.5366E-06,0.0208157896995544,0.196771447779611,
,,,4.5368E-06,0.0208157896995544,0.197106175823137,
,,,4.537E-06,-0.0461298227310181,0.197608267888427,
,,,4.5372E-06,0.0208157896995544,0.1972735398449,
,,,4.5374E-06,0.0208157896995544,0.197440903866664,
,,,4.5376E-06,-0.0461298227310181,0.1972735398449,
,,,4.5378E-06,0.087761402130127,0.197942995931953,
,,,4.538E-06,-0.0461298227310181,0.19777563191019,
,,,4.5382E-06,0.0208157896995544,0.197942995931953,
,,,4.5384E-06,0.0208157896995544,0.197608267888427,
,,,4.5386E-06,-0.113075435161591,0.19777563191019,
,,,4.5388E-06,0.0208157896995544,0.197942995931953,
,,,4.539E-06,0.0208157896995544,0.197608267888427,
,,,4.5392E-06,0.087761402130127,0.197942995931953,
,,,4.5394E-06,0.0208157896995544,0.19777563191019,
,,,4.5396E-06,0.0208157896995544,0.19777563191019,
,,,4.5398E-06,0.0208157896995544,0.198110359953716,
,,,4.54E-06,-0.113075435161591,0.196938811801374,
,,,4.5402E-06,-0.0461298227310181,0.1972735398449,
,,,4.5404E-06,0.0208157896995544,0.197608267888427,
,,,4.5406E-06,0.0208157896995544,0.198110359953716,
,,,4.5408E-06,0.087761402130127,0.197106175823137,
,,,4.541E-06,-0.0461298227310181,0.197440903866664,
,,,4.5412E-06,-0.0461298227310181,0.198445087997243,
,,,4.5414E-06,0.087761402130127,0.1972735398449,
,,,4.5416E-06,-0.0461298227310181,0.198612452019006,
,,,4.5418E-06,-0.113075435161591,0.198612452019006,
,,,4.542E-06,0.0208157896995544,0.197942995931953,
,,,4.5422E-06,-0.113075435161591,0.19827772397548,
,,,4.5424E-06,-0.0461298227310181,0.198445087997243,
,,,4.5426E-06,-0.0461298227310181,0.197942995931953,
,,,4.5428E-06,0.0208157896995544,0.198445087997243,
,,,4.543E-06,-0.0461298227310181,0.198445087997243,
,,,4.5432E-06,0.0208157896995544,0.198779816040769,
,,,4.5434E-06,-0.0461298227310181,0.197942995931953,
,,,4.5436E-06,0.087761402130127,0.198110359953716,
,,,4.5438E-06,0.087761402130127,0.197106175823137,
,,,4.544E-06,-0.0461298227310181,0.197608267888427,
,,,4.5442E-06,0.087761402130127,0.197440903866664,
,,,4.5444E-06,0.0208157896995544,0.198445087997243,
,,,4.5446E-06,0.0208157896995544,0.197942995931953,
,,,4.5448E-06,0.087761402130127,0.197106175823137,
,,,4.545E-06,-0.113075435161591,0.197440903866664,
,,,4.5452E-06,0.0208157896995544,0.19777563191019,
,,,4.5454E-06,0.0208157896995544,0.198110359953716,
,,,4.5456E-06,0.087761402130127,0.197942995931953,
,,,4.5458E-06,0.0208157896995544,0.197608267888427,
,,,4.546E-06,0.087761402130127,0.197608267888427,
,,,4.5462E-06,0.0208157896995544,0.197106175823137,
,,,4.5464E-06,0.0208157896995544,0.196771447779611,
,,,4.5466E-06,0.0208157896995544,0.19777563191019,
,,,4.5468E-06,-0.0461298227310181,0.1972735398449,
,,,4.547E-06,0.0208157896995544,0.196771447779611,
,,,4.5472E-06,0.0208157896995544,0.196938811801374,
,,,4.5474E-06,-0.113075435161591,0.196269355714321,
,,,4.5476E-06,0.0208157896995544,0.196604083757848,
,,,4.5478E-06,-0.0461298227310181,0.196771447779611,
,,,4.548E-06,0.0208157896995544,0.196269355714321,
,,,4.5482E-06,-0.113075435161591,0.196269355714321,
,,,4.5484E-06,-0.113075435161591,0.197106175823137,
,,,4.5486E-06,-0.0461298227310181,0.197106175823137,
,,,4.5488E-06,0.0208157896995544,0.196101991692558,
,,,4.549E-06,-0.0461298227310181,0.1972735398449,
,,,4.5492E-06,0.0208157896995544,0.197106175823137,
,,,4.5494E-06,0.0208157896995544,0.196938811801374,
,,,4.5496E-06,0.087761402130127,0.196436719736084,
,,,4.5498E-06,-0.0461298227310181,0.196771447779611,
,,,4.55E-06,0.0208157896995544,0.196436719736084,
,,,4.5502E-06,0.087761402130127,0.196269355714321,
,,,4.5504E-06,0.0208157896995544,0.196101991692558,
,,,4.5506E-06,0.0208157896995544,0.197106175823137,
,,,4.5508E-06,0.0208157896995544,0.197106175823137,
,,,4.551E-06,0.0208157896995544,0.197106175823137,
,,,4.5512E-06,0.0208157896995544,0.196771447779611,
,,,4.5514E-06,-0.0461298227310181,0.196938811801374,
,,,4.5516E-06,0.0208157896995544,0.196938811801374,
,,,4.5518E-06,0.0208157896995544,0.197608267888427,
,,,4.552E-06,0.087761402130127,0.197608267888427,
,,,4.5522E-06,0.0208157896995544,0.197106175823137,
,,,4.5524E-06,0.0208157896995544,0.197106175823137,
,,,4.5526E-06,0.0208157896995544,0.197608267888427,
,,,4.5528E-06,-0.0461298227310181,0.197440903866664,
,,,4.553E-06,0.0208157896995544,0.197942995931953,
,,,4.5532E-06,0.0208157896995544,0.197608267888427,
,,,4.5534E-06,0.087761402130127,0.196938811801374,
,,,4.5536E-06,0.087761402130127,0.197608267888427,
,,,4.5538E-06,-0.0461298227310181,0.196938811801374,
,,,4.554E-06,0.0208157896995544,0.197440903866664,
,,,4.5542E-06,0.0208157896995544,0.196938811801374,
,,,4.5544E-06,0.0208157896995544,0.1972735398449,
,,,4.5546E-06,-0.180021047592163,0.196771447779611,
,,,4.5548E-06,0.0208157896995544,0.197106175823137,
,,,4.555E-06,-0.0461298227310181,0.196771447779611,
,,,4.5552E-06,-0.0461298227310181,0.196938811801374,
,,,4.5554E-06,0.0208157896995544,0.197106175823137,
,,,4.5556E-06,-0.0461298227310181,0.197440903866664,
,,,4.5558E-06,-0.113075435161591,0.196436719736084,
,,,4.556E-06,0.0208157896995544,0.196938811801374,
,,,4.5562E-06,0.0208157896995544,0.196771447779611,
,,,4.5564E-06,0.087761402130127,0.196101991692558,
,,,4.5566E-06,-0.0461298227310181,0.1972735398449,
,,,4.5568E-06,-0.0461298227310181,0.197608267888427,
,,,4.557E-06,0.0208157896995544,0.196938811801374,
,,,4.5572E-06,0.0208157896995544,0.1972735398449,
,,,4.5574E-06,0.087761402130127,0.196771447779611,
,,,4.5576E-06,0.0208157896995544,0.196771447779611,
,,,4.5578E-06,-0.0461298227310181,0.1972735398449,
,,,4.558E-06,0.087761402130127,0.196938811801374,
,,,4.5582E-06,0.0208157896995544,0.1972735398449,
,,,4.5584E-06,0.154707014560699,0.196604083757848,
,,,4.5586E-06,0.0208157896995544,0.197106175823137,
,,,4.5588E-06,0.0208157896995544,0.196938811801374,
,,,4.559E-06,0.0208157896995544,0.196938811801374,
,,,4.5592E-06,-0.0461298227310181,0.1972735398449,
,,,4.5594E-06,-0.0461298227310181,0.196771447779611,
,,,4.5596E-06,0.0208157896995544,0.1972735398449,
,,,4.5598E-06,0.0208157896995544,0.197106175823137,
,,,4.56E-06,0.087761402130127,0.1972735398449,
,,,4.5602E-06,-0.180021047592163,0.1972735398449,
,,,4.5604E-06,0.0208157896995544,0.197608267888427,
,,,4.5606E-06,0.087761402130127,0.19827772397548,
,,,4.5608E-06,0.0208157896995544,0.197440903866664,
,,,4.561E-06,-0.0461298227310181,0.19827772397548,
,,,4.5612E-06,0.087761402130127,0.19777563191019,
,,,4.5614E-06,-0.0461298227310181,0.196938811801374,
,,,4.5616E-06,0.0208157896995544,0.197440903866664,
,,,4.5618E-06,-0.0461298227310181,0.197608267888427,
,,,4.562E-06,0.087761402130127,0.1972735398449,
,,,4.5622E-06,0.0208157896995544,0.1972735398449,
,,,4.5624E-06,0.087761402130127,0.1972735398449,
,,,4.5626E-06,-0.0461298227310181,0.197608267888427,
,,,4.5628E-06,0.087761402130127,0.197106175823137,
,,,4.563E-06,0.087761402130127,0.197106175823137,
,,,4.5632E-06,0.0208157896995544,0.1972735398449,
,,,4.5634E-06,0.0208157896995544,0.1972735398449,
,,,4.5636E-06,0.0208157896995544,0.197440903866664,
,,,4.5638E-06,0.0208157896995544,0.197106175823137,
,,,4.564E-06,0.0208157896995544,0.1972735398449,
,,,4.5642E-06,-0.113075435161591,0.196436719736084,
,,,4.5644E-06,0.0208157896995544,0.196269355714321,
,,,4.5646E-06,0.0208157896995544,0.196938811801374,
,,,4.5648E-06,0.087761402130127,0.197106175823137,
,,,4.565E-06,-0.0461298227310181,0.196269355714321,
,,,4.5652E-06,0.087761402130127,0.196269355714321,
,,,4.5654E-06,-0.113075435161591,0.197106175823137,
,,,4.5656E-06,-0.0461298227310181,0.196771447779611,
,,,4.5658E-06,-0.0461298227310181,0.196101991692558,
,,,4.566E-06,-0.113075435161591,0.197440903866664,
,,,4.5662E-06,-0.0461298227310181,0.196604083757848,
,,,4.5664E-06,0.087761402130127,0.196269355714321,
,,,4.5666E-06,-0.113075435161591,0.195934627670795,
,,,4.5668E-06,0.0208157896995544,0.196101991692558,
,,,4.567E-06,0.0208157896995544,0.195767263649032,
,,,4.5672E-06,0.0208157896995544,0.195265171583742,
,,,4.5674E-06,-0.0461298227310181,0.196604083757848,
,,,4.5676E-06,0.0208157896995544,0.196101991692558,
,,,4.5678E-06,-0.0461298227310181,0.195432535605505,
,,,4.568E-06,-0.0461298227310181,0.196101991692558,
,,,4.5682E-06,-0.0461298227310181,0.196269355714321,
,,,4.5684E-06,0.0208157896995544,0.196269355714321,
,,,4.5686E-06,-0.113075435161591,0.195599899627268,
,,,4.5688E-06,0.0208157896995544,0.196101991692558,
,,,4.569E-06,0.087761402130127,0.195599899627268,
,,,4.5692E-06,0.087761402130127,0.195432535605505,
,,,4.5694E-06,0.0208157896995544,0.196101991692558,
,,,4.5696E-06,0.0208157896995544,0.196269355714321,
,,,4.5698E-06,0.087761402130127,0.195097807561979,
,,,4.57E-06,-0.0461298227310181,0.195934627670795,
,,,4.5702E-06,0.0208157896995544,0.195934627670795,
,,,4.5704E-06,0.0208157896995544,0.196604083757848,
,,,4.5706E-06,-0.0461298227310181,0.196269355714321,
,,,4.5708E-06,0.0208157896995544,0.196269355714321,
,,,4.571E-06,0.154707014560699,0.196604083757848,
,,,4.5712E-06,-0.0461298227310181,0.196771447779611,
,,,4.5714E-06,-0.0461298227310181,0.196269355714321,
,,,4.5716E-06,0.154707014560699,0.196604083757848,
,,,4.5718E-06,-0.0461298227310181,0.196938811801374,
,,,4.572E-06,-0.113075435161591,0.196436719736084,
,,,4.5722E-06,-0.0461298227310181,0.196269355714321,
,,,4.5724E-06,-0.113075435161591,0.195934627670795,
,,,4.5726E-06,-0.0461298227310181,0.196604083757848,
,,,4.5728E-06,0.154707014560699,0.197106175823137,
,,,4.573E-06,-0.113075435161591,0.195767263649032,
,,,4.5732E-06,0.0208157896995544,0.196604083757848,
,,,4.5734E-06,0.0208157896995544,0.196269355714321,
,,,4.5736E-06,0.0208157896995544,0.195934627670795,
,,,4.5738E-06,-0.0461298227310181,0.196771447779611,
,,,4.574E-06,0.0208157896995544,0.197106175823137,
,,,4.5742E-06,-0.0461298227310181,0.196269355714321,
,,,4.5744E-06,0.0208157896995544,0.195934627670795,
,,,4.5746E-06,0.0208157896995544,0.196604083757848,
,,,4.5748E-06,-0.0461298227310181,0.196101991692558,
,,,4.575E-06,-0.0461298227310181,0.196101991692558,
,,,4.5752E-06,0.087761402130127,0.195767263649032,
,,,4.5754E-06,-0.0461298227310181,0.196604083757848,
,,,4.5756E-06,0.0208157896995544,0.196101991692558,
,,,4.5758E-06,0.0208157896995544,0.196269355714321,
,,,4.576E-06,0.0208157896995544,0.195934627670795,
,,,4.5762E-06,0.0208157896995544,0.196436719736084,
,,,4.5764E-06,-0.0461298227310181,0.196604083757848,
,,,4.5766E-06,0.0208157896995544,0.196771447779611,
,,,4.5768E-06,0.154707014560699,0.196771447779611,
,,,4.577E-06,0.0208157896995544,0.195934627670795,
,,,4.5772E-06,0.087761402130127,0.196269355714321,
,,,4.5774E-06,0.0208157896995544,0.196604083757848,
,,,4.5776E-06,-0.0461298227310181,0.196269355714321,
,,,4.5778E-06,0.0208157896995544,0.196604083757848,
,,,4.578E-06,-0.0461298227310181,0.197440903866664,
,,,4.5782E-06,0.0208157896995544,0.197608267888427,
,,,4.5784E-06,0.0208157896995544,0.196771447779611,
,,,4.5786E-06,0.0208157896995544,0.196938811801374,
,,,4.5788E-06,-0.113075435161591,0.196938811801374,
,,,4.579E-06,-0.0461298227310181,0.197608267888427,
,,,4.5792E-06,0.087761402130127,0.197440903866664,
,,,4.5794E-06,-0.113075435161591,0.1972735398449,
,,,4.5796E-06,-0.113075435161591,0.197608267888427,
,,,4.5798E-06,0.087761402130127,0.197608267888427,
,,,4.58E-06,0.0208157896995544,0.197608267888427,
,,,4.5802E-06,-0.113075435161591,0.197942995931953,
,,,4.5804E-06,-0.0461298227310181,0.197440903866664,
,,,4.5806E-06,-0.0461298227310181,0.197106175823137,
,,,4.5808E-06,-0.0461298227310181,0.197106175823137,
,,,4.581E-06,-0.0461298227310181,0.197106175823137,
,,,4.5812E-06,-0.0461298227310181,0.198110359953716,
,,,4.5814E-06,0.0208157896995544,0.197440903866664,
,,,4.5816E-06,0.0208157896995544,0.196604083757848,
,,,4.5818E-06,0.0208157896995544,0.196771447779611,
,,,4.582E-06,0.0208157896995544,0.197106175823137,
,,,4.5822E-06,0.0208157896995544,0.196436719736084,
,,,4.5824E-06,-0.0461298227310181,0.197106175823137,
,,,4.5826E-06,0.0208157896995544,0.197440903866664,
,,,4.5828E-06,-0.0461298227310181,0.196101991692558,
,,,4.583E-06,0.0208157896995544,0.196938811801374,
,,,4.5832E-06,0.0208157896995544,0.196436719736084,
,,,4.5834E-06,0.0208157896995544,0.195934627670795,
,,,4.5836E-06,-0.0461298227310181,0.196101991692558,
,,,4.5838E-06,0.0208157896995544,0.196436719736084,
,,,4.584E-06,0.087761402130127,0.196604083757848,
,,,4.5842E-06,-0.0461298227310181,0.195767263649032,
,,,4.5844E-06,0.087761402130127,0.196269355714321,
,,,4.5846E-06,-0.113075435161591,0.196436719736084,
,,,4.5848E-06,-0.0461298227310181,0.196771447779611,
,,,4.585E-06,0.0208157896995544,0.196269355714321,
,,,4.5852E-06,0.0208157896995544,0.196101991692558,
,,,4.5854E-06,-0.0461298227310181,0.196938811801374,
,,,4.5856E-06,0.0208157896995544,0.197106175823137,
,,,4.5858E-06,-0.0461298227310181,0.195934627670795,
,,,4.586E-06,-0.0461298227310181,0.196771447779611,
,,,4.5862E-06,0.087761402130127,0.196604083757848,
,,,4.5864E-06,0.0208157896995544,0.196436719736084,
,,,4.5866E-06,-0.113075435161591,0.196938811801374,
,,,4.5868E-06,0.0208157896995544,0.196269355714321,
,,,4.587E-06,0.0208157896995544,0.196436719736084,
,,,4.5872E-06,0.087761402130127,0.196269355714321,
,,,4.5874E-06,-0.0461298227310181,0.196604083757848,
,,,4.5876E-06,0.0208157896995544,0.197106175823137,
,,,4.5878E-06,0.0208157896995544,0.196938811801374,
,,,4.588E-06,0.0208157896995544,0.196938811801374,
,,,4.5882E-06,0.0208157896995544,0.1972735398449,
,,,4.5884E-06,0.087761402130127,0.196771447779611,
,,,4.5886E-06,-0.0461298227310181,0.196771447779611,
,,,4.5888E-06,-0.0461298227310181,0.196269355714321,
,,,4.589E-06,0.087761402130127,0.196938811801374,
,,,4.5892E-06,-0.0461298227310181,0.196938811801374,
,,,4.5894E-06,-0.0461298227310181,0.195934627670795,
,,,4.5896E-06,0.087761402130127,0.196604083757848,
,,,4.5898E-06,-0.0461298227310181,0.196436719736084,
,,,4.59E-06,-0.0461298227310181,0.196436719736084,
,,,4.5902E-06,0.0208157896995544,0.196436719736084,
,,,4.5904E-06,0.087761402130127,0.196938811801374,
,,,4.5906E-06,-0.0461298227310181,0.196938811801374,
,,,4.5908E-06,0.0208157896995544,0.196771447779611,
,,,4.591E-06,0.087761402130127,0.196604083757848,
,,,4.5912E-06,-0.0461298227310181,0.197608267888427,
,,,4.5914E-06,0.087761402130127,0.196604083757848,
,,,4.5916E-06,-0.0461298227310181,0.196771447779611,
,,,4.5918E-06,0.087761402130127,0.196938811801374,
,,,4.592E-06,-0.0461298227310181,0.197608267888427,
,,,4.5922E-06,-0.113075435161591,0.197440903866664,
,,,4.5924E-06,0.0208157896995544,0.197440903866664,
,,,4.5926E-06,0.0208157896995544,0.197608267888427,
,,,4.5928E-06,-0.0461298227310181,0.197106175823137,
,,,4.593E-06,-0.0461298227310181,0.196938811801374,
,,,4.5932E-06,0.0208157896995544,0.197106175823137,
,,,4.5934E-06,-0.113075435161591,0.197942995931953,
,,,4.5936E-06,-0.0461298227310181,0.1972735398449,
,,,4.5938E-06,-0.113075435161591,0.1972735398449,
,,,4.594E-06,0.0208157896995544,0.197440903866664,
,,,4.5942E-06,-0.0461298227310181,0.197608267888427,
,,,4.5944E-06,0.087761402130127,0.19777563191019,
,,,4.5946E-06,0.0208157896995544,0.196938811801374,
,,,4.5948E-06,0.087761402130127,0.196938811801374,
,,,4.595E-06,0.0208157896995544,0.1972735398449,
,,,4.5952E-06,-0.113075435161591,0.1972735398449,
,,,4.5954E-06,0.0208157896995544,0.197608267888427,
,,,4.5956E-06,-0.0461298227310181,0.197608267888427,
,,,4.5958E-06,-0.0461298227310181,0.197106175823137,
,,,4.596E-06,0.0208157896995544,0.197106175823137,
,,,4.5962E-06,0.0208157896995544,0.197440903866664,
,,,4.5964E-06,-0.0461298227310181,0.197608267888427,
,,,4.5966E-06,-0.0461298227310181,0.197106175823137,
,,,4.5968E-06,0.087761402130127,0.197106175823137,
,,,4.597E-06,-0.0461298227310181,0.197440903866664,
,,,4.5972E-06,0.0208157896995544,0.197608267888427,
,,,4.5974E-06,-0.0461298227310181,0.19777563191019,
,,,4.5976E-06,-0.113075435161591,0.19777563191019,
,,,4.5978E-06,0.0208157896995544,0.197106175823137,
,,,4.598E-06,-0.0461298227310181,0.197440903866664,
,,,4.5982E-06,0.0208157896995544,0.197106175823137,
,,,4.5984E-06,0.0208157896995544,0.198110359953716,
,,,4.5986E-06,-0.0461298227310181,0.1972735398449,
,,,4.5988E-06,-0.0461298227310181,0.19827772397548,
,,,4.599E-06,0.087761402130127,0.19777563191019,
,,,4.5992E-06,-0.113075435161591,0.197608267888427,
,,,4.5994E-06,-0.0461298227310181,0.198445087997243,
,,,4.5996E-06,0.087761402130127,0.198110359953716,
,,,4.5998E-06,-0.0461298227310181,0.1972735398449,
,,,4.6E-06,0.0208157896995544,0.197942995931953,
,,,4.6002E-06,-0.0461298227310181,0.19827772397548,
,,,4.6004E-06,0.0208157896995544,0.19777563191019,
,,,4.6006E-06,-0.0461298227310181,0.198445087997243,
,,,4.6008E-06,0.0208157896995544,0.197440903866664,
,,,4.601E-06,0.0208157896995544,0.198110359953716,
,,,4.6012E-06,0.154707014560699,0.1972735398449,
,,,4.6014E-06,0.0208157896995544,0.198110359953716,
,,,4.6016E-06,-0.0461298227310181,0.1972735398449,
,,,4.6018E-06,0.0208157896995544,0.19777563191019,
,,,4.602E-06,0.0208157896995544,0.197440903866664,
,,,4.6022E-06,-0.0461298227310181,0.196938811801374,
,,,4.6024E-06,0.0208157896995544,0.1972735398449,
,,,4.6026E-06,-0.0461298227310181,0.196938811801374,
,,,4.6028E-06,-0.0461298227310181,0.197608267888427,
,,,4.603E-06,-0.0461298227310181,0.197608267888427,
,,,4.6032E-06,0.154707014560699,0.197440903866664,
,,,4.6034E-06,0.0208157896995544,0.196938811801374,
,,,4.6036E-06,0.0208157896995544,0.1972735398449,
,,,4.6038E-06,0.0208157896995544,0.19777563191019,
,,,4.604E-06,-0.0461298227310181,0.197106175823137,
,,,4.6042E-06,0.0208157896995544,0.196436719736084,
,,,4.6044E-06,-0.113075435161591,0.198110359953716,
,,,4.6046E-06,0.0208157896995544,0.196938811801374,
,,,4.6048E-06,0.087761402130127,0.197440903866664,
,,,4.605E-06,-0.113075435161591,0.196938811801374,
,,,4.6052E-06,0.0208157896995544,0.197942995931953,
,,,4.6054E-06,0.0208157896995544,0.197440903866664,
,,,4.6056E-06,-0.0461298227310181,0.197608267888427,
,,,4.6058E-06,-0.113075435161591,0.197440903866664,
,,,4.606E-06,0.087761402130127,0.196938811801374,
,,,4.6062E-06,-0.0461298227310181,0.197106175823137,
,,,4.6064E-06,-0.0461298227310181,0.196938811801374,
,,,4.6066E-06,-0.0461298227310181,0.196771447779611,
,,,4.6068E-06,0.0208157896995544,0.1972735398449,
,,,4.607E-06,-0.0461298227310181,0.197608267888427,
,,,4.6072E-06,0.087761402130127,0.197106175823137,
,,,4.6074E-06,0.087761402130127,0.198110359953716,
,,,4.6076E-06,0.0208157896995544,0.19777563191019,
,,,4.6078E-06,0.0208157896995544,0.197440903866664,
,,,4.608E-06,0.0208157896995544,0.197440903866664,
,,,4.6082E-06,0.0208157896995544,0.198445087997243,
,,,4.6084E-06,0.0208157896995544,0.197440903866664,
,,,4.6086E-06,0.0208157896995544,0.196604083757848,
,,,4.6088E-06,0.0208157896995544,0.197942995931953,
,,,4.609E-06,-0.0461298227310181,0.196604083757848,
,,,4.6092E-06,0.0208157896995544,0.196938811801374,
,,,4.6094E-06,0.087761402130127,0.19777563191019,
,,,4.6096E-06,0.0208157896995544,0.19827772397548,
,,,4.6098E-06,0.0208157896995544,0.197608267888427,
,,,4.61E-06,0.0208157896995544,0.1972735398449,
,,,4.6102E-06,-0.0461298227310181,0.197608267888427,
,,,4.6104E-06,-0.0461298227310181,0.196938811801374,
,,,4.6106E-06,0.0208157896995544,0.196771447779611,
,,,4.6108E-06,-0.0461298227310181,0.198110359953716,
,,,4.611E-06,0.0208157896995544,0.197440903866664,
,,,4.6112E-06,0.0208157896995544,0.1972735398449,
,,,4.6114E-06,-0.0461298227310181,0.196938811801374,
,,,4.6116E-06,-0.113075435161591,0.197106175823137,
,,,4.6118E-06,0.0208157896995544,0.198110359953716,
,,,4.612E-06,0.0208157896995544,0.197106175823137,
,,,4.6122E-06,-0.0461298227310181,0.197440903866664,
,,,4.6124E-06,-0.0461298227310181,0.198110359953716,
,,,4.6126E-06,-0.0461298227310181,0.19777563191019,
,,,4.6128E-06,-0.0461298227310181,0.198110359953716,
,,,4.613E-06,-0.0461298227310181,0.197942995931953,
,,,4.6132E-06,0.0208157896995544,0.197608267888427,
,,,4.6134E-06,-0.0461298227310181,0.197106175823137,
,,,4.6136E-06,0.0208157896995544,0.197440903866664,
,,,4.6138E-06,0.0208157896995544,0.197106175823137,
,,,4.614E-06,0.087761402130127,0.196938811801374,
,,,4.6142E-06,0.0208157896995544,0.196938811801374,
,,,4.6144E-06,0.087761402130127,0.19827772397548,
,,,4.6146E-06,0.087761402130127,0.19777563191019,
,,,4.6148E-06,-0.0461298227310181,0.197608267888427,
,,,4.615E-06,0.0208157896995544,0.197942995931953,
,,,4.6152E-06,0.087761402130127,0.198110359953716,
,,,4.6154E-06,0.0208157896995544,0.197440903866664,
,,,4.6156E-06,0.0208157896995544,0.197942995931953,
,,,4.6158E-06,0.0208157896995544,0.19827772397548,
,,,4.616E-06,0.087761402130127,0.1972735398449,
,,,4.6162E-06,-0.0461298227310181,0.197440903866664,
,,,4.6164E-06,0.087761402130127,0.197106175823137,
,,,4.6166E-06,0.0208157896995544,0.197608267888427,
,,,4.6168E-06,0.0208157896995544,0.1972735398449,
,,,4.617E-06,0.087761402130127,0.198110359953716,
,,,4.6172E-06,0.0208157896995544,0.19777563191019,
,,,4.6174E-06,0.0208157896995544,0.197942995931953,
,,,4.6176E-06,0.087761402130127,0.197440903866664,
,,,4.6178E-06,0.0208157896995544,0.1972735398449,
,,,4.618E-06,0.0208157896995544,0.1972735398449,
,,,4.6182E-06,0.0208157896995544,0.19777563191019,
,,,4.6184E-06,0.0208157896995544,0.196771447779611,
,,,4.6186E-06,-0.113075435161591,0.197942995931953,
,,,4.6188E-06,0.0208157896995544,0.196938811801374,
,,,4.619E-06,-0.0461298227310181,0.196604083757848,
,,,4.6192E-06,0.0208157896995544,0.197106175823137,
,,,4.6194E-06,-0.113075435161591,0.197942995931953,
,,,4.6196E-06,0.087761402130127,0.196604083757848,
,,,4.6198E-06,-0.0461298227310181,0.196938811801374,
,,,4.62E-06,0.087761402130127,0.197608267888427,
,,,4.6202E-06,0.0208157896995544,0.196771447779611,
,,,4.6204E-06,-0.0461298227310181,0.196604083757848,
,,,4.6206E-06,0.087761402130127,0.1972735398449,
,,,4.6208E-06,0.154707014560699,0.196771447779611,
,,,4.621E-06,0.0208157896995544,0.196938811801374,
,,,4.6212E-06,-0.113075435161591,0.1972735398449,
,,,4.6214E-06,0.087761402130127,0.197106175823137,
,,,4.6216E-06,0.087761402130127,0.197608267888427,
,,,4.6218E-06,-0.113075435161591,0.196771447779611,
,,,4.622E-06,0.0208157896995544,0.196771447779611,
,,,4.6222E-06,0.087761402130127,0.196938811801374,
,,,4.6224E-06,-0.0461298227310181,0.19777563191019,
,,,4.6226E-06,-0.0461298227310181,0.1972735398449,
,,,4.6228E-06,0.087761402130127,0.1972735398449,
,,,4.623E-06,0.0208157896995544,0.196771447779611,
,,,4.6232E-06,0.0208157896995544,0.196938811801374,
,,,4.6234E-06,0.0208157896995544,0.196771447779611,
,,,4.6236E-06,0.0208157896995544,0.197106175823137,
,,,4.6238E-06,0.087761402130127,0.196938811801374,
,,,4.624E-06,0.0208157896995544,0.197106175823137,
,,,4.6242E-06,-0.113075435161591,0.196771447779611,
,,,4.6244E-06,0.0208157896995544,0.196938811801374,
,,,4.6246E-06,0.0208157896995544,0.196269355714321,
,,,4.6248E-06,-0.0461298227310181,0.196269355714321,
,,,4.625E-06,-0.0461298227310181,0.196771447779611,
,,,4.6252E-06,0.0208157896995544,0.196269355714321,
,,,4.6254E-06,-0.0461298227310181,0.197106175823137,
,,,4.6256E-06,0.0208157896995544,0.196771447779611,
,,,4.6258E-06,-0.0461298227310181,0.196604083757848,
,,,4.626E-06,-0.0461298227310181,0.196436719736084,
,,,4.6262E-06,-0.113075435161591,0.196436719736084,
,,,4.6264E-06,0.154707014560699,0.196771447779611,
,,,4.6266E-06,0.0208157896995544,0.197106175823137,
,,,4.6268E-06,0.0208157896995544,0.196436719736084,
,,,4.627E-06,0.087761402130127,0.196269355714321,
,,,4.6272E-06,-0.0461298227310181,0.196604083757848,
,,,4.6274E-06,0.0208157896995544,0.196771447779611,
,,,4.6276E-06,0.0208157896995544,0.196771447779611,
,,,4.6278E-06,0.087761402130127,0.196771447779611,
,,,4.628E-06,0.087761402130127,0.196604083757848,
,,,4.6282E-06,0.0208157896995544,0.196436719736084,
,,,4.6284E-06,-0.0461298227310181,0.196771447779611,
,,,4.6286E-06,0.087761402130127,0.196938811801374,
,,,4.6288E-06,0.0208157896995544,0.196436719736084,
,,,4.629E-06,-0.0461298227310181,0.196771447779611,
,,,4.6292E-06,-0.0461298227310181,0.196269355714321,
,,,4.6294E-06,-0.0461298227310181,0.196269355714321,
,,,4.6296E-06,-0.0461298227310181,0.196604083757848,
,,,4.6298E-06,-0.0461298227310181,0.196604083757848,
,,,4.63E-06,0.0208157896995544,0.196771447779611,
,,,4.6302E-06,0.087761402130127,0.1972735398449,
,,,4.6304E-06,-0.0461298227310181,0.196771447779611,
,,,4.6306E-06,-0.0461298227310181,0.196436719736084,
,,,4.6308E-06,0.0208157896995544,0.196771447779611,
,,,4.631E-06,-0.0461298227310181,0.196771447779611,
,,,4.6312E-06,0.0208157896995544,0.196269355714321,
,,,4.6314E-06,-0.0461298227310181,0.195934627670795,
,,,4.6316E-06,0.0208157896995544,0.196436719736084,
,,,4.6318E-06,0.0208157896995544,0.196771447779611,
,,,4.632E-06,-0.0461298227310181,0.1972735398449,
,,,4.6322E-06,0.0208157896995544,0.196771447779611,
,,,4.6324E-06,-0.0461298227310181,0.196771447779611,
,,,4.6326E-06,-0.113075435161591,0.196604083757848,
,,,4.6328E-06,0.087761402130127,0.196938811801374,
,,,4.633E-06,0.0208157896995544,0.195934627670795,
,,,4.6332E-06,0.087761402130127,0.195934627670795,
,,,4.6334E-06,0.0208157896995544,0.195934627670795,
,,,4.6336E-06,-0.0461298227310181,0.196269355714321,
,,,4.6338E-06,0.087761402130127,0.196938811801374,
,,,4.634E-06,-0.0461298227310181,0.195934627670795,
,,,4.6342E-06,-0.0461298227310181,0.196436719736084,
,,,4.6344E-06,0.087761402130127,0.195432535605505,
,,,4.6346E-06,0.0208157896995544,0.195934627670795,
,,,4.6348E-06,0.0208157896995544,0.1972735398449,
,,,4.635E-06,-0.0461298227310181,0.196771447779611,
,,,4.6352E-06,0.154707014560699,0.196101991692558,
,,,4.6354E-06,-0.0461298227310181,0.196269355714321,
,,,4.6356E-06,0.0208157896995544,0.196436719736084,
,,,4.6358E-06,-0.0461298227310181,0.196436719736084,
,,,4.636E-06,-0.113075435161591,0.196101991692558,
,,,4.6362E-06,0.0208157896995544,0.1972735398449,
,,,4.6364E-06,0.0208157896995544,0.197106175823137,
,,,4.6366E-06,0.0208157896995544,0.196938811801374,
,,,4.6368E-06,0.087761402130127,0.196436719736084,
,,,4.637E-06,-0.113075435161591,0.195767263649032,
,,,4.6372E-06,-0.0461298227310181,0.196436719736084,
,,,4.6374E-06,0.0208157896995544,0.196604083757848,
,,,4.6376E-06,0.0208157896995544,0.196604083757848,
,,,4.6378E-06,-0.180021047592163,0.196938811801374,
,,,4.638E-06,-0.0461298227310181,0.196771447779611,
,,,4.6382E-06,0.0208157896995544,0.196604083757848,
,,,4.6384E-06,-0.0461298227310181,0.196604083757848,
,,,4.6386E-06,-0.113075435161591,0.196938811801374,
,,,4.6388E-06,0.0208157896995544,0.196101991692558,
,,,4.639E-06,-0.0461298227310181,0.196101991692558,
,,,4.6392E-06,0.087761402130127,0.196938811801374,
,,,4.6394E-06,0.0208157896995544,0.196269355714321,
,,,4.6396E-06,0.087761402130127,0.196604083757848,
,,,4.6398E-06,0.0208157896995544,0.196436719736084,
,,,4.64E-06,0.087761402130127,0.196436719736084,
,,,4.6402E-06,0.087761402130127,0.196436719736084,
,,,4.6404E-06,-0.0461298227310181,0.196101991692558,
,,,4.6406E-06,0.0208157896995544,0.196101991692558,
,,,4.6408E-06,0.0208157896995544,0.196604083757848,
,,,4.641E-06,0.0208157896995544,0.195767263649032,
,,,4.6412E-06,0.154707014560699,0.196101991692558,
,,,4.6414E-06,0.087761402130127,0.196436719736084,
,,,4.6416E-06,0.0208157896995544,0.196269355714321,
,,,4.6418E-06,0.0208157896995544,0.196604083757848,
,,,4.642E-06,0.154707014560699,0.196771447779611,
,,,4.6422E-06,-0.0461298227310181,0.196604083757848,
,,,4.6424E-06,-0.113075435161591,0.196269355714321,
,,,4.6426E-06,0.087761402130127,0.197106175823137,
,,,4.6428E-06,-0.0461298227310181,0.196771447779611,
,,,4.643E-06,-0.0461298227310181,0.196938811801374,
,,,4.6432E-06,0.087761402130127,0.196938811801374,
,,,4.6434E-06,-0.113075435161591,0.196436719736084,
,,,4.6436E-06,-0.0461298227310181,0.1972735398449,
,,,4.6438E-06,0.154707014560699,0.196269355714321,
,,,4.644E-06,0.0208157896995544,0.196269355714321,
,,,4.6442E-06,-0.0461298227310181,0.196771447779611,
,,,4.6444E-06,0.087761402130127,0.197106175823137,
,,,4.6446E-06,-0.0461298227310181,0.196938811801374,
,,,4.6448E-06,0.0208157896995544,0.196436719736084,
,,,4.645E-06,-0.0461298227310181,0.196938811801374,
,,,4.6452E-06,0.087761402130127,0.196604083757848,
,,,4.6454E-06,-0.113075435161591,0.196269355714321,
,,,4.6456E-06,-0.0461298227310181,0.196604083757848,
,,,4.6458E-06,0.0208157896995544,0.196604083757848,
,,,4.646E-06,0.087761402130127,0.195934627670795,
,,,4.6462E-06,0.0208157896995544,0.196604083757848,
,,,4.6464E-06,0.0208157896995544,0.196604083757848,
,,,4.6466E-06,0.0208157896995544,0.196938811801374,
,,,4.6468E-06,-0.113075435161591,0.197106175823137,
,,,4.647E-06,0.087761402130127,0.196269355714321,
,,,4.6472E-06,0.0208157896995544,0.196771447779611,
,,,4.6474E-06,-0.113075435161591,0.196269355714321,
,,,4.6476E-06,-0.0461298227310181,0.196938811801374,
,,,4.6478E-06,0.0208157896995544,0.196771447779611,
,,,4.648E-06,0.154707014560699,0.196269355714321,
,,,4.6482E-06,0.0208157896995544,0.196604083757848,
,,,4.6484E-06,0.087761402130127,0.196771447779611,
,,,4.6486E-06,0.087761402130127,0.196771447779611,
,,,4.6488E-06,-0.0461298227310181,0.196938811801374,
,,,4.649E-06,-0.113075435161591,0.196604083757848,
,,,4.6492E-06,-0.113075435161591,0.196771447779611,
,,,4.6494E-06,0.0208157896995544,0.197106175823137,
,,,4.6496E-06,0.0208157896995544,0.1972735398449,
,,,4.6498E-06,-0.180021047592163,0.196938811801374,
,,,4.65E-06,-0.0461298227310181,0.196771447779611,
,,,4.6502E-06,0.0208157896995544,0.196604083757848,
,,,4.6504E-06,0.0208157896995544,0.196436719736084,
,,,4.6506E-06,-0.0461298227310181,0.196771447779611,
,,,4.6508E-06,0.0208157896995544,0.196771447779611,
,,,4.651E-06,-0.0461298227310181,0.196771447779611,
,,,4.6512E-06,-0.0461298227310181,0.196771447779611,
,,,4.6514E-06,-0.0461298227310181,0.196436719736084,
,,,4.6516E-06,0.0208157896995544,0.196269355714321,
,,,4.6518E-06,-0.113075435161591,0.196771447779611,
,,,4.652E-06,0.0208157896995544,0.196938811801374,
,,,4.6522E-06,0.0208157896995544,0.196938811801374,
,,,4.6524E-06,0.0208157896995544,0.197106175823137,
,,,4.6526E-06,0.0208157896995544,0.197106175823137,
,,,4.6528E-06,0.0208157896995544,0.196101991692558,
,,,4.653E-06,0.087761402130127,0.197440903866664,
,,,4.6532E-06,-0.113075435161591,0.197106175823137,
,,,4.6534E-06,-0.0461298227310181,0.196604083757848,
,,,4.6536E-06,-0.0461298227310181,0.1972735398449,
,,,4.6538E-06,-0.113075435161591,0.197440903866664,
,,,4.654E-06,0.0208157896995544,0.196771447779611,
,,,4.6542E-06,0.0208157896995544,0.1972735398449,
,,,4.6544E-06,0.087761402130127,0.197440903866664,
,,,4.6546E-06,0.0208157896995544,0.197106175823137,
,,,4.6548E-06,0.087761402130127,0.197440903866664,
,,,4.655E-06,0.0208157896995544,0.19777563191019,
,,,4.6552E-06,-0.0461298227310181,0.196771447779611,
,,,4.6554E-06,-0.0461298227310181,0.196604083757848,
,,,4.6556E-06,-0.113075435161591,0.197106175823137,
,,,4.6558E-06,-0.0461298227310181,0.197440903866664,
,,,4.656E-06,0.087761402130127,0.197106175823137,
,,,4.6562E-06,-0.0461298227310181,0.196938811801374,
,,,4.6564E-06,-0.0461298227310181,0.196771447779611,
,,,4.6566E-06,-0.0461298227310181,0.1972735398449,
,,,4.6568E-06,0.087761402130127,0.196938811801374,
,,,4.657E-06,-0.0461298227310181,0.196938811801374,
,,,4.6572E-06,-0.113075435161591,0.197106175823137,
,,,4.6574E-06,0.087761402130127,0.1972735398449,
,,,4.6576E-06,-0.0461298227310181,0.197106175823137,
,,,4.6578E-06,0.0208157896995544,0.196604083757848,
,,,4.658E-06,0.0208157896995544,0.195934627670795,
,,,4.6582E-06,-0.0461298227310181,0.196269355714321,
,,,4.6584E-06,0.0208157896995544,0.196436719736084,
,,,4.6586E-06,0.0208157896995544,0.196938811801374,
,,,4.6588E-06,0.087761402130127,0.196771447779611,
,,,4.659E-06,-0.0461298227310181,0.196436719736084,
,,,4.6592E-06,-0.0461298227310181,0.197106175823137,
,,,4.6594E-06,0.087761402130127,0.196604083757848,
,,,4.6596E-06,-0.0461298227310181,0.196604083757848,
,,,4.6598E-06,-0.0461298227310181,0.196604083757848,
,,,4.66E-06,0.0208157896995544,0.197106175823137,
,,,4.6602E-06,-0.0461298227310181,0.196604083757848,
,,,4.6604E-06,0.0208157896995544,0.1972735398449,
,,,4.6606E-06,0.0208157896995544,0.196436719736084,
,,,4.6608E-06,0.087761402130127,0.196938811801374,
,,,4.661E-06,0.0208157896995544,0.196771447779611,
,,,4.6612E-06,0.0208157896995544,0.196436719736084,
,,,4.6614E-06,0.0208157896995544,0.197440903866664,
,,,4.6616E-06,-0.0461298227310181,0.196604083757848,
,,,4.6618E-06,-0.0461298227310181,0.196436719736084,
,,,4.662E-06,0.0208157896995544,0.196436719736084,
,,,4.6622E-06,0.0208157896995544,0.196604083757848,
,,,4.6624E-06,0.0208157896995544,0.196436719736084,
,,,4.6626E-06,-0.0461298227310181,0.196604083757848,
,,,4.6628E-06,-0.0461298227310181,0.196771447779611,
,,,4.663E-06,0.0208157896995544,0.196938811801374,
,,,4.6632E-06,0.0208157896995544,0.196604083757848,
,,,4.6634E-06,-0.0461298227310181,0.196938811801374,
,,,4.6636E-06,-0.0461298227310181,0.196436719736084,
,,,4.6638E-06,-0.0461298227310181,0.196771447779611,
,,,4.664E-06,0.0208157896995544,0.196604083757848,
,,,4.6642E-06,0.0208157896995544,0.196604083757848,
,,,4.6644E-06,0.0208157896995544,0.1972735398449,
,,,4.6646E-06,-0.0461298227310181,0.197106175823137,
,,,4.6648E-06,0.0208157896995544,0.196604083757848,
,,,4.665E-06,0.0208157896995544,0.196938811801374,
,,,4.6652E-06,0.0208157896995544,0.197106175823137,
,,,4.6654E-06,0.0208157896995544,0.196938811801374,
,,,4.6656E-06,0.0208157896995544,0.197106175823137,
,,,4.6658E-06,0.087761402130127,0.196938811801374,
,,,4.666E-06,-0.0461298227310181,0.197106175823137,
,,,4.6662E-06,0.087761402130127,0.197106175823137,
,,,4.6664E-06,0.154707014560699,0.198110359953716,
,,,4.6666E-06,0.0208157896995544,0.196938811801374,
,,,4.6668E-06,0.0208157896995544,0.197608267888427,
,,,4.667E-06,0.0208157896995544,0.1972735398449,
,,,4.6672E-06,0.087761402130127,0.1972735398449,
,,,4.6674E-06,0.0208157896995544,0.197440903866664,
,,,4.6676E-06,-0.0461298227310181,0.197106175823137,
,,,4.6678E-06,-0.0461298227310181,0.197440903866664,
,,,4.668E-06,0.0208157896995544,0.1972735398449,
,,,4.6682E-06,-0.0461298227310181,0.197608267888427,
,,,4.6684E-06,0.0208157896995544,0.197608267888427,
,,,4.6686E-06,0.0208157896995544,0.1972735398449,
,,,4.6688E-06,0.087761402130127,0.197440903866664,
,,,4.669E-06,-0.0461298227310181,0.196771447779611,
,,,4.6692E-06,-0.0461298227310181,0.196771447779611,
,,,4.6694E-06,0.0208157896995544,0.197106175823137,
,,,4.6696E-06,-0.0461298227310181,0.196771447779611,
,,,4.6698E-06,-0.0461298227310181,0.197440903866664,
,,,4.67E-06,0.087761402130127,0.1972735398449,
,,,4.6702E-06,0.0208157896995544,0.197440903866664,
,,,4.6704E-06,0.0208157896995544,0.196771447779611,
,,,4.6706E-06,0.0208157896995544,0.196436719736084,
,,,4.6708E-06,0.0208157896995544,0.196604083757848,
,,,4.671E-06,-0.0461298227310181,0.197440903866664,
,,,4.6712E-06,0.087761402130127,0.196938811801374,
,,,4.6714E-06,-0.0461298227310181,0.197440903866664,
,,,4.6716E-06,0.087761402130127,0.197440903866664,
,,,4.6718E-06,0.087761402130127,0.196436719736084,
,,,4.672E-06,0.0208157896995544,0.196436719736084,
,,,4.6722E-06,0.087761402130127,0.196938811801374,
,,,4.6724E-06,0.0208157896995544,0.196771447779611,
,,,4.6726E-06,0.0208157896995544,0.1972735398449,
,,,4.6728E-06,0.087761402130127,0.1972735398449,
,,,4.673E-06,-0.0461298227310181,0.197440903866664,
,,,4.6732E-06,-0.0461298227310181,0.196938811801374,
,,,4.6734E-06,0.0208157896995544,0.196604083757848,
,,,4.6736E-06,0.087761402130127,0.196771447779611,
,,,4.6738E-06,-0.0461298227310181,0.197106175823137,
,,,4.674E-06,0.0208157896995544,0.196771447779611,
,,,4.6742E-06,-0.0461298227310181,0.197440903866664,
,,,4.6744E-06,0.0208157896995544,0.196938811801374,
,,,4.6746E-06,0.0208157896995544,0.196938811801374,
,,,4.6748E-06,-0.0461298227310181,0.196938811801374,
,,,4.675E-06,0.0208157896995544,0.197106175823137,
,,,4.6752E-06,0.087761402130127,0.196101991692558,
,,,4.6754E-06,-0.0461298227310181,0.196604083757848,
,,,4.6756E-06,0.0208157896995544,0.1972735398449,
,,,4.6758E-06,0.0208157896995544,0.197106175823137,
,,,4.676E-06,0.0208157896995544,0.196436719736084,
,,,4.6762E-06,0.087761402130127,0.1972735398449,
,,,4.6764E-06,0.0208157896995544,0.196269355714321,
,,,4.6766E-06,-0.0461298227310181,0.196436719736084,
,,,4.6768E-06,0.0208157896995544,0.196771447779611,
,,,4.677E-06,-0.0461298227310181,0.196771447779611,
,,,4.6772E-06,0.0208157896995544,0.197106175823137,
,,,4.6774E-06,0.0208157896995544,0.195767263649032,
,,,4.6776E-06,0.0208157896995544,0.196101991692558,
,,,4.6778E-06,0.0208157896995544,0.196771447779611,
,,,4.678E-06,0.154707014560699,0.196436719736084,
,,,4.6782E-06,-0.0461298227310181,0.196269355714321,
,,,4.6784E-06,-0.0461298227310181,0.196436719736084,
,,,4.6786E-06,0.087761402130127,0.195934627670795,
,,,4.6788E-06,-0.0461298227310181,0.196604083757848,
,,,4.679E-06,0.0208157896995544,0.196101991692558,
,,,4.6792E-06,0.0208157896995544,0.195934627670795,
,,,4.6794E-06,-0.0461298227310181,0.195767263649032,
,,,4.6796E-06,-0.0461298227310181,0.196269355714321,
,,,4.6798E-06,0.0208157896995544,0.196101991692558,
,,,4.68E-06,0.0208157896995544,0.196604083757848,
,,,4.6802E-06,-0.0461298227310181,0.196604083757848,
,,,4.6804E-06,-0.0461298227310181,0.196269355714321,
,,,4.6806E-06,0.0208157896995544,0.196938811801374,
,,,4.6808E-06,-0.0461298227310181,0.196771447779611,
,,,4.681E-06,-0.0461298227310181,0.196101991692558,
,,,4.6812E-06,-0.113075435161591,0.196771447779611,
,,,4.6814E-06,0.0208157896995544,0.197440903866664,
,,,4.6816E-06,-0.0461298227310181,0.196938811801374,
,,,4.6818E-06,-0.0461298227310181,0.197106175823137,
,,,4.682E-06,0.0208157896995544,0.19777563191019,
,,,4.6822E-06,0.0208157896995544,0.1972735398449,
,,,4.6824E-06,0.0208157896995544,0.196771447779611,
,,,4.6826E-06,-0.0461298227310181,0.197106175823137,
,,,4.6828E-06,0.0208157896995544,0.196771447779611,
,,,4.683E-06,-0.0461298227310181,0.197106175823137,
,,,4.6832E-06,0.0208157896995544,0.196938811801374,
,,,4.6834E-06,-0.0461298227310181,0.196938811801374,
,,,4.6836E-06,-0.0461298227310181,0.196938811801374,
,,,4.6838E-06,0.0208157896995544,0.196938811801374,
,,,4.684E-06,0.087761402130127,0.1972735398449,
,,,4.6842E-06,-0.0461298227310181,0.1972735398449,
,,,4.6844E-06,0.087761402130127,0.197106175823137,
,,,4.6846E-06,0.0208157896995544,0.197440903866664,
,,,4.6848E-06,0.0208157896995544,0.19777563191019,
,,,4.685E-06,0.154707014560699,0.196938811801374,
,,,4.6852E-06,0.0208157896995544,0.19777563191019,
,,,4.6854E-06,-0.0461298227310181,0.197608267888427,
,,,4.6856E-06,0.0208157896995544,0.197942995931953,
,,,4.6858E-06,-0.0461298227310181,0.197608267888427,
,,,4.686E-06,0.0208157896995544,0.197942995931953,
,,,4.6862E-06,0.0208157896995544,0.1972735398449,
,,,4.6864E-06,0.087761402130127,0.19827772397548,
,,,4.6866E-06,0.0208157896995544,0.19777563191019,
,,,4.6868E-06,0.0208157896995544,0.197106175823137,
,,,4.687E-06,-0.113075435161591,0.196101991692558,
,,,4.6872E-06,0.0208157896995544,0.1972735398449,
,,,4.6874E-06,0.0208157896995544,0.19777563191019,
,,,4.6876E-06,0.0208157896995544,0.197608267888427,
,,,4.6878E-06,0.0208157896995544,0.197440903866664,
,,,4.688E-06,0.087761402130127,0.197608267888427,
,,,4.6882E-06,-0.113075435161591,0.1972735398449,
,,,4.6884E-06,0.0208157896995544,0.197440903866664,
,,,4.6886E-06,0.0208157896995544,0.197440903866664,
,,,4.6888E-06,0.0208157896995544,0.196604083757848,
,,,4.689E-06,-0.0461298227310181,0.196771447779611,
,,,4.6892E-06,-0.0461298227310181,0.196436719736084,
,,,4.6894E-06,0.0208157896995544,0.197440903866664,
,,,4.6896E-06,-0.0461298227310181,0.197608267888427,
,,,4.6898E-06,0.0208157896995544,0.196938811801374,
,,,4.69E-06,0.0208157896995544,0.196771447779611,
,,,4.6902E-06,0.0208157896995544,0.196938811801374,
,,,4.6904E-06,0.087761402130127,0.196938811801374,
,,,4.6906E-06,0.0208157896995544,0.197608267888427,
,,,4.6908E-06,0.0208157896995544,0.196938811801374,
,,,4.691E-06,0.0208157896995544,0.196771447779611,
,,,4.6912E-06,0.0208157896995544,0.197106175823137,
,,,4.6914E-06,0.0208157896995544,0.19777563191019,
,,,4.6916E-06,0.0208157896995544,0.19777563191019,
,,,4.6918E-06,0.0208157896995544,0.196771447779611,
,,,4.692E-06,0.0208157896995544,0.196771447779611,
,,,4.6922E-06,-0.0461298227310181,0.196938811801374,
,,,4.6924E-06,-0.0461298227310181,0.197106175823137,
,,,4.6926E-06,0.0208157896995544,0.196771447779611,
,,,4.6928E-06,0.087761402130127,0.196771447779611,
,,,4.693E-06,0.0208157896995544,0.196771447779611,
,,,4.6932E-06,0.0208157896995544,0.196771447779611,
,,,4.6934E-06,0.0208157896995544,0.196436719736084,
,,,4.6936E-06,0.0208157896995544,0.196771447779611,
,,,4.6938E-06,0.0208157896995544,0.196436719736084,
,,,4.694E-06,0.0208157896995544,0.196938811801374,
,,,4.6942E-06,0.0208157896995544,0.196771447779611,
,,,4.6944E-06,0.087761402130127,0.196771447779611,
,,,4.6946E-06,-0.113075435161591,0.196771447779611,
,,,4.6948E-06,0.0208157896995544,0.196269355714321,
,,,4.695E-06,0.0208157896995544,0.196604083757848,
,,,4.6952E-06,0.0208157896995544,0.196938811801374,
,,,4.6954E-06,0.0208157896995544,0.197106175823137,
,,,4.6956E-06,0.0208157896995544,0.197106175823137,
,,,4.6958E-06,-0.113075435161591,0.196604083757848,
,,,4.696E-06,-0.0461298227310181,0.196436719736084,
,,,4.6962E-06,0.0208157896995544,0.197106175823137,
,,,4.6964E-06,0.0208157896995544,0.196938811801374,
,,,4.6966E-06,-0.0461298227310181,0.196771447779611,
,,,4.6968E-06,0.0208157896995544,0.196269355714321,
,,,4.697E-06,-0.0461298227310181,0.196604083757848,
,,,4.6972E-06,0.0208157896995544,0.196938811801374,
,,,4.6974E-06,0.0208157896995544,0.195934627670795,
,,,4.6976E-06,-0.0461298227310181,0.196604083757848,
,,,4.6978E-06,0.0208157896995544,0.196771447779611,
,,,4.698E-06,0.0208157896995544,0.196938811801374,
,,,4.6982E-06,-0.0461298227310181,0.197608267888427,
,,,4.6984E-06,-0.0461298227310181,0.197440903866664,
,,,4.6986E-06,0.0208157896995544,0.196938811801374,
,,,4.6988E-06,0.0208157896995544,0.197608267888427,
,,,4.699E-06,-0.0461298227310181,0.197440903866664,
,,,4.6992E-06,0.087761402130127,0.196436719736084,
,,,4.6994E-06,0.0208157896995544,0.196604083757848,
,,,4.6996E-06,0.0208157896995544,0.197106175823137,
,,,4.6998E-06,-0.0461298227310181,0.196604083757848,
,,,4.7E-06,-0.0461298227310181,0.197106175823137,
,,,4.7002E-06,-0.113075435161591,0.1972735398449,
,,,4.7004E-06,0.0208157896995544,0.1972735398449,
,,,4.7006E-06,-0.0461298227310181,0.196938811801374,
,,,4.7008E-06,-0.0461298227310181,0.196771447779611,
,,,4.701E-06,-0.0461298227310181,0.197106175823137,
,,,4.7012E-06,0.0208157896995544,0.196938811801374,
,,,4.7014E-06,0.0208157896995544,0.197106175823137,
,,,4.7016E-06,0.0208157896995544,0.197440903866664,
,,,4.7018E-06,-0.0461298227310181,0.197440903866664,
,,,4.702E-06,-0.0461298227310181,0.197106175823137,
,,,4.7022E-06,-0.0461298227310181,0.197440903866664,
,,,4.7024E-06,0.0208157896995544,0.197942995931953,
,,,4.7026E-06,0.0208157896995544,0.198110359953716,
,,,4.7028E-06,-0.0461298227310181,0.1972735398449,
,,,4.703E-06,-0.113075435161591,0.197608267888427,
,,,4.7032E-06,0.0208157896995544,0.19827772397548,
,,,4.7034E-06,0.087761402130127,0.19827772397548,
,,,4.7036E-06,0.087761402130127,0.196436719736084,
,,,4.7038E-06,0.0208157896995544,0.19777563191019,
,,,4.704E-06,0.087761402130127,0.19777563191019,
,,,4.7042E-06,0.0208157896995544,0.1972735398449,
,,,4.7044E-06,-0.0461298227310181,0.197106175823137,
,,,4.7046E-06,0.0208157896995544,0.197106175823137,
,,,4.7048E-06,0.087761402130127,0.197440903866664,
,,,4.705E-06,0.0208157896995544,0.197440903866664,
,,,4.7052E-06,-0.0461298227310181,0.197608267888427,
,,,4.7054E-06,-0.180021047592163,0.197106175823137,
,,,4.7056E-06,0.087761402130127,0.19777563191019,
,,,4.7058E-06,-0.0461298227310181,0.197440903866664,
,,,4.706E-06,0.0208157896995544,0.197106175823137,
,,,4.7062E-06,0.0208157896995544,0.197106175823137,
,,,4.7064E-06,0.0208157896995544,0.197106175823137,
,,,4.7066E-06,0.0208157896995544,0.197608267888427,
,,,4.7068E-06,-0.0461298227310181,0.197608267888427,
,,,4.707E-06,0.0208157896995544,0.196938811801374,
,,,4.7072E-06,0.087761402130127,0.19827772397548,
,,,4.7074E-06,-0.113075435161591,0.197608267888427,
,,,4.7076E-06,-0.113075435161591,0.197440903866664,
,,,4.7078E-06,0.0208157896995544,0.19777563191019,
,,,4.708E-06,0.0208157896995544,0.197608267888427,
,,,4.7082E-06,-0.0461298227310181,0.196771447779611,
,,,4.7084E-06,-0.0461298227310181,0.196938811801374,
,,,4.7086E-06,-0.0461298227310181,0.1972735398449,
,,,4.7088E-06,0.0208157896995544,0.197440903866664,
,,,4.709E-06,-0.0461298227310181,0.198110359953716,
,,,4.7092E-06,0.0208157896995544,0.197106175823137,
,,,4.7094E-06,0.0208157896995544,0.197106175823137,
,,,4.7096E-06,0.0208157896995544,0.19777563191019,
,,,4.7098E-06,-0.0461298227310181,0.196771447779611,
,,,4.71E-06,0.087761402130127,0.197106175823137,
,,,4.7102E-06,0.0208157896995544,0.19777563191019,
,,,4.7104E-06,-0.0461298227310181,0.198110359953716,
,,,4.7106E-06,0.087761402130127,0.197608267888427,
,,,4.7108E-06,0.0208157896995544,0.19777563191019,
,,,4.711E-06,0.0208157896995544,0.196938811801374,
,,,4.7112E-06,0.0208157896995544,0.19777563191019,
,,,4.7114E-06,-0.113075435161591,0.196771447779611,
,,,4.7116E-06,0.087761402130127,0.197440903866664,
,,,4.7118E-06,-0.0461298227310181,0.1972735398449,
,,,4.712E-06,0.154707014560699,0.196604083757848,
,,,4.7122E-06,0.0208157896995544,0.196604083757848,
,,,4.7124E-06,-0.0461298227310181,0.198110359953716,
,,,4.7126E-06,0.0208157896995544,0.19777563191019,
,,,4.7128E-06,-0.0461298227310181,0.196938811801374,
,,,4.713E-06,-0.0461298227310181,0.1972735398449,
,,,4.7132E-06,-0.113075435161591,0.196771447779611,
,,,4.7134E-06,-0.0461298227310181,0.196938811801374,
,,,4.7136E-06,0.087761402130127,0.196938811801374,
,,,4.7138E-06,-0.113075435161591,0.196436719736084,
,,,4.714E-06,-0.0461298227310181,0.197440903866664,
,,,4.7142E-06,0.087761402130127,0.196269355714321,
,,,4.7144E-06,0.0208157896995544,0.196771447779611,
,,,4.7146E-06,-0.0461298227310181,0.197106175823137,
,,,4.7148E-06,0.087761402130127,0.197106175823137,
,,,4.715E-06,-0.0461298227310181,0.197106175823137,
,,,4.7152E-06,0.0208157896995544,0.197106175823137,
,,,4.7154E-06,-0.113075435161591,0.196938811801374,
,,,4.7156E-06,0.0208157896995544,0.197608267888427,
,,,4.7158E-06,0.0208157896995544,0.197106175823137,
,,,4.716E-06,0.087761402130127,0.196771447779611,
,,,4.7162E-06,0.0208157896995544,0.196771447779611,
,,,4.7164E-06,-0.0461298227310181,0.197440903866664,
,,,4.7166E-06,0.087761402130127,0.197942995931953,
,,,4.7168E-06,-0.0461298227310181,0.197106175823137,
,,,4.717E-06,0.0208157896995544,0.197106175823137,
,,,4.7172E-06,0.0208157896995544,0.197608267888427,
,,,4.7174E-06,0.0208157896995544,0.1972735398449,
,,,4.7176E-06,0.0208157896995544,0.196604083757848,
,,,4.7178E-06,0.0208157896995544,0.1972735398449,
,,,4.718E-06,0.087761402130127,0.197106175823137,
,,,4.7182E-06,0.0208157896995544,0.196771447779611,
,,,4.7184E-06,0.087761402130127,0.196938811801374,
,,,4.7186E-06,0.0208157896995544,0.197440903866664,
,,,4.7188E-06,0.0208157896995544,0.197106175823137,
,,,4.719E-06,0.0208157896995544,0.197106175823137,
,,,4.7192E-06,-0.0461298227310181,0.196604083757848,
,,,4.7194E-06,0.0208157896995544,0.196771447779611,
,,,4.7196E-06,0.0208157896995544,0.196604083757848,
,,,4.7198E-06,0.0208157896995544,0.196938811801374,
,,,4.72E-06,0.154707014560699,0.196771447779611,
,,,4.7202E-06,-0.0461298227310181,0.196436719736084,
,,,4.7204E-06,0.0208157896995544,0.197106175823137,
,,,4.7206E-06,0.087761402130127,0.196269355714321,
,,,4.7208E-06,0.0208157896995544,0.1972735398449,
,,,4.721E-06,-0.0461298227310181,0.196938811801374,
,,,4.7212E-06,-0.0461298227310181,0.197106175823137,
,,,4.7214E-06,-0.113075435161591,0.196938811801374,
,,,4.7216E-06,0.0208157896995544,0.196938811801374,
,,,4.7218E-06,-0.113075435161591,0.196938811801374,
,,,4.722E-06,0.0208157896995544,0.196938811801374,
,,,4.7222E-06,0.087761402130127,0.196771447779611,
,,,4.7224E-06,-0.0461298227310181,0.197440903866664,
,,,4.7226E-06,0.0208157896995544,0.197440903866664,
,,,4.7228E-06,0.154707014560699,0.1972735398449,
,,,4.723E-06,0.0208157896995544,0.196938811801374,
,,,4.7232E-06,-0.0461298227310181,0.19777563191019,
,,,4.7234E-06,0.087761402130127,0.196604083757848,
,,,4.7236E-06,-0.0461298227310181,0.197440903866664,
,,,4.7238E-06,-0.0461298227310181,0.197106175823137,
,,,4.724E-06,-0.0461298227310181,0.197106175823137,
,,,4.7242E-06,0.0208157896995544,0.196938811801374,
,,,4.7244E-06,0.087761402130127,0.197608267888427,
,,,4.7246E-06,0.0208157896995544,0.197440903866664,
,,,4.7248E-06,0.154707014560699,0.196938811801374,
,,,4.725E-06,0.0208157896995544,0.197440903866664,
,,,4.7252E-06,0.0208157896995544,0.197440903866664,
,,,4.7254E-06,-0.0461298227310181,0.197942995931953,
,,,4.7256E-06,0.0208157896995544,0.1972735398449,
,,,4.7258E-06,-0.0461298227310181,0.197440903866664,
,,,4.726E-06,-0.0461298227310181,0.19777563191019,
,,,4.7262E-06,0.0208157896995544,0.198110359953716,
,,,4.7264E-06,0.154707014560699,0.197440903866664,
,,,4.7266E-06,-0.0461298227310181,0.1972735398449,
,,,4.7268E-06,0.0208157896995544,0.196771447779611,
,,,4.727E-06,0.0208157896995544,0.1972735398449,
,,,4.7272E-06,-0.0461298227310181,0.1972735398449,
,,,4.7274E-06,0.0208157896995544,0.196771447779611,
,,,4.7276E-06,0.087761402130127,0.197440903866664,
,,,4.7278E-06,-0.113075435161591,0.197440903866664,
,,,4.728E-06,-0.0461298227310181,0.1972735398449,
,,,4.7282E-06,0.087761402130127,0.197440903866664,
,,,4.7284E-06,0.0208157896995544,0.197608267888427,
,,,4.7286E-06,-0.0461298227310181,0.197440903866664,
,,,4.7288E-06,0.087761402130127,0.197440903866664,
,,,4.729E-06,0.087761402130127,0.197608267888427,
,,,4.7292E-06,0.087761402130127,0.197440903866664,
,,,4.7294E-06,0.087761402130127,0.197440903866664,
,,,4.7296E-06,0.0208157896995544,0.196436719736084,
,,,4.7298E-06,0.0208157896995544,0.1972735398449,
,,,4.73E-06,0.0208157896995544,0.197106175823137,
,,,4.7302E-06,0.0208157896995544,0.1972735398449,
,,,4.7304E-06,-0.0461298227310181,0.196938811801374,
,,,4.7306E-06,-0.0461298227310181,0.196771447779611,
,,,4.7308E-06,-0.0461298227310181,0.196436719736084,
,,,4.731E-06,-0.0461298227310181,0.196938811801374,
,,,4.7312E-06,0.087761402130127,0.196604083757848,
,,,4.7314E-06,-0.0461298227310181,0.195934627670795,
,,,4.7316E-06,0.0208157896995544,0.196436719736084,
,,,4.7318E-06,-0.0461298227310181,0.196771447779611,
,,,4.732E-06,0.0208157896995544,0.196101991692558,
,,,4.7322E-06,0.0208157896995544,0.196101991692558,
,,,4.7324E-06,0.0208157896995544,0.196604083757848,
,,,4.7326E-06,-0.0461298227310181,0.196269355714321,
,,,4.7328E-06,0.0208157896995544,0.196101991692558,
,,,4.733E-06,-0.113075435161591,0.195599899627268,
,,,4.7332E-06,-0.113075435161591,0.195767263649032,
,,,4.7334E-06,0.087761402130127,0.196101991692558,
,,,4.7336E-06,0.087761402130127,0.195767263649032,
,,,4.7338E-06,-0.113075435161591,0.197106175823137,
,,,4.734E-06,-0.0461298227310181,0.196436719736084,
,,,4.7342E-06,-0.0461298227310181,0.196604083757848,
,,,4.7344E-06,0.0208157896995544,0.196101991692558,
,,,4.7346E-06,-0.0461298227310181,0.196604083757848,
,,,4.7348E-06,0.0208157896995544,0.196101991692558,
,,,4.735E-06,0.0208157896995544,0.196604083757848,
,,,4.7352E-06,0.087761402130127,0.196938811801374,
,,,4.7354E-06,0.0208157896995544,0.196436719736084,
,,,4.7356E-06,0.0208157896995544,0.196436719736084,
,,,4.7358E-06,0.0208157896995544,0.196436719736084,
,,,4.736E-06,-0.0461298227310181,0.196101991692558,
,,,4.7362E-06,0.087761402130127,0.196938811801374,
,,,4.7364E-06,-0.0461298227310181,0.195934627670795,
,,,4.7366E-06,-0.0461298227310181,0.196269355714321,
,,,4.7368E-06,-0.0461298227310181,0.196101991692558,
,,,4.737E-06,-0.0461298227310181,0.195599899627268,
,,,4.7372E-06,0.0208157896995544,0.196436719736084,
,,,4.7374E-06,0.0208157896995544,0.196269355714321,
,,,4.7376E-06,0.087761402130127,0.196771447779611,
,,,4.7378E-06,0.0208157896995544,0.196938811801374,
,,,4.738E-06,0.0208157896995544,0.196436719736084,
,,,4.7382E-06,0.0208157896995544,0.196436719736084,
,,,4.7384E-06,-0.113075435161591,0.196101991692558,
,,,4.7386E-06,-0.0461298227310181,0.196269355714321,
,,,4.7388E-06,0.0208157896995544,0.196436719736084,
,,,4.739E-06,-0.0461298227310181,0.197106175823137,
,,,4.7392E-06,0.087761402130127,0.196938811801374,
,,,4.7394E-06,-0.113075435161591,0.196436719736084,
,,,4.7396E-06,-0.0461298227310181,0.196938811801374,
,,,4.7398E-06,0.0208157896995544,0.1972735398449,
,,,4.74E-06,0.0208157896995544,0.196771447779611,
,,,4.7402E-06,-0.0461298227310181,0.196604083757848,
,,,4.7404E-06,-0.0461298227310181,0.196771447779611,
,,,4.7406E-06,-0.0461298227310181,0.197106175823137,
,,,4.7408E-06,-0.0461298227310181,0.197106175823137,
,,,4.741E-06,-0.180021047592163,0.19827772397548,
,,,4.7412E-06,0.0208157896995544,0.196771447779611,
,,,4.7414E-06,0.0208157896995544,0.196604083757848,
,,,4.7416E-06,0.087761402130127,0.197106175823137,
,,,4.7418E-06,0.0208157896995544,0.197608267888427,
,,,4.742E-06,0.0208157896995544,0.196938811801374,
,,,4.7422E-06,-0.0461298227310181,0.196771447779611,
,,,4.7424E-06,-0.0461298227310181,0.196938811801374,
,,,4.7426E-06,0.0208157896995544,0.196938811801374,
,,,4.7428E-06,-0.113075435161591,0.1972735398449,
,,,4.743E-06,0.0208157896995544,0.197106175823137,
,,,4.7432E-06,0.087761402130127,0.1972735398449,
,,,4.7434E-06,-0.113075435161591,0.196938811801374,
,,,4.7436E-06,-0.0461298227310181,0.19777563191019,
,,,4.7438E-06,0.0208157896995544,0.197106175823137,
,,,4.744E-06,0.087761402130127,0.196771447779611,
,,,4.7442E-06,0.0208157896995544,0.1972735398449,
,,,4.7444E-06,-0.0461298227310181,0.197608267888427,
,,,4.7446E-06,-0.0461298227310181,0.1972735398449,
,,,4.7448E-06,0.0208157896995544,0.196771447779611,
,,,4.745E-06,0.0208157896995544,0.196436719736084,
,,,4.7452E-06,0.0208157896995544,0.197106175823137,
,,,4.7454E-06,0.0208157896995544,0.1972735398449,
,,,4.7456E-06,0.0208157896995544,0.1972735398449,
,,,4.7458E-06,-0.0461298227310181,0.196938811801374,
,,,4.746E-06,0.0208157896995544,0.197440903866664,
,,,4.7462E-06,0.0208157896995544,0.196938811801374,
,,,4.7464E-06,-0.113075435161591,0.197106175823137,
,,,4.7466E-06,-0.0461298227310181,0.1972735398449,
,,,4.7468E-06,0.0208157896995544,0.196604083757848,
,,,4.747E-06,0.0208157896995544,0.197106175823137,
,,,4.7472E-06,0.0208157896995544,0.196938811801374,
,,,4.7474E-06,-0.113075435161591,0.196771447779611,
,,,4.7476E-06,-0.0461298227310181,0.197106175823137,
,,,4.7478E-06,0.0208157896995544,0.196436719736084,
,,,4.748E-06,0.0208157896995544,0.196938811801374,
,,,4.7482E-06,0.0208157896995544,0.196938811801374,
,,,4.7484E-06,-0.0461298227310181,0.196269355714321,
,,,4.7486E-06,0.0208157896995544,0.196771447779611,
,,,4.7488E-06,0.0208157896995544,0.196101991692558,
,,,4.749E-06,0.0208157896995544,0.196771447779611,
,,,4.7492E-06,-0.113075435161591,0.197106175823137,
,,,4.7494E-06,0.0208157896995544,0.196771447779611,
,,,4.7496E-06,0.0208157896995544,0.1972735398449,
,,,4.7498E-06,-0.0461298227310181,0.195934627670795,
,,,4.75E-06,0.0208157896995544,0.196269355714321,
,,,4.7502E-06,0.0208157896995544,0.196938811801374,
,,,4.7504E-06,0.0208157896995544,0.196269355714321,
,,,4.7506E-06,-0.0461298227310181,0.196771447779611,
,,,4.7508E-06,-0.0461298227310181,0.196436719736084,
,,,4.751E-06,0.0208157896995544,0.196771447779611,
,,,4.7512E-06,-0.0461298227310181,0.196101991692558,
,,,4.7514E-06,0.0208157896995544,0.195934627670795,
,,,4.7516E-06,0.0208157896995544,0.196436719736084,
,,,4.7518E-06,-0.0461298227310181,0.196436719736084,
,,,4.752E-06,0.0208157896995544,0.196604083757848,
,,,4.7522E-06,0.0208157896995544,0.195934627670795,
,,,4.7524E-06,-0.0461298227310181,0.195934627670795,
,,,4.7526E-06,0.0208157896995544,0.197106175823137,
,,,4.7528E-06,0.087761402130127,0.195265171583742,
,,,4.753E-06,-0.0461298227310181,0.196101991692558,
,,,4.7532E-06,-0.0461298227310181,0.197106175823137,
,,,4.7534E-06,-0.0461298227310181,0.197106175823137,
,,,4.7536E-06,0.0208157896995544,0.196604083757848,
,,,4.7538E-06,-0.0461298227310181,0.196436719736084,
,,,4.754E-06,0.0208157896995544,0.196101991692558,
,,,4.7542E-06,-0.0461298227310181,0.195599899627268,
,,,4.7544E-06,-0.0461298227310181,0.195934627670795,
,,,4.7546E-06,0.0208157896995544,0.196269355714321,
,,,4.7548E-06,0.087761402130127,0.196771447779611,
,,,4.755E-06,0.0208157896995544,0.196771447779611,
,,,4.7552E-06,-0.0461298227310181,0.196604083757848,
,,,4.7554E-06,0.087761402130127,0.196938811801374,
,,,4.7556E-06,-0.0461298227310181,0.196938811801374,
,,,4.7558E-06,-0.0461298227310181,0.1972735398449,
,,,4.756E-06,0.0208157896995544,0.196604083757848,
,,,4.7562E-06,0.0208157896995544,0.197608267888427,
,,,4.7564E-06,0.0208157896995544,0.196771447779611,
,,,4.7566E-06,0.087761402130127,0.1972735398449,
,,,4.7568E-06,0.087761402130127,0.19777563191019,
,,,4.757E-06,0.0208157896995544,0.197942995931953,
,,,4.7572E-06,0.087761402130127,0.197440903866664,
,,,4.7574E-06,0.0208157896995544,0.197106175823137,
,,,4.7576E-06,-0.0461298227310181,0.197440903866664,
,,,4.7578E-06,0.0208157896995544,0.1972735398449,
,,,4.758E-06,-0.113075435161591,0.196938811801374,
,,,4.7582E-06,0.0208157896995544,0.196771447779611,
,,,4.7584E-06,0.087761402130127,0.196938811801374,
,,,4.7586E-06,-0.113075435161591,0.196771447779611,
,,,4.7588E-06,0.0208157896995544,0.196771447779611,
,,,4.759E-06,0.087761402130127,0.19777563191019,
,,,4.7592E-06,0.087761402130127,0.1972735398449,
,,,4.7594E-06,-0.0461298227310181,0.197106175823137,
,,,4.7596E-06,0.0208157896995544,0.197106175823137,
,,,4.7598E-06,-0.0461298227310181,0.197440903866664,
,,,4.76E-06,-0.113075435161591,0.197106175823137,
,,,4.7602E-06,-0.113075435161591,0.1972735398449,
,,,4.7604E-06,0.0208157896995544,0.1972735398449,
,,,4.7606E-06,0.0208157896995544,0.197440903866664,
,,,4.7608E-06,0.087761402130127,0.196269355714321,
,,,4.761E-06,-0.0461298227310181,0.197608267888427,
,,,4.7612E-06,0.087761402130127,0.19777563191019,
,,,4.7614E-06,0.087761402130127,0.197106175823137,
,,,4.7616E-06,-0.113075435161591,0.1972735398449,
,,,4.7618E-06,0.0208157896995544,0.197106175823137,
,,,4.762E-06,0.0208157896995544,0.19777563191019,
,,,4.7622E-06,-0.0461298227310181,0.197106175823137,
,,,4.7624E-06,0.0208157896995544,0.197106175823137,
,,,4.7626E-06,-0.0461298227310181,0.19777563191019,
,,,4.7628E-06,0.0208157896995544,0.197106175823137,
,,,4.763E-06,0.0208157896995544,0.196938811801374,
,,,4.7632E-06,0.0208157896995544,0.197440903866664,
,,,4.7634E-06,-0.0461298227310181,0.197106175823137,
,,,4.7636E-06,0.0208157896995544,0.196771447779611,
,,,4.7638E-06,0.0208157896995544,0.197106175823137,
,,,4.764E-06,-0.0461298227310181,0.197106175823137,
,,,4.7642E-06,-0.0461298227310181,0.196771447779611,
,,,4.7644E-06,0.0208157896995544,0.196938811801374,
,,,4.7646E-06,0.0208157896995544,0.197106175823137,
,,,4.7648E-06,0.0208157896995544,0.19777563191019,
,,,4.765E-06,-0.0461298227310181,0.1972735398449,
,,,4.7652E-06,-0.0461298227310181,0.1972735398449,
,,,4.7654E-06,0.0208157896995544,0.196938811801374,
,,,4.7656E-06,0.0208157896995544,0.196938811801374,
,,,4.7658E-06,-0.0461298227310181,0.196771447779611,
,,,4.766E-06,0.087761402130127,0.1972735398449,
,,,4.7662E-06,-0.0461298227310181,0.19777563191019,
,,,4.7664E-06,0.0208157896995544,0.196771447779611,
,,,4.7666E-06,-0.113075435161591,0.196269355714321,
,,,4.7668E-06,0.087761402130127,0.1972735398449,
,,,4.767E-06,-0.0461298227310181,0.196771447779611,
,,,4.7672E-06,0.0208157896995544,0.197106175823137,
,,,4.7674E-06,0.0208157896995544,0.196771447779611,
,,,4.7676E-06,0.154707014560699,0.196604083757848,
,,,4.7678E-06,0.0208157896995544,0.197440903866664,
,,,4.768E-06,0.0208157896995544,0.197106175823137,
,,,4.7682E-06,0.087761402130127,0.196938811801374,
,,,4.7684E-06,-0.0461298227310181,0.196938811801374,
,,,4.7686E-06,0.087761402130127,0.1972735398449,
,,,4.7688E-06,0.0208157896995544,0.1972735398449,
,,,4.769E-06,0.0208157896995544,0.1972735398449,
,,,4.7692E-06,-0.0461298227310181,0.196938811801374,
,,,4.7694E-06,0.087761402130127,0.196938811801374,
,,,4.7696E-06,0.0208157896995544,0.196938811801374,
,,,4.7698E-06,0.0208157896995544,0.1972735398449,
,,,4.77E-06,0.087761402130127,0.197106175823137,
,,,4.7702E-06,-0.0461298227310181,0.196436719736084,
,,,4.7704E-06,0.0208157896995544,0.197106175823137,
,,,4.7706E-06,0.0208157896995544,0.196938811801374,
,,,4.7708E-06,0.0208157896995544,0.196771447779611,
,,,4.771E-06,0.0208157896995544,0.197608267888427,
,,,4.7712E-06,0.087761402130127,0.197440903866664,
,,,4.7714E-06,-0.0461298227310181,0.196771447779611,
,,,4.7716E-06,0.0208157896995544,0.196771447779611,
,,,4.7718E-06,0.0208157896995544,0.196771447779611,
,,,4.772E-06,0.0208157896995544,0.196269355714321,
,,,4.7722E-06,0.0208157896995544,0.196938811801374,
,,,4.7724E-06,0.087761402130127,0.197106175823137,
,,,4.7726E-06,-0.0461298227310181,0.196938811801374,
,,,4.7728E-06,0.0208157896995544,0.196771447779611,
,,,4.773E-06,-0.0461298227310181,0.196938811801374,
,,,4.7732E-06,0.0208157896995544,0.197106175823137,
,,,4.7734E-06,0.0208157896995544,0.196436719736084,
,,,4.7736E-06,0.087761402130127,0.196938811801374,
,,,4.7738E-06,0.0208157896995544,0.196938811801374,
,,,4.774E-06,0.0208157896995544,0.196771447779611,
,,,4.7742E-06,-0.0461298227310181,0.1972735398449,
,,,4.7744E-06,0.0208157896995544,0.1972735398449,
,,,4.7746E-06,0.087761402130127,0.1972735398449,
,,,4.7748E-06,-0.0461298227310181,0.197440903866664,
,,,4.775E-06,0.0208157896995544,0.197106175823137,
,,,4.7752E-06,0.087761402130127,0.196604083757848,
,,,4.7754E-06,0.0208157896995544,0.196938811801374,
,,,4.7756E-06,0.0208157896995544,0.196771447779611,
,,,4.7758E-06,-0.0461298227310181,0.197608267888427,
,,,4.776E-06,0.0208157896995544,0.197608267888427,
,,,4.7762E-06,-0.0461298227310181,0.1972735398449,
,,,4.7764E-06,0.087761402130127,0.197608267888427,
,,,4.7766E-06,0.087761402130127,0.196771447779611,
,,,4.7768E-06,0.0208157896995544,0.1972735398449,
,,,4.777E-06,0.0208157896995544,0.19777563191019,
,,,4.7772E-06,0.0208157896995544,0.197440903866664,
,,,4.7774E-06,0.0208157896995544,0.197106175823137,
,,,4.7776E-06,0.087761402130127,0.197440903866664,
,,,4.7778E-06,-0.0461298227310181,0.197440903866664,
,,,4.778E-06,0.0208157896995544,0.197440903866664,
,,,4.7782E-06,0.0208157896995544,0.19777563191019,
,,,4.7784E-06,0.0208157896995544,0.197608267888427,
,,,4.7786E-06,-0.0461298227310181,0.197440903866664,
,,,4.7788E-06,0.0208157896995544,0.19777563191019,
,,,4.779E-06,0.0208157896995544,0.197608267888427,
,,,4.7792E-06,-0.0461298227310181,0.1972735398449,
,,,4.7794E-06,-0.0461298227310181,0.19777563191019,
,,,4.7796E-06,0.0208157896995544,0.197440903866664,
,,,4.7798E-06,-0.0461298227310181,0.197608267888427,
,,,4.78E-06,0.0208157896995544,0.197608267888427,
,,,4.7802E-06,0.0208157896995544,0.1972735398449,
,,,4.7804E-06,0.0208157896995544,0.197608267888427,
,,,4.7806E-06,0.154707014560699,0.197608267888427,
,,,4.7808E-06,-0.0461298227310181,0.197106175823137,
,,,4.781E-06,0.087761402130127,0.1972735398449,
,,,4.7812E-06,-0.0461298227310181,0.197106175823137,
,,,4.7814E-06,0.154707014560699,0.1972735398449,
,,,4.7816E-06,0.0208157896995544,0.197106175823137,
,,,4.7818E-06,-0.0461298227310181,0.1972735398449,
,,,4.782E-06,0.0208157896995544,0.197106175823137,
,,,4.7822E-06,0.087761402130127,0.197608267888427,
,,,4.7824E-06,0.087761402130127,0.197106175823137,
,,,4.7826E-06,-0.0461298227310181,0.196269355714321,
,,,4.7828E-06,0.087761402130127,0.197106175823137,
,,,4.783E-06,0.0208157896995544,0.197106175823137,
,,,4.7832E-06,-0.0461298227310181,0.196436719736084,
,,,4.7834E-06,0.087761402130127,0.197608267888427,
,,,4.7836E-06,0.0208157896995544,0.197440903866664,
,,,4.7838E-06,-0.113075435161591,0.196771447779611,
,,,4.784E-06,0.087761402130127,0.196269355714321,
,,,4.7842E-06,-0.0461298227310181,0.1972735398449,
,,,4.7844E-06,-0.0461298227310181,0.196604083757848,
,,,4.7846E-06,0.0208157896995544,0.196771447779611,
,,,4.7848E-06,0.0208157896995544,0.1972735398449,
,,,4.785E-06,-0.0461298227310181,0.196938811801374,
,,,4.7852E-06,-0.113075435161591,0.196604083757848,
,,,4.7854E-06,-0.0461298227310181,0.197106175823137,
,,,4.7856E-06,0.0208157896995544,0.196604083757848,
,,,4.7858E-06,-0.113075435161591,0.197608267888427,
,,,4.786E-06,0.0208157896995544,0.197608267888427,
,,,4.7862E-06,-0.0461298227310181,0.197440903866664,
,,,4.7864E-06,0.0208157896995544,0.197440903866664,
,,,4.7866E-06,0.0208157896995544,0.196771447779611,
,,,4.7868E-06,0.087761402130127,0.197106175823137,
,,,4.787E-06,0.0208157896995544,0.197440903866664,
,,,4.7872E-06,0.0208157896995544,0.197106175823137,
,,,4.7874E-06,0.087761402130127,0.19777563191019,
,,,4.7876E-06,-0.0461298227310181,0.196938811801374,
,,,4.7878E-06,-0.0461298227310181,0.196269355714321,
,,,4.788E-06,0.087761402130127,0.196938811801374,
,,,4.7882E-06,-0.113075435161591,0.1972735398449,
,,,4.7884E-06,0.0208157896995544,0.197106175823137,
,,,4.7886E-06,0.087761402130127,0.198110359953716,
,,,4.7888E-06,-0.0461298227310181,0.197608267888427,
,,,4.789E-06,0.0208157896995544,0.196436719736084,
,,,4.7892E-06,0.087761402130127,0.196101991692558,
,,,4.7894E-06,-0.113075435161591,0.196604083757848,
,,,4.7896E-06,-0.0461298227310181,0.196771447779611,
,,,4.7898E-06,-0.0461298227310181,0.197106175823137,
,,,4.79E-06,0.0208157896995544,0.196604083757848,
,,,4.7902E-06,0.0208157896995544,0.196938811801374,
,,,4.7904E-06,0.087761402130127,0.196771447779611,
,,,4.7906E-06,-0.113075435161591,0.196436719736084,
,,,4.7908E-06,-0.0461298227310181,0.197440903866664,
,,,4.791E-06,0.0208157896995544,0.1972735398449,
,,,4.7912E-06,0.0208157896995544,0.196269355714321,
,,,4.7914E-06,-0.180021047592163,0.196604083757848,
,,,4.7916E-06,-0.0461298227310181,0.196604083757848,
,,,4.7918E-06,-0.0461298227310181,0.197106175823137,
,,,4.792E-06,0.0208157896995544,0.197106175823137,
,,,4.7922E-06,-0.113075435161591,0.196938811801374,
,,,4.7924E-06,-0.113075435161591,0.197608267888427,
,,,4.7926E-06,-0.0461298227310181,0.196604083757848,
,,,4.7928E-06,0.087761402130127,0.196938811801374,
,,,4.793E-06,-0.0461298227310181,0.197106175823137,
,,,4.7932E-06,0.087761402130127,0.196938811801374,
,,,4.7934E-06,0.0208157896995544,0.196771447779611,
,,,4.7936E-06,0.087761402130127,0.196938811801374,
,,,4.7938E-06,-0.0461298227310181,0.197106175823137,
,,,4.794E-06,-0.0461298227310181,0.19777563191019,
,,,4.7942E-06,0.0208157896995544,0.197106175823137,
,,,4.7944E-06,-0.113075435161591,0.197106175823137,
,,,4.7946E-06,-0.0461298227310181,0.197106175823137,
,,,4.7948E-06,0.0208157896995544,0.196938811801374,
,,,4.795E-06,0.087761402130127,0.196771447779611,
,,,4.7952E-06,0.0208157896995544,0.197106175823137,
,,,4.7954E-06,0.0208157896995544,0.196604083757848,
,,,4.7956E-06,-0.0461298227310181,0.1972735398449,
,,,4.7958E-06,-0.0461298227310181,0.197106175823137,
,,,4.796E-06,-0.113075435161591,0.196771447779611,
,,,4.7962E-06,0.0208157896995544,0.196938811801374,
,,,4.7964E-06,-0.0461298227310181,0.1972735398449,
,,,4.7966E-06,-0.0461298227310181,0.1972735398449,
,,,4.7968E-06,0.0208157896995544,0.196938811801374,
,,,4.797E-06,0.0208157896995544,0.197440903866664,
,,,4.7972E-06,0.0208157896995544,0.196436719736084,
,,,4.7974E-06,0.0208157896995544,0.196604083757848,
,,,4.7976E-06,0.0208157896995544,0.197106175823137,
,,,4.7978E-06,-0.0461298227310181,0.1972735398449,
,,,4.798E-06,-0.0461298227310181,0.197440903866664,
,,,4.7982E-06,-0.0461298227310181,0.1972735398449,
,,,4.7984E-06,0.0208157896995544,0.197106175823137,
,,,4.7986E-06,-0.0461298227310181,0.197440903866664,
,,,4.7988E-06,0.0208157896995544,0.196938811801374,
,,,4.799E-06,-0.113075435161591,0.196938811801374,
,,,4.7992E-06,0.0208157896995544,0.198110359953716,
,,,4.7994E-06,0.0208157896995544,0.197608267888427,
,,,4.7996E-06,0.0208157896995544,0.196436719736084,
,,,4.7998E-06,0.0208157896995544,0.1972735398449,
,,,4.8E-06,0.0208157896995544,0.19777563191019,
,,,4.8002E-06,0.087761402130127,0.196604083757848,
,,,4.8004E-06,-0.113075435161591,0.196938811801374,
,,,4.8006E-06,-0.0461298227310181,0.197440903866664,
,,,4.8008E-06,0.0208157896995544,0.19777563191019,
,,,4.801E-06,-0.0461298227310181,0.196269355714321,
,,,4.8012E-06,0.087761402130127,0.1972735398449,
,,,4.8014E-06,0.087761402130127,0.197608267888427,
,,,4.8016E-06,0.0208157896995544,0.1972735398449,
,,,4.8018E-06,-0.0461298227310181,0.197106175823137,
,,,4.802E-06,0.0208157896995544,0.196771447779611,
,,,4.8022E-06,0.0208157896995544,0.196938811801374,
,,,4.8024E-06,-0.113075435161591,0.196269355714321,
,,,4.8026E-06,-0.0461298227310181,0.196101991692558,
,,,4.8028E-06,0.087761402130127,0.196771447779611,
,,,4.803E-06,-0.0461298227310181,0.196101991692558,
,,,4.8032E-06,-0.0461298227310181,0.196604083757848,
,,,4.8034E-06,-0.0461298227310181,0.196269355714321,
,,,4.8036E-06,-0.0461298227310181,0.1972735398449,
,,,4.8038E-06,0.0208157896995544,0.196604083757848,
,,,4.804E-06,0.0208157896995544,0.196436719736084,
,,,4.8042E-06,-0.0461298227310181,0.196771447779611,
,,,4.8044E-06,0.0208157896995544,0.196938811801374,
,,,4.8046E-06,-0.0461298227310181,0.196938811801374,
,,,4.8048E-06,0.0208157896995544,0.196436719736084,
,,,4.805E-06,-0.0461298227310181,0.196771447779611,
,,,4.8052E-06,0.0208157896995544,0.196938811801374,
,,,4.8054E-06,-0.0461298227310181,0.196771447779611,
,,,4.8056E-06,0.087761402130127,0.196604083757848,
,,,4.8058E-06,0.087761402130127,0.196938811801374,
,,,4.806E-06,0.0208157896995544,0.196436719736084,
,,,4.8062E-06,0.0208157896995544,0.196938811801374,
,,,4.8064E-06,-0.0461298227310181,0.196771447779611,
,,,4.8066E-06,0.0208157896995544,0.1972735398449,
,,,4.8068E-06,0.087761402130127,0.1972735398449,
,,,4.807E-06,0.087761402130127,0.197106175823137,
,,,4.8072E-06,0.0208157896995544,0.196938811801374,
,,,4.8074E-06,-0.0461298227310181,0.196436719736084,
,,,4.8076E-06,0.0208157896995544,0.196938811801374,
,,,4.8078E-06,0.0208157896995544,0.196604083757848,
,,,4.808E-06,0.0208157896995544,0.197440903866664,
,,,4.8082E-06,0.0208157896995544,0.197106175823137,
,,,4.8084E-06,-0.0461298227310181,0.1972735398449,
,,,4.8086E-06,0.0208157896995544,0.19777563191019,
,,,4.8088E-06,-0.0461298227310181,0.197106175823137,
,,,4.809E-06,-0.0461298227310181,0.197608267888427,
,,,4.8092E-06,-0.0461298227310181,0.197608267888427,
,,,4.8094E-06,0.0208157896995544,0.197440903866664,
,,,4.8096E-06,-0.0461298227310181,0.197440903866664,
,,,4.8098E-06,-0.0461298227310181,0.196771447779611,
,,,4.81E-06,0.0208157896995544,0.196938811801374,
,,,4.8102E-06,0.0208157896995544,0.197106175823137,
,,,4.8104E-06,0.0208157896995544,0.196269355714321,
,,,4.8106E-06,-0.0461298227310181,0.196771447779611,
,,,4.8108E-06,-0.0461298227310181,0.197440903866664,
,,,4.811E-06,-0.0461298227310181,0.196938811801374,
,,,4.8112E-06,-0.0461298227310181,0.196436719736084,
,,,4.8114E-06,-0.113075435161591,0.196938811801374,
,,,4.8116E-06,0.0208157896995544,0.196101991692558,
,,,4.8118E-06,-0.0461298227310181,0.196604083757848,
,,,4.812E-06,0.087761402130127,0.196269355714321,
,,,4.8122E-06,0.087761402130127,0.196436719736084,
,,,4.8124E-06,0.0208157896995544,0.196604083757848,
,,,4.8126E-06,-0.113075435161591,0.196938811801374,
,,,4.8128E-06,0.0208157896995544,0.196771447779611,
,,,4.813E-06,0.087761402130127,0.196604083757848,
,,,4.8132E-06,-0.0461298227310181,0.197440903866664,
,,,4.8134E-06,-0.0461298227310181,0.196604083757848,
,,,4.8136E-06,0.0208157896995544,0.197106175823137,
,,,4.8138E-06,0.0208157896995544,0.196269355714321,
,,,4.814E-06,0.087761402130127,0.196938811801374,
,,,4.8142E-06,0.0208157896995544,0.196604083757848,
,,,4.8144E-06,0.087761402130127,0.196604083757848,
,,,4.8146E-06,-0.113075435161591,0.196938811801374,
,,,4.8148E-06,0.0208157896995544,0.196604083757848,
,,,4.815E-06,0.0208157896995544,0.19777563191019,
,,,4.8152E-06,-0.113075435161591,0.196771447779611,
,,,4.8154E-06,-0.113075435161591,0.1972735398449,
,,,4.8156E-06,-0.0461298227310181,0.197106175823137,
,,,4.8158E-06,0.087761402130127,0.196771447779611,
,,,4.816E-06,0.087761402130127,0.197106175823137,
,,,4.8162E-06,-0.0461298227310181,0.196938811801374,
,,,4.8164E-06,0.0208157896995544,0.1972735398449,
,,,4.8166E-06,-0.0461298227310181,0.196938811801374,
,,,4.8168E-06,-0.0461298227310181,0.196771447779611,
,,,4.817E-06,-0.0461298227310181,0.195934627670795,
,,,4.8172E-06,0.087761402130127,0.196938811801374,
,,,4.8174E-06,-0.0461298227310181,0.19777563191019,
,,,4.8176E-06,0.0208157896995544,0.197440903866664,
,,,4.8178E-06,0.0208157896995544,0.197440903866664,
,,,4.818E-06,-0.0461298227310181,0.196938811801374,
,,,4.8182E-06,-0.113075435161591,0.196436719736084,
,,,4.8184E-06,0.087761402130127,0.196938811801374,
,,,4.8186E-06,0.087761402130127,0.197440903866664,
,,,4.8188E-06,0.0208157896995544,0.197440903866664,
,,,4.819E-06,0.0208157896995544,0.197106175823137,
,,,4.8192E-06,0.087761402130127,0.197440903866664,
,,,4.8194E-06,0.0208157896995544,0.197440903866664,
,,,4.8196E-06,-0.0461298227310181,0.197106175823137,
,,,4.8198E-06,-0.0461298227310181,0.196604083757848,
,,,4.82E-06,0.0208157896995544,0.197440903866664,
,,,4.8202E-06,0.0208157896995544,0.196269355714321,
,,,4.8204E-06,0.0208157896995544,0.197440903866664,
,,,4.8206E-06,-0.0461298227310181,0.196604083757848,
,,,4.8208E-06,0.0208157896995544,0.196269355714321,
,,,4.821E-06,-0.0461298227310181,0.196938811801374,
,,,4.8212E-06,-0.0461298227310181,0.196771447779611,
,,,4.8214E-06,-0.113075435161591,0.196771447779611,
,,,4.8216E-06,-0.0461298227310181,0.197608267888427,
,,,4.8218E-06,-0.0461298227310181,0.196771447779611,
,,,4.822E-06,0.0208157896995544,0.196938811801374,
,,,4.8222E-06,0.0208157896995544,0.196938811801374,
,,,4.8224E-06,0.0208157896995544,0.196604083757848,
,,,4.8226E-06,-0.113075435161591,0.196269355714321,
,,,4.8228E-06,0.0208157896995544,0.196938811801374,
,,,4.823E-06,0.0208157896995544,0.197440903866664,
,,,4.8232E-06,0.0208157896995544,0.197440903866664,
,,,4.8234E-06,-0.0461298227310181,0.197106175823137,
,,,4.8236E-06,-0.0461298227310181,0.197440903866664,
,,,4.8238E-06,-0.0461298227310181,0.197942995931953,
,,,4.824E-06,-0.0461298227310181,0.196938811801374,
,,,4.8242E-06,-0.113075435161591,0.197608267888427,
,,,4.8244E-06,0.087761402130127,0.1972735398449,
,,,4.8246E-06,0.0208157896995544,0.196771447779611,
,,,4.8248E-06,0.087761402130127,0.196938811801374,
,,,4.825E-06,0.0208157896995544,0.196938811801374,
,,,4.8252E-06,0.0208157896995544,0.1972735398449,
,,,4.8254E-06,0.0208157896995544,0.197608267888427,
,,,4.8256E-06,0.0208157896995544,0.197440903866664,
,,,4.8258E-06,0.0208157896995544,0.196604083757848,
,,,4.826E-06,0.0208157896995544,0.19777563191019,
,,,4.8262E-06,-0.0461298227310181,0.1972735398449,
,,,4.8264E-06,0.0208157896995544,0.196771447779611,
,,,4.8266E-06,-0.0461298227310181,0.196771447779611,
,,,4.8268E-06,0.0208157896995544,0.197106175823137,
,,,4.827E-06,0.0208157896995544,0.196436719736084,
,,,4.8272E-06,0.154707014560699,0.196771447779611,
,,,4.8274E-06,0.0208157896995544,0.1972735398449,
,,,4.8276E-06,-0.0461298227310181,0.196436719736084,
,,,4.8278E-06,0.0208157896995544,0.197440903866664,
,,,4.828E-06,-0.113075435161591,0.19777563191019,
,,,4.8282E-06,-0.0461298227310181,0.196938811801374,
,,,4.8284E-06,-0.113075435161591,0.196938811801374,
,,,4.8286E-06,-0.0461298227310181,0.1972735398449,
,,,4.8288E-06,0.087761402130127,0.196771447779611,
,,,4.829E-06,-0.113075435161591,0.196269355714321,
,,,4.8292E-06,-0.0461298227310181,0.196771447779611,
,,,4.8294E-06,0.0208157896995544,0.196771447779611,
,,,4.8296E-06,0.087761402130127,0.196436719736084,
,,,4.8298E-06,-0.0461298227310181,0.197608267888427,
,,,4.83E-06,0.0208157896995544,0.197942995931953,
,,,4.8302E-06,-0.0461298227310181,0.197440903866664,
,,,4.8304E-06,-0.113075435161591,0.196938811801374,
,,,4.8306E-06,-0.113075435161591,0.197942995931953,
,,,4.8308E-06,0.0208157896995544,0.197106175823137,
,,,4.831E-06,-0.0461298227310181,0.19777563191019,
,,,4.8312E-06,0.087761402130127,0.197608267888427,
,,,4.8314E-06,-0.0461298227310181,0.197106175823137,
,,,4.8316E-06,0.0208157896995544,0.196938811801374,
,,,4.8318E-06,0.0208157896995544,0.197440903866664,
,,,4.832E-06,-0.0461298227310181,0.197608267888427,
,,,4.8322E-06,0.0208157896995544,0.19777563191019,
,,,4.8324E-06,-0.0461298227310181,0.197440903866664,
,,,4.8326E-06,0.0208157896995544,0.197608267888427,
,,,4.8328E-06,0.087761402130127,0.19777563191019,
,,,4.833E-06,-0.0461298227310181,0.1972735398449,
,,,4.8332E-06,0.0208157896995544,0.196938811801374,
,,,4.8334E-06,0.0208157896995544,0.196938811801374,
,,,4.8336E-06,0.087761402130127,0.196771447779611,
,,,4.8338E-06,0.0208157896995544,0.197440903866664,
,,,4.834E-06,0.154707014560699,0.197608267888427,
,,,4.8342E-06,0.0208157896995544,0.19777563191019,
,,,4.8344E-06,0.0208157896995544,0.197106175823137,
,,,4.8346E-06,0.0208157896995544,0.196436719736084,
,,,4.8348E-06,0.0208157896995544,0.197608267888427,
,,,4.835E-06,-0.0461298227310181,0.197608267888427,
,,,4.8352E-06,0.0208157896995544,0.197440903866664,
,,,4.8354E-06,0.0208157896995544,0.19777563191019,
,,,4.8356E-06,0.0208157896995544,0.1972735398449,
,,,4.8358E-06,0.0208157896995544,0.197440903866664,
,,,4.836E-06,0.0208157896995544,0.19777563191019,
,,,4.8362E-06,-0.0461298227310181,0.197942995931953,
,,,4.8364E-06,-0.0461298227310181,0.197440903866664,
,,,4.8366E-06,-0.0461298227310181,0.19777563191019,
,,,4.8368E-06,0.0208157896995544,0.197440903866664,
,,,4.837E-06,-0.113075435161591,0.197440903866664,
,,,4.8372E-06,0.0208157896995544,0.196938811801374,
,,,4.8374E-06,-0.0461298227310181,0.19777563191019,
,,,4.8376E-06,0.0208157896995544,0.19777563191019,
,,,4.8378E-06,-0.0461298227310181,0.1972735398449,
,,,4.838E-06,0.087761402130127,0.197608267888427,
,,,4.8382E-06,0.0208157896995544,0.197106175823137,
,,,4.8384E-06,0.0208157896995544,0.197440903866664,
,,,4.8386E-06,0.0208157896995544,0.196938811801374,
,,,4.8388E-06,-0.113075435161591,0.197106175823137,
,,,4.839E-06,0.0208157896995544,0.197608267888427,
,,,4.8392E-06,0.0208157896995544,0.196771447779611,
,,,4.8394E-06,0.087761402130127,0.197440903866664,
,,,4.8396E-06,0.0208157896995544,0.197440903866664,
,,,4.8398E-06,0.087761402130127,0.1972735398449,
,,,4.84E-06,0.154707014560699,0.196604083757848,
,,,4.8402E-06,-0.0461298227310181,0.196604083757848,
,,,4.8404E-06,0.154707014560699,0.196604083757848,
,,,4.8406E-06,0.0208157896995544,0.197440903866664,
,,,4.8408E-06,-0.0461298227310181,0.195934627670795,
,,,4.841E-06,0.0208157896995544,0.197440903866664,
,,,4.8412E-06,-0.0461298227310181,0.196771447779611,
,,,4.8414E-06,-0.0461298227310181,0.196771447779611,
,,,4.8416E-06,0.0208157896995544,0.196604083757848,
,,,4.8418E-06,-0.0461298227310181,0.1972735398449,
,,,4.842E-06,0.0208157896995544,0.197106175823137,
,,,4.8422E-06,-0.0461298227310181,0.196436719736084,
,,,4.8424E-06,0.0208157896995544,0.196436719736084,
,,,4.8426E-06,0.087761402130127,0.196269355714321,
,,,4.8428E-06,0.0208157896995544,0.197440903866664,
,,,4.843E-06,-0.0461298227310181,0.197106175823137,
,,,4.8432E-06,0.0208157896995544,0.196771447779611,
,,,4.8434E-06,0.0208157896995544,0.196604083757848,
,,,4.8436E-06,0.0208157896995544,0.1972735398449,
,,,4.8438E-06,-0.0461298227310181,0.196436719736084,
,,,4.844E-06,0.087761402130127,0.196436719736084,
,,,4.8442E-06,0.0208157896995544,0.196771447779611,
,,,4.8444E-06,0.087761402130127,0.197608267888427,
,,,4.8446E-06,0.0208157896995544,0.196771447779611,
,,,4.8448E-06,-0.0461298227310181,0.197608267888427,
,,,4.845E-06,0.0208157896995544,0.197440903866664,
,,,4.8452E-06,-0.113075435161591,0.196938811801374,
,,,4.8454E-06,0.0208157896995544,0.196771447779611,
,,,4.8456E-06,0.087761402130127,0.1972735398449,
,,,4.8458E-06,-0.113075435161591,0.197440903866664,
,,,4.846E-06,-0.0461298227310181,0.196938811801374,
,,,4.8462E-06,0.087761402130127,0.196938811801374,
,,,4.8464E-06,0.087761402130127,0.196771447779611,
,,,4.8466E-06,-0.0461298227310181,0.196604083757848,
,,,4.8468E-06,-0.0461298227310181,0.196938811801374,
,,,4.847E-06,0.0208157896995544,0.196938811801374,
,,,4.8472E-06,-0.0461298227310181,0.197106175823137,
,,,4.8474E-06,-0.113075435161591,0.196604083757848,
,,,4.8476E-06,0.0208157896995544,0.196269355714321,
,,,4.8478E-06,0.087761402130127,0.197440903866664,
,,,4.848E-06,-0.0461298227310181,0.196938811801374,
,,,4.8482E-06,-0.113075435161591,0.1972735398449,
,,,4.8484E-06,0.0208157896995544,0.196938811801374,
,,,4.8486E-06,0.0208157896995544,0.197608267888427,
,,,4.8488E-06,0.087761402130127,0.196269355714321,
,,,4.849E-06,-0.0461298227310181,0.197106175823137,
,,,4.8492E-06,-0.0461298227310181,0.197608267888427,
,,,4.8494E-06,-0.0461298227310181,0.1972735398449,
,,,4.8496E-06,0.087761402130127,0.197106175823137,
,,,4.8498E-06,-0.0461298227310181,0.19827772397548,
,,,4.85E-06,-0.0461298227310181,0.197440903866664,
,,,4.8502E-06,0.087761402130127,0.197106175823137,
,,,4.8504E-06,0.087761402130127,0.1972735398449,
,,,4.8506E-06,0.0208157896995544,0.197608267888427,
,,,4.8508E-06,0.087761402130127,0.196938811801374,
,,,4.851E-06,0.0208157896995544,0.19777563191019,
,,,4.8512E-06,0.0208157896995544,0.197608267888427,
,,,4.8514E-06,0.087761402130127,0.197942995931953,
,,,4.8516E-06,-0.0461298227310181,0.196938811801374,
,,,4.8518E-06,0.087761402130127,0.1972735398449,
,,,4.852E-06,0.0208157896995544,0.1972735398449,
,,,4.8522E-06,-0.0461298227310181,0.19777563191019,
,,,4.8524E-06,-0.0461298227310181,0.19777563191019,
,,,4.8526E-06,0.087761402130127,0.19777563191019,
,,,4.8528E-06,0.087761402130127,0.197106175823137,
,,,4.853E-06,-0.113075435161591,0.197106175823137,
,,,4.8532E-06,0.087761402130127,0.196771447779611,
,,,4.8534E-06,-0.0461298227310181,0.19777563191019,
,,,4.8536E-06,-0.113075435161591,0.196101991692558,
,,,4.8538E-06,-0.0461298227310181,0.1972735398449,
,,,4.854E-06,-0.0461298227310181,0.197106175823137,
,,,4.8542E-06,-0.0461298227310181,0.1972735398449,
,,,4.8544E-06,0.0208157896995544,0.196938811801374,
,,,4.8546E-06,-0.0461298227310181,0.196436719736084,
,,,4.8548E-06,-0.0461298227310181,0.196938811801374,
,,,4.855E-06,-0.0461298227310181,0.196604083757848,
,,,4.8552E-06,0.0208157896995544,0.196436719736084,
,,,4.8554E-06,-0.0461298227310181,0.197440903866664,
,,,4.8556E-06,-0.0461298227310181,0.197440903866664,
,,,4.8558E-06,-0.0461298227310181,0.195934627670795,
,,,4.856E-06,0.087761402130127,0.196604083757848,
,,,4.8562E-06,-0.0461298227310181,0.196269355714321,
,,,4.8564E-06,-0.0461298227310181,0.196604083757848,
,,,4.8566E-06,0.0208157896995544,0.196938811801374,
,,,4.8568E-06,0.0208157896995544,0.196771447779611,
,,,4.857E-06,0.0208157896995544,0.196604083757848,
,,,4.8572E-06,0.221652626991272,0.196436719736084,
,,,4.8574E-06,0.154707014560699,0.196771447779611,
,,,4.8576E-06,0.0208157896995544,0.196269355714321,
,,,4.8578E-06,0.0208157896995544,0.196938811801374,
,,,4.858E-06,0.0208157896995544,0.197106175823137,
,,,4.8582E-06,-0.0461298227310181,0.196269355714321,
,,,4.8584E-06,0.0208157896995544,0.196771447779611,
,,,4.8586E-06,-0.0461298227310181,0.196938811801374,
,,,4.8588E-06,-0.0461298227310181,0.196604083757848,
,,,4.859E-06,0.0208157896995544,0.197440903866664,
,,,4.8592E-06,0.154707014560699,0.197608267888427,
,,,4.8594E-06,-0.0461298227310181,0.196938811801374,
,,,4.8596E-06,0.087761402130127,0.196771447779611,
,,,4.8598E-06,0.087761402130127,0.198110359953716,
,,,4.86E-06,-0.113075435161591,0.197440903866664,
,,,4.8602E-06,0.0208157896995544,0.1972735398449,
,,,4.8604E-06,0.0208157896995544,0.19777563191019,
,,,4.8606E-06,-0.0461298227310181,0.196938811801374,
,,,4.8608E-06,-0.0461298227310181,0.197440903866664,
,,,4.861E-06,-0.113075435161591,0.1972735398449,
,,,4.8612E-06,0.0208157896995544,0.197440903866664,
,,,4.8614E-06,0.087761402130127,0.196771447779611,
,,,4.8616E-06,0.087761402130127,0.196938811801374,
,,,4.8618E-06,-0.0461298227310181,0.197608267888427,
,,,4.862E-06,-0.0461298227310181,0.196604083757848,
,,,4.8622E-06,-0.0461298227310181,0.196771447779611,
,,,4.8624E-06,0.0208157896995544,0.197440903866664,
,,,4.8626E-06,-0.0461298227310181,0.196771447779611,
,,,4.8628E-06,-0.0461298227310181,0.196269355714321,
,,,4.863E-06,0.0208157896995544,0.196938811801374,
,,,4.8632E-06,0.0208157896995544,0.196771447779611,
,,,4.8634E-06,0.0208157896995544,0.196101991692558,
,,,4.8636E-06,0.221652626991272,0.195934627670795,
,,,4.8638E-06,0.087761402130127,0.196938811801374,
,,,4.864E-06,-0.0461298227310181,0.196604083757848,
,,,4.8642E-06,0.087761402130127,0.196771447779611,
,,,4.8644E-06,-0.0461298227310181,0.196436719736084,
,,,4.8646E-06,0.0208157896995544,0.1972735398449,
,,,4.8648E-06,0.087761402130127,0.197106175823137,
,,,4.865E-06,0.0208157896995544,0.196436719736084,
,,,4.8652E-06,-0.0461298227310181,0.196269355714321,
,,,4.8654E-06,-0.113075435161591,0.197608267888427,
,,,4.8656E-06,0.087761402130127,0.196938811801374,
,,,4.8658E-06,-0.0461298227310181,0.197440903866664,
,,,4.866E-06,0.0208157896995544,0.196771447779611,
,,,4.8662E-06,-0.0461298227310181,0.197106175823137,
,,,4.8664E-06,0.0208157896995544,0.197106175823137,
,,,4.8666E-06,-0.0461298227310181,0.197106175823137,
,,,4.8668E-06,0.0208157896995544,0.197106175823137,
,,,4.867E-06,0.087761402130127,0.196938811801374,
,,,4.8672E-06,0.087761402130127,0.1972735398449,
,,,4.8674E-06,-0.113075435161591,0.197106175823137,
,,,4.8676E-06,0.0208157896995544,0.196771447779611,
,,,4.8678E-06,0.087761402130127,0.197608267888427,
,,,4.868E-06,0.087761402130127,0.197608267888427,
,,,4.8682E-06,-0.113075435161591,0.197440903866664,
,,,4.8684E-06,0.0208157896995544,0.19777563191019,
,,,4.8686E-06,-0.0461298227310181,0.197608267888427,
,,,4.8688E-06,0.0208157896995544,0.196771447779611,
,,,4.869E-06,-0.0461298227310181,0.197942995931953,
,,,4.8692E-06,0.0208157896995544,0.197440903866664,
,,,4.8694E-06,-0.0461298227310181,0.196938811801374,
,,,4.8696E-06,0.0208157896995544,0.1972735398449,
,,,4.8698E-06,0.0208157896995544,0.197440903866664,
,,,4.87E-06,0.087761402130127,0.196771447779611,
,,,4.8702E-06,-0.0461298227310181,0.197106175823137,
,,,4.8704E-06,0.0208157896995544,0.1972735398449,
,,,4.8706E-06,0.087761402130127,0.197106175823137,
,,,4.8708E-06,-0.0461298227310181,0.196938811801374,
,,,4.871E-06,0.0208157896995544,0.196771447779611,
,,,4.8712E-06,0.0208157896995544,0.19777563191019,
,,,4.8714E-06,-0.0461298227310181,0.1972735398449,
,,,4.8716E-06,0.087761402130127,0.197106175823137,
,,,4.8718E-06,0.0208157896995544,0.197106175823137,
,,,4.872E-06,0.0208157896995544,0.196938811801374,
,,,4.8722E-06,-0.113075435161591,0.197440903866664,
,,,4.8724E-06,-0.0461298227310181,0.196604083757848,
,,,4.8726E-06,0.0208157896995544,0.197608267888427,
,,,4.8728E-06,-0.0461298227310181,0.197106175823137,
,,,4.873E-06,0.0208157896995544,0.197440903866664,
,,,4.8732E-06,-0.113075435161591,0.1972735398449,
,,,4.8734E-06,0.0208157896995544,0.19777563191019,
,,,4.8736E-06,0.154707014560699,0.196771447779611,
,,,4.8738E-06,-0.0461298227310181,0.197106175823137,
,,,4.874E-06,0.0208157896995544,0.197106175823137,
,,,4.8742E-06,0.0208157896995544,0.196771447779611,
,,,4.8744E-06,0.0208157896995544,0.197106175823137,
,,,4.8746E-06,-0.0461298227310181,0.197106175823137,
,,,4.8748E-06,0.0208157896995544,0.1972735398449,
,,,4.875E-06,0.0208157896995544,0.196269355714321,
,,,4.8752E-06,-0.0461298227310181,0.196938811801374,
,,,4.8754E-06,-0.113075435161591,0.197942995931953,
,,,4.8756E-06,-0.0461298227310181,0.197440903866664,
,,,4.8758E-06,-0.0461298227310181,0.1972735398449,
,,,4.876E-06,0.087761402130127,0.197440903866664,
,,,4.8762E-06,0.0208157896995544,0.197106175823137,
,,,4.8764E-06,0.087761402130127,0.197106175823137,
,,,4.8766E-06,-0.0461298227310181,0.19777563191019,
,,,4.8768E-06,0.0208157896995544,0.197106175823137,
,,,4.877E-06,0.0208157896995544,0.1972735398449,
,,,4.8772E-06,-0.0461298227310181,0.197440903866664,
,,,4.8774E-06,0.087761402130127,0.1972735398449,
,,,4.8776E-06,0.0208157896995544,0.197440903866664,
,,,4.8778E-06,-0.0461298227310181,0.197440903866664,
,,,4.878E-06,0.0208157896995544,0.197608267888427,
,,,4.8782E-06,-0.0461298227310181,0.1972735398449,
,,,4.8784E-06,0.0208157896995544,0.1972735398449,
,,,4.8786E-06,-0.113075435161591,0.197440903866664,
,,,4.8788E-06,0.0208157896995544,0.196604083757848,
,,,4.879E-06,0.087761402130127,0.197608267888427,
,,,4.8792E-06,-0.0461298227310181,0.1972735398449,
,,,4.8794E-06,-0.0461298227310181,0.1972735398449,
,,,4.8796E-06,-0.113075435161591,0.196771447779611,
,,,4.8798E-06,0.0208157896995544,0.196771447779611,
,,,4.88E-06,0.0208157896995544,0.1972735398449,
,,,4.8802E-06,-0.0461298227310181,0.1972735398449,
,,,4.8804E-06,0.0208157896995544,0.1972735398449,
,,,4.8806E-06,0.0208157896995544,0.197440903866664,
,,,4.8808E-06,0.0208157896995544,0.196771447779611,
,,,4.881E-06,0.0208157896995544,0.196938811801374,
,,,4.8812E-06,0.0208157896995544,0.197608267888427,
,,,4.8814E-06,0.0208157896995544,0.197106175823137,
,,,4.8816E-06,0.0208157896995544,0.197440903866664,
,,,4.8818E-06,-0.113075435161591,0.197608267888427,
,,,4.882E-06,-0.0461298227310181,0.197608267888427,
,,,4.8822E-06,-0.0461298227310181,0.196938811801374,
,,,4.8824E-06,0.0208157896995544,0.197106175823137,
,,,4.8826E-06,0.0208157896995544,0.196771447779611,
,,,4.8828E-06,0.087761402130127,0.196771447779611,
,,,4.883E-06,0.0208157896995544,0.196436719736084,
,,,4.8832E-06,-0.0461298227310181,0.196604083757848,
,,,4.8834E-06,0.087761402130127,0.196604083757848,
,,,4.8836E-06,0.0208157896995544,0.196436719736084,
,,,4.8838E-06,-0.0461298227310181,0.196938811801374,
,,,4.884E-06,0.0208157896995544,0.196771447779611,
,,,4.8842E-06,-0.113075435161591,0.196436719736084,
,,,4.8844E-06,-0.0461298227310181,0.196938811801374,
,,,4.8846E-06,0.0208157896995544,0.196771447779611,
,,,4.8848E-06,0.154707014560699,0.197106175823137,
,,,4.885E-06,-0.0461298227310181,0.196938811801374,
,,,4.8852E-06,-0.0461298227310181,0.196938811801374,
,,,4.8854E-06,0.0208157896995544,0.196771447779611,
,,,4.8856E-06,-0.0461298227310181,0.196269355714321,
,,,4.8858E-06,-0.0461298227310181,0.196771447779611,
,,,4.886E-06,-0.0461298227310181,0.1972735398449,
,,,4.8862E-06,-0.113075435161591,0.196938811801374,
,,,4.8864E-06,0.0208157896995544,0.1972735398449,
,,,4.8866E-06,-0.0461298227310181,0.197106175823137,
,,,4.8868E-06,0.0208157896995544,0.196604083757848,
,,,4.887E-06,0.0208157896995544,0.196604083757848,
,,,4.8872E-06,0.0208157896995544,0.1972735398449,
,,,4.8874E-06,-0.0461298227310181,0.197106175823137,
,,,4.8876E-06,-0.0461298227310181,0.1972735398449,
,,,4.8878E-06,-0.0461298227310181,0.197106175823137,
,,,4.888E-06,0.0208157896995544,0.196604083757848,
,,,4.8882E-06,-0.113075435161591,0.197106175823137,
,,,4.8884E-06,-0.0461298227310181,0.196771447779611,
,,,4.8886E-06,-0.0461298227310181,0.196604083757848,
,,,4.8888E-06,0.0208157896995544,0.197106175823137,
,,,4.889E-06,0.0208157896995544,0.197942995931953,
,,,4.8892E-06,0.087761402130127,0.196938811801374,
,,,4.8894E-06,0.0208157896995544,0.196938811801374,
,,,4.8896E-06,0.087761402130127,0.1972735398449,
,,,4.8898E-06,0.0208157896995544,0.19777563191019,
,,,4.89E-06,0.0208157896995544,0.197106175823137,
,,,4.8902E-06,0.087761402130127,0.196436719736084,
,,,4.8904E-06,-0.0461298227310181,0.197106175823137,
,,,4.8906E-06,-0.0461298227310181,0.1972735398449,
,,,4.8908E-06,0.087761402130127,0.197608267888427,
,,,4.891E-06,-0.0461298227310181,0.196938811801374,
,,,4.8912E-06,0.154707014560699,0.197440903866664,
,,,4.8914E-06,0.0208157896995544,0.1972735398449,
,,,4.8916E-06,-0.0461298227310181,0.1972735398449,
,,,4.8918E-06,-0.0461298227310181,0.197106175823137,
,,,4.892E-06,0.087761402130127,0.197608267888427,
,,,4.8922E-06,0.0208157896995544,0.19777563191019,
,,,4.8924E-06,-0.113075435161591,0.197106175823137,
,,,4.8926E-06,-0.0461298227310181,0.197440903866664,
,,,4.8928E-06,0.0208157896995544,0.197608267888427,
,,,4.893E-06,-0.180021047592163,0.196604083757848,
,,,4.8932E-06,-0.113075435161591,0.19777563191019,
,,,4.8934E-06,0.0208157896995544,0.197608267888427,
,,,4.8936E-06,0.087761402130127,0.197608267888427,
,,,4.8938E-06,-0.113075435161591,0.197106175823137,
,,,4.894E-06,-0.0461298227310181,0.196604083757848,
,,,4.8942E-06,-0.0461298227310181,0.196771447779611,
,,,4.8944E-06,0.0208157896995544,0.196269355714321,
,,,4.8946E-06,-0.0461298227310181,0.196938811801374,
,,,4.8948E-06,0.0208157896995544,0.1972735398449,
,,,4.895E-06,-0.0461298227310181,0.197608267888427,
,,,4.8952E-06,0.0208157896995544,0.196771447779611,
,,,4.8954E-06,0.0208157896995544,0.197440903866664,
,,,4.8956E-06,0.0208157896995544,0.197608267888427,
,,,4.8958E-06,0.0208157896995544,0.197440903866664,
,,,4.896E-06,0.0208157896995544,0.196938811801374,
,,,4.8962E-06,0.087761402130127,0.197440903866664,
,,,4.8964E-06,-0.0461298227310181,0.196604083757848,
,,,4.8966E-06,0.0208157896995544,0.196771447779611,
,,,4.8968E-06,0.0208157896995544,0.1972735398449,
,,,4.897E-06,-0.113075435161591,0.1972735398449,
,,,4.8972E-06,0.0208157896995544,0.196604083757848,
,,,4.8974E-06,0.0208157896995544,0.197608267888427,
,,,4.8976E-06,0.0208157896995544,0.196938811801374,
,,,4.8978E-06,-0.0461298227310181,0.196938811801374,
,,,4.898E-06,-0.0461298227310181,0.197106175823137,
,,,4.8982E-06,0.0208157896995544,0.196938811801374,
,,,4.8984E-06,0.0208157896995544,0.197440903866664,
,,,4.8986E-06,-0.0461298227310181,0.197106175823137,
,,,4.8988E-06,0.0208157896995544,0.197106175823137,
,,,4.899E-06,0.0208157896995544,0.196938811801374,
,,,4.8992E-06,0.0208157896995544,0.196604083757848,
,,,4.8994E-06,-0.0461298227310181,0.196938811801374,
,,,4.8996E-06,-0.0461298227310181,0.197440903866664,
,,,4.8998E-06,0.0208157896995544,0.196938811801374,
,,,4.9E-06,0.0208157896995544,0.196771447779611,
,,,4.9002E-06,-0.113075435161591,0.196436719736084,
,,,4.9004E-06,0.087761402130127,0.196436719736084,
,,,4.9006E-06,0.0208157896995544,0.196938811801374,
,,,4.9008E-06,0.0208157896995544,0.196436719736084,
,,,4.901E-06,0.0208157896995544,0.196436719736084,
,,,4.9012E-06,0.0208157896995544,0.196436719736084,
,,,4.9014E-06,-0.113075435161591,0.196436719736084,
,,,4.9016E-06,0.0208157896995544,0.197440903866664,
,,,4.9018E-06,0.0208157896995544,0.196436719736084,
,,,4.902E-06,0.154707014560699,0.195934627670795,
,,,4.9022E-06,0.0208157896995544,0.197106175823137,
,,,4.9024E-06,0.0208157896995544,0.196436719736084,
,,,4.9026E-06,0.087761402130127,0.197106175823137,
,,,4.9028E-06,-0.0461298227310181,0.196436719736084,
,,,4.903E-06,-0.0461298227310181,0.1972735398449,
,,,4.9032E-06,0.0208157896995544,0.196604083757848,
,,,4.9034E-06,-0.0461298227310181,0.196938811801374,
,,,4.9036E-06,-0.113075435161591,0.196436719736084,
,,,4.9038E-06,0.0208157896995544,0.196269355714321,
,,,4.904E-06,0.154707014560699,0.196771447779611,
,,,4.9042E-06,-0.0461298227310181,0.196771447779611,
,,,4.9044E-06,0.0208157896995544,0.196771447779611,
,,,4.9046E-06,0.0208157896995544,0.196771447779611,
,,,4.9048E-06,-0.0461298227310181,0.1972735398449,
,,,4.905E-06,0.0208157896995544,0.196771447779611,
,,,4.9052E-06,0.0208157896995544,0.196771447779611,
,,,4.9054E-06,0.0208157896995544,0.196938811801374,
,,,4.9056E-06,0.154707014560699,0.196604083757848,
,,,4.9058E-06,0.0208157896995544,0.196771447779611,
,,,4.906E-06,-0.0461298227310181,0.1972735398449,
,,,4.9062E-06,0.0208157896995544,0.196771447779611,
,,,4.9064E-06,0.0208157896995544,0.196604083757848,
,,,4.9066E-06,-0.0461298227310181,0.196938811801374,
,,,4.9068E-06,0.0208157896995544,0.1972735398449,
,,,4.907E-06,0.087761402130127,0.197440903866664,
,,,4.9072E-06,-0.0461298227310181,0.196269355714321,
,,,4.9074E-06,0.0208157896995544,0.196938811801374,
,,,4.9076E-06,0.0208157896995544,0.197440903866664,
,,,4.9078E-06,-0.0461298227310181,0.196771447779611,
,,,4.908E-06,-0.0461298227310181,0.196938811801374,
,,,4.9082E-06,0.0208157896995544,0.1972735398449,
,,,4.9084E-06,0.087761402130127,0.196101991692558,
,,,4.9086E-06,0.0208157896995544,0.196436719736084,
,,,4.9088E-06,0.0208157896995544,0.196771447779611,
,,,4.909E-06,0.087761402130127,0.196938811801374,
,,,4.9092E-06,-0.0461298227310181,0.196269355714321,
,,,4.9094E-06,-0.0461298227310181,0.196436719736084,
,,,4.9096E-06,0.087761402130127,0.1972735398449,
,,,4.9098E-06,-0.113075435161591,0.196938811801374,
,,,4.91E-06,0.0208157896995544,0.197440903866664,
,,,4.9102E-06,0.0208157896995544,0.196269355714321,
,,,4.9104E-06,-0.0461298227310181,0.196604083757848,
,,,4.9106E-06,0.0208157896995544,0.196771447779611,
,,,4.9108E-06,0.0208157896995544,0.196771447779611,
,,,4.911E-06,-0.113075435161591,0.196604083757848,
,,,4.9112E-06,-0.0461298227310181,0.196436719736084,
,,,4.9114E-06,-0.0461298227310181,0.196604083757848,
,,,4.9116E-06,-0.113075435161591,0.198110359953716,
,,,4.9118E-06,0.087761402130127,0.196771447779611,
,,,4.912E-06,0.087761402130127,0.196101991692558,
,,,4.9122E-06,-0.113075435161591,0.196771447779611,
,,,4.9124E-06,0.0208157896995544,0.197608267888427,
,,,4.9126E-06,0.0208157896995544,0.196771447779611,
,,,4.9128E-06,0.0208157896995544,0.196269355714321,
,,,4.913E-06,-0.0461298227310181,0.1972735398449,
,,,4.9132E-06,0.0208157896995544,0.196771447779611,
,,,4.9134E-06,0.087761402130127,0.196771447779611,
,,,4.9136E-06,0.087761402130127,0.196938811801374,
,,,4.9138E-06,-0.0461298227310181,0.197608267888427,
,,,4.914E-06,0.087761402130127,0.196938811801374,
,,,4.9142E-06,0.0208157896995544,0.196771447779611,
,,,4.9144E-06,0.0208157896995544,0.19777563191019,
,,,4.9146E-06,0.0208157896995544,0.196436719736084,
,,,4.9148E-06,0.221652626991272,0.196771447779611,
,,,4.915E-06,0.0208157896995544,0.196604083757848,
,,,4.9152E-06,-0.0461298227310181,0.197106175823137,
,,,4.9154E-06,0.087761402130127,0.196436719736084,
,,,4.9156E-06,0.0208157896995544,0.196604083757848,
,,,4.9158E-06,-0.0461298227310181,0.196269355714321,
,,,4.916E-06,0.0208157896995544,0.196269355714321,
,,,4.9162E-06,-0.0461298227310181,0.196101991692558,
,,,4.9164E-06,0.0208157896995544,0.196771447779611,
,,,4.9166E-06,-0.0461298227310181,0.196771447779611,
,,,4.9168E-06,0.087761402130127,0.196436719736084,
,,,4.917E-06,0.0208157896995544,0.196436719736084,
,,,4.9172E-06,0.0208157896995544,0.197440903866664,
,,,4.9174E-06,0.087761402130127,0.197106175823137,
,,,4.9176E-06,-0.0461298227310181,0.196269355714321,
,,,4.9178E-06,-0.0461298227310181,0.1972735398449,
,,,4.918E-06,0.0208157896995544,0.196771447779611,
,,,4.9182E-06,0.0208157896995544,0.196604083757848,
,,,4.9184E-06,0.087761402130127,0.197440903866664,
,,,4.9186E-06,-0.0461298227310181,0.1972735398449,
,,,4.9188E-06,0.0208157896995544,0.196771447779611,
,,,4.919E-06,0.0208157896995544,0.197106175823137,
,,,4.9192E-06,0.0208157896995544,0.196771447779611,
,,,4.9194E-06,-0.113075435161591,0.196604083757848,
,,,4.9196E-06,0.0208157896995544,0.196436719736084,
,,,4.9198E-06,-0.0461298227310181,0.1972735398449,
,,,4.92E-06,0.0208157896995544,0.197106175823137,
,,,4.9202E-06,0.087761402130127,0.197106175823137,
,,,4.9204E-06,0.0208157896995544,0.195767263649032,
,,,4.9206E-06,-0.0461298227310181,0.196938811801374,
,,,4.9208E-06,0.087761402130127,0.196269355714321,
,,,4.921E-06,0.0208157896995544,0.196604083757848,
,,,4.9212E-06,0.154707014560699,0.196771447779611,
,,,4.9214E-06,0.0208157896995544,0.196269355714321,
,,,4.9216E-06,0.0208157896995544,0.196269355714321,
,,,4.9218E-06,0.087761402130127,0.196771447779611,
,,,4.922E-06,-0.0461298227310181,0.196604083757848,
,,,4.9222E-06,0.087761402130127,0.196101991692558,
,,,4.9224E-06,0.0208157896995544,0.197608267888427,
,,,4.9226E-06,0.0208157896995544,0.196771447779611,
,,,4.9228E-06,0.0208157896995544,0.196604083757848,
,,,4.923E-06,0.087761402130127,0.196436719736084,
,,,4.9232E-06,0.087761402130127,0.196771447779611,
,,,4.9234E-06,-0.0461298227310181,0.197106175823137,
,,,4.9236E-06,-0.0461298227310181,0.197106175823137,
,,,4.9238E-06,0.0208157896995544,0.197440903866664,
,,,4.924E-06,0.0208157896995544,0.196771447779611,
,,,4.9242E-06,0.0208157896995544,0.196604083757848,
,,,4.9244E-06,0.0208157896995544,0.196771447779611,
,,,4.9246E-06,0.0208157896995544,0.197440903866664,
,,,4.9248E-06,0.087761402130127,0.197608267888427,
,,,4.925E-06,-0.0461298227310181,0.197440903866664,
,,,4.9252E-06,0.0208157896995544,0.197440903866664,
,,,4.9254E-06,0.0208157896995544,0.196938811801374,
,,,4.9256E-06,0.0208157896995544,0.197608267888427,
,,,4.9258E-06,-0.0461298227310181,0.196771447779611,
,,,4.926E-06,0.0208157896995544,0.19777563191019,
,,,4.9262E-06,-0.0461298227310181,0.196771447779611,
,,,4.9264E-06,0.0208157896995544,0.196436719736084,
,,,4.9266E-06,-0.0461298227310181,0.19777563191019,
,,,4.9268E-06,0.087761402130127,0.198110359953716,
,,,4.927E-06,0.0208157896995544,0.196604083757848,
,,,4.9272E-06,0.087761402130127,0.197440903866664,
,,,4.9274E-06,0.087761402130127,0.197440903866664,
,,,4.9276E-06,0.087761402130127,0.196771447779611,
,,,4.9278E-06,0.0208157896995544,0.1972735398449,
,,,4.928E-06,0.0208157896995544,0.19777563191019,
,,,4.9282E-06,0.0208157896995544,0.1972735398449,
,,,4.9284E-06,0.0208157896995544,0.196938811801374,
,,,4.9286E-06,0.087761402130127,0.197106175823137,
,,,4.9288E-06,-0.0461298227310181,0.1972735398449,
,,,4.929E-06,-0.0461298227310181,0.1972735398449,
,,,4.9292E-06,0.0208157896995544,0.197106175823137,
,,,4.9294E-06,0.087761402130127,0.1972735398449,
,,,4.9296E-06,0.0208157896995544,0.197608267888427,
,,,4.9298E-06,-0.0461298227310181,0.197106175823137,
,,,4.93E-06,0.0208157896995544,0.197106175823137,
,,,4.9302E-06,0.0208157896995544,0.1972735398449,
,,,4.9304E-06,-0.113075435161591,0.197608267888427,
,,,4.9306E-06,0.0208157896995544,0.1972735398449,
,,,4.9308E-06,0.0208157896995544,0.197440903866664,
,,,4.931E-06,0.0208157896995544,0.197106175823137,
,,,4.9312E-06,-0.0461298227310181,0.19777563191019,
,,,4.9314E-06,-0.0461298227310181,0.197942995931953,
,,,4.9316E-06,-0.0461298227310181,0.19777563191019,
,,,4.9318E-06,0.0208157896995544,0.19777563191019,
,,,4.932E-06,-0.0461298227310181,0.1972735398449,
,,,4.9322E-06,-0.0461298227310181,0.197106175823137,
,,,4.9324E-06,0.0208157896995544,0.1972735398449,
,,,4.9326E-06,-0.0461298227310181,0.19777563191019,
,,,4.9328E-06,-0.0461298227310181,0.197440903866664,
,,,4.933E-06,0.0208157896995544,0.1972735398449,
,,,4.9332E-06,0.0208157896995544,0.197440903866664,
,,,4.9334E-06,0.0208157896995544,0.197106175823137,
,,,4.9336E-06,0.087761402130127,0.1972735398449,
,,,4.9338E-06,-0.0461298227310181,0.1972735398449,
,,,4.934E-06,-0.0461298227310181,0.1972735398449,
,,,4.9342E-06,-0.0461298227310181,0.1972735398449,
,,,4.9344E-06,-0.0461298227310181,0.1972735398449,
,,,4.9346E-06,0.087761402130127,0.196771447779611,
,,,4.9348E-06,0.0208157896995544,0.19777563191019,
,,,4.935E-06,-0.0461298227310181,0.197608267888427,
,,,4.9352E-06,0.0208157896995544,0.1972735398449,
,,,4.9354E-06,0.0208157896995544,0.197608267888427,
,,,4.9356E-06,0.0208157896995544,0.197608267888427,
,,,4.9358E-06,-0.0461298227310181,0.198110359953716,
,,,4.936E-06,0.154707014560699,0.197106175823137,
,,,4.9362E-06,-0.0461298227310181,0.197608267888427,
,,,4.9364E-06,0.087761402130127,0.197608267888427,
,,,4.9366E-06,0.0208157896995544,0.196938811801374,
,,,4.9368E-06,-0.0461298227310181,0.197608267888427,
,,,4.937E-06,0.0208157896995544,0.196604083757848,
,,,4.9372E-06,0.0208157896995544,0.1972735398449,
,,,4.9374E-06,-0.0461298227310181,0.196938811801374,
,,,4.9376E-06,0.087761402130127,0.196771447779611,
,,,4.9378E-06,-0.0461298227310181,0.197440903866664,
,,,4.938E-06,-0.113075435161591,0.19777563191019,
,,,4.9382E-06,0.087761402130127,0.197440903866664,
,,,4.9384E-06,0.0208157896995544,0.196771447779611,
,,,4.9386E-06,-0.0461298227310181,0.197440903866664,
,,,4.9388E-06,0.0208157896995544,0.1972735398449,
,,,4.939E-06,-0.0461298227310181,0.196771447779611,
,,,4.9392E-06,0.0208157896995544,0.196938811801374,
,,,4.9394E-06,-0.113075435161591,0.197106175823137,
,,,4.9396E-06,0.0208157896995544,0.196771447779611,
,,,4.9398E-06,-0.0461298227310181,0.196771447779611,
,,,4.94E-06,0.0208157896995544,0.196938811801374,
,,,4.9402E-06,-0.0461298227310181,0.1972735398449,
,,,4.9404E-06,0.087761402130127,0.1972735398449,
,,,4.9406E-06,0.087761402130127,0.197106175823137,
,,,4.9408E-06,-0.0461298227310181,0.196101991692558,
,,,4.941E-06,0.154707014560699,0.196938811801374,
,,,4.9412E-06,-0.0461298227310181,0.196604083757848,
,,,4.9414E-06,-0.0461298227310181,0.197106175823137,
,,,4.9416E-06,0.0208157896995544,0.196604083757848,
,,,4.9418E-06,-0.113075435161591,0.196771447779611,
,,,4.942E-06,-0.0461298227310181,0.197106175823137,
,,,4.9422E-06,0.0208157896995544,0.196938811801374,
,,,4.9424E-06,0.0208157896995544,0.197440903866664,
,,,4.9426E-06,-0.0461298227310181,0.197106175823137,
,,,4.9428E-06,0.087761402130127,0.197440903866664,
,,,4.943E-06,0.0208157896995544,0.196436719736084,
,,,4.9432E-06,-0.0461298227310181,0.1972735398449,
,,,4.9434E-06,0.0208157896995544,0.196938811801374,
,,,4.9436E-06,0.0208157896995544,0.197608267888427,
,,,4.9438E-06,-0.0461298227310181,0.197942995931953,
,,,4.944E-06,0.0208157896995544,0.197942995931953,
,,,4.9442E-06,-0.113075435161591,0.197440903866664,
,,,4.9444E-06,-0.0461298227310181,0.197106175823137,
,,,4.9446E-06,0.087761402130127,0.197942995931953,
,,,4.9448E-06,0.0208157896995544,0.197106175823137,
,,,4.945E-06,-0.0461298227310181,0.19777563191019,
,,,4.9452E-06,-0.0461298227310181,0.197106175823137,
,,,4.9454E-06,-0.113075435161591,0.1972735398449,
,,,4.9456E-06,-0.113075435161591,0.197106175823137,
,,,4.9458E-06,-0.0461298227310181,0.197942995931953,
,,,4.946E-06,0.0208157896995544,0.197942995931953,
,,,4.9462E-06,-0.113075435161591,0.196771447779611,
,,,4.9464E-06,0.087761402130127,0.197608267888427,
,,,4.9466E-06,-0.0461298227310181,0.197942995931953,
,,,4.9468E-06,0.087761402130127,0.196938811801374,
,,,4.947E-06,-0.0461298227310181,0.1972735398449,
,,,4.9472E-06,0.0208157896995544,0.1972735398449,
,,,4.9474E-06,0.087761402130127,0.1972735398449,
,,,4.9476E-06,-0.0461298227310181,0.197942995931953,
,,,4.9478E-06,0.0208157896995544,0.197608267888427,
,,,4.948E-06,0.0208157896995544,0.197440903866664,
,,,4.9482E-06,-0.113075435161591,0.196938811801374,
,,,4.9484E-06,-0.0461298227310181,0.197440903866664,
,,,4.9486E-06,0.0208157896995544,0.1972735398449,
,,,4.9488E-06,0.154707014560699,0.196269355714321,
,,,4.949E-06,0.0208157896995544,0.1972735398449,
,,,4.9492E-06,0.0208157896995544,0.196604083757848,
,,,4.9494E-06,0.0208157896995544,0.1972735398449,
,,,4.9496E-06,-0.0461298227310181,0.196101991692558,
,,,4.9498E-06,0.0208157896995544,0.197608267888427,
,,,4.95E-06,-0.113075435161591,0.197440903866664,
,,,4.9502E-06,0.0208157896995544,0.197608267888427,
,,,4.9504E-06,0.0208157896995544,0.197608267888427,
,,,4.9506E-06,-0.0461298227310181,0.1972735398449,
,,,4.9508E-06,-0.0461298227310181,0.197440903866664,
,,,4.951E-06,-0.0461298227310181,0.197440903866664,
,,,4.9512E-06,0.0208157896995544,0.197106175823137,
,,,4.9514E-06,-0.0461298227310181,0.1972735398449,
,,,4.9516E-06,0.0208157896995544,0.197608267888427,
,,,4.9518E-06,0.0208157896995544,0.197942995931953,
,,,4.952E-06,-0.0461298227310181,0.196938811801374,
,,,4.9522E-06,-0.113075435161591,0.1972735398449,
,,,4.9524E-06,0.0208157896995544,0.196938811801374,
,,,4.9526E-06,-0.0461298227310181,0.197440903866664,
,,,4.9528E-06,0.0208157896995544,0.197608267888427,
,,,4.953E-06,0.0208157896995544,0.1972735398449,
,,,4.9532E-06,0.0208157896995544,0.197608267888427,
,,,4.9534E-06,-0.0461298227310181,0.197440903866664,
,,,4.9536E-06,0.0208157896995544,0.197440903866664,
,,,4.9538E-06,0.0208157896995544,0.1972735398449,
,,,4.954E-06,0.087761402130127,0.197440903866664,
,,,4.9542E-06,-0.0461298227310181,0.196604083757848,
,,,4.9544E-06,-0.0461298227310181,0.197440903866664,
,,,4.9546E-06,0.0208157896995544,0.196604083757848,
,,,4.9548E-06,0.0208157896995544,0.197440903866664,
,,,4.955E-06,-0.0461298227310181,0.197106175823137,
,,,4.9552E-06,0.087761402130127,0.196604083757848,
,,,4.9554E-06,0.0208157896995544,0.197106175823137,
,,,4.9556E-06,0.0208157896995544,0.19777563191019,
,,,4.9558E-06,-0.0461298227310181,0.197440903866664,
,,,4.956E-06,-0.113075435161591,0.1972735398449,
,,,4.9562E-06,0.087761402130127,0.198110359953716,
,,,4.9564E-06,-0.113075435161591,0.197942995931953,
,,,4.9566E-06,-0.0461298227310181,0.197608267888427,
,,,4.9568E-06,0.087761402130127,0.197942995931953,
,,,4.957E-06,-0.113075435161591,0.1972735398449,
,,,4.9572E-06,-0.0461298227310181,0.197440903866664,
,,,4.9574E-06,-0.0461298227310181,0.197440903866664,
,,,4.9576E-06,0.0208157896995544,0.196938811801374,
,,,4.9578E-06,-0.0461298227310181,0.1972735398449,
,,,4.958E-06,0.0208157896995544,0.1972735398449,
,,,4.9582E-06,0.0208157896995544,0.196269355714321,
,,,4.9584E-06,0.0208157896995544,0.196269355714321,
,,,4.9586E-06,-0.113075435161591,0.197608267888427,
,,,4.9588E-06,-0.0461298227310181,0.196771447779611,
,,,4.959E-06,-0.0461298227310181,0.196771447779611,
,,,4.9592E-06,0.087761402130127,0.197440903866664,
,,,4.9594E-06,-0.0461298227310181,0.196938811801374,
,,,4.9596E-06,0.087761402130127,0.196436719736084,
,,,4.9598E-06,0.0208157896995544,0.197608267888427,
,,,4.96E-06,0.0208157896995544,0.1972735398449,
,,,4.9602E-06,-0.0461298227310181,0.19777563191019,
,,,4.9604E-06,-0.0461298227310181,0.196604083757848,
,,,4.9606E-06,-0.0461298227310181,0.197106175823137,
,,,4.9608E-06,0.0208157896995544,0.1972735398449,
,,,4.961E-06,-0.0461298227310181,0.1972735398449,
,,,4.9612E-06,0.154707014560699,0.197106175823137,
,,,4.9614E-06,-0.0461298227310181,0.197440903866664,
,,,4.9616E-06,0.0208157896995544,0.197608267888427,
,,,4.9618E-06,-0.0461298227310181,0.19777563191019,
,,,4.962E-06,0.0208157896995544,0.196771447779611,
,,,4.9622E-06,0.0208157896995544,0.197440903866664,
,,,4.9624E-06,-0.0461298227310181,0.19777563191019,
,,,4.9626E-06,-0.113075435161591,0.197440903866664,
,,,4.9628E-06,0.0208157896995544,0.19777563191019,
,,,4.963E-06,0.0208157896995544,0.197608267888427,
,,,4.9632E-06,-0.0461298227310181,0.1972735398449,
,,,4.9634E-06,-0.113075435161591,0.1972735398449,
,,,4.9636E-06,-0.0461298227310181,0.197440903866664,
,,,4.9638E-06,0.0208157896995544,0.197106175823137,
,,,4.964E-06,0.087761402130127,0.197608267888427,
,,,4.9642E-06,-0.0461298227310181,0.19777563191019,
,,,4.9644E-06,-0.0461298227310181,0.19777563191019,
,,,4.9646E-06,-0.0461298227310181,0.197942995931953,
,,,4.9648E-06,0.087761402130127,0.197608267888427,
,,,4.965E-06,-0.0461298227310181,0.198110359953716,
,,,4.9652E-06,0.0208157896995544,0.197440903866664,
,,,4.9654E-06,0.0208157896995544,0.197106175823137,
,,,4.9656E-06,0.0208157896995544,0.197106175823137,
,,,4.9658E-06,0.0208157896995544,0.197608267888427,
,,,4.966E-06,0.087761402130127,0.197440903866664,
,,,4.9662E-06,0.0208157896995544,0.197608267888427,
,,,4.9664E-06,0.0208157896995544,0.196938811801374,
,,,4.9666E-06,0.154707014560699,0.19777563191019,
,,,4.9668E-06,-0.0461298227310181,0.197440903866664,
,,,4.967E-06,-0.0461298227310181,0.196771447779611,
,,,4.9672E-06,0.0208157896995544,0.1972735398449,
,,,4.9674E-06,0.0208157896995544,0.1972735398449,
,,,4.9676E-06,0.0208157896995544,0.196771447779611,
,,,4.9678E-06,0.0208157896995544,0.196771447779611,
,,,4.968E-06,0.154707014560699,0.1972735398449,
,,,4.9682E-06,-0.0461298227310181,0.19777563191019,
,,,4.9684E-06,0.0208157896995544,0.1972735398449,
,,,4.9686E-06,-0.0461298227310181,0.197440903866664,
,,,4.9688E-06,-0.0461298227310181,0.197440903866664,
,,,4.969E-06,-0.0461298227310181,0.1972735398449,
,,,4.9692E-06,0.0208157896995544,0.197440903866664,
,,,4.9694E-06,0.0208157896995544,0.197608267888427,
,,,4.9696E-06,0.0208157896995544,0.196604083757848,
,,,4.9698E-06,-0.0461298227310181,0.196771447779611,
,,,4.97E-06,-0.113075435161591,0.1972735398449,
,,,4.9702E-06,0.0208157896995544,0.197440903866664,
,,,4.9704E-06,0.0208157896995544,0.197106175823137,
,,,4.9706E-06,-0.0461298227310181,0.19777563191019,
,,,4.9708E-06,0.0208157896995544,0.197440903866664,
,,,4.971E-06,-0.113075435161591,0.196771447779611,
,,,4.9712E-06,-0.0461298227310181,0.19777563191019,
,,,4.9714E-06,0.0208157896995544,0.198110359953716,
,,,4.9716E-06,-0.113075435161591,0.197440903866664,
,,,4.9718E-06,-0.113075435161591,0.196771447779611,
,,,4.972E-06,0.0208157896995544,0.1972735398449,
,,,4.9722E-06,-0.0461298227310181,0.197440903866664,
,,,4.9724E-06,0.0208157896995544,0.197440903866664,
,,,4.9726E-06,-0.0461298227310181,0.197106175823137,
,,,4.9728E-06,-0.0461298227310181,0.196938811801374,
,,,4.973E-06,0.0208157896995544,0.1972735398449,
,,,4.9732E-06,-0.0461298227310181,0.198110359953716,
,,,4.9734E-06,-0.0461298227310181,0.1972735398449,
,,,4.9736E-06,0.0208157896995544,0.198110359953716,
,,,4.9738E-06,0.0208157896995544,0.19777563191019,
,,,4.974E-06,0.087761402130127,0.19777563191019,
,,,4.9742E-06,0.0208157896995544,0.196269355714321,
,,,4.9744E-06,-0.0461298227310181,0.197106175823137,
,,,4.9746E-06,-0.113075435161591,0.197106175823137,
,,,4.9748E-06,0.0208157896995544,0.1972735398449,
,,,4.975E-06,-0.0461298227310181,0.197608267888427,
,,,4.9752E-06,-0.113075435161591,0.197106175823137,
,,,4.9754E-06,0.0208157896995544,0.196938811801374,
,,,4.9756E-06,-0.0461298227310181,0.1972735398449,
,,,4.9758E-06,-0.0461298227310181,0.196938811801374,
,,,4.976E-06,-0.0461298227310181,0.196938811801374,
,,,4.9762E-06,-0.113075435161591,0.197106175823137,
,,,4.9764E-06,-0.0461298227310181,0.1972735398449,
,,,4.9766E-06,0.0208157896995544,0.197440903866664,
,,,4.9768E-06,0.0208157896995544,0.196604083757848,
,,,4.977E-06,0.0208157896995544,0.1972735398449,
,,,4.9772E-06,-0.0461298227310181,0.196436719736084,
,,,4.9774E-06,-0.0461298227310181,0.196436719736084,
,,,4.9776E-06,-0.0461298227310181,0.195934627670795,
,,,4.9778E-06,-0.0461298227310181,0.1972735398449,
,,,4.978E-06,0.0208157896995544,0.1972735398449,
,,,4.9782E-06,0.0208157896995544,0.196938811801374,
,,,4.9784E-06,-0.0461298227310181,0.197106175823137,
,,,4.9786E-06,-0.0461298227310181,0.196604083757848,
,,,4.9788E-06,0.0208157896995544,0.196604083757848,
,,,4.979E-06,-0.0461298227310181,0.196938811801374,
,,,4.9792E-06,-0.0461298227310181,0.196938811801374,
,,,4.9794E-06,0.0208157896995544,0.196771447779611,
,,,4.9796E-06,0.0208157896995544,0.196938811801374,
,,,4.9798E-06,-0.0461298227310181,0.197106175823137,
,,,4.98E-06,0.0208157896995544,0.197106175823137,
,,,4.9802E-06,-0.0461298227310181,0.196938811801374,
,,,4.9804E-06,0.0208157896995544,0.197106175823137,
,,,4.9806E-06,0.0208157896995544,0.196771447779611,
,,,4.9808E-06,0.0208157896995544,0.197106175823137,
,,,4.981E-06,-0.113075435161591,0.196436719736084,
,,,4.9812E-06,0.087761402130127,0.1972735398449,
,,,4.9814E-06,0.0208157896995544,0.197608267888427,
,,,4.9816E-06,-0.0461298227310181,0.196771447779611,
,,,4.9818E-06,-0.0461298227310181,0.197440903866664,
,,,4.982E-06,0.0208157896995544,0.197440903866664,
,,,4.9822E-06,-0.0461298227310181,0.19777563191019,
,,,4.9824E-06,0.087761402130127,0.197106175823137,
,,,4.9826E-06,-0.0461298227310181,0.197440903866664,
,,,4.9828E-06,-0.113075435161591,0.1972735398449,
,,,4.983E-06,0.087761402130127,0.196938811801374,
,,,4.9832E-06,0.0208157896995544,0.197440903866664,
,,,4.9834E-06,-0.0461298227310181,0.196269355714321,
,,,4.9836E-06,-0.0461298227310181,0.196771447779611,
,,,4.9838E-06,-0.0461298227310181,0.19777563191019,
,,,4.984E-06,-0.0461298227310181,0.1972735398449,
,,,4.9842E-06,-0.0461298227310181,0.197106175823137,
,,,4.9844E-06,0.0208157896995544,0.197440903866664,
,,,4.9846E-06,-0.0461298227310181,0.1972735398449,
,,,4.9848E-06,0.0208157896995544,0.196938811801374,
,,,4.985E-06,0.0208157896995544,0.196771447779611,
,,,4.9852E-06,0.154707014560699,0.196604083757848,
,,,4.9854E-06,-0.0461298227310181,0.197106175823137,
,,,4.9856E-06,-0.0461298227310181,0.19777563191019,
,,,4.9858E-06,0.0208157896995544,0.197440903866664,
,,,4.986E-06,-0.0461298227310181,0.197106175823137,
,,,4.9862E-06,0.0208157896995544,0.197106175823137,
,,,4.9864E-06,0.087761402130127,0.196771447779611,
,,,4.9866E-06,-0.0461298227310181,0.197608267888427,
,,,4.9868E-06,-0.0461298227310181,0.19777563191019,
,,,4.987E-06,-0.0461298227310181,0.196771447779611,
,,,4.9872E-06,0.0208157896995544,0.197608267888427,
,,,4.9874E-06,0.0208157896995544,0.197942995931953,
,,,4.9876E-06,0.087761402130127,0.1972735398449,
,,,4.9878E-06,-0.0461298227310181,0.197440903866664,
,,,4.988E-06,-0.113075435161591,0.197106175823137,
,,,4.9882E-06,-0.0461298227310181,0.1972735398449,
,,,4.9884E-06,-0.113075435161591,0.197440903866664,
,,,4.9886E-06,0.0208157896995544,0.196938811801374,
,,,4.9888E-06,0.087761402130127,0.196771447779611,
,,,4.989E-06,-0.113075435161591,0.196938811801374,
,,,4.9892E-06,-0.0461298227310181,0.1972735398449,
,,,4.9894E-06,0.087761402130127,0.196269355714321,
,,,4.9896E-06,0.0208157896995544,0.196436719736084,
,,,4.9898E-06,-0.0461298227310181,0.196604083757848,
,,,4.99E-06,0.0208157896995544,0.197106175823137,
,,,4.9902E-06,-0.113075435161591,0.196604083757848,
,,,4.9904E-06,-0.0461298227310181,0.196938811801374,
,,,4.9906E-06,-0.113075435161591,0.197608267888427,
,,,4.9908E-06,-0.0461298227310181,0.1972735398449,
,,,4.991E-06,-0.0461298227310181,0.196101991692558,
,,,4.9912E-06,0.087761402130127,0.196269355714321,
,,,4.9914E-06,0.0208157896995544,0.197440903866664,
,,,4.9916E-06,0.087761402130127,0.196604083757848,
,,,4.9918E-06,0.0208157896995544,0.197440903866664,
,,,4.992E-06,-0.0461298227310181,0.197440903866664,
,,,4.9922E-06,0.0208157896995544,0.196938811801374,
,,,4.9924E-06,-0.0461298227310181,0.196604083757848,
,,,4.9926E-06,-0.0461298227310181,0.196938811801374,
,,,4.9928E-06,-0.0461298227310181,0.1972735398449,
,,,4.993E-06,-0.0461298227310181,0.196101991692558,
,,,4.9932E-06,0.0208157896995544,0.196604083757848,
,,,4.9934E-06,0.087761402130127,0.1972735398449,
,,,4.9936E-06,0.087761402130127,0.196771447779611,
,,,4.9938E-06,-0.0461298227310181,0.196436719736084,
,,,4.994E-06,0.087761402130127,0.1972735398449,
,,,4.9942E-06,0.0208157896995544,0.196604083757848,
,,,4.9944E-06,-0.0461298227310181,0.196604083757848,
,,,4.9946E-06,-0.113075435161591,0.196604083757848,
,,,4.9948E-06,0.0208157896995544,0.196604083757848,
,,,4.995E-06,0.087761402130127,0.197106175823137,
,,,4.9952E-06,0.087761402130127,0.197106175823137,
,,,4.9954E-06,-0.113075435161591,0.196938811801374,
,,,4.9956E-06,0.087761402130127,0.196604083757848,
,,,4.9958E-06,0.0208157896995544,0.196938811801374,
,,,4.996E-06,0.0208157896995544,0.196771447779611,
,,,4.9962E-06,0.087761402130127,0.196938811801374,
,,,4.9964E-06,0.0208157896995544,0.196101991692558,
,,,4.9966E-06,-0.0461298227310181,0.196938811801374,
,,,4.9968E-06,0.0208157896995544,0.196771447779611,
,,,4.997E-06,0.0208157896995544,0.196771447779611,
,,,4.9972E-06,-0.0461298227310181,0.196269355714321,
,,,4.9974E-06,-0.0461298227310181,0.196771447779611,
,,,4.9976E-06,0.087761402130127,0.196604083757848,
,,,4.9978E-06,0.0208157896995544,0.197440903866664,
,,,4.998E-06,0.087761402130127,0.196938811801374,
,,,4.9982E-06,0.0208157896995544,0.197106175823137,
,,,4.9984E-06,-0.0461298227310181,0.197608267888427,
,,,4.9986E-06,0.087761402130127,0.197440903866664,
,,,4.9988E-06,0.0208157896995544,0.197106175823137,
,,,4.999E-06,-0.0461298227310181,0.197440903866664,
,,,4.9992E-06,0.0208157896995544,0.197440903866664,
,,,4.9994E-06,0.0208157896995544,0.1972735398449,
,,,4.9996E-06,0.0208157896995544,0.1972735398449,
,,,4.9998E-06,0.087761402130127,0.1972735398449,
