Address:,USB0::0x0957::0x17BC::MY60101365::0::INSTR,,Analog Channels,,,
Model:,MSO-X 4154A,,Time (s),3 (VOLT),4 (VOLT),
Serial Number:,MY60101365,,-1.4375E-06,1.94749999046326,1.96618203422986,
Firmware Version:,07.31.2020012900,,-1.4355E-06,1.94749999046326,1.96283475495875,
Start Time:,2022-12-06 16:37:10.131,,-1.4335E-06,1.94415271119215,1.96283475495875,
Capture#:,139,,-1.4315E-06,1.95084726973437,1.96952931350097,
,,,-1.4295E-06,1.94749999046326,1.96283475495875,
Analog Sample Count:,1000,,-1.4275E-06,1.94415271119215,1.96618203422986,
Function Sample Count:,0,,-1.4255E-06,1.93745815264992,1.96618203422986,
Waveform Memory Sample Count:,0,,-1.4235E-06,1.94080543192104,1.97622387204319,
Digital Sample Count:,0,,-1.4215E-06,1.95419454900548,1.9795711513143,
,,,-1.4195E-06,1.95419454900548,1.9795711513143,
Setup Text Information:,,,-1.4175E-06,1.95084726973437,1.97287659277208,
ANALOG,,,-1.4155E-06,1.95754182827659,1.97622387204319,
Channel 3,,,-1.4135E-06,1.9608891075477,1.9795711513143,
Scale,100 mV/,,-1.4115E-06,1.95754182827659,1.97287659277208,
Pos,1.9475 V,,-1.4095E-06,1.95754182827659,1.9795711513143,
Coup,,,-1.4075E-06,1.9608891075477,1.9795711513143,
BW,Off,,-1.4055E-06,1.95754182827659,1.9795711513143,
Inv,Off,,-1.4035E-06,1.95419454900548,1.96952931350097,
Imp,1M Ohm,,-1.4015E-06,1.95419454900548,1.97622387204319,
Trace Label,3,,-1.3995E-06,1.95419454900548,1.97287659277208,
Probe,10,,-1.3975E-06,1.94749999046326,1.97287659277208,
Skew,0 s,,-1.3955E-06,1.95419454900548,1.95948747568764,
,,,-1.3935E-06,1.95419454900548,1.96952931350097,
Channel 4,,,-1.3915E-06,1.94415271119215,1.96618203422986,
Scale,100 mV/,,-1.3895E-06,1.95084726973437,1.96618203422986,
Pos,1.8825 V,,-1.3875E-06,1.94749999046326,1.9795711513143,
Coup,,,-1.3855E-06,1.95084726973437,1.96618203422986,
BW,Off,,-1.3835E-06,1.95084726973437,1.9795711513143,
Inv,Off,,-1.3815E-06,1.94749999046326,1.98291843058541,
Imp,1M Ohm,,-1.3795E-06,1.95754182827659,1.9795711513143,
Trace Label,4,,-1.3775E-06,1.96758366608992,1.98291843058541,
Probe,10,,-1.3755E-06,1.9608891075477,1.9795711513143,
Skew,0 s,,-1.3735E-06,1.96423638681881,1.9795711513143,
,,,-1.3715E-06,1.96423638681881,1.9795711513143,
MATH,,,-1.3695E-06,1.96758366608992,1.98626570985653,
REFERENCE WAVEFORM,,,-1.3675E-06,1.95754182827659,1.97287659277208,
DIGITAL,,,-1.3655E-06,1.95084726973437,1.98626570985653,
TRIGGER,,,-1.3635E-06,1.95419454900548,1.9795711513143,
Sweep Mode,AUTO,,-1.3615E-06,1.94080543192104,1.96952931350097,
Coup,DC,,-1.3595E-06,1.94080543192104,1.96618203422986,
Noise Rej,Off,,-1.3575E-06,1.94415271119215,1.96618203422986,
HF Rej,Off,,-1.3555E-06,1.95419454900548,1.96283475495875,
Holdoff,40.0 ns,,-1.3535E-06,1.94415271119215,1.97622387204319,
Mode,EDGE,,-1.3515E-06,1.94080543192104,1.97622387204319,
Source,CHAN4,,-1.3495E-06,1.95419454900548,1.97287659277208,
Slope,NEG,,-1.3475E-06,1.95084726973437,1.9795711513143,
Level,1.8525 V V,,-1.3455E-06,1.95084726973437,1.97622387204319,
,,,-1.3435E-06,1.95754182827659,1.97287659277208,
HORIZONTAL,,,-1.3415E-06,1.95754182827659,1.98626570985653,
Mode,MAIN,,-1.3395E-06,1.9608891075477,1.97622387204319,
Ref,CENT,,-1.3375E-06,1.95419454900548,1.98291843058541,
Main Scale,200 ns/,,-1.3355E-06,1.94749999046326,1.96618203422986,
Main Delay,-436 ns,,-1.3335E-06,1.95084726973437,1.97622387204319,
,,,-1.3315E-06,1.95419454900548,1.9795711513143,
ACQUISITION,,,-1.3295E-06,1.95084726973437,1.96618203422986,
Mode,HRES,,-1.3275E-06,1.93745815264992,1.96952931350097,
RealTime,On,,-1.3255E-06,1.94415271119215,1.96952931350097,
Vectors,On,,-1.3235E-06,1.94080543192104,1.96283475495875,
Persistence,Off,,-1.3215E-06,1.94080543192104,1.96283475495875,
,,,-1.3195E-06,1.93745815264992,1.97287659277208,
MEASUREMENTS,,,-1.3175E-06,1.95084726973437,1.96618203422986,
X at Max Y(4),,,-1.3155E-06,1.94415271119215,1.97287659277208,
Cur,-1.11E-08 ,,-1.3135E-06,1.95419454900548,1.96618203422986,
Mean,-61 n,,-1.3115E-06,1.94749999046326,1.96618203422986,
Min,-1 µ,,-1.3095E-06,1.95419454900548,1.97287659277208,
Max,135 n,,-1.3075E-06,1.95754182827659,1.98291843058541,
Std Dev,231 n,,-1.3055E-06,1.95754182827659,1.97287659277208,
Count,1010,,-1.3035E-06,1.95419454900548,1.97287659277208,
,,,-1.3015E-06,1.96423638681881,1.97622387204319,
X at Max Y(1),,,-1.2995E-06,1.95754182827659,1.97622387204319,
Cur,No signal,,-1.2975E-06,1.95084726973437,1.9795711513143,
Mean,-360 n,,-1.2955E-06,1.95754182827659,1.9795711513143,
Min,-1000 n,,-1.2935E-06,1.95754182827659,1.96952931350097,
Max,938 n,,-1.2915E-06,1.95754182827659,1.97622387204319,
Std Dev,378 n,,-1.2895E-06,1.95419454900548,1.97287659277208,
Count,1010,,-1.2875E-06,1.94749999046326,1.97622387204319,
,,,-1.2855E-06,1.94749999046326,1.97287659277208,
Minimum(4),,,-1.2835E-06,1.95084726973437,1.9795711513143,
Cur,1.74191 V,,-1.2815E-06,1.94080543192104,1.96952931350097,
Mean,1.746 V,,-1.2795E-06,1.95084726973437,1.96952931350097,
Min,1.692 V,,-1.2775E-06,1.95754182827659,1.98626570985653,
Max,1.959 V,,-1.2755E-06,1.95084726973437,1.97622387204319,
Std Dev,49 mV,,-1.2735E-06,1.95084726973437,1.96952931350097,
Count,1010,,-1.2715E-06,1.95419454900548,1.97622387204319,
,,,-1.2695E-06,1.9608891075477,1.98291843058541,
Minimum(1),,,-1.2675E-06,1.94749999046326,1.98291843058541,
Cur,No signal,,-1.2655E-06,1.95419454900548,1.98291843058541,
Mean,-47 mV,,-1.2635E-06,1.9608891075477,1.99296026839875,
Min,-67 mV,,-1.2615E-06,1.9608891075477,1.97287659277208,
Max,-17 mV,,-1.2595E-06,1.95419454900548,1.97287659277208,
Std Dev,10 mV,,-1.2575E-06,1.95419454900548,1.97622387204319,
Count,1010,,-1.2555E-06,1.94749999046326,1.97622387204319,
,,,-1.2535E-06,1.95419454900548,1.98961298912764,
Maximum(1),,,-1.2515E-06,1.95754182827659,1.9795711513143,
Cur,No signal,,-1.2495E-06,1.94749999046326,1.97287659277208,
Mean,39 mV,,-1.2475E-06,1.95084726973437,1.97287659277208,
Min,3 mV,,-1.2455E-06,1.9608891075477,1.9795711513143,
Max,67 mV,,-1.2435E-06,1.94749999046326,1.97287659277208,
Std Dev,12 mV,,-1.2415E-06,1.94080543192104,1.96952931350097,
Count,1010,,-1.2395E-06,1.94749999046326,1.96952931350097,
,,,-1.2375E-06,1.95419454900548,1.96618203422986,
Maximum(3),,,-1.2355E-06,1.95084726973437,1.96952931350097,
Cur,1.99101 V,,-1.2335E-06,1.94749999046326,1.9795711513143,
Mean,1.986 V,,-1.2315E-06,1.94749999046326,1.9795711513143,
Min,1.968 V,,-1.2295E-06,1.94080543192104,1.97622387204319,
Max,2.038 V,,-1.2275E-06,1.95419454900548,1.9795711513143,
Std Dev,5 mV,,-1.2255E-06,1.95754182827659,1.97287659277208,
Count,1010,,-1.2235E-06,1.94415271119215,1.96618203422986,
,,,-1.2215E-06,1.94749999046326,1.97622387204319,
Minimum(3),,,-1.2195E-06,1.94749999046326,1.97622387204319,
Cur,1.83035 V,,-1.2175E-06,1.94749999046326,1.96283475495875,
Mean,1.837 V,,-1.2155E-06,1.95084726973437,1.96283475495875,
Min,1.8 V,,-1.2135E-06,1.94749999046326,1.97287659277208,
Max,1.937 V,,-1.2115E-06,1.95419454900548,1.96283475495875,
Std Dev,23 mV,,-1.2095E-06,1.94415271119215,1.96283475495875,
Count,1010,,-1.2075E-06,1.94415271119215,1.96952931350097,
,,,-1.2055E-06,1.94749999046326,1.97287659277208,
,,,-1.2035E-06,1.94749999046326,1.96952931350097,
,,,-1.2015E-06,1.95084726973437,1.97287659277208,
,,,-1.1995E-06,1.95084726973437,1.9795711513143,
,,,-1.1975E-06,1.95754182827659,1.96952931350097,
,,,-1.1955E-06,1.9608891075477,1.9795711513143,
,,,-1.1935E-06,1.95084726973437,1.97287659277208,
,,,-1.1915E-06,1.94415271119215,1.97622387204319,
,,,-1.1895E-06,1.95084726973437,1.97622387204319,
,,,-1.1875E-06,1.95419454900548,1.9795711513143,
,,,-1.1855E-06,1.95419454900548,1.97287659277208,
,,,-1.1835E-06,1.95419454900548,1.9795711513143,
,,,-1.1815E-06,1.95754182827659,1.97622387204319,
,,,-1.1795E-06,1.95084726973437,1.96618203422986,
,,,-1.1775E-06,1.95754182827659,1.97622387204319,
,,,-1.1755E-06,1.95419454900548,1.97287659277208,
,,,-1.1735E-06,1.95419454900548,1.9795711513143,
,,,-1.1715E-06,1.96423638681881,1.98291843058541,
,,,-1.1695E-06,1.95419454900548,1.9795711513143,
,,,-1.1675E-06,1.95084726973437,1.97287659277208,
,,,-1.1655E-06,1.95419454900548,1.97622387204319,
,,,-1.1635E-06,1.96423638681881,1.9795711513143,
,,,-1.1615E-06,1.95754182827659,1.9795711513143,
,,,-1.1595E-06,1.95419454900548,1.97287659277208,
,,,-1.1575E-06,1.96758366608992,1.98626570985653,
,,,-1.1555E-06,1.95419454900548,1.97287659277208,
,,,-1.1535E-06,1.95419454900548,1.97622387204319,
,,,-1.1515E-06,1.96423638681881,1.9795711513143,
,,,-1.1495E-06,1.9608891075477,1.97622387204319,
,,,-1.1475E-06,1.95419454900548,1.97622387204319,
,,,-1.1455E-06,1.95419454900548,1.9795711513143,
,,,-1.1435E-06,1.95754182827659,1.97287659277208,
,,,-1.1415E-06,1.95419454900548,1.97622387204319,
,,,-1.1395E-06,1.95754182827659,1.9795711513143,
,,,-1.1375E-06,1.95084726973437,1.97622387204319,
,,,-1.1355E-06,1.94749999046326,1.97287659277208,
,,,-1.1335E-06,1.95419454900548,1.96618203422986,
,,,-1.1315E-06,1.95419454900548,1.97287659277208,
,,,-1.1295E-06,1.95084726973437,1.97287659277208,
,,,-1.1275E-06,1.95084726973437,1.97287659277208,
,,,-1.1255E-06,1.95419454900548,1.97622387204319,
,,,-1.1235E-06,1.95084726973437,1.97287659277208,
,,,-1.1215E-06,1.94415271119215,1.9795711513143,
,,,-1.1195E-06,1.95754182827659,1.96952931350097,
,,,-1.1175E-06,1.94749999046326,1.97622387204319,
,,,-1.1155E-06,1.95084726973437,1.97287659277208,
,,,-1.1135E-06,1.95754182827659,1.96952931350097,
,,,-1.1115E-06,1.94749999046326,1.96283475495875,
,,,-1.1095E-06,1.95084726973437,1.96283475495875,
,,,-1.1075E-06,1.95084726973437,1.96618203422986,
,,,-1.1055E-06,1.94080543192104,1.96618203422986,
,,,-1.1035E-06,1.94749999046326,1.9795711513143,
,,,-1.1015E-06,1.95084726973437,1.9795711513143,
,,,-1.0995E-06,1.95754182827659,1.96283475495875,
,,,-1.0975E-06,1.94749999046326,1.96952931350097,
,,,-1.0955E-06,1.95084726973437,1.96952931350097,
,,,-1.0935E-06,1.95419454900548,1.96952931350097,
,,,-1.0915E-06,1.94749999046326,1.96952931350097,
,,,-1.0895E-06,1.95754182827659,1.97622387204319,
,,,-1.0875E-06,1.95419454900548,1.9795711513143,
,,,-1.0855E-06,1.95419454900548,1.97287659277208,
,,,-1.0835E-06,1.95419454900548,1.97287659277208,
,,,-1.0815E-06,1.95419454900548,1.96952931350097,
,,,-1.0795E-06,1.94749999046326,1.96618203422986,
,,,-1.0775E-06,1.9608891075477,1.97622387204319,
,,,-1.0755E-06,1.95754182827659,1.97622387204319,
,,,-1.0735E-06,1.94749999046326,1.96618203422986,
,,,-1.0715E-06,1.95419454900548,1.97287659277208,
,,,-1.0695E-06,1.95419454900548,1.9795711513143,
,,,-1.0675E-06,1.95419454900548,1.97287659277208,
,,,-1.0655E-06,1.95419454900548,1.96952931350097,
,,,-1.0635E-06,1.95419454900548,1.97622387204319,
,,,-1.0615E-06,1.95419454900548,1.97287659277208,
,,,-1.0595E-06,1.95084726973437,1.97287659277208,
,,,-1.0575E-06,1.9608891075477,1.97287659277208,
,,,-1.0555E-06,1.95084726973437,1.96618203422986,
,,,-1.0535E-06,1.95754182827659,1.97287659277208,
,,,-1.0515E-06,1.9608891075477,1.9795711513143,
,,,-1.0495E-06,1.95084726973437,1.96952931350097,
,,,-1.0475E-06,1.95084726973437,1.96952931350097,
,,,-1.0455E-06,1.96423638681881,1.9795711513143,
,,,-1.0435E-06,1.96423638681881,1.97622387204319,
,,,-1.0415E-06,1.95084726973437,1.97622387204319,
,,,-1.0395E-06,1.95754182827659,1.97622387204319,
,,,-1.0375E-06,1.95754182827659,1.96952931350097,
,,,-1.0355E-06,1.95084726973437,1.96952931350097,
,,,-1.0335E-06,1.9608891075477,1.9795711513143,
,,,-1.0315E-06,1.95084726973437,1.97287659277208,
,,,-1.0295E-06,1.95084726973437,1.9795711513143,
,,,-1.0275E-06,1.9608891075477,1.97287659277208,
,,,-1.0255E-06,1.95754182827659,1.97287659277208,
,,,-1.0235E-06,1.95419454900548,1.97622387204319,
,,,-1.0215E-06,1.95419454900548,1.97622387204319,
,,,-1.0195E-06,1.95754182827659,1.98291843058541,
,,,-1.0175E-06,1.94749999046326,1.97287659277208,
,,,-1.0155E-06,1.95419454900548,1.96952931350097,
,,,-1.0135E-06,1.96423638681881,1.9795711513143,
,,,-1.0115E-06,1.95084726973437,1.97287659277208,
,,,-1.0095E-06,1.93745815264992,1.97622387204319,
,,,-1.0075E-06,1.9608891075477,1.9795711513143,
,,,-1.0055E-06,1.95754182827659,1.96952931350097,
,,,-1.0035E-06,1.94415271119215,1.9795711513143,
,,,-1.0015E-06,1.95419454900548,1.98291843058541,
,,,-9.995E-07,1.95084726973437,1.9795711513143,
,,,-9.975E-07,1.9608891075477,1.96952931350097,
,,,-9.955E-07,1.9608891075477,1.97287659277208,
,,,-9.935E-07,1.95754182827659,1.97622387204319,
,,,-9.915E-07,1.95754182827659,1.97287659277208,
,,,-9.895E-07,1.94749999046326,1.97622387204319,
,,,-9.875E-07,1.94749999046326,1.97287659277208,
,,,-9.855E-07,1.95084726973437,1.96952931350097,
,,,-9.835E-07,1.94749999046326,1.96952931350097,
,,,-9.815E-07,1.95084726973437,1.9795711513143,
,,,-9.795E-07,1.95084726973437,1.96618203422986,
,,,-9.775E-07,1.95084726973437,1.97287659277208,
,,,-9.755E-07,1.95754182827659,1.97287659277208,
,,,-9.735E-07,1.94749999046326,1.9795711513143,
,,,-9.715E-07,1.95084726973437,1.96952931350097,
,,,-9.695E-07,1.9608891075477,1.98291843058541,
,,,-9.675E-07,1.95084726973437,1.97287659277208,
,,,-9.655E-07,1.95754182827659,1.9795711513143,
,,,-9.635E-07,1.9608891075477,1.97622387204319,
,,,-9.615E-07,1.95419454900548,1.96618203422986,
,,,-9.595E-07,1.94749999046326,1.96618203422986,
,,,-9.575E-07,1.95754182827659,1.9795711513143,
,,,-9.555E-07,1.96423638681881,1.96283475495875,
,,,-9.535E-07,1.94749999046326,1.96618203422986,
,,,-9.515E-07,1.94749999046326,1.97287659277208,
,,,-9.495E-07,1.95084726973437,1.97287659277208,
,,,-9.475E-07,1.95419454900548,1.9795711513143,
,,,-9.455E-07,1.95419454900548,1.97622387204319,
,,,-9.435E-07,1.94415271119215,1.96952931350097,
,,,-9.415E-07,1.95419454900548,1.97622387204319,
,,,-9.395E-07,1.95754182827659,1.97622387204319,
,,,-9.375E-07,1.95084726973437,1.9795711513143,
,,,-9.355E-07,1.94415271119215,1.97622387204319,
,,,-9.335E-07,1.94749999046326,1.97622387204319,
,,,-9.315E-07,1.95084726973437,1.9795711513143,
,,,-9.295E-07,1.95419454900548,1.96618203422986,
,,,-9.275E-07,1.95419454900548,1.97287659277208,
,,,-9.255E-07,1.95754182827659,1.97622387204319,
,,,-9.235E-07,1.95084726973437,1.96952931350097,
,,,-9.215E-07,1.95754182827659,1.9795711513143,
,,,-9.195E-07,1.95084726973437,1.97287659277208,
,,,-9.175E-07,1.95084726973437,1.96618203422986,
,,,-9.155E-07,1.95754182827659,1.97287659277208,
,,,-9.135E-07,1.95419454900548,1.9795711513143,
,,,-9.115E-07,1.94415271119215,1.97622387204319,
,,,-9.095E-07,1.95084726973437,1.97287659277208,
,,,-9.075E-07,1.94749999046326,1.97287659277208,
,,,-9.055E-07,1.95419454900548,1.9795711513143,
,,,-9.035E-07,1.94749999046326,1.97287659277208,
,,,-9.015E-07,1.95754182827659,1.97622387204319,
,,,-8.995E-07,1.95419454900548,1.96952931350097,
,,,-8.975E-07,1.95419454900548,1.97622387204319,
,,,-8.955E-07,1.9608891075477,1.97622387204319,
,,,-8.935E-07,1.96423638681881,1.96952931350097,
,,,-8.915E-07,1.95084726973437,1.97622387204319,
,,,-8.895E-07,1.94749999046326,1.98626570985653,
,,,-8.875E-07,1.95419454900548,1.97287659277208,
,,,-8.855E-07,1.95419454900548,1.97622387204319,
,,,-8.835E-07,1.95754182827659,1.98291843058541,
,,,-8.815E-07,1.95084726973437,1.98626570985653,
,,,-8.795E-07,1.95084726973437,1.97622387204319,
,,,-8.775E-07,1.94749999046326,1.97622387204319,
,,,-8.755E-07,1.94749999046326,1.97287659277208,
,,,-8.735E-07,1.95419454900548,1.97622387204319,
,,,-8.715E-07,1.95419454900548,1.98291843058541,
,,,-8.695E-07,1.95084726973437,1.98291843058541,
,,,-8.675E-07,1.95084726973437,1.96952931350097,
,,,-8.655E-07,1.95084726973437,1.9795711513143,
,,,-8.635E-07,1.95419454900548,1.97622387204319,
,,,-8.615E-07,1.94749999046326,1.96952931350097,
,,,-8.595E-07,1.95084726973437,1.97287659277208,
,,,-8.575E-07,1.95084726973437,1.97287659277208,
,,,-8.555E-07,1.95084726973437,1.96618203422986,
,,,-8.535E-07,1.95084726973437,1.96618203422986,
,,,-8.515E-07,1.96423638681881,1.98626570985653,
,,,-8.495E-07,1.94080543192104,1.9795711513143,
,,,-8.475E-07,1.94415271119215,1.97287659277208,
,,,-8.455E-07,1.95084726973437,1.97287659277208,
,,,-8.435E-07,1.95419454900548,1.9795711513143,
,,,-8.415E-07,1.95419454900548,1.9795711513143,
,,,-8.395E-07,1.95419454900548,1.98291843058541,
,,,-8.375E-07,1.94749999046326,1.97622387204319,
,,,-8.355E-07,1.94749999046326,1.97287659277208,
,,,-8.335E-07,1.95754182827659,1.97287659277208,
,,,-8.315E-07,1.95084726973437,1.9795711513143,
,,,-8.295E-07,1.95754182827659,1.9795711513143,
,,,-8.275E-07,1.95754182827659,1.97622387204319,
,,,-8.255E-07,1.95084726973437,1.97287659277208,
,,,-8.235E-07,1.95084726973437,1.96952931350097,
,,,-8.215E-07,1.9608891075477,1.97287659277208,
,,,-8.195E-07,1.95419454900548,1.96952931350097,
,,,-8.175E-07,1.95084726973437,1.97287659277208,
,,,-8.155E-07,1.95419454900548,1.97622387204319,
,,,-8.135E-07,1.95419454900548,1.98291843058541,
,,,-8.115E-07,1.94415271119215,1.97622387204319,
,,,-8.095E-07,1.94749999046326,1.96952931350097,
,,,-8.075E-07,1.95084726973437,1.97622387204319,
,,,-8.055E-07,1.94749999046326,1.97622387204319,
,,,-8.035E-07,1.94749999046326,1.97622387204319,
,,,-8.015E-07,1.9608891075477,1.97622387204319,
,,,-7.995E-07,1.95419454900548,1.97287659277208,
,,,-7.975E-07,1.94749999046326,1.97287659277208,
,,,-7.955E-07,1.95084726973437,1.97287659277208,
,,,-7.935E-07,1.95419454900548,1.9795711513143,
,,,-7.915E-07,1.95084726973437,1.97287659277208,
,,,-7.895E-07,1.95754182827659,1.9795711513143,
,,,-7.875E-07,1.95419454900548,1.97287659277208,
,,,-7.855E-07,1.95084726973437,1.9795711513143,
,,,-7.835E-07,1.95754182827659,1.98291843058541,
,,,-7.815E-07,1.95084726973437,1.9795711513143,
,,,-7.795E-07,1.95084726973437,1.96952931350097,
,,,-7.775E-07,1.95419454900548,1.9795711513143,
,,,-7.755E-07,1.94749999046326,1.9795711513143,
,,,-7.735E-07,1.94415271119215,1.98291843058541,
,,,-7.715E-07,1.95419454900548,1.98291843058541,
,,,-7.695E-07,1.94749999046326,1.97622387204319,
,,,-7.675E-07,1.95419454900548,1.96952931350097,
,,,-7.655E-07,1.95419454900548,1.97287659277208,
,,,-7.635E-07,1.95754182827659,1.97622387204319,
,,,-7.615E-07,1.94415271119215,1.97287659277208,
,,,-7.595E-07,1.94749999046326,1.96952931350097,
,,,-7.575E-07,1.9608891075477,1.9795711513143,
,,,-7.555E-07,1.95419454900548,1.96952931350097,
,,,-7.535E-07,1.95084726973437,1.9795711513143,
,,,-7.515E-07,1.95419454900548,1.97622387204319,
,,,-7.495E-07,1.94415271119215,1.97622387204319,
,,,-7.475E-07,1.94749999046326,1.97622387204319,
,,,-7.455E-07,1.95419454900548,1.97287659277208,
,,,-7.435E-07,1.94749999046326,1.9795711513143,
,,,-7.415E-07,1.94415271119215,1.97622387204319,
,,,-7.395E-07,1.95419454900548,1.97287659277208,
,,,-7.375E-07,1.95084726973437,1.97287659277208,
,,,-7.355E-07,1.95084726973437,1.96283475495875,
,,,-7.335E-07,1.94749999046326,1.96952931350097,
,,,-7.315E-07,1.95084726973437,1.96618203422986,
,,,-7.295E-07,1.94080543192104,1.96618203422986,
,,,-7.275E-07,1.95419454900548,1.96952931350097,
,,,-7.255E-07,1.95419454900548,1.97622387204319,
,,,-7.235E-07,1.94415271119215,1.96952931350097,
,,,-7.215E-07,1.94080543192104,1.9795711513143,
,,,-7.195E-07,1.94415271119215,1.97622387204319,
,,,-7.175E-07,1.95084726973437,1.98291843058541,
,,,-7.155E-07,1.9608891075477,1.9795711513143,
,,,-7.135E-07,1.95754182827659,1.98626570985653,
,,,-7.115E-07,1.94415271119215,1.97287659277208,
,,,-7.095E-07,1.94415271119215,1.97287659277208,
,,,-7.075E-07,1.95419454900548,1.97287659277208,
,,,-7.055E-07,1.95084726973437,1.97287659277208,
,,,-7.035E-07,1.95419454900548,1.97287659277208,
,,,-7.015E-07,1.95084726973437,1.97622387204319,
,,,-6.995E-07,1.94749999046326,1.97287659277208,
,,,-6.975E-07,1.95084726973437,1.96952931350097,
,,,-6.955E-07,1.95084726973437,1.97622387204319,
,,,-6.935E-07,1.95754182827659,1.9795711513143,
,,,-6.915E-07,1.95754182827659,1.98626570985653,
,,,-6.895E-07,1.94749999046326,1.98626570985653,
,,,-6.875E-07,1.94749999046326,1.97622387204319,
,,,-6.855E-07,1.94749999046326,1.96618203422986,
,,,-6.835E-07,1.95754182827659,1.98291843058541,
,,,-6.815E-07,1.96423638681881,1.98626570985653,
,,,-6.795E-07,1.95419454900548,1.9795711513143,
,,,-6.775E-07,1.94749999046326,1.9795711513143,
,,,-6.755E-07,1.95419454900548,1.97287659277208,
,,,-6.735E-07,1.95754182827659,1.97287659277208,
,,,-6.715E-07,1.95754182827659,1.96952931350097,
,,,-6.695E-07,1.95754182827659,1.9795711513143,
,,,-6.675E-07,1.95419454900548,1.96618203422986,
,,,-6.655E-07,1.94749999046326,1.96952931350097,
,,,-6.635E-07,1.95754182827659,1.97287659277208,
,,,-6.615E-07,1.9608891075477,1.96283475495875,
,,,-6.595E-07,1.95084726973437,1.9795711513143,
,,,-6.575E-07,1.95084726973437,1.98626570985653,
,,,-6.555E-07,1.95754182827659,1.97287659277208,
,,,-6.535E-07,1.95419454900548,1.97622387204319,
,,,-6.515E-07,1.9608891075477,1.9795711513143,
,,,-6.495E-07,1.94749999046326,1.96952931350097,
,,,-6.475E-07,1.95084726973437,1.97622387204319,
,,,-6.455E-07,1.95754182827659,1.97622387204319,
,,,-6.435E-07,1.95419454900548,1.97287659277208,
,,,-6.415E-07,1.95084726973437,1.97287659277208,
,,,-6.395E-07,1.9608891075477,1.98291843058541,
,,,-6.375E-07,1.95419454900548,1.98961298912764,
,,,-6.355E-07,1.94749999046326,1.96952931350097,
,,,-6.335E-07,1.94749999046326,1.96952931350097,
,,,-6.315E-07,1.95084726973437,1.97622387204319,
,,,-6.295E-07,1.95754182827659,1.96952931350097,
,,,-6.275E-07,1.94749999046326,1.97622387204319,
,,,-6.255E-07,1.95084726973437,1.98626570985653,
,,,-6.235E-07,1.95084726973437,1.97622387204319,
,,,-6.215E-07,1.95084726973437,1.98291843058541,
,,,-6.195E-07,1.95084726973437,1.97622387204319,
,,,-6.175E-07,1.94749999046326,1.97622387204319,
,,,-6.155E-07,1.95084726973437,1.98961298912764,
,,,-6.135E-07,1.95419454900548,1.9795711513143,
,,,-6.115E-07,1.95084726973437,1.96618203422986,
,,,-6.095E-07,1.94749999046326,1.97287659277208,
,,,-6.075E-07,1.95419454900548,1.97287659277208,
,,,-6.055E-07,1.95084726973437,1.9795711513143,
,,,-6.035E-07,1.94749999046326,1.97287659277208,
,,,-6.015E-07,1.96423638681881,1.9795711513143,
,,,-5.995E-07,1.95754182827659,1.96618203422986,
,,,-5.975E-07,1.95084726973437,1.97287659277208,
,,,-5.955E-07,1.96423638681881,1.9795711513143,
,,,-5.935E-07,1.95084726973437,1.97622387204319,
,,,-5.915E-07,1.94749999046326,1.98291843058541,
,,,-5.895E-07,1.95754182827659,1.97622387204319,
,,,-5.875E-07,1.9608891075477,1.98291843058541,
,,,-5.855E-07,1.95419454900548,1.97622387204319,
,,,-5.835E-07,1.95419454900548,1.9795711513143,
,,,-5.815E-07,1.9608891075477,1.98291843058541,
,,,-5.795E-07,1.95084726973437,1.97622387204319,
,,,-5.775E-07,1.95754182827659,1.9795711513143,
,,,-5.755E-07,1.95754182827659,1.97622387204319,
,,,-5.735E-07,1.94749999046326,1.97287659277208,
,,,-5.715E-07,1.94749999046326,1.97287659277208,
,,,-5.695E-07,1.95419454900548,1.96952931350097,
,,,-5.675E-07,1.94749999046326,1.96952931350097,
,,,-5.655E-07,1.95419454900548,1.97287659277208,
,,,-5.635E-07,1.94749999046326,1.97622387204319,
,,,-5.615E-07,1.94415271119215,1.97622387204319,
,,,-5.595E-07,1.95084726973437,1.97287659277208,
,,,-5.575E-07,1.95754182827659,1.97622387204319,
,,,-5.555E-07,1.95419454900548,1.97287659277208,
,,,-5.535E-07,1.95419454900548,1.97622387204319,
,,,-5.515E-07,1.95419454900548,1.98961298912764,
,,,-5.495E-07,1.95754182827659,1.97622387204319,
,,,-5.475E-07,1.95084726973437,1.97287659277208,
,,,-5.455E-07,1.95419454900548,1.97622387204319,
,,,-5.435E-07,1.95754182827659,1.97287659277208,
,,,-5.415E-07,1.9608891075477,1.9795711513143,
,,,-5.395E-07,1.96423638681881,1.9795711513143,
,,,-5.375E-07,1.95419454900548,1.97622387204319,
,,,-5.355E-07,1.95084726973437,1.97622387204319,
,,,-5.335E-07,1.95754182827659,1.97622387204319,
,,,-5.315E-07,1.94415271119215,1.97622387204319,
,,,-5.295E-07,1.95084726973437,1.97287659277208,
,,,-5.275E-07,1.95084726973437,1.98626570985653,
,,,-5.255E-07,1.95754182827659,1.98626570985653,
,,,-5.235E-07,1.95419454900548,1.9795711513143,
,,,-5.215E-07,1.94749999046326,1.9795711513143,
,,,-5.195E-07,1.95419454900548,1.98626570985653,
,,,-5.175E-07,1.95419454900548,1.97622387204319,
,,,-5.155E-07,1.95419454900548,1.9795711513143,
,,,-5.135E-07,1.95084726973437,1.98626570985653,
,,,-5.115E-07,1.95084726973437,1.9795711513143,
,,,-5.095E-07,1.95084726973437,1.97622387204319,
,,,-5.075E-07,1.95084726973437,1.9795711513143,
,,,-5.055E-07,1.94415271119215,1.97622387204319,
,,,-5.035E-07,1.94749999046326,1.9795711513143,
,,,-5.015E-07,1.95084726973437,1.98291843058541,
,,,-4.995E-07,1.94415271119215,1.97287659277208,
,,,-4.975E-07,1.9307635941077,1.96952931350097,
,,,-4.955E-07,1.9307635941077,1.97622387204319,
,,,-4.935E-07,1.93745815264992,1.97622387204319,
,,,-4.915E-07,1.92406903556548,1.98291843058541,
,,,-4.895E-07,1.93411087337881,1.9795711513143,
,,,-4.875E-07,1.92072175629437,1.9795711513143,
,,,-4.855E-07,1.91402719775215,1.98291843058541,
,,,-4.835E-07,1.91402719775215,1.98961298912764,
,,,-4.815E-07,1.90733263920993,1.97287659277208,
,,,-4.795E-07,1.90733263920993,1.98291843058541,
,,,-4.775E-07,1.91067991848104,1.98626570985653,
,,,-4.755E-07,1.90733263920993,1.9795711513143,
,,,-4.735E-07,1.9006380806677,1.96952931350097,
,,,-4.715E-07,1.89394352212548,1.96618203422986,
,,,-4.695E-07,1.90398535993882,1.97287659277208,
,,,-4.675E-07,1.89059624285437,1.97622387204319,
,,,-4.655E-07,1.88055440504104,1.97287659277208,
,,,-4.635E-07,1.86381800868548,1.96952931350097,
,,,-4.615E-07,1.85042889160104,1.9795711513143,
,,,-4.595E-07,1.86381800868548,1.97287659277208,
,,,-4.575E-07,1.8671652879566,1.97622387204319,
,,,-4.555E-07,1.85377617087215,1.97622387204319,
,,,-4.535E-07,1.85712345014326,1.98291843058541,
,,,-4.515E-07,1.84373433305882,1.97622387204319,
,,,-4.495E-07,1.8370397745166,1.97622387204319,
,,,-4.475E-07,1.84708161232993,1.97622387204319,
,,,-4.455E-07,1.85712345014326,1.98291843058541,
,,,-4.435E-07,1.84038705378771,1.97622387204319,
,,,-4.415E-07,1.8370397745166,1.98291843058541,
,,,-4.395E-07,1.85042889160104,1.98291843058541,
,,,-4.375E-07,1.85377617087215,1.9795711513143,
,,,-4.355E-07,1.84708161232993,1.97622387204319,
,,,-4.335E-07,1.85712345014326,1.97287659277208,
,,,-4.315E-07,1.8671652879566,1.9795711513143,
,,,-4.295E-07,1.85712345014326,1.96952931350097,
,,,-4.275E-07,1.87051256722771,1.97622387204319,
,,,-4.255E-07,1.87385984649882,1.98626570985653,
,,,-4.235E-07,1.8671652879566,1.98291843058541,
,,,-4.215E-07,1.88390168431215,1.9795711513143,
,,,-4.195E-07,1.88390168431215,1.9795711513143,
,,,-4.175E-07,1.88390168431215,1.97622387204319,
,,,-4.155E-07,1.89394352212548,1.9795711513143,
,,,-4.135E-07,1.89394352212548,1.98626570985653,
,,,-4.115E-07,1.89059624285437,1.97287659277208,
,,,-4.095E-07,1.9006380806677,1.97287659277208,
,,,-4.075E-07,1.9006380806677,1.97622387204319,
,,,-4.055E-07,1.9006380806677,1.97622387204319,
,,,-4.035E-07,1.91402719775215,1.97622387204319,
,,,-4.015E-07,1.90398535993882,1.98291843058541,
,,,-3.995E-07,1.91402719775215,1.9795711513143,
,,,-3.975E-07,1.91402719775215,1.97287659277208,
,,,-3.955E-07,1.92741631483659,1.9795711513143,
,,,-3.935E-07,1.92741631483659,1.98291843058541,
,,,-3.915E-07,1.91737447702326,1.9795711513143,
,,,-3.895E-07,1.92741631483659,1.9795711513143,
,,,-3.875E-07,1.92741631483659,1.96952931350097,
,,,-3.855E-07,1.92741631483659,1.96952931350097,
,,,-3.835E-07,1.9307635941077,1.97287659277208,
,,,-3.815E-07,1.94080543192104,1.97622387204319,
,,,-3.795E-07,1.9307635941077,1.96952931350097,
,,,-3.775E-07,1.93411087337881,1.9795711513143,
,,,-3.755E-07,1.93745815264992,1.97287659277208,
,,,-3.735E-07,1.94080543192104,1.97622387204319,
,,,-3.715E-07,1.94080543192104,1.97287659277208,
,,,-3.695E-07,1.93411087337881,1.9795711513143,
,,,-3.675E-07,1.93745815264992,1.97287659277208,
,,,-3.655E-07,1.94080543192104,1.9795711513143,
,,,-3.635E-07,1.95084726973437,1.98291843058541,
,,,-3.615E-07,1.94749999046326,1.96952931350097,
,,,-3.595E-07,1.94415271119215,1.97622387204319,
,,,-3.575E-07,1.94749999046326,1.9795711513143,
,,,-3.555E-07,1.94415271119215,1.97287659277208,
,,,-3.535E-07,1.94749999046326,1.97622387204319,
,,,-3.515E-07,1.95419454900548,1.9795711513143,
,,,-3.495E-07,1.94749999046326,1.97287659277208,
,,,-3.475E-07,1.94749999046326,1.96952931350097,
,,,-3.455E-07,1.95084726973437,1.96618203422986,
,,,-3.435E-07,1.95084726973437,1.96952931350097,
,,,-3.415E-07,1.95084726973437,1.98291843058541,
,,,-3.395E-07,1.95419454900548,1.9795711513143,
,,,-3.375E-07,1.95754182827659,1.97287659277208,
,,,-3.355E-07,1.94415271119215,1.96952931350097,
,,,-3.335E-07,1.95754182827659,1.97622387204319,
,,,-3.315E-07,1.95419454900548,1.98291843058541,
,,,-3.295E-07,1.95084726973437,1.9795711513143,
,,,-3.275E-07,1.95084726973437,1.9795711513143,
,,,-3.255E-07,1.95754182827659,1.98291843058541,
,,,-3.235E-07,1.95754182827659,1.97622387204319,
,,,-3.215E-07,1.95084726973437,1.97622387204319,
,,,-3.195E-07,1.95754182827659,1.98626570985653,
,,,-3.175E-07,1.95084726973437,1.97287659277208,
,,,-3.155E-07,1.95419454900548,1.98626570985653,
,,,-3.135E-07,1.95419454900548,1.97287659277208,
,,,-3.115E-07,1.95084726973437,1.9795711513143,
,,,-3.095E-07,1.95419454900548,1.97622387204319,
,,,-3.075E-07,1.95419454900548,1.98291843058541,
,,,-3.055E-07,1.95084726973437,1.97622387204319,
,,,-3.035E-07,1.95419454900548,1.9795711513143,
,,,-3.015E-07,1.95754182827659,1.9795711513143,
,,,-2.995E-07,1.95419454900548,1.97287659277208,
,,,-2.975E-07,1.95084726973437,1.97622387204319,
,,,-2.955E-07,1.94749999046326,1.97287659277208,
,,,-2.935E-07,1.95754182827659,1.97622387204319,
,,,-2.915E-07,1.95084726973437,1.9795711513143,
,,,-2.895E-07,1.9608891075477,1.98291843058541,
,,,-2.875E-07,1.95419454900548,1.98291843058541,
,,,-2.855E-07,1.95084726973437,1.97287659277208,
,,,-2.835E-07,1.95419454900548,1.97287659277208,
,,,-2.815E-07,1.95419454900548,1.97622387204319,
,,,-2.795E-07,1.95084726973437,1.97287659277208,
,,,-2.775E-07,1.9608891075477,1.96618203422986,
,,,-2.755E-07,1.96423638681881,1.97287659277208,
,,,-2.735E-07,1.95419454900548,1.9795711513143,
,,,-2.715E-07,1.95754182827659,1.97287659277208,
,,,-2.695E-07,1.95419454900548,1.97622387204319,
,,,-2.675E-07,1.9608891075477,1.97622387204319,
,,,-2.655E-07,1.95754182827659,1.9795711513143,
,,,-2.635E-07,1.95419454900548,1.97622387204319,
,,,-2.615E-07,1.95419454900548,1.96952931350097,
,,,-2.595E-07,1.95084726973437,1.9795711513143,
,,,-2.575E-07,1.95754182827659,1.97622387204319,
,,,-2.555E-07,1.95754182827659,1.96952931350097,
,,,-2.535E-07,1.94749999046326,1.97287659277208,
,,,-2.515E-07,1.95419454900548,1.9795711513143,
,,,-2.495E-07,1.95754182827659,1.96618203422986,
,,,-2.475E-07,1.95754182827659,1.96618203422986,
,,,-2.455E-07,1.95754182827659,1.9795711513143,
,,,-2.435E-07,1.95754182827659,1.98291843058541,
,,,-2.415E-07,1.94415271119215,1.97622387204319,
,,,-2.395E-07,1.95084726973437,1.97622387204319,
,,,-2.375E-07,1.95419454900548,1.97287659277208,
,,,-2.355E-07,1.95419454900548,1.97622387204319,
,,,-2.335E-07,1.9608891075477,1.97622387204319,
,,,-2.315E-07,1.95419454900548,1.97622387204319,
,,,-2.295E-07,1.94080543192104,1.98291843058541,
,,,-2.275E-07,1.9608891075477,1.98291843058541,
,,,-2.255E-07,1.95419454900548,1.96952931350097,
,,,-2.235E-07,1.94415271119215,1.97287659277208,
,,,-2.215E-07,1.95754182827659,1.9795711513143,
,,,-2.195E-07,1.95084726973437,1.97287659277208,
,,,-2.175E-07,1.95754182827659,1.96952931350097,
,,,-2.155E-07,1.95754182827659,1.97287659277208,
,,,-2.135E-07,1.96423638681881,1.97622387204319,
,,,-2.115E-07,1.95754182827659,1.97287659277208,
,,,-2.095E-07,1.95084726973437,1.97622387204319,
,,,-2.075E-07,1.95419454900548,1.97287659277208,
,,,-2.055E-07,1.95754182827659,1.96618203422986,
,,,-2.035E-07,1.95754182827659,1.97622387204319,
,,,-2.015E-07,1.96423638681881,1.9795711513143,
,,,-1.995E-07,1.95084726973437,1.97622387204319,
,,,-1.975E-07,1.95754182827659,1.9795711513143,
,,,-1.955E-07,1.95419454900548,1.96618203422986,
,,,-1.935E-07,1.95754182827659,1.97622387204319,
,,,-1.915E-07,1.95754182827659,1.97287659277208,
,,,-1.895E-07,1.95084726973437,1.9795711513143,
,,,-1.875E-07,1.94749999046326,1.97622387204319,
,,,-1.855E-07,1.95084726973437,1.96952931350097,
,,,-1.835E-07,1.95754182827659,1.97287659277208,
,,,-1.815E-07,1.95754182827659,1.97622387204319,
,,,-1.795E-07,1.95419454900548,1.97287659277208,
,,,-1.775E-07,1.9608891075477,1.97287659277208,
,,,-1.755E-07,1.95754182827659,1.97622387204319,
,,,-1.735E-07,1.95084726973437,1.96952931350097,
,,,-1.715E-07,1.95084726973437,1.97622387204319,
,,,-1.695E-07,1.95419454900548,1.98626570985653,
,,,-1.675E-07,1.95419454900548,1.97622387204319,
,,,-1.655E-07,1.95084726973437,1.9795711513143,
,,,-1.635E-07,1.95754182827659,1.9795711513143,
,,,-1.615E-07,1.95419454900548,1.96952931350097,
,,,-1.595E-07,1.94415271119215,1.97287659277208,
,,,-1.575E-07,1.9608891075477,1.97622387204319,
,,,-1.555E-07,1.95419454900548,1.97287659277208,
,,,-1.535E-07,1.95419454900548,1.9795711513143,
,,,-1.515E-07,1.95419454900548,1.97622387204319,
,,,-1.495E-07,1.95084726973437,1.97287659277208,
,,,-1.475E-07,1.95419454900548,1.96952931350097,
,,,-1.455E-07,1.94749999046326,1.97622387204319,
,,,-1.435E-07,1.95754182827659,1.9795711513143,
,,,-1.415E-07,1.94415271119215,1.97287659277208,
,,,-1.395E-07,1.95084726973437,1.9795711513143,
,,,-1.375E-07,1.95419454900548,1.96952931350097,
,,,-1.355E-07,1.94080543192104,1.96952931350097,
,,,-1.335E-07,1.95419454900548,1.97622387204319,
,,,-1.315E-07,1.9608891075477,1.98626570985653,
,,,-1.295E-07,1.95419454900548,1.97622387204319,
,,,-1.275E-07,1.95419454900548,1.96283475495875,
,,,-1.255E-07,1.95084726973437,1.98291843058541,
,,,-1.235E-07,1.9608891075477,1.9795711513143,
,,,-1.215E-07,1.95084726973437,1.98291843058541,
,,,-1.195E-07,1.95419454900548,1.97622387204319,
,,,-1.175E-07,1.95084726973437,1.96952931350097,
,,,-1.155E-07,1.95419454900548,1.9795711513143,
,,,-1.135E-07,1.95084726973437,1.98291843058541,
,,,-1.115E-07,1.94415271119215,1.97622387204319,
,,,-1.095E-07,1.95419454900548,1.96618203422986,
,,,-1.075E-07,1.9608891075477,1.96952931350097,
,,,-1.055E-07,1.95084726973437,1.97287659277208,
,,,-1.035E-07,1.94749999046326,1.97622387204319,
,,,-1.015E-07,1.95754182827659,1.9795711513143,
,,,-9.94999999999999E-08,1.95419454900548,1.96618203422986,
,,,-9.74999999999999E-08,1.94415271119215,1.96618203422986,
,,,-9.55E-08,1.9608891075477,1.98291843058541,
,,,-9.34999999999998E-08,1.96423638681881,1.98626570985653,
,,,-9.14999999999999E-08,1.95754182827659,1.97622387204319,
,,,-8.94999999999999E-08,1.95419454900548,1.9795711513143,
,,,-8.75E-08,1.95419454900548,1.98291843058541,
,,,-8.54999999999999E-08,1.95419454900548,1.96618203422986,
,,,-8.34999999999999E-08,1.95419454900548,1.98291843058541,
,,,-8.15E-08,1.95754182827659,1.97622387204319,
,,,-7.94999999999998E-08,1.94749999046326,1.9795711513143,
,,,-7.74999999999999E-08,1.95419454900548,1.97622387204319,
,,,-7.55E-08,1.95754182827659,1.98291843058541,
,,,-7.35E-08,1.94749999046326,1.97622387204319,
,,,-7.14999999999999E-08,1.94749999046326,1.96952931350097,
,,,-6.94999999999999E-08,1.95419454900548,1.9795711513143,
,,,-6.75E-08,1.9608891075477,1.97287659277208,
,,,-6.54999999999998E-08,1.94749999046326,1.96618203422986,
,,,-6.34999999999999E-08,1.93745815264992,1.96618203422986,
,,,-6.15E-08,1.94749999046326,1.97287659277208,
,,,-5.94999999999998E-08,1.95419454900548,1.98291843058541,
,,,-5.74999999999999E-08,1.95419454900548,1.97287659277208,
,,,-5.54999999999999E-08,1.95754182827659,1.95948747568764,
,,,-5.35E-08,1.96423638681881,1.97622387204319,
,,,-5.14999999999998E-08,1.97427822463214,1.98626570985653,
,,,-4.94999999999999E-08,1.95419454900548,1.98291843058541,
,,,-4.75E-08,1.9307635941077,1.96618203422986,
,,,-4.54999999999998E-08,1.95419454900548,1.9795711513143,
,,,-4.34999999999999E-08,1.96758366608992,1.99965482694097,
,,,-4.14999999999999E-08,1.95754182827659,1.99630754766986,
,,,-3.95E-08,1.94415271119215,1.97287659277208,
,,,-3.74999999999999E-08,1.94415271119215,1.94944563787431,
,,,-3.54999999999999E-08,1.93745815264992,1.94609835860319,
,,,-3.35E-08,1.94415271119215,1.95614019641653,
,,,-3.14999999999998E-08,1.93745815264992,1.95614019641653,
,,,-2.94999999999999E-08,1.92406903556548,1.96618203422986,
,,,-2.74999999999999E-08,1.92406903556548,1.95948747568764,
,,,-2.55E-08,1.94749999046326,1.96618203422986,
,,,-2.34999999999999E-08,1.95419454900548,1.96618203422986,
,,,-2.14999999999999E-08,1.96758366608992,1.96952931350097,
,,,-1.95E-08,1.9608891075477,1.96618203422986,
,,,-1.74999999999998E-08,1.95419454900548,1.96283475495875,
,,,-1.54999999999999E-08,1.9608891075477,1.9795711513143,
,,,-1.35E-08,1.97093094536103,1.99296026839875,
,,,-1.15E-08,1.97427822463214,2.00300210621208,
,,,-9.49999999999987E-09,1.96423638681881,1.99965482694097,
,,,-7.49999999999993E-09,1.95754182827659,1.97622387204319,
,,,-5.49999999999999E-09,1.95754182827659,1.94275107933208,
,,,-3.49999999999984E-09,1.96758366608992,1.91262556589209,
,,,-1.4999999999999E-09,1.98766734171659,1.88250005245209,
,,,5.00000000000038E-10,1.96423638681881,1.83563814265653,
,,,2.50000000000019E-09,1.94749999046326,1.80551262921654,
,,,4.50000000000013E-09,1.94749999046326,1.77538711577654,
,,,6.50000000000006E-09,1.94080543192104,1.76869255723432,
,,,8.5E-09,1.94749999046326,1.78877623286098,
,,,1.05000000000002E-08,1.95754182827659,1.78877623286098,
,,,1.25000000000001E-08,1.95084726973437,1.78208167431876,
,,,1.45E-08,1.95754182827659,1.77538711577654,
,,,1.65000000000002E-08,1.96758366608992,1.77203983650543,
,,,1.85000000000001E-08,1.97093094536103,1.77203983650543,
,,,2.05000000000001E-08,1.98097278317437,1.79212351213209,
,,,2.25E-08,1.97762550390325,1.81220718775876,
,,,2.45000000000001E-08,1.97427822463214,1.81555446702987,
,,,2.65000000000001E-08,1.97093094536103,1.83229086338542,
,,,2.85E-08,1.97427822463214,1.81890174630098,
,,,3.05000000000002E-08,1.97093094536103,1.7954707914032,
,,,3.25000000000001E-08,1.95754182827659,1.77203983650543,
,,,3.45000000000001E-08,1.95084726973437,1.76534527796321,
,,,3.65E-08,1.9608891075477,1.75530344014987,
,,,3.85000000000001E-08,1.94415271119215,1.75865071942098,
,,,4.05000000000001E-08,1.93745815264992,1.75865071942098,
,,,4.25E-08,1.93745815264992,1.76534527796321,
,,,4.45000000000002E-08,1.92072175629437,1.76869255723432,
,,,4.65000000000001E-08,1.92406903556548,1.78877623286098,
,,,4.85E-08,1.94415271119215,1.80885990848765,
,,,5.05000000000002E-08,1.95754182827659,1.81555446702987,
,,,5.25000000000001E-08,1.95754182827659,1.80885990848765,
,,,5.45000000000001E-08,1.96423638681881,1.80885990848765,
,,,5.65E-08,1.97427822463214,1.8255963048432,
,,,5.85000000000002E-08,1.97427822463214,1.83229086338542,
,,,6.05000000000001E-08,1.98097278317437,1.83898542192765,
,,,6.25E-08,1.97427822463214,1.84567998046987,
,,,6.45000000000002E-08,1.96423638681881,1.84567998046987,
,,,6.65000000000001E-08,1.95754182827659,1.84233270119876,
,,,6.85000000000001E-08,1.95084726973437,1.81890174630098,
,,,7.05E-08,1.93411087337881,1.81220718775876,
,,,7.25000000000002E-08,1.95419454900548,1.80885990848765,
,,,7.45000000000001E-08,1.94415271119215,1.80885990848765,
,,,7.65E-08,1.93411087337881,1.80551262921654,
,,,7.85000000000002E-08,1.92406903556548,1.81220718775876,
,,,8.05000000000001E-08,1.93411087337881,1.83898542192765,
,,,8.25000000000001E-08,1.94080543192104,1.84902725974098,
,,,8.45E-08,1.95754182827659,1.86241637682542,
,,,8.65000000000001E-08,1.95754182827659,1.87245821463875,
,,,8.85000000000001E-08,1.95084726973437,1.86911093536764,
,,,9.05E-08,1.95754182827659,1.86576365609653,
,,,9.25000000000002E-08,1.97427822463214,1.87580549390987,
,,,9.45000000000001E-08,1.97427822463214,1.87580549390987,
,,,9.65000000000001E-08,1.97427822463214,1.88250005245209,
,,,9.85000000000002E-08,1.97093094536103,1.88250005245209,
,,,1.005E-07,1.95419454900548,1.87245821463875,
,,,1.025E-07,1.95084726973437,1.86911093536764,
,,,1.045E-07,1.95754182827659,1.87580549390987,
,,,1.065E-07,1.9608891075477,1.87915277318098,
,,,1.085E-07,1.94749999046326,1.86911093536764,
,,,1.105E-07,1.95084726973437,1.87245821463875,
,,,1.125E-07,1.95084726973437,1.86911093536764,
,,,1.145E-07,1.94415271119215,1.86911093536764,
,,,1.165E-07,1.95419454900548,1.87915277318098,
,,,1.185E-07,1.96423638681881,1.88919461099431,
,,,1.205E-07,1.94749999046326,1.88250005245209,
,,,1.225E-07,1.95084726973437,1.89588916953653,
,,,1.245E-07,1.95419454900548,1.89254189026542,
,,,1.265E-07,1.94749999046326,1.89254189026542,
,,,1.285E-07,1.94749999046326,1.8858473317232,
,,,1.305E-07,1.9608891075477,1.89588916953653,
,,,1.325E-07,1.95754182827659,1.89588916953653,
,,,1.345E-07,1.9608891075477,1.90593100734986,
,,,1.365E-07,1.95754182827659,1.91262556589209,
,,,1.385E-07,1.95084726973437,1.90258372807875,
,,,1.405E-07,1.95084726973437,1.90593100734986,
,,,1.425E-07,1.95419454900548,1.91262556589209,
,,,1.445E-07,1.95754182827659,1.90927828662097,
,,,1.465E-07,1.95084726973437,1.90927828662097,
,,,1.485E-07,1.95754182827659,1.91262556589209,
,,,1.505E-07,1.95419454900548,1.89923644880764,
,,,1.525E-07,1.94080543192104,1.90593100734986,
,,,1.545E-07,1.95419454900548,1.91932012443431,
,,,1.565E-07,1.95084726973437,1.92266740370542,
,,,1.585E-07,1.94080543192104,1.90927828662097,
,,,1.605E-07,1.94415271119215,1.90927828662097,
,,,1.625E-07,1.95084726973437,1.90593100734986,
,,,1.645E-07,1.94415271119215,1.90927828662097,
,,,1.665E-07,1.9608891075477,1.92936196224764,
,,,1.685E-07,1.95754182827659,1.9159728451632,
,,,1.705E-07,1.95754182827659,1.91262556589209,
,,,1.725E-07,1.95754182827659,1.92601468297653,
,,,1.745E-07,1.96423638681881,1.93270924151875,
,,,1.765E-07,1.9608891075477,1.93940380006097,
,,,1.785E-07,1.96423638681881,1.92936196224764,
,,,1.805E-07,1.96758366608992,1.93270924151875,
,,,1.825E-07,1.95419454900548,1.92266740370542,
,,,1.845E-07,1.95084726973437,1.92266740370542,
,,,1.865E-07,1.96758366608992,1.93940380006097,
,,,1.885E-07,1.94415271119215,1.92601468297653,
,,,1.905E-07,1.94415271119215,1.92266740370542,
,,,1.925E-07,1.95084726973437,1.9159728451632,
,,,1.945E-07,1.93745815264992,1.9159728451632,
,,,1.965E-07,1.94749999046326,1.92601468297653,
,,,1.985E-07,1.95084726973437,1.93270924151875,
,,,2.005E-07,1.95084726973437,1.92266740370542,
,,,2.025E-07,1.95754182827659,1.92601468297653,
,,,2.045E-07,1.95419454900548,1.93270924151875,
,,,2.065E-07,1.95084726973437,1.94609835860319,
,,,2.085E-07,1.95754182827659,1.94609835860319,
,,,2.105E-07,1.96423638681881,1.93940380006097,
,,,2.125E-07,1.9608891075477,1.94275107933208,
,,,2.145E-07,1.95419454900548,1.92936196224764,
,,,2.165E-07,1.9608891075477,1.94275107933208,
,,,2.185E-07,1.96423638681881,1.93605652078986,
,,,2.205E-07,1.95419454900548,1.93270924151875,
,,,2.225E-07,1.94749999046326,1.92266740370542,
,,,2.245E-07,1.95754182827659,1.92601468297653,
,,,2.265E-07,1.94080543192104,1.92266740370542,
,,,2.285E-07,1.94080543192104,1.93270924151875,
,,,2.305E-07,1.94080543192104,1.92601468297653,
,,,2.325E-07,1.94080543192104,1.92266740370542,
,,,2.345E-07,1.94749999046326,1.93605652078986,
,,,2.365E-07,1.95084726973437,1.93270924151875,
,,,2.385E-07,1.94080543192104,1.92601468297653,
,,,2.405E-07,1.94749999046326,1.92936196224764,
,,,2.425E-07,1.9608891075477,1.93605652078986,
,,,2.445E-07,1.95084726973437,1.94275107933208,
,,,2.465E-07,1.95754182827659,1.94609835860319,
,,,2.485E-07,1.96423638681881,1.94944563787431,
,,,2.505E-07,1.95419454900548,1.94275107933208,
,,,2.525E-07,1.95419454900548,1.94275107933208,
,,,2.545E-07,1.95754182827659,1.94275107933208,
,,,2.565E-07,1.95754182827659,1.95279291714542,
,,,2.585E-07,1.95419454900548,1.93940380006097,
,,,2.605E-07,1.95419454900548,1.94275107933208,
,,,2.625E-07,1.94415271119215,1.93605652078986,
,,,2.645E-07,1.93411087337881,1.93270924151875,
,,,2.665E-07,1.94415271119215,1.94944563787431,
,,,2.685E-07,1.95754182827659,1.94609835860319,
,,,2.705E-07,1.94749999046326,1.94275107933208,
,,,2.725E-07,1.94749999046326,1.94609835860319,
,,,2.745E-07,1.95754182827659,1.94609835860319,
,,,2.765E-07,1.9608891075477,1.95614019641653,
,,,2.785E-07,1.95754182827659,1.96618203422986,
,,,2.805E-07,1.9608891075477,1.96952931350097,
,,,2.825E-07,1.96423638681881,1.96952931350097,
,,,2.845E-07,1.96423638681881,1.96952931350097,
,,,2.865E-07,1.96758366608992,1.96618203422986,
,,,2.885E-07,1.95754182827659,1.96618203422986,
,,,2.905E-07,1.95754182827659,1.95614019641653,
,,,2.925E-07,1.95754182827659,1.96952931350097,
,,,2.945E-07,1.9608891075477,1.96283475495875,
,,,2.965E-07,1.96423638681881,1.95614019641653,
,,,2.985E-07,1.95419454900548,1.95948747568764,
,,,3.005E-07,1.95084726973437,1.95948747568764,
,,,3.025E-07,1.94415271119215,1.96283475495875,
,,,3.045E-07,1.95754182827659,1.96283475495875,
,,,3.065E-07,1.95419454900548,1.95279291714542,
,,,3.085E-07,1.95419454900548,1.96283475495875,
,,,3.105E-07,1.95419454900548,1.96952931350097,
,,,3.125E-07,1.95419454900548,1.96283475495875,
,,,3.145E-07,1.95419454900548,1.96283475495875,
,,,3.165E-07,1.95754182827659,1.96952931350097,
,,,3.185E-07,1.95754182827659,1.97287659277208,
,,,3.205E-07,1.95419454900548,1.96618203422986,
,,,3.225E-07,1.95754182827659,1.97287659277208,
,,,3.245E-07,1.94749999046326,1.97287659277208,
,,,3.265E-07,1.95084726973437,1.96618203422986,
,,,3.285E-07,1.95084726973437,1.96618203422986,
,,,3.305E-07,1.9608891075477,1.96618203422986,
,,,3.325E-07,1.95754182827659,1.95614019641653,
,,,3.345E-07,1.94080543192104,1.95614019641653,
,,,3.365E-07,1.95084726973437,1.94944563787431,
,,,3.385E-07,1.95084726973437,1.94609835860319,
,,,3.405E-07,1.94415271119215,1.95948747568764,
,,,3.425E-07,1.95419454900548,1.96283475495875,
,,,3.445E-07,1.94415271119215,1.95614019641653,
,,,3.465E-07,1.94749999046326,1.96952931350097,
,,,3.485E-07,1.95419454900548,1.96952931350097,
,,,3.505E-07,1.95419454900548,1.95948747568764,
,,,3.525E-07,1.95084726973437,1.95948747568764,
,,,3.545E-07,1.95419454900548,1.96283475495875,
,,,3.565E-07,1.95419454900548,1.96952931350097,
,,,3.585E-07,1.95084726973437,1.96283475495875,
,,,3.605E-07,1.9608891075477,1.95948747568764,
,,,3.625E-07,1.9608891075477,1.96618203422986,
,,,3.645E-07,1.94415271119215,1.95948747568764,
,,,3.665E-07,1.95084726973437,1.96283475495875,
,,,3.685E-07,1.95084726973437,1.96618203422986,
,,,3.705E-07,1.95419454900548,1.95614019641653,
,,,3.725E-07,1.95419454900548,1.96283475495875,
,,,3.745E-07,1.95419454900548,1.97287659277208,
,,,3.765E-07,1.95084726973437,1.96618203422986,
,,,3.785E-07,1.95419454900548,1.96618203422986,
,,,3.805E-07,1.95754182827659,1.96283475495875,
,,,3.825E-07,1.95754182827659,1.96618203422986,
,,,3.845E-07,1.95754182827659,1.97622387204319,
,,,3.865E-07,1.95754182827659,1.96618203422986,
,,,3.885E-07,1.9608891075477,1.96283475495875,
,,,3.905E-07,1.95419454900548,1.96952931350097,
,,,3.925E-07,1.95084726973437,1.96618203422986,
,,,3.945E-07,1.95084726973437,1.97287659277208,
,,,3.965E-07,1.95754182827659,1.97287659277208,
,,,3.985E-07,1.9608891075477,1.96952931350097,
,,,4.005E-07,1.95419454900548,1.96952931350097,
,,,4.025E-07,1.95084726973437,1.96618203422986,
,,,4.045E-07,1.95754182827659,1.97622387204319,
,,,4.065E-07,1.96423638681881,1.97622387204319,
,,,4.085E-07,1.95419454900548,1.97287659277208,
,,,4.105E-07,1.97093094536103,1.97622387204319,
,,,4.125E-07,1.96758366608992,1.96952931350097,
,,,4.145E-07,1.93745815264992,1.96618203422986,
,,,4.165E-07,1.94415271119215,1.97287659277208,
,,,4.185E-07,1.95754182827659,1.97622387204319,
,,,4.205E-07,1.95419454900548,1.97287659277208,
,,,4.225E-07,1.95419454900548,1.96952931350097,
,,,4.245E-07,1.96423638681881,1.97287659277208,
,,,4.265E-07,1.95084726973437,1.96952931350097,
,,,4.285E-07,1.95419454900548,1.96952931350097,
,,,4.305E-07,1.95084726973437,1.9795711513143,
,,,4.325E-07,1.95084726973437,1.96618203422986,
,,,4.345E-07,1.95419454900548,1.97622387204319,
,,,4.365E-07,1.95754182827659,1.97622387204319,
,,,4.385E-07,1.95084726973437,1.97287659277208,
,,,4.405E-07,1.94415271119215,1.97622387204319,
,,,4.425E-07,1.95754182827659,1.97622387204319,
,,,4.445E-07,1.95419454900548,1.97287659277208,
,,,4.465E-07,1.95084726973437,1.97622387204319,
,,,4.485E-07,1.95754182827659,1.9795711513143,
,,,4.505E-07,1.95084726973437,1.96952931350097,
,,,4.525E-07,1.94749999046326,1.96952931350097,
,,,4.545E-07,1.94415271119215,1.96283475495875,
,,,4.565E-07,1.95084726973437,1.96618203422986,
,,,4.585E-07,1.95754182827659,1.97622387204319,
,,,4.605E-07,1.95419454900548,1.96952931350097,
,,,4.625E-07,1.95084726973437,1.97287659277208,
,,,4.645E-07,1.95419454900548,1.97287659277208,
,,,4.665E-07,1.95084726973437,1.97622387204319,
,,,4.685E-07,1.96423638681881,1.97622387204319,
,,,4.705E-07,1.95084726973437,1.97622387204319,
,,,4.725E-07,1.95084726973437,1.97622387204319,
,,,4.745E-07,1.94415271119215,1.98291843058541,
,,,4.765E-07,1.95084726973437,1.96952931350097,
,,,4.785E-07,1.94415271119215,1.97287659277208,
,,,4.805E-07,1.96423638681881,1.97287659277208,
,,,4.825E-07,1.94749999046326,1.97287659277208,
,,,4.845E-07,1.95084726973437,1.96283475495875,
,,,4.865E-07,1.95419454900548,1.96952931350097,
,,,4.885E-07,1.95084726973437,1.96283475495875,
,,,4.905E-07,1.95419454900548,1.97287659277208,
,,,4.925E-07,1.95084726973437,1.97622387204319,
,,,4.945E-07,1.95754182827659,1.96618203422986,
,,,4.965E-07,1.95419454900548,1.97622387204319,
,,,4.985E-07,1.95419454900548,1.9795711513143,
,,,5.005E-07,1.94749999046326,1.97622387204319,
,,,5.025E-07,1.95419454900548,1.97622387204319,
,,,5.045E-07,1.95419454900548,1.96952931350097,
,,,5.065E-07,1.95754182827659,1.98291843058541,
,,,5.085E-07,1.95754182827659,1.96618203422986,
,,,5.105E-07,1.9608891075477,1.97622387204319,
,,,5.125E-07,1.9608891075477,1.9795711513143,
,,,5.145E-07,1.95754182827659,1.9795711513143,
,,,5.165E-07,1.95419454900548,1.97622387204319,
,,,5.185E-07,1.9608891075477,1.97622387204319,
,,,5.205E-07,1.9608891075477,1.97622387204319,
,,,5.225E-07,1.95754182827659,1.9795711513143,
,,,5.245E-07,1.95419454900548,1.98291843058541,
,,,5.265E-07,1.95084726973437,1.9795711513143,
,,,5.285E-07,1.95084726973437,1.9795711513143,
,,,5.305E-07,1.96423638681881,1.98291843058541,
,,,5.325E-07,1.95754182827659,1.97622387204319,
,,,5.345E-07,1.95419454900548,1.97287659277208,
,,,5.365E-07,1.95419454900548,1.97622387204319,
,,,5.385E-07,1.95754182827659,1.98291843058541,
,,,5.405E-07,1.95419454900548,1.98291843058541,
,,,5.425E-07,1.95754182827659,1.9795711513143,
,,,5.445E-07,1.95754182827659,1.9795711513143,
,,,5.465E-07,1.95419454900548,1.97287659277208,
,,,5.485E-07,1.95754182827659,1.98291843058541,
,,,5.505E-07,1.95084726973437,1.97287659277208,
,,,5.525E-07,1.95754182827659,1.96952931350097,
,,,5.545E-07,1.95419454900548,1.96952931350097,
,,,5.565E-07,1.95419454900548,1.9795711513143,
,,,5.585E-07,1.94415271119215,1.9795711513143,
,,,5.605E-07,1.9608891075477,1.98626570985653,
