Address:,USB0::0x0957::0x17BC::MY60101365::0::INSTR,,Analog Channels,,,
Model:,MSO-X 4154A,,Time (s),1 (VOLT),4 (VOLT),
Serial Number:,MY60101365,,-4.65625E-07,0.000217364020500099,0.000356956094037741,
Firmware Version:,07.31.2020012900,,-4.65425E-07,0.000719456085789716,2.22280505113304E-05,
Start Time:,2022-09-27 10:48:14.200,,-4.65225E-07,0.000217364020500099,-0.000479864014778286,
Capture#:,86,,-4.65025E-07,0.000384728042263305,2.22280505113304E-05,
,,,-4.64825E-07,0.000384728042263305,2.22280505113304E-05,
,,,-4.64625E-07,4.99999987368938E-05,-0.000479864014778286,
,,,-4.64425E-07,-0.000452092066552723,-0.000312499993015081,
,,,-4.64225E-07,0.000217364020500099,-0.000647228036541492,
,,,-4.64025E-07,0.000384728042263305,-0.000312499993015081,
,,,-4.63825E-07,0.000719456085789716,0.000189592072274536,
,,,-4.63625E-07,0.00055209206402651,-0.000145135971251875,
,,,-4.63425E-07,0.000217364020500099,-0.000981956080067903,
,,,-4.63225E-07,0.000217364020500099,-0.000647228036541492,
,,,-4.63025E-07,0.000217364020500099,-0.000145135971251875,
,,,-4.62825E-07,4.99999987368938E-05,-0.000312499993015081,
,,,-4.62625E-07,4.99999987368938E-05,-0.000312499993015081,
,,,-4.62425E-07,-0.000117364023026312,0.000356956094037741,
,,,-4.62225E-07,-0.000117364023026312,0.000189592072274536,
,,,-4.62025E-07,0.00055209206402651,2.22280505113304E-05,
,,,-4.61825E-07,0.000384728042263305,-0.000312499993015081,
,,,-4.61625E-07,0.000384728042263305,-0.000312499993015081,
,,,-4.61425E-07,-0.000117364023026312,2.22280505113304E-05,
,,,-4.61225E-07,0.000886820107552921,0.000524320115800947,
,,,-4.61025E-07,4.99999987368938E-05,0.000356956094037741,
,,,-4.60825E-07,-0.000117364023026312,2.22280505113304E-05,
,,,-4.60625E-07,4.99999987368938E-05,2.22280505113304E-05,
,,,-4.60425E-07,-0.000619456088315928,2.22280505113304E-05,
,,,-4.60225E-07,-0.000284728044789517,0.000189592072274536,
,,,-4.60025E-07,0.000217364020500099,-0.000145135971251875,
,,,-4.59825E-07,0.00055209206402651,0.000356956094037741,
,,,-4.59625E-07,0.000217364020500099,0.000524320115800947,
,,,-4.59425E-07,0.000217364020500099,0.000356956094037741,
,,,-4.59225E-07,4.99999987368938E-05,0.000356956094037741,
,,,-4.59025E-07,-0.000117364023026312,0.000189592072274536,
,,,-4.58825E-07,4.99999987368938E-05,-0.00131668412359431,
,,,-4.58625E-07,-0.000117364023026312,-0.000145135971251875,
,,,-4.58425E-07,4.99999987368938E-05,0.000189592072274536,
,,,-4.58225E-07,0.000719456085789716,-0.000312499993015081,
,,,-4.58025E-07,0.000719456085789716,0.000524320115800947,
,,,-4.57825E-07,-0.000284728044789517,0.000189592072274536,
,,,-4.57625E-07,0.000217364020500099,-0.000145135971251875,
,,,-4.57425E-07,0.000217364020500099,-0.000647228036541492,
,,,-4.57225E-07,0.000217364020500099,0.000691684137564152,
,,,-4.57025E-07,0.00055209206402651,0.000356956094037741,
,,,-4.56825E-07,4.99999987368938E-05,-0.000312499993015081,
,,,-4.56625E-07,0.000217364020500099,2.22280505113304E-05,
,,,-4.56425E-07,0.00105418412931613,-0.000312499993015081,
,,,-4.56225E-07,4.99999987368938E-05,0.000356956094037741,
,,,-4.56025E-07,-0.000284728044789517,-0.000479864014778286,
,,,-4.55825E-07,0.000384728042263305,2.22280505113304E-05,
,,,-4.55625E-07,-0.000117364023026312,-0.000145135971251875,
,,,-4.55425E-07,-0.000284728044789517,2.22280505113304E-05,
,,,-4.55225E-07,-0.000452092066552723,-0.000145135971251875,
,,,-4.55025E-07,-0.000117364023026312,2.22280505113304E-05,
,,,-4.54825E-07,0.000217364020500099,0.000356956094037741,
,,,-4.54625E-07,0.000384728042263305,0.000189592072274536,
,,,-4.54425E-07,0.000886820107552921,-0.000312499993015081,
,,,-4.54225E-07,4.99999987368938E-05,-0.000145135971251875,
,,,-4.54025E-07,4.99999987368938E-05,-0.000312499993015081,
,,,-4.53825E-07,0.000384728042263305,0.000189592072274536,
,,,-4.53625E-07,0.000384728042263305,2.22280505113304E-05,
,,,-4.53425E-07,-0.000452092066552723,0.000189592072274536,
,,,-4.53225E-07,4.99999987368938E-05,0.000524320115800947,
,,,-4.53025E-07,-0.000619456088315928,2.22280505113304E-05,
,,,-4.52825E-07,-0.000284728044789517,-0.000312499993015081,
,,,-4.52625E-07,4.99999987368938E-05,2.22280505113304E-05,
,,,-4.52425E-07,-0.000452092066552723,0.000189592072274536,
,,,-4.52225E-07,-0.000452092066552723,0.000189592072274536,
,,,-4.52025E-07,-0.000619456088315928,-0.000145135971251875,
,,,-4.51825E-07,-0.000284728044789517,2.22280505113304E-05,
,,,-4.51625E-07,-0.000452092066552723,0.000859048159327358,
,,,-4.51425E-07,0.000384728042263305,-0.000145135971251875,
,,,-4.51225E-07,4.99999987368938E-05,2.22280505113304E-05,
,,,-4.51025E-07,-0.000452092066552723,0.000356956094037741,
,,,-4.50825E-07,-0.000452092066552723,-0.000145135971251875,
,,,-4.50625E-07,-0.000284728044789517,0.000189592072274536,
,,,-4.50425E-07,4.99999987368938E-05,0.000524320115800947,
,,,-4.50225E-07,4.99999987368938E-05,2.22280505113304E-05,
,,,-4.50025E-07,0.000384728042263305,-0.000312499993015081,
,,,-4.49825E-07,0.00055209206402651,2.22280505113304E-05,
,,,-4.49625E-07,-0.000117364023026312,-0.000814592058304697,
,,,-4.49425E-07,-0.000117364023026312,2.22280505113304E-05,
,,,-4.49225E-07,-0.000284728044789517,-0.000479864014778286,
,,,-4.49025E-07,0.00055209206402651,-0.000479864014778286,
,,,-4.48825E-07,0.000217364020500099,0.000189592072274536,
,,,-4.48625E-07,0.000719456085789716,-0.000479864014778286,
,,,-4.48425E-07,0.000217364020500099,0.000189592072274536,
,,,-4.48225E-07,0.000719456085789716,0.000356956094037741,
,,,-4.48025E-07,0.000384728042263305,-0.000647228036541492,
,,,-4.47825E-07,0.000886820107552921,-0.000145135971251875,
,,,-4.47625E-07,-0.000284728044789517,-0.000312499993015081,
,,,-4.47425E-07,0.00055209206402651,-0.000312499993015081,
,,,-4.47225E-07,0.000719456085789716,-0.000479864014778286,
,,,-4.47025E-07,0.000384728042263305,0.000356956094037741,
,,,-4.46825E-07,0.000217364020500099,0.000356956094037741,
,,,-4.46625E-07,0.000384728042263305,-0.000479864014778286,
,,,-4.46425E-07,0.000384728042263305,0.000189592072274536,
,,,-4.46225E-07,4.99999987368938E-05,0.000356956094037741,
,,,-4.46025E-07,0.000217364020500099,-0.000145135971251875,
,,,-4.45825E-07,4.99999987368938E-05,-0.000814592058304697,
,,,-4.45625E-07,0.000384728042263305,0.000189592072274536,
,,,-4.45425E-07,0.00138891217284254,0.000189592072274536,
,,,-4.45225E-07,0.000719456085789716,2.22280505113304E-05,
,,,-4.45025E-07,-0.000452092066552723,-0.000145135971251875,
,,,-4.44825E-07,-0.000117364023026312,0.000189592072274536,
,,,-4.44625E-07,0.00055209206402651,2.22280505113304E-05,
,,,-4.44425E-07,0.000886820107552921,-0.000479864014778286,
,,,-4.44225E-07,0.00055209206402651,-0.000312499993015081,
,,,-4.44025E-07,4.99999987368938E-05,2.22280505113304E-05,
,,,-4.43825E-07,0.000217364020500099,0.000356956094037741,
,,,-4.43625E-07,0.00055209206402651,-0.000312499993015081,
,,,-4.43425E-07,0.00055209206402651,-0.000312499993015081,
,,,-4.43225E-07,0.000217364020500099,0.000189592072274536,
,,,-4.43025E-07,0.000384728042263305,0.000524320115800947,
,,,-4.42825E-07,-0.000117364023026312,0.000189592072274536,
,,,-4.42625E-07,-0.000284728044789517,0.000189592072274536,
,,,-4.42425E-07,0.000217364020500099,0.000691684137564152,
,,,-4.42225E-07,-0.000117364023026312,-0.000814592058304697,
,,,-4.42025E-07,-0.000452092066552723,2.22280505113304E-05,
,,,-4.41825E-07,0.000217364020500099,0.000356956094037741,
,,,-4.41625E-07,-0.000117364023026312,-0.000312499993015081,
,,,-4.41425E-07,-0.000117364023026312,-0.000647228036541492,
,,,-4.41225E-07,0.000217364020500099,0.000356956094037741,
,,,-4.41025E-07,-0.000284728044789517,2.22280505113304E-05,
,,,-4.40825E-07,0.000384728042263305,-0.000145135971251875,
,,,-4.40625E-07,-0.000284728044789517,-0.000312499993015081,
,,,-4.40425E-07,0.000886820107552921,2.22280505113304E-05,
,,,-4.40225E-07,0.000217364020500099,-0.000145135971251875,
,,,-4.40025E-07,0.000719456085789716,-0.000647228036541492,
,,,-4.39825E-07,4.99999987368938E-05,0.000189592072274536,
,,,-4.39625E-07,-0.000284728044789517,2.22280505113304E-05,
,,,-4.39425E-07,-0.000117364023026312,2.22280505113304E-05,
,,,-4.39225E-07,0.00122154815107933,2.22280505113304E-05,
,,,-4.39025E-07,0.00055209206402651,2.22280505113304E-05,
,,,-4.38825E-07,0.000719456085789716,0.000691684137564152,
,,,-4.38625E-07,0.000384728042263305,-0.000981956080067903,
,,,-4.38425E-07,0.00055209206402651,0.000189592072274536,
,,,-4.38225E-07,4.99999987368938E-05,-0.000145135971251875,
,,,-4.38025E-07,0.000384728042263305,0.000189592072274536,
,,,-4.37825E-07,-0.000619456088315928,0.000524320115800947,
,,,-4.37625E-07,0.00055209206402651,0.000691684137564152,
,,,-4.37425E-07,4.99999987368938E-05,0.000189592072274536,
,,,-4.37225E-07,0.000217364020500099,2.22280505113304E-05,
,,,-4.37025E-07,0.00055209206402651,-0.000145135971251875,
,,,-4.36825E-07,0.000719456085789716,2.22280505113304E-05,
,,,-4.36625E-07,-0.000117364023026312,2.22280505113304E-05,
,,,-4.36425E-07,0.000719456085789716,-0.000647228036541492,
,,,-4.36225E-07,0.000719456085789716,2.22280505113304E-05,
,,,-4.36025E-07,-0.000117364023026312,0.000859048159327358,
,,,-4.35825E-07,0.000384728042263305,-0.000312499993015081,
,,,-4.35625E-07,0.000384728042263305,-0.000145135971251875,
,,,-4.35425E-07,0.000217364020500099,0.000356956094037741,
,,,-4.35225E-07,-0.000284728044789517,-0.000312499993015081,
,,,-4.35025E-07,4.99999987368938E-05,-0.000479864014778286,
,,,-4.34825E-07,0.000217364020500099,-0.000647228036541492,
,,,-4.34625E-07,-0.000284728044789517,-0.000312499993015081,
,,,-4.34425E-07,0.00122154815107933,-0.000145135971251875,
,,,-4.34225E-07,0.000719456085789716,0.000356956094037741,
,,,-4.34025E-07,0.000719456085789716,0.000189592072274536,
,,,-4.33825E-07,0.000217364020500099,0.000189592072274536,
,,,-4.33625E-07,0.000384728042263305,0.000524320115800947,
,,,-4.33425E-07,0.00055209206402651,0.000189592072274536,
,,,-4.33225E-07,-0.000452092066552723,2.22280505113304E-05,
,,,-4.33025E-07,-0.000117364023026312,0.000189592072274536,
,,,-4.32825E-07,-0.000117364023026312,-0.000145135971251875,
,,,-4.32625E-07,0.00055209206402651,-0.000145135971251875,
,,,-4.32425E-07,0.000719456085789716,-0.000312499993015081,
,,,-4.32225E-07,0.00105418412931613,2.22280505113304E-05,
,,,-4.32025E-07,0.000886820107552921,0.000189592072274536,
,,,-4.31825E-07,0.00055209206402651,-0.000479864014778286,
,,,-4.31625E-07,0.000886820107552921,-0.000145135971251875,
,,,-4.31425E-07,0.000719456085789716,2.22280505113304E-05,
,,,-4.31225E-07,0.000217364020500099,2.22280505113304E-05,
,,,-4.31025E-07,0.000886820107552921,-0.000312499993015081,
,,,-4.30825E-07,0.00105418412931613,-0.000814592058304697,
,,,-4.30625E-07,0.000384728042263305,-0.000145135971251875,
,,,-4.30425E-07,-0.000117364023026312,-0.000145135971251875,
,,,-4.30225E-07,4.99999987368938E-05,2.22280505113304E-05,
,,,-4.30025E-07,0.000384728042263305,0.000524320115800947,
,,,-4.29825E-07,0.000217364020500099,-0.000145135971251875,
,,,-4.29625E-07,0.00105418412931613,2.22280505113304E-05,
,,,-4.29425E-07,0.000384728042263305,-0.000981956080067903,
,,,-4.29225E-07,0.00055209206402651,0.000189592072274536,
,,,-4.29025E-07,0.000384728042263305,-0.000145135971251875,
,,,-4.28825E-07,0.000719456085789716,2.22280505113304E-05,
,,,-4.28625E-07,4.99999987368938E-05,0.000691684137564152,
,,,-4.28425E-07,0.000217364020500099,-0.000647228036541492,
,,,-4.28225E-07,4.99999987368938E-05,-0.000312499993015081,
,,,-4.28025E-07,0.000217364020500099,0.000189592072274536,
,,,-4.27825E-07,-0.000284728044789517,-0.000479864014778286,
,,,-4.27625E-07,0.000217364020500099,2.22280505113304E-05,
,,,-4.27425E-07,0.000384728042263305,0.000524320115800947,
,,,-4.27225E-07,4.99999987368938E-05,0.000524320115800947,
,,,-4.27025E-07,-0.000452092066552723,-0.000145135971251875,
,,,-4.26825E-07,0.000384728042263305,-0.000145135971251875,
,,,-4.26625E-07,0.000719456085789716,-0.000479864014778286,
,,,-4.26425E-07,-0.000117364023026312,0.000189592072274536,
,,,-4.26225E-07,4.99999987368938E-05,-0.000479864014778286,
,,,-4.26025E-07,0.000886820107552921,0.000524320115800947,
,,,-4.25825E-07,0.00105418412931613,0.000691684137564152,
,,,-4.25625E-07,0.000384728042263305,-0.000145135971251875,
,,,-4.25425E-07,0.000384728042263305,-0.000479864014778286,
,,,-4.25225E-07,-0.000117364023026312,-0.000145135971251875,
,,,-4.25025E-07,-0.000117364023026312,0.000524320115800947,
,,,-4.24825E-07,0.000886820107552921,0.000189592072274536,
,,,-4.24625E-07,0.000886820107552921,2.22280505113304E-05,
,,,-4.24425E-07,0.000886820107552921,-0.000145135971251875,
,,,-4.24225E-07,0.000719456085789716,-0.000312499993015081,
,,,-4.24025E-07,4.99999987368938E-05,2.22280505113304E-05,
,,,-4.23825E-07,0.000217364020500099,2.22280505113304E-05,
,,,-4.23625E-07,4.99999987368938E-05,-0.000145135971251875,
,,,-4.23425E-07,0.000384728042263305,0.000356956094037741,
,,,-4.23225E-07,0.00055209206402651,0.000691684137564152,
,,,-4.23025E-07,0.000217364020500099,-0.000647228036541492,
,,,-4.22825E-07,0.00055209206402651,-0.000312499993015081,
,,,-4.22625E-07,0.000384728042263305,-0.000479864014778286,
,,,-4.22425E-07,0.000217364020500099,0.000189592072274536,
,,,-4.22225E-07,0.00055209206402651,2.22280505113304E-05,
,,,-4.22025E-07,0.000886820107552921,2.22280505113304E-05,
,,,-4.21825E-07,-0.000117364023026312,0.000356956094037741,
,,,-4.21625E-07,4.99999987368938E-05,0.000356956094037741,
,,,-4.21425E-07,0.000719456085789716,0.000356956094037741,
,,,-4.21225E-07,0.000719456085789716,0.000524320115800947,
,,,-4.21025E-07,0.000384728042263305,-0.000479864014778286,
,,,-4.20825E-07,0.000384728042263305,-0.000479864014778286,
,,,-4.20625E-07,0.000217364020500099,0.000189592072274536,
,,,-4.20425E-07,0.000384728042263305,0.000189592072274536,
,,,-4.20225E-07,0.000719456085789716,-0.000312499993015081,
,,,-4.20025E-07,4.99999987368938E-05,2.22280505113304E-05,
,,,-4.19825E-07,0.000719456085789716,0.000189592072274536,
,,,-4.19625E-07,0.000384728042263305,0.000524320115800947,
,,,-4.19425E-07,4.99999987368938E-05,-0.000312499993015081,
,,,-4.19225E-07,0.000217364020500099,-0.000145135971251875,
,,,-4.19025E-07,0.000217364020500099,-0.000312499993015081,
,,,-4.18825E-07,0.00055209206402651,-0.000312499993015081,
,,,-4.18625E-07,0.000384728042263305,2.22280505113304E-05,
,,,-4.18425E-07,0.00055209206402651,0.000356956094037741,
,,,-4.18225E-07,0.000384728042263305,0.000356956094037741,
,,,-4.18025E-07,0.00105418412931613,-0.000145135971251875,
,,,-4.17825E-07,4.99999987368938E-05,0.000356956094037741,
,,,-4.17625E-07,0.000217364020500099,0.00102641218109056,
,,,-4.17425E-07,0.000719456085789716,-0.000145135971251875,
,,,-4.17225E-07,4.99999987368938E-05,2.22280505113304E-05,
,,,-4.17025E-07,-0.000117364023026312,0.000189592072274536,
,,,-4.16825E-07,0.000217364020500099,-0.000312499993015081,
,,,-4.16625E-07,0.000384728042263305,-0.000145135971251875,
,,,-4.16425E-07,-0.000117364023026312,2.22280505113304E-05,
,,,-4.16225E-07,-0.000117364023026312,-0.000145135971251875,
,,,-4.16025E-07,4.99999987368938E-05,-0.000145135971251875,
,,,-4.15825E-07,4.99999987368938E-05,2.22280505113304E-05,
,,,-4.15625E-07,0.00055209206402651,-0.000145135971251875,
,,,-4.15425E-07,-0.000117364023026312,-0.000145135971251875,
,,,-4.15225E-07,4.99999987368938E-05,-0.000145135971251875,
,,,-4.15025E-07,-0.000284728044789517,0.000356956094037741,
,,,-4.14825E-07,0.000384728042263305,-0.000145135971251875,
,,,-4.14625E-07,0.00055209206402651,-0.000647228036541492,
,,,-4.14425E-07,-0.000452092066552723,-0.000479864014778286,
,,,-4.14225E-07,4.99999987368938E-05,0.000189592072274536,
,,,-4.14025E-07,0.000719456085789716,-0.000312499993015081,
,,,-4.13825E-07,4.99999987368938E-05,-0.000479864014778286,
,,,-4.13625E-07,0.00055209206402651,2.22280505113304E-05,
,,,-4.13425E-07,0.000217364020500099,-0.000479864014778286,
,,,-4.13225E-07,0.000384728042263305,-0.000312499993015081,
,,,-4.13025E-07,0.000719456085789716,-0.000312499993015081,
,,,-4.12825E-07,-0.000452092066552723,-0.000145135971251875,
,,,-4.12625E-07,-0.000452092066552723,2.22280505113304E-05,
,,,-4.12425E-07,4.99999987368938E-05,-0.000145135971251875,
,,,-4.12225E-07,0.00055209206402651,0.000189592072274536,
,,,-4.12025E-07,0.000217364020500099,-0.000145135971251875,
,,,-4.11825E-07,-0.000117364023026312,-0.000145135971251875,
,,,-4.11625E-07,0.000719456085789716,0.000189592072274536,
,,,-4.11425E-07,4.99999987368938E-05,-0.000479864014778286,
,,,-4.11225E-07,4.99999987368938E-05,0.000189592072274536,
,,,-4.11025E-07,0.00055209206402651,-0.000312499993015081,
,,,-4.10825E-07,0.000384728042263305,-0.000312499993015081,
,,,-4.10625E-07,4.99999987368938E-05,0.000189592072274536,
,,,-4.10425E-07,0.00055209206402651,0.000356956094037741,
,,,-4.10225E-07,4.99999987368938E-05,-0.000145135971251875,
,,,-4.10025E-07,-0.000284728044789517,-0.000479864014778286,
,,,-4.09825E-07,-0.000117364023026312,-0.000145135971251875,
,,,-4.09625E-07,0.000384728042263305,2.22280505113304E-05,
,,,-4.09425E-07,0.000384728042263305,0.000189592072274536,
,,,-4.09225E-07,0.000719456085789716,-0.000145135971251875,
,,,-4.09025E-07,4.99999987368938E-05,-0.000145135971251875,
,,,-4.08825E-07,-0.000117364023026312,-0.000145135971251875,
,,,-4.08625E-07,0.000719456085789716,0.000189592072274536,
,,,-4.08425E-07,4.99999987368938E-05,0.000189592072274536,
,,,-4.08225E-07,-0.000117364023026312,0.000356956094037741,
,,,-4.08025E-07,0.000719456085789716,0.000189592072274536,
,,,-4.07825E-07,-0.000117364023026312,0.000189592072274536,
,,,-4.07625E-07,-0.000284728044789517,2.22280505113304E-05,
,,,-4.07425E-07,-0.000117364023026312,-0.000647228036541492,
,,,-4.07225E-07,-0.000284728044789517,2.22280505113304E-05,
,,,-4.07025E-07,4.99999987368938E-05,0.000356956094037741,
,,,-4.06825E-07,0.000384728042263305,2.22280505113304E-05,
,,,-4.06625E-07,-0.000284728044789517,-0.000145135971251875,
,,,-4.06425E-07,-0.000284728044789517,0.000691684137564152,
,,,-4.06225E-07,0.000217364020500099,2.22280505113304E-05,
,,,-4.06025E-07,0.000217364020500099,-0.000814592058304697,
,,,-4.05825E-07,0.000384728042263305,-0.000479864014778286,
,,,-4.05625E-07,-0.000284728044789517,0.000356956094037741,
,,,-4.05425E-07,-0.000117364023026312,2.22280505113304E-05,
,,,-4.05225E-07,0.000886820107552921,-0.000981956080067903,
,,,-4.05025E-07,0.000384728042263305,0.000524320115800947,
,,,-4.04825E-07,0.000384728042263305,0.000356956094037741,
,,,-4.04625E-07,-0.000117364023026312,-0.000312499993015081,
,,,-4.04425E-07,-0.000284728044789517,-0.000647228036541492,
,,,-4.04225E-07,-0.000284728044789517,-0.000312499993015081,
,,,-4.04025E-07,0.000217364020500099,0.000356956094037741,
,,,-4.03825E-07,0.000384728042263305,2.22280505113304E-05,
,,,-4.03625E-07,0.000217364020500099,-0.000312499993015081,
,,,-4.03425E-07,-0.000284728044789517,0.000691684137564152,
,,,-4.03225E-07,-0.000284728044789517,-0.000145135971251875,
,,,-4.03025E-07,0.000217364020500099,-0.000312499993015081,
,,,-4.02825E-07,0.000719456085789716,-0.000312499993015081,
,,,-4.02625E-07,0.00055209206402651,0.000189592072274536,
,,,-4.02425E-07,0.000384728042263305,2.22280505113304E-05,
,,,-4.02225E-07,0.000384728042263305,-0.000312499993015081,
,,,-4.02025E-07,-0.000117364023026312,-0.000145135971251875,
,,,-4.01825E-07,0.00055209206402651,-0.000312499993015081,
,,,-4.01625E-07,0.00055209206402651,-0.000312499993015081,
,,,-4.01425E-07,4.99999987368938E-05,0.000189592072274536,
,,,-4.01225E-07,0.000217364020500099,-0.000312499993015081,
,,,-4.01025E-07,-0.000117364023026312,-0.000647228036541492,
,,,-4.00825E-07,-0.000117364023026312,-0.000479864014778286,
,,,-4.00625E-07,0.000886820107552921,-0.000145135971251875,
,,,-4.00425E-07,0.000384728042263305,-0.000145135971251875,
,,,-4.00225E-07,0.00055209206402651,2.22280505113304E-05,
,,,-4.00025E-07,0.00055209206402651,0.000189592072274536,
,,,-3.99825E-07,0.000384728042263305,-0.000312499993015081,
,,,-3.99625E-07,4.99999987368938E-05,-0.000647228036541492,
,,,-3.99425E-07,0.000384728042263305,-0.00114932010183111,
,,,-3.99225E-07,0.000384728042263305,0.000524320115800947,
,,,-3.99025E-07,0.00105418412931613,-0.000312499993015081,
,,,-3.98825E-07,4.99999987368938E-05,2.22280505113304E-05,
,,,-3.98625E-07,0.00055209206402651,0.000189592072274536,
,,,-3.98425E-07,-0.000284728044789517,2.22280505113304E-05,
,,,-3.98225E-07,-0.000117364023026312,2.22280505113304E-05,
,,,-3.98025E-07,4.99999987368938E-05,-0.000312499993015081,
,,,-3.97825E-07,0.000217364020500099,-0.000145135971251875,
,,,-3.97625E-07,-0.000117364023026312,0.000524320115800947,
,,,-3.97425E-07,4.99999987368938E-05,-0.000312499993015081,
,,,-3.97225E-07,4.99999987368938E-05,-0.000312499993015081,
,,,-3.97025E-07,0.00055209206402651,0.000189592072274536,
,,,-3.96825E-07,0.000384728042263305,0.000189592072274536,
,,,-3.96625E-07,-0.000117364023026312,2.22280505113304E-05,
,,,-3.96425E-07,0.000384728042263305,0.000524320115800947,
,,,-3.96225E-07,0.000217364020500099,0.000859048159327358,
,,,-3.96025E-07,-0.000284728044789517,2.22280505113304E-05,
,,,-3.95825E-07,0.000384728042263305,-0.000145135971251875,
,,,-3.95625E-07,0.000384728042263305,0.000189592072274536,
,,,-3.95425E-07,0.00055209206402651,-0.000647228036541492,
,,,-3.95225E-07,-0.000117364023026312,-0.000647228036541492,
,,,-3.95025E-07,0.000719456085789716,2.22280505113304E-05,
,,,-3.94825E-07,0.000886820107552921,0.000189592072274536,
,,,-3.94625E-07,0.000384728042263305,-0.000312499993015081,
,,,-3.94425E-07,0.000719456085789716,2.22280505113304E-05,
,,,-3.94225E-07,0.000719456085789716,-0.000647228036541492,
,,,-3.94025E-07,4.99999987368938E-05,0.000189592072274536,
,,,-3.93825E-07,0.000384728042263305,0.000189592072274536,
,,,-3.93625E-07,-0.000117364023026312,0.000524320115800947,
,,,-3.93425E-07,4.99999987368938E-05,-0.000479864014778286,
,,,-3.93225E-07,0.000217364020500099,-0.000145135971251875,
,,,-3.93025E-07,0.00055209206402651,0.000189592072274536,
,,,-3.92825E-07,0.000719456085789716,0.000189592072274536,
,,,-3.92625E-07,4.99999987368938E-05,-0.000647228036541492,
,,,-3.92425E-07,0.00055209206402651,-0.000145135971251875,
,,,-3.92225E-07,0.00055209206402651,2.22280505113304E-05,
,,,-3.92025E-07,0.000217364020500099,2.22280505113304E-05,
,,,-3.91825E-07,0.00055209206402651,-0.000479864014778286,
,,,-3.91625E-07,0.000886820107552921,2.22280505113304E-05,
,,,-3.91425E-07,-0.000117364023026312,-0.000312499993015081,
,,,-3.91225E-07,0.000384728042263305,-0.000145135971251875,
,,,-3.91025E-07,0.000384728042263305,2.22280505113304E-05,
,,,-3.90825E-07,0.00055209206402651,-0.000312499993015081,
,,,-3.90625E-07,0.000217364020500099,-0.000145135971251875,
,,,-3.90425E-07,-0.000117364023026312,-0.000145135971251875,
,,,-3.90225E-07,-0.000117364023026312,-0.000312499993015081,
,,,-3.90025E-07,0.000217364020500099,0.000859048159327358,
,,,-3.89825E-07,0.000384728042263305,-0.000647228036541492,
,,,-3.89625E-07,0.000217364020500099,-0.000981956080067903,
,,,-3.89425E-07,4.99999987368938E-05,0.000691684137564152,
,,,-3.89225E-07,0.00055209206402651,0.000189592072274536,
,,,-3.89025E-07,0.000217364020500099,-0.000145135971251875,
,,,-3.88825E-07,0.000384728042263305,-0.000145135971251875,
,,,-3.88625E-07,0.00105418412931613,0.000189592072274536,
,,,-3.88425E-07,-0.000117364023026312,0.000524320115800947,
,,,-3.88225E-07,4.99999987368938E-05,-0.000312499993015081,
,,,-3.88025E-07,0.00055209206402651,0.000189592072274536,
,,,-3.87825E-07,0.00055209206402651,-0.000312499993015081,
,,,-3.87625E-07,0.00105418412931613,0.000356956094037741,
,,,-3.87425E-07,0.000719456085789716,-0.000814592058304697,
,,,-3.87225E-07,-0.000117364023026312,-0.000312499993015081,
,,,-3.87025E-07,-0.000117364023026312,2.22280505113304E-05,
,,,-3.86825E-07,4.99999987368938E-05,2.22280505113304E-05,
,,,-3.86625E-07,-0.000619456088315928,-0.00114932010183111,
,,,-3.86425E-07,0.000384728042263305,0.000189592072274536,
,,,-3.86225E-07,0.000719456085789716,0.000524320115800947,
,,,-3.86025E-07,0.000384728042263305,0.000189592072274536,
,,,-3.85825E-07,0.000719456085789716,0.000189592072274536,
,,,-3.85625E-07,0.000217364020500099,-0.000145135971251875,
,,,-3.85425E-07,-0.000619456088315928,2.22280505113304E-05,
,,,-3.85225E-07,4.99999987368938E-05,-0.000479864014778286,
,,,-3.85025E-07,0.000217364020500099,-0.000479864014778286,
,,,-3.84825E-07,-0.000117364023026312,0.000189592072274536,
,,,-3.84625E-07,0.00105418412931613,-0.000312499993015081,
,,,-3.84425E-07,0.000384728042263305,-0.000647228036541492,
,,,-3.84225E-07,0.000217364020500099,-0.000312499993015081,
,,,-3.84025E-07,0.00055209206402651,-0.000814592058304697,
,,,-3.83825E-07,0.00055209206402651,0.000356956094037741,
,,,-3.83625E-07,0.00055209206402651,-0.000479864014778286,
,,,-3.83425E-07,0.000719456085789716,-0.000312499993015081,
,,,-3.83225E-07,0.00105418412931613,-0.000647228036541492,
,,,-3.83025E-07,-0.000117364023026312,2.22280505113304E-05,
,,,-3.82825E-07,0.000384728042263305,2.22280505113304E-05,
,,,-3.82625E-07,0.000384728042263305,-0.000479864014778286,
,,,-3.82425E-07,0.000217364020500099,-0.000145135971251875,
,,,-3.82225E-07,-0.000117364023026312,-0.000479864014778286,
,,,-3.82025E-07,4.99999987368938E-05,-0.000145135971251875,
,,,-3.81825E-07,0.000217364020500099,-0.000145135971251875,
,,,-3.81625E-07,0.000886820107552921,0.000189592072274536,
,,,-3.81425E-07,0.000217364020500099,0.000356956094037741,
,,,-3.81225E-07,0.000217364020500099,-0.000479864014778286,
,,,-3.81025E-07,-0.000117364023026312,-0.000647228036541492,
,,,-3.80825E-07,0.000384728042263305,0.000189592072274536,
,,,-3.80625E-07,-0.000117364023026312,2.22280505113304E-05,
,,,-3.80425E-07,-0.000619456088315928,-0.000479864014778286,
,,,-3.80225E-07,0.000719456085789716,0.000189592072274536,
,,,-3.80025E-07,0.000886820107552921,2.22280505113304E-05,
,,,-3.79825E-07,0.000886820107552921,2.22280505113304E-05,
,,,-3.79625E-07,0.000384728042263305,0.000356956094037741,
,,,-3.79425E-07,0.000217364020500099,2.22280505113304E-05,
,,,-3.79225E-07,-0.000284728044789517,-0.000647228036541492,
,,,-3.79025E-07,4.99999987368938E-05,2.22280505113304E-05,
,,,-3.78825E-07,4.99999987368938E-05,0.000189592072274536,
,,,-3.78625E-07,0.000217364020500099,2.22280505113304E-05,
,,,-3.78425E-07,0.000217364020500099,0.000356956094037741,
,,,-3.78225E-07,0.000384728042263305,2.22280505113304E-05,
,,,-3.78025E-07,-0.000452092066552723,0.000189592072274536,
,,,-3.77825E-07,0.00055209206402651,-0.000647228036541492,
,,,-3.77625E-07,0.000886820107552921,2.22280505113304E-05,
,,,-3.77425E-07,0.000217364020500099,0.000189592072274536,
,,,-3.77225E-07,0.000384728042263305,-0.000312499993015081,
,,,-3.77025E-07,0.00055209206402651,0.000189592072274536,
,,,-3.76825E-07,0.00055209206402651,2.22280505113304E-05,
,,,-3.76625E-07,-0.000117364023026312,-0.000479864014778286,
,,,-3.76425E-07,-0.000284728044789517,-0.000312499993015081,
,,,-3.76225E-07,0.000384728042263305,-0.000312499993015081,
,,,-3.76025E-07,0.000384728042263305,-0.000145135971251875,
,,,-3.75825E-07,0.000719456085789716,0.000189592072274536,
,,,-3.75625E-07,0.000217364020500099,-0.000312499993015081,
,,,-3.75425E-07,0.000217364020500099,2.22280505113304E-05,
,,,-3.75225E-07,0.000719456085789716,-0.000981956080067903,
,,,-3.75025E-07,0.000384728042263305,2.22280505113304E-05,
,,,-3.74825E-07,-0.000284728044789517,-0.000647228036541492,
,,,-3.74625E-07,4.99999987368938E-05,-0.000479864014778286,
,,,-3.74425E-07,0.000217364020500099,2.22280505113304E-05,
,,,-3.74225E-07,-0.000117364023026312,2.22280505113304E-05,
,,,-3.74025E-07,0.000217364020500099,-0.000814592058304697,
,,,-3.73825E-07,0.000886820107552921,-0.000814592058304697,
,,,-3.73625E-07,0.000217364020500099,-0.000312499993015081,
,,,-3.73425E-07,-0.000117364023026312,-0.000145135971251875,
,,,-3.73225E-07,0.000217364020500099,-0.000145135971251875,
,,,-3.73025E-07,0.000384728042263305,-0.000479864014778286,
,,,-3.72825E-07,0.000217364020500099,-0.000145135971251875,
,,,-3.72625E-07,-0.000284728044789517,0.000356956094037741,
,,,-3.72425E-07,4.99999987368938E-05,0.000691684137564152,
,,,-3.72225E-07,4.99999987368938E-05,2.22280505113304E-05,
,,,-3.72025E-07,0.000217364020500099,2.22280505113304E-05,
,,,-3.71825E-07,0.000384728042263305,-0.000312499993015081,
,,,-3.71625E-07,0.000217364020500099,0.000356956094037741,
,,,-3.71425E-07,4.99999987368938E-05,0.000524320115800947,
,,,-3.71225E-07,0.000217364020500099,0.000189592072274536,
,,,-3.71025E-07,0.00055209206402651,-0.000145135971251875,
,,,-3.70825E-07,0.000719456085789716,0.000524320115800947,
,,,-3.70625E-07,0.000384728042263305,2.22280505113304E-05,
,,,-3.70425E-07,0.000886820107552921,2.22280505113304E-05,
,,,-3.70225E-07,0.000217364020500099,-0.000312499993015081,
,,,-3.70025E-07,0.00055209206402651,0.000356956094037741,
,,,-3.69825E-07,0.000384728042263305,0.000524320115800947,
,,,-3.69625E-07,0.000886820107552921,-0.000647228036541492,
,,,-3.69425E-07,0.000719456085789716,2.22280505113304E-05,
,,,-3.69225E-07,0.00055209206402651,0.000356956094037741,
,,,-3.69025E-07,-0.000619456088315928,0.000356956094037741,
,,,-3.68825E-07,-0.000117364023026312,-0.000479864014778286,
,,,-3.68625E-07,0.00105418412931613,-0.000479864014778286,
,,,-3.68425E-07,0.000217364020500099,2.22280505113304E-05,
,,,-3.68225E-07,4.99999987368938E-05,-0.000312499993015081,
,,,-3.68025E-07,-0.000117364023026312,-0.000145135971251875,
,,,-3.67825E-07,-0.000117364023026312,-0.000479864014778286,
,,,-3.67625E-07,4.99999987368938E-05,2.22280505113304E-05,
,,,-3.67425E-07,4.99999987368938E-05,0.000356956094037741,
,,,-3.67225E-07,0.000217364020500099,0.000189592072274536,
,,,-3.67025E-07,0.000384728042263305,0.000524320115800947,
,,,-3.66825E-07,4.99999987368938E-05,0.000189592072274536,
,,,-3.66625E-07,0.000384728042263305,0.000189592072274536,
,,,-3.66425E-07,-0.000117364023026312,0.000356956094037741,
,,,-3.66225E-07,4.99999987368938E-05,2.22280505113304E-05,
,,,-3.66025E-07,0.000217364020500099,-0.000647228036541492,
,,,-3.65825E-07,0.00055209206402651,-0.000145135971251875,
,,,-3.65625E-07,0.00055209206402651,2.22280505113304E-05,
,,,-3.65425E-07,0.000384728042263305,-0.000145135971251875,
,,,-3.65225E-07,0.000217364020500099,0.000524320115800947,
,,,-3.65025E-07,0.00105418412931613,0.000524320115800947,
,,,-3.64825E-07,0.000384728042263305,-0.000312499993015081,
,,,-3.64625E-07,4.99999987368938E-05,2.22280505113304E-05,
,,,-3.64425E-07,0.00055209206402651,0.00102641218109056,
,,,-3.64225E-07,0.000719456085789716,2.22280505113304E-05,
,,,-3.64025E-07,0.000217364020500099,2.22280505113304E-05,
,,,-3.63825E-07,0.000217364020500099,0.000691684137564152,
,,,-3.63625E-07,0.00055209206402651,0.000691684137564152,
,,,-3.63425E-07,0.000886820107552921,-0.000647228036541492,
,,,-3.63225E-07,0.00055209206402651,-0.000312499993015081,
,,,-3.63025E-07,4.99999987368938E-05,0.000189592072274536,
,,,-3.62825E-07,0.00055209206402651,-0.000479864014778286,
,,,-3.62625E-07,0.000384728042263305,-0.000145135971251875,
,,,-3.62425E-07,0.000719456085789716,0.000524320115800947,
,,,-3.62225E-07,-0.000117364023026312,0.000189592072274536,
,,,-3.62025E-07,-0.000117364023026312,-0.000479864014778286,
,,,-3.61825E-07,0.000384728042263305,-0.000145135971251875,
,,,-3.61625E-07,4.99999987368938E-05,0.000691684137564152,
,,,-3.61425E-07,4.99999987368938E-05,-0.000312499993015081,
,,,-3.61225E-07,0.000217364020500099,-0.000647228036541492,
,,,-3.61025E-07,4.99999987368938E-05,-0.000479864014778286,
,,,-3.60825E-07,-0.000284728044789517,2.22280505113304E-05,
,,,-3.60625E-07,0.000217364020500099,0.000189592072274536,
,,,-3.60425E-07,4.99999987368938E-05,-0.000312499993015081,
,,,-3.60225E-07,-0.000284728044789517,-0.000145135971251875,
,,,-3.60025E-07,-0.000452092066552723,2.22280505113304E-05,
,,,-3.59825E-07,0.000384728042263305,0.000356956094037741,
,,,-3.59625E-07,0.00055209206402651,0.000524320115800947,
,,,-3.59425E-07,-0.000117364023026312,-0.000312499993015081,
,,,-3.59225E-07,0.000384728042263305,0.00102641218109056,
,,,-3.59025E-07,-0.000452092066552723,2.22280505113304E-05,
,,,-3.58825E-07,-0.000117364023026312,-0.000814592058304697,
,,,-3.58625E-07,0.000217364020500099,-0.000145135971251875,
,,,-3.58425E-07,-0.000117364023026312,2.22280505113304E-05,
,,,-3.58225E-07,-0.000117364023026312,-0.000145135971251875,
,,,-3.58025E-07,0.000384728042263305,0.000524320115800947,
,,,-3.57825E-07,-0.000284728044789517,2.22280505113304E-05,
,,,-3.57625E-07,4.99999987368938E-05,-0.000814592058304697,
,,,-3.57425E-07,0.00055209206402651,0.000356956094037741,
,,,-3.57225E-07,4.99999987368938E-05,0.000524320115800947,
,,,-3.57025E-07,0.000384728042263305,0.000189592072274536,
,,,-3.56825E-07,0.000217364020500099,-0.000145135971251875,
,,,-3.56625E-07,0.000384728042263305,0.000189592072274536,
,,,-3.56425E-07,0.000217364020500099,-0.000145135971251875,
,,,-3.56225E-07,4.99999987368938E-05,-0.000145135971251875,
,,,-3.56025E-07,4.99999987368938E-05,0.000189592072274536,
,,,-3.55825E-07,0.000217364020500099,2.22280505113304E-05,
,,,-3.55625E-07,-0.000786820110079134,2.22280505113304E-05,
,,,-3.55425E-07,0.000384728042263305,-0.000312499993015081,
,,,-3.55225E-07,0.000217364020500099,0.000356956094037741,
,,,-3.55025E-07,0.000384728042263305,2.22280505113304E-05,
,,,-3.54825E-07,0.000217364020500099,-0.000479864014778286,
,,,-3.54625E-07,4.99999987368938E-05,-0.000145135971251875,
,,,-3.54425E-07,4.99999987368938E-05,2.22280505113304E-05,
,,,-3.54225E-07,0.00055209206402651,-0.000312499993015081,
,,,-3.54025E-07,0.000719456085789716,-0.000647228036541492,
,,,-3.53825E-07,4.99999987368938E-05,0.000691684137564152,
,,,-3.53625E-07,4.99999987368938E-05,2.22280505113304E-05,
,,,-3.53425E-07,0.000384728042263305,2.22280505113304E-05,
,,,-3.53225E-07,-0.000117364023026312,-0.000312499993015081,
,,,-3.53025E-07,0.000217364020500099,-0.000479864014778286,
,,,-3.52825E-07,0.00055209206402651,-0.000145135971251875,
,,,-3.52625E-07,0.000217364020500099,-0.000312499993015081,
,,,-3.52425E-07,-0.000284728044789517,-0.000145135971251875,
,,,-3.52225E-07,0.000217364020500099,-0.000145135971251875,
,,,-3.52025E-07,0.000719456085789716,-0.000145135971251875,
,,,-3.51825E-07,0.000719456085789716,-0.000312499993015081,
,,,-3.51625E-07,0.000217364020500099,0.000356956094037741,
,,,-3.51425E-07,0.000217364020500099,2.22280505113304E-05,
,,,-3.51225E-07,4.99999987368938E-05,-0.000479864014778286,
,,,-3.51025E-07,-0.000284728044789517,-0.000312499993015081,
,,,-3.50825E-07,4.99999987368938E-05,0.000524320115800947,
,,,-3.50625E-07,0.00055209206402651,2.22280505113304E-05,
,,,-3.50425E-07,0.000384728042263305,0.000356956094037741,
,,,-3.50225E-07,0.00055209206402651,-0.000312499993015081,
,,,-3.50025E-07,4.99999987368938E-05,-0.000814592058304697,
,,,-3.49825E-07,0.000217364020500099,0.000356956094037741,
,,,-3.49625E-07,0.000217364020500099,2.22280505113304E-05,
,,,-3.49425E-07,0.00055209206402651,-0.000647228036541492,
,,,-3.49225E-07,0.000719456085789716,-0.000312499993015081,
,,,-3.49025E-07,4.99999987368938E-05,0.000356956094037741,
,,,-3.48825E-07,-0.000284728044789517,-0.000145135971251875,
,,,-3.48625E-07,0.000217364020500099,-0.000479864014778286,
,,,-3.48425E-07,-0.000452092066552723,-0.000479864014778286,
,,,-3.48225E-07,0.000217364020500099,-0.000145135971251875,
,,,-3.48025E-07,4.99999987368938E-05,-0.000145135971251875,
,,,-3.47825E-07,0.000384728042263305,-0.000647228036541492,
,,,-3.47625E-07,0.00055209206402651,-0.000145135971251875,
,,,-3.47425E-07,0.00055209206402651,-0.000145135971251875,
,,,-3.47225E-07,-0.000117364023026312,-0.000312499993015081,
,,,-3.47025E-07,0.000384728042263305,-0.000145135971251875,
,,,-3.46825E-07,4.99999987368938E-05,-0.000479864014778286,
,,,-3.46625E-07,0.000217364020500099,-0.000981956080067903,
,,,-3.46425E-07,0.000217364020500099,-0.000479864014778286,
,,,-3.46225E-07,-0.000284728044789517,0.000356956094037741,
,,,-3.46025E-07,-0.000117364023026312,2.22280505113304E-05,
,,,-3.45825E-07,0.000384728042263305,-0.000479864014778286,
,,,-3.45625E-07,4.99999987368938E-05,2.22280505113304E-05,
,,,-3.45425E-07,0.000217364020500099,0.000189592072274536,
,,,-3.45225E-07,0.000217364020500099,0.000356956094037741,
,,,-3.45025E-07,0.000217364020500099,0.000524320115800947,
,,,-3.44825E-07,0.000886820107552921,0.000189592072274536,
,,,-3.44625E-07,-0.000117364023026312,-0.000479864014778286,
,,,-3.44425E-07,0.000384728042263305,2.22280505113304E-05,
,,,-3.44225E-07,0.000886820107552921,-0.000479864014778286,
,,,-3.44025E-07,-0.000284728044789517,-0.000145135971251875,
,,,-3.43825E-07,-0.000452092066552723,2.22280505113304E-05,
,,,-3.43625E-07,4.99999987368938E-05,-0.000312499993015081,
,,,-3.43425E-07,-0.000117364023026312,0.000189592072274536,
,,,-3.43225E-07,-0.000452092066552723,0.000356956094037741,
,,,-3.43025E-07,4.99999987368938E-05,0.000691684137564152,
,,,-3.42825E-07,4.99999987368938E-05,2.22280505113304E-05,
,,,-3.42625E-07,0.000217364020500099,-0.000145135971251875,
,,,-3.42425E-07,0.00055209206402651,-0.000312499993015081,
,,,-3.42225E-07,0.000217364020500099,2.22280505113304E-05,
,,,-3.42025E-07,0.000384728042263305,2.22280505113304E-05,
,,,-3.41825E-07,0.000719456085789716,-0.000312499993015081,
,,,-3.41625E-07,-0.000619456088315928,0.000189592072274536,
,,,-3.41425E-07,-0.000117364023026312,2.22280505113304E-05,
,,,-3.41225E-07,-0.000117364023026312,2.22280505113304E-05,
,,,-3.41025E-07,-0.000117364023026312,2.22280505113304E-05,
,,,-3.40825E-07,0.000384728042263305,0.000356956094037741,
,,,-3.40625E-07,0.00055209206402651,-0.000312499993015081,
,,,-3.40425E-07,0.000719456085789716,-0.000145135971251875,
,,,-3.40225E-07,0.000217364020500099,0.000524320115800947,
,,,-3.40025E-07,-0.000117364023026312,0.000189592072274536,
,,,-3.39825E-07,-0.000117364023026312,-0.000145135971251875,
,,,-3.39625E-07,-0.000284728044789517,0.000356956094037741,
,,,-3.39425E-07,4.99999987368938E-05,-0.000312499993015081,
,,,-3.39225E-07,0.00055209206402651,2.22280505113304E-05,
,,,-3.39025E-07,4.99999987368938E-05,-0.000479864014778286,
,,,-3.38825E-07,0.000719456085789716,2.22280505113304E-05,
,,,-3.38625E-07,4.99999987368938E-05,0.000189592072274536,
,,,-3.38425E-07,-0.000117364023026312,0.000189592072274536,
,,,-3.38225E-07,0.000217364020500099,0.000356956094037741,
,,,-3.38025E-07,-0.000452092066552723,0.000189592072274536,
,,,-3.37825E-07,-0.000117364023026312,-0.000647228036541492,
,,,-3.37625E-07,0.000719456085789716,0.000524320115800947,
,,,-3.37425E-07,4.99999987368938E-05,0.00119377620285377,
,,,-3.37225E-07,-0.000117364023026312,-0.000312499993015081,
,,,-3.37025E-07,-0.000117364023026312,-0.000312499993015081,
,,,-3.36825E-07,-0.000786820110079134,0.000189592072274536,
,,,-3.36625E-07,0.000217364020500099,0.000356956094037741,
,,,-3.36425E-07,0.000384728042263305,0.000524320115800947,
,,,-3.36225E-07,0.000384728042263305,2.22280505113304E-05,
,,,-3.36025E-07,4.99999987368938E-05,0.000691684137564152,
,,,-3.35825E-07,0.000384728042263305,0.000189592072274536,
,,,-3.35625E-07,0.00055209206402651,0.000524320115800947,
,,,-3.35425E-07,0.000217364020500099,-0.000312499993015081,
,,,-3.35225E-07,0.00055209206402651,0.000189592072274536,
,,,-3.35025E-07,0.00055209206402651,0.000524320115800947,
,,,-3.34825E-07,0.000719456085789716,-0.000479864014778286,
,,,-3.34625E-07,0.000384728042263305,2.22280505113304E-05,
,,,-3.34425E-07,0.000384728042263305,0.000524320115800947,
,,,-3.34225E-07,-0.000117364023026312,0.000691684137564152,
,,,-3.34025E-07,-0.000117364023026312,-0.000479864014778286,
,,,-3.33825E-07,0.00055209206402651,-0.000312499993015081,
,,,-3.33625E-07,0.000217364020500099,0.000189592072274536,
,,,-3.33425E-07,-0.000117364023026312,-0.000312499993015081,
,,,-3.33225E-07,0.000384728042263305,-0.000145135971251875,
,,,-3.33025E-07,0.00055209206402651,0.000691684137564152,
,,,-3.32825E-07,-0.000284728044789517,2.22280505113304E-05,
,,,-3.32625E-07,0.000217364020500099,-0.000479864014778286,
,,,-3.32425E-07,0.000719456085789716,0.000189592072274536,
,,,-3.32225E-07,0.000384728042263305,-0.000312499993015081,
,,,-3.32025E-07,0.000886820107552921,2.22280505113304E-05,
,,,-3.31825E-07,0.00055209206402651,0.000859048159327358,
,,,-3.31625E-07,0.000384728042263305,2.22280505113304E-05,
,,,-3.31425E-07,-0.000284728044789517,0.000356956094037741,
,,,-3.31225E-07,0.000719456085789716,0.000524320115800947,
,,,-3.31025E-07,0.000384728042263305,0.000356956094037741,
,,,-3.30825E-07,0.00055209206402651,2.22280505113304E-05,
,,,-3.30625E-07,4.99999987368938E-05,2.22280505113304E-05,
,,,-3.30425E-07,0.000384728042263305,2.22280505113304E-05,
,,,-3.30225E-07,4.99999987368938E-05,-0.000145135971251875,
,,,-3.30025E-07,0.000217364020500099,-0.000145135971251875,
,,,-3.29825E-07,4.99999987368938E-05,-0.000145135971251875,
,,,-3.29625E-07,4.99999987368938E-05,2.22280505113304E-05,
,,,-3.29425E-07,0.00055209206402651,2.22280505113304E-05,
,,,-3.29225E-07,4.99999987368938E-05,2.22280505113304E-05,
,,,-3.29025E-07,-0.000117364023026312,2.22280505113304E-05,
,,,-3.28825E-07,0.000384728042263305,2.22280505113304E-05,
,,,-3.28625E-07,0.000217364020500099,2.22280505113304E-05,
,,,-3.28425E-07,0.000217364020500099,0.000189592072274536,
,,,-3.28225E-07,0.000719456085789716,0.000524320115800947,
,,,-3.28025E-07,-0.000117364023026312,0.000189592072274536,
,,,-3.27825E-07,-0.000452092066552723,-0.000312499993015081,
,,,-3.27625E-07,-0.000619456088315928,2.22280505113304E-05,
,,,-3.27425E-07,-0.000117364023026312,2.22280505113304E-05,
,,,-3.27225E-07,-0.000284728044789517,0.000189592072274536,
,,,-3.27025E-07,-0.000452092066552723,2.22280505113304E-05,
,,,-3.26825E-07,4.99999987368938E-05,0.000356956094037741,
,,,-3.26625E-07,-0.000117364023026312,0.000356956094037741,
,,,-3.26425E-07,-0.000284728044789517,0.000524320115800947,
,,,-3.26225E-07,-0.000117364023026312,2.22280505113304E-05,
,,,-3.26025E-07,4.99999987368938E-05,-0.000145135971251875,
,,,-3.25825E-07,-0.000117364023026312,0.000691684137564152,
,,,-3.25625E-07,0.000217364020500099,0.000859048159327358,
,,,-3.25425E-07,-0.000452092066552723,2.22280505113304E-05,
,,,-3.25225E-07,0.000886820107552921,0.000524320115800947,
,,,-3.25025E-07,0.000719456085789716,-0.000145135971251875,
,,,-3.24825E-07,-0.000117364023026312,0.000356956094037741,
,,,-3.24625E-07,4.99999987368938E-05,-0.000312499993015081,
,,,-3.24425E-07,0.000384728042263305,2.22280505113304E-05,
,,,-3.24225E-07,4.99999987368938E-05,2.22280505113304E-05,
,,,-3.24025E-07,-0.000452092066552723,0.000189592072274536,
,,,-3.23825E-07,-0.000284728044789517,-0.000145135971251875,
,,,-3.23625E-07,4.99999987368938E-05,-0.000312499993015081,
,,,-3.23425E-07,-0.000284728044789517,2.22280505113304E-05,
,,,-3.23225E-07,0.000384728042263305,-0.000312499993015081,
,,,-3.23025E-07,-0.000117364023026312,-0.000145135971251875,
,,,-3.22825E-07,-0.000117364023026312,0.000356956094037741,
,,,-3.22625E-07,-0.000619456088315928,-0.000145135971251875,
,,,-3.22425E-07,4.99999987368938E-05,0.000356956094037741,
,,,-3.22225E-07,-0.000284728044789517,2.22280505113304E-05,
,,,-3.22025E-07,0.000217364020500099,0.000189592072274536,
,,,-3.21825E-07,4.99999987368938E-05,0.000859048159327358,
,,,-3.21625E-07,-0.000284728044789517,0.000356956094037741,
,,,-3.21425E-07,-0.000117364023026312,0.000189592072274536,
,,,-3.21225E-07,-0.000284728044789517,0.000524320115800947,
,,,-3.21025E-07,-0.000284728044789517,-0.000312499993015081,
,,,-3.20825E-07,0.000217364020500099,2.22280505113304E-05,
,,,-3.20625E-07,0.00055209206402651,2.22280505113304E-05,
,,,-3.20425E-07,0.000384728042263305,0.000859048159327358,
,,,-3.20225E-07,-0.000117364023026312,0.000356956094037741,
,,,-3.20025E-07,0.000217364020500099,-0.000312499993015081,
,,,-3.19825E-07,-0.000284728044789517,0.000356956094037741,
,,,-3.19625E-07,-0.000452092066552723,2.22280505113304E-05,
,,,-3.19425E-07,4.99999987368938E-05,-0.000312499993015081,
,,,-3.19225E-07,0.000217364020500099,0.000189592072274536,
,,,-3.19025E-07,4.99999987368938E-05,2.22280505113304E-05,
,,,-3.18825E-07,4.99999987368938E-05,-0.000145135971251875,
,,,-3.18625E-07,0.000217364020500099,0.000356956094037741,
,,,-3.18425E-07,0.00105418412931613,-0.000145135971251875,
,,,-3.18225E-07,0.000384728042263305,-0.000312499993015081,
,,,-3.18025E-07,-0.000117364023026312,0.000189592072274536,
,,,-3.17825E-07,0.00055209206402651,-0.000145135971251875,
,,,-3.17625E-07,0.000384728042263305,-0.000479864014778286,
,,,-3.17425E-07,0.000217364020500099,0.000691684137564152,
,,,-3.17225E-07,-0.000452092066552723,0.000524320115800947,
,,,-3.17025E-07,-0.000117364023026312,-0.000312499993015081,
,,,-3.16825E-07,0.000384728042263305,2.22280505113304E-05,
,,,-3.16625E-07,-0.000117364023026312,2.22280505113304E-05,
,,,-3.16425E-07,-0.000117364023026312,0.000189592072274536,
,,,-3.16225E-07,0.000217364020500099,0.000189592072274536,
,,,-3.16025E-07,-0.000117364023026312,0.000356956094037741,
,,,-3.15825E-07,4.99999987368938E-05,-0.000145135971251875,
,,,-3.15625E-07,0.000719456085789716,-0.000312499993015081,
,,,-3.15425E-07,4.99999987368938E-05,-0.000145135971251875,
,,,-3.15225E-07,-0.000786820110079134,2.22280505113304E-05,
,,,-3.15025E-07,-0.000954184131842339,2.22280505113304E-05,
,,,-3.14825E-07,4.99999987368938E-05,0.000189592072274536,
,,,-3.14625E-07,-0.000452092066552723,2.22280505113304E-05,
,,,-3.14425E-07,0.000217364020500099,-0.000145135971251875,
,,,-3.14225E-07,-0.000284728044789517,2.22280505113304E-05,
,,,-3.14025E-07,0.000217364020500099,2.22280505113304E-05,
,,,-3.13825E-07,4.99999987368938E-05,2.22280505113304E-05,
,,,-3.13625E-07,-0.000117364023026312,-0.000145135971251875,
,,,-3.13425E-07,0.000217364020500099,0.000691684137564152,
,,,-3.13225E-07,0.000384728042263305,2.22280505113304E-05,
,,,-3.13025E-07,-0.000284728044789517,-0.000145135971251875,
,,,-3.12825E-07,-0.000284728044789517,-0.000312499993015081,
,,,-3.12625E-07,-0.000786820110079134,-0.000145135971251875,
,,,-3.12425E-07,-0.000117364023026312,0.000356956094037741,
,,,-3.12225E-07,-0.000117364023026312,0.000189592072274536,
,,,-3.12025E-07,-0.000117364023026312,0.000356956094037741,
,,,-3.11825E-07,4.99999987368938E-05,-0.000145135971251875,
,,,-3.11625E-07,4.99999987368938E-05,-0.000479864014778286,
,,,-3.11425E-07,0.000384728042263305,-0.000479864014778286,
,,,-3.11225E-07,-0.000452092066552723,0.000189592072274536,
,,,-3.11025E-07,4.99999987368938E-05,0.000524320115800947,
,,,-3.10825E-07,-0.000117364023026312,2.22280505113304E-05,
,,,-3.10625E-07,-0.000117364023026312,2.22280505113304E-05,
,,,-3.10425E-07,0.000217364020500099,-0.000312499993015081,
,,,-3.10225E-07,-0.000452092066552723,-0.000145135971251875,
,,,-3.10025E-07,4.99999987368938E-05,2.22280505113304E-05,
,,,-3.09825E-07,-0.000284728044789517,-0.000312499993015081,
,,,-3.09625E-07,-0.000117364023026312,2.22280505113304E-05,
,,,-3.09425E-07,0.000384728042263305,-0.000145135971251875,
,,,-3.09225E-07,4.99999987368938E-05,2.22280505113304E-05,
,,,-3.09025E-07,-0.000117364023026312,-0.000479864014778286,
,,,-3.08825E-07,-0.000452092066552723,-0.000647228036541492,
,,,-3.08625E-07,-0.000284728044789517,-0.000479864014778286,
,,,-3.08425E-07,-0.000117364023026312,-0.000312499993015081,
,,,-3.08225E-07,4.99999987368938E-05,-0.000145135971251875,
,,,-3.08025E-07,4.99999987368938E-05,-0.000145135971251875,
,,,-3.07825E-07,4.99999987368938E-05,2.22280505113304E-05,
,,,-3.07625E-07,0.000217364020500099,-0.000145135971251875,
,,,-3.07425E-07,4.99999987368938E-05,0.000189592072274536,
,,,-3.07225E-07,0.000384728042263305,-0.000981956080067903,
,,,-3.07025E-07,0.000384728042263305,0.000356956094037741,
,,,-3.06825E-07,4.99999987368938E-05,0.000524320115800947,
,,,-3.06625E-07,-0.000786820110079134,2.22280505113304E-05,
,,,-3.06425E-07,0.000384728042263305,0.000524320115800947,
,,,-3.06225E-07,0.000217364020500099,2.22280505113304E-05,
,,,-3.06025E-07,4.99999987368938E-05,0.000189592072274536,
,,,-3.05825E-07,0.000217364020500099,2.22280505113304E-05,
,,,-3.05625E-07,4.99999987368938E-05,-0.000145135971251875,
,,,-3.05425E-07,0.000217364020500099,0.000356956094037741,
,,,-3.05225E-07,-0.000284728044789517,0.000356956094037741,
,,,-3.05025E-07,-0.000117364023026312,2.22280505113304E-05,
,,,-3.04825E-07,-0.000117364023026312,2.22280505113304E-05,
,,,-3.04625E-07,4.99999987368938E-05,0.000691684137564152,
,,,-3.04425E-07,-0.000284728044789517,0.000356956094037741,
,,,-3.04225E-07,-0.000452092066552723,-0.000312499993015081,
,,,-3.04025E-07,-0.000117364023026312,0.000691684137564152,
,,,-3.03825E-07,0.000719456085789716,-0.000145135971251875,
,,,-3.03625E-07,0.000384728042263305,-0.000145135971251875,
,,,-3.03425E-07,0.000217364020500099,0.000524320115800947,
,,,-3.03225E-07,-0.000117364023026312,0.000524320115800947,
,,,-3.03025E-07,-0.000117364023026312,-0.000312499993015081,
,,,-3.02825E-07,0.000384728042263305,-0.000312499993015081,
,,,-3.02625E-07,4.99999987368938E-05,0.000189592072274536,
,,,-3.02425E-07,-0.000452092066552723,2.22280505113304E-05,
,,,-3.02225E-07,4.99999987368938E-05,-0.000312499993015081,
,,,-3.02025E-07,4.99999987368938E-05,-0.000312499993015081,
,,,-3.01825E-07,4.99999987368938E-05,-0.000145135971251875,
,,,-3.01625E-07,-0.000452092066552723,-0.000479864014778286,
,,,-3.01425E-07,4.99999987368938E-05,-0.000647228036541492,
,,,-3.01225E-07,0.000384728042263305,-0.000145135971251875,
,,,-3.01025E-07,-0.000284728044789517,0.000524320115800947,
,,,-3.00825E-07,-0.000284728044789517,0.000356956094037741,
,,,-3.00625E-07,-0.000117364023026312,-0.000145135971251875,
,,,-3.00425E-07,-0.000619456088315928,0.000356956094037741,
,,,-3.00225E-07,4.99999987368938E-05,0.000524320115800947,
,,,-3.00025E-07,4.99999987368938E-05,0.000189592072274536,
,,,-2.99825E-07,0.000217364020500099,-0.000479864014778286,
,,,-2.99625E-07,-0.000117364023026312,0.000356956094037741,
,,,-2.99425E-07,4.99999987368938E-05,-0.000312499993015081,
,,,-2.99225E-07,0.000384728042263305,-0.000312499993015081,
,,,-2.99025E-07,-0.000117364023026312,2.22280505113304E-05,
,,,-2.98825E-07,-0.000284728044789517,0.000189592072274536,
,,,-2.98625E-07,-0.000452092066552723,-0.000145135971251875,
,,,-2.98425E-07,0.000217364020500099,-0.000145135971251875,
,,,-2.98225E-07,0.000384728042263305,0.000356956094037741,
,,,-2.98025E-07,-0.000284728044789517,0.000691684137564152,
,,,-2.97825E-07,-0.000117364023026312,-0.000312499993015081,
,,,-2.97625E-07,4.99999987368938E-05,-0.000145135971251875,
,,,-2.97425E-07,-0.000117364023026312,-0.000145135971251875,
,,,-2.97225E-07,0.000217364020500099,2.22280505113304E-05,
,,,-2.97025E-07,4.99999987368938E-05,-0.000312499993015081,
,,,-2.96825E-07,-0.000452092066552723,-0.000312499993015081,
,,,-2.96625E-07,-0.000117364023026312,0.000189592072274536,
,,,-2.96425E-07,0.00055209206402651,0.000524320115800947,
,,,-2.96225E-07,4.99999987368938E-05,-0.000145135971251875,
,,,-2.96025E-07,-0.000284728044789517,0.000189592072274536,
,,,-2.95825E-07,-0.000117364023026312,-0.000145135971251875,
,,,-2.95625E-07,-0.000619456088315928,2.22280505113304E-05,
,,,-2.95425E-07,-0.000117364023026312,0.000356956094037741,
,,,-2.95225E-07,-0.000284728044789517,0.000356956094037741,
,,,-2.95025E-07,4.99999987368938E-05,-0.000312499993015081,
,,,-2.94825E-07,-0.000117364023026312,0.000356956094037741,
,,,-2.94625E-07,0.000384728042263305,0.000356956094037741,
,,,-2.94425E-07,0.000217364020500099,0.000356956094037741,
,,,-2.94225E-07,0.000217364020500099,0.000691684137564152,
,,,-2.94025E-07,0.000217364020500099,0.000356956094037741,
,,,-2.93825E-07,-0.000284728044789517,2.22280505113304E-05,
,,,-2.93625E-07,0.000719456085789716,0.000356956094037741,
,,,-2.93425E-07,-0.000452092066552723,0.000356956094037741,
,,,-2.93225E-07,4.99999987368938E-05,-0.000145135971251875,
,,,-2.93025E-07,0.00055209206402651,0.000859048159327358,
,,,-2.92825E-07,0.000886820107552921,0.000189592072274536,
,,,-2.92625E-07,4.99999987368938E-05,0.000189592072274536,
,,,-2.92425E-07,-0.000117364023026312,2.22280505113304E-05,
,,,-2.92225E-07,4.99999987368938E-05,2.22280505113304E-05,
,,,-2.92025E-07,0.000719456085789716,0.000356956094037741,
,,,-2.91825E-07,0.00055209206402651,0.000189592072274536,
,,,-2.91625E-07,0.000384728042263305,2.22280505113304E-05,
,,,-2.91425E-07,0.000217364020500099,-0.000647228036541492,
,,,-2.91225E-07,0.000217364020500099,0.000356956094037741,
,,,-2.91025E-07,4.99999987368938E-05,-0.000312499993015081,
,,,-2.90825E-07,-0.000117364023026312,-0.000479864014778286,
,,,-2.90625E-07,4.99999987368938E-05,-0.000145135971251875,
,,,-2.90425E-07,0.000217364020500099,2.22280505113304E-05,
,,,-2.90225E-07,0.000886820107552921,0.000356956094037741,
,,,-2.90025E-07,0.000384728042263305,0.000189592072274536,
,,,-2.89825E-07,4.99999987368938E-05,2.22280505113304E-05,
,,,-2.89625E-07,-0.000284728044789517,-0.000145135971251875,
,,,-2.89425E-07,0.000217364020500099,0.000691684137564152,
,,,-2.89225E-07,4.99999987368938E-05,-0.000479864014778286,
,,,-2.89025E-07,0.000886820107552921,-0.000479864014778286,
,,,-2.88825E-07,0.000217364020500099,2.22280505113304E-05,
,,,-2.88625E-07,-0.000786820110079134,0.000356956094037741,
,,,-2.88425E-07,-0.000117364023026312,0.000356956094037741,
,,,-2.88225E-07,0.00055209206402651,2.22280505113304E-05,
,,,-2.88025E-07,0.000217364020500099,-0.000145135971251875,
,,,-2.87825E-07,0.00055209206402651,0.000356956094037741,
,,,-2.87625E-07,0.000384728042263305,0.000356956094037741,
,,,-2.87425E-07,0.000217364020500099,0.000356956094037741,
,,,-2.87225E-07,0.000217364020500099,0.000356956094037741,
,,,-2.87025E-07,0.000217364020500099,2.22280505113304E-05,
,,,-2.86825E-07,-0.000117364023026312,-0.000145135971251875,
,,,-2.86625E-07,-0.000117364023026312,-0.000814592058304697,
,,,-2.86425E-07,4.99999987368938E-05,0.000189592072274536,
,,,-2.86225E-07,0.000217364020500099,0.000356956094037741,
,,,-2.86025E-07,0.000217364020500099,-0.000312499993015081,
,,,-2.85825E-07,0.00055209206402651,-0.000145135971251875,
,,,-2.85625E-07,4.99999987368938E-05,0.000189592072274536,
,,,-2.85425E-07,4.99999987368938E-05,-0.000145135971251875,
,,,-2.85225E-07,4.99999987368938E-05,0.000189592072274536,
,,,-2.85025E-07,0.00055209206402651,2.22280505113304E-05,
,,,-2.84825E-07,0.00055209206402651,0.000524320115800947,
,,,-2.84625E-07,0.00055209206402651,2.22280505113304E-05,
,,,-2.84425E-07,0.000886820107552921,2.22280505113304E-05,
,,,-2.84225E-07,4.99999987368938E-05,-0.000647228036541492,
,,,-2.84025E-07,0.000384728042263305,-0.000479864014778286,
,,,-2.83825E-07,0.000217364020500099,0.000189592072274536,
,,,-2.83625E-07,-0.000117364023026312,-0.000312499993015081,
,,,-2.83425E-07,-0.000284728044789517,0.000189592072274536,
,,,-2.83225E-07,4.99999987368938E-05,0.000356956094037741,
,,,-2.83025E-07,0.000217364020500099,-0.000312499993015081,
,,,-2.82825E-07,-0.000284728044789517,-0.000814592058304697,
,,,-2.82625E-07,0.000217364020500099,0.000356956094037741,
,,,-2.82425E-07,0.00055209206402651,0.000189592072274536,
,,,-2.82225E-07,0.000217364020500099,-0.000479864014778286,
,,,-2.82025E-07,-0.000117364023026312,-0.000145135971251875,
,,,-2.81825E-07,4.99999987368938E-05,0.000189592072274536,
,,,-2.81625E-07,0.000217364020500099,-0.000145135971251875,
,,,-2.81425E-07,0.000217364020500099,0.00102641218109056,
,,,-2.81225E-07,0.000217364020500099,-0.000145135971251875,
,,,-2.81025E-07,0.000886820107552921,-0.000312499993015081,
,,,-2.80825E-07,0.000384728042263305,0.000189592072274536,
,,,-2.80625E-07,4.99999987368938E-05,-0.000145135971251875,
,,,-2.80425E-07,4.99999987368938E-05,-0.000814592058304697,
,,,-2.80225E-07,0.000384728042263305,-0.000312499993015081,
,,,-2.80025E-07,4.99999987368938E-05,-0.000145135971251875,
,,,-2.79825E-07,0.00055209206402651,0.000356956094037741,
,,,-2.79625E-07,0.000217364020500099,2.22280505113304E-05,
,,,-2.79425E-07,-0.000117364023026312,0.000189592072274536,
,,,-2.79225E-07,0.000384728042263305,-0.000145135971251875,
,,,-2.79025E-07,0.000719456085789716,2.22280505113304E-05,
,,,-2.78825E-07,0.000217364020500099,0.000691684137564152,
,,,-2.78625E-07,-0.000284728044789517,2.22280505113304E-05,
,,,-2.78425E-07,-0.000117364023026312,-0.000647228036541492,
,,,-2.78225E-07,4.99999987368938E-05,-0.000145135971251875,
,,,-2.78025E-07,0.000217364020500099,0.000356956094037741,
,,,-2.77825E-07,-0.000117364023026312,0.000356956094037741,
,,,-2.77625E-07,0.000384728042263305,-0.000145135971251875,
,,,-2.77425E-07,0.000217364020500099,-0.000145135971251875,
,,,-2.77225E-07,0.000384728042263305,0.000691684137564152,
,,,-2.77025E-07,0.000384728042263305,-0.000312499993015081,
,,,-2.76825E-07,0.00055209206402651,-0.000981956080067903,
,,,-2.76625E-07,4.99999987368938E-05,0.000189592072274536,
,,,-2.76425E-07,0.000384728042263305,0.000859048159327358,
,,,-2.76225E-07,-0.000452092066552723,-0.000814592058304697,
,,,-2.76025E-07,0.000217364020500099,-0.000145135971251875,
,,,-2.75825E-07,0.000384728042263305,2.22280505113304E-05,
,,,-2.75625E-07,-0.000117364023026312,-0.000145135971251875,
,,,-2.75425E-07,-0.000117364023026312,-0.000647228036541492,
,,,-2.75225E-07,0.000384728042263305,-0.000145135971251875,
,,,-2.75025E-07,4.99999987368938E-05,-0.000145135971251875,
,,,-2.74825E-07,-0.000117364023026312,2.22280505113304E-05,
,,,-2.74625E-07,4.99999987368938E-05,-0.000479864014778286,
,,,-2.74425E-07,0.000719456085789716,-0.000312499993015081,
,,,-2.74225E-07,-0.000284728044789517,-0.000312499993015081,
,,,-2.74025E-07,-0.000284728044789517,-0.000145135971251875,
,,,-2.73825E-07,0.00055209206402651,-0.000145135971251875,
,,,-2.73625E-07,0.00055209206402651,-0.000145135971251875,
,,,-2.73425E-07,-0.000117364023026312,-0.000479864014778286,
,,,-2.73225E-07,0.000384728042263305,-0.000479864014778286,
,,,-2.73025E-07,0.000384728042263305,-0.000312499993015081,
,,,-2.72825E-07,0.000384728042263305,-0.000312499993015081,
,,,-2.72625E-07,0.000217364020500099,-0.000312499993015081,
,,,-2.72425E-07,0.000217364020500099,2.22280505113304E-05,
,,,-2.72225E-07,4.99999987368938E-05,-0.000479864014778286,
,,,-2.72025E-07,4.99999987368938E-05,0.000356956094037741,
,,,-2.71825E-07,-0.000117364023026312,2.22280505113304E-05,
,,,-2.71625E-07,0.00055209206402651,-0.000981956080067903,
,,,-2.71425E-07,-0.000284728044789517,-0.000312499993015081,
,,,-2.71225E-07,-0.000284728044789517,2.22280505113304E-05,
,,,-2.71025E-07,0.000217364020500099,0.000189592072274536,
,,,-2.70825E-07,0.000217364020500099,2.22280505113304E-05,
,,,-2.70625E-07,-0.000117364023026312,-0.000647228036541492,
,,,-2.70425E-07,-0.000452092066552723,-0.000647228036541492,
,,,-2.70225E-07,4.99999987368938E-05,-0.000145135971251875,
,,,-2.70025E-07,0.00055209206402651,0.00119377620285377,
,,,-2.69825E-07,4.99999987368938E-05,0.000189592072274536,
,,,-2.69625E-07,0.00055209206402651,0.000524320115800947,
,,,-2.69425E-07,-0.000117364023026312,2.22280505113304E-05,
,,,-2.69225E-07,0.000217364020500099,-0.000479864014778286,
,,,-2.69025E-07,-0.000117364023026312,2.22280505113304E-05,
,,,-2.68825E-07,0.000384728042263305,2.22280505113304E-05,
,,,-2.68625E-07,0.00105418412931613,-0.000145135971251875,
,,,-2.68425E-07,-0.000619456088315928,0.000691684137564152,
,,,-2.68225E-07,-0.000117364023026312,0.000524320115800947,
,,,-2.68025E-07,0.000719456085789716,-0.000647228036541492,
,,,-2.67825E-07,0.000217364020500099,-0.000479864014778286,
,,,-2.67625E-07,4.99999987368938E-05,-0.000312499993015081,
,,,-2.67425E-07,0.000217364020500099,-0.000312499993015081,
,,,-2.67225E-07,4.99999987368938E-05,0.000189592072274536,
,,,-2.67025E-07,0.00055209206402651,-0.000312499993015081,
,,,-2.66825E-07,-0.000117364023026312,-0.000479864014778286,
,,,-2.66625E-07,-0.000284728044789517,2.22280505113304E-05,
,,,-2.66425E-07,4.99999987368938E-05,-0.000145135971251875,
,,,-2.66225E-07,0.000217364020500099,-0.000312499993015081,
,,,-2.66025E-07,-0.000117364023026312,-0.000145135971251875,
,,,-2.65825E-07,0.000217364020500099,2.22280505113304E-05,
,,,-2.65625E-07,-0.000117364023026312,0.000356956094037741,
,,,-2.65425E-07,-0.000117364023026312,0.000189592072274536,
,,,-2.65225E-07,4.99999987368938E-05,-0.000312499993015081,
,,,-2.65025E-07,0.000217364020500099,0.000189592072274536,
,,,-2.64825E-07,0.000217364020500099,0.000356956094037741,
,,,-2.64625E-07,0.00055209206402651,-0.000145135971251875,
,,,-2.64425E-07,0.000384728042263305,0.000189592072274536,
,,,-2.64225E-07,-0.000452092066552723,0.000189592072274536,
,,,-2.64025E-07,4.99999987368938E-05,-0.000145135971251875,
,,,-2.63825E-07,4.99999987368938E-05,-0.000145135971251875,
,,,-2.63625E-07,-0.000452092066552723,0.000524320115800947,
,,,-2.63425E-07,-0.000117364023026312,0.000189592072274536,
,,,-2.63225E-07,-0.000117364023026312,-0.000312499993015081,
,,,-2.63025E-07,-0.000619456088315928,-0.000145135971251875,
,,,-2.62825E-07,-0.000452092066552723,-0.000647228036541492,
,,,-2.62625E-07,0.000217364020500099,-0.000479864014778286,
,,,-2.62425E-07,0.00122154815107933,2.22280505113304E-05,
,,,-2.62225E-07,-0.000452092066552723,0.000189592072274536,
,,,-2.62025E-07,-0.000619456088315928,-0.000145135971251875,
,,,-2.61825E-07,0.000384728042263305,-0.000647228036541492,
,,,-2.61625E-07,-0.000117364023026312,-0.000479864014778286,
,,,-2.61425E-07,-0.000452092066552723,-0.000145135971251875,
,,,-2.61225E-07,0.000384728042263305,-0.000312499993015081,
,,,-2.61025E-07,4.99999987368938E-05,2.22280505113304E-05,
,,,-2.60825E-07,-0.000284728044789517,0.000356956094037741,
,,,-2.60625E-07,4.99999987368938E-05,-0.000312499993015081,
,,,-2.60425E-07,0.000217364020500099,-0.000145135971251875,
,,,-2.60225E-07,-0.000117364023026312,-0.000647228036541492,
,,,-2.60025E-07,-0.000117364023026312,-0.000145135971251875,
,,,-2.59825E-07,-0.000117364023026312,2.22280505113304E-05,
,,,-2.59625E-07,-0.000284728044789517,0.000524320115800947,
,,,-2.59425E-07,0.000719456085789716,-0.000312499993015081,
,,,-2.59225E-07,0.000217364020500099,-0.000312499993015081,
,,,-2.59025E-07,-0.000452092066552723,-0.000479864014778286,
,,,-2.58825E-07,-0.000619456088315928,-0.000647228036541492,
,,,-2.58625E-07,0.000217364020500099,-0.000647228036541492,
,,,-2.58425E-07,0.000217364020500099,-0.000479864014778286,
,,,-2.58225E-07,0.000384728042263305,2.22280505113304E-05,
,,,-2.58025E-07,4.99999987368938E-05,-0.000647228036541492,
,,,-2.57825E-07,0.000217364020500099,-0.000814592058304697,
,,,-2.57625E-07,-0.000284728044789517,-0.000145135971251875,
,,,-2.57425E-07,0.000217364020500099,0.000356956094037741,
,,,-2.57225E-07,0.000384728042263305,2.22280505113304E-05,
,,,-2.57025E-07,4.99999987368938E-05,0.000189592072274536,
,,,-2.56825E-07,0.000384728042263305,0.000189592072274536,
,,,-2.56625E-07,0.000217364020500099,-0.000814592058304697,
,,,-2.56425E-07,-0.000117364023026312,0.000356956094037741,
,,,-2.56225E-07,0.000217364020500099,-0.000145135971251875,
,,,-2.56025E-07,4.99999987368938E-05,-0.000647228036541492,
,,,-2.55825E-07,0.000384728042263305,-0.000145135971251875,
,,,-2.55625E-07,0.000384728042263305,2.22280505113304E-05,
,,,-2.55425E-07,-0.000452092066552723,-0.000145135971251875,
,,,-2.55225E-07,0.000217364020500099,-0.000145135971251875,
,,,-2.55025E-07,0.000217364020500099,-0.000312499993015081,
,,,-2.54825E-07,-0.000117364023026312,2.22280505113304E-05,
,,,-2.54625E-07,0.000384728042263305,-0.000814592058304697,
,,,-2.54425E-07,0.000886820107552921,-0.000312499993015081,
,,,-2.54225E-07,-0.000117364023026312,2.22280505113304E-05,
,,,-2.54025E-07,0.000217364020500099,-0.000312499993015081,
,,,-2.53825E-07,0.00055209206402651,-0.000145135971251875,
,,,-2.53625E-07,-0.000117364023026312,-0.000479864014778286,
,,,-2.53425E-07,-0.000284728044789517,2.22280505113304E-05,
,,,-2.53225E-07,0.000217364020500099,2.22280505113304E-05,
,,,-2.53025E-07,0.000384728042263305,2.22280505113304E-05,
,,,-2.52825E-07,-0.000452092066552723,2.22280505113304E-05,
,,,-2.52625E-07,4.99999987368938E-05,-0.000312499993015081,
,,,-2.52425E-07,0.000886820107552921,-0.000145135971251875,
,,,-2.52225E-07,-0.000117364023026312,-0.000647228036541492,
,,,-2.52025E-07,-0.000117364023026312,2.22280505113304E-05,
,,,-2.51825E-07,4.99999987368938E-05,0.000189592072274536,
,,,-2.51625E-07,4.99999987368938E-05,-0.000479864014778286,
,,,-2.51425E-07,4.99999987368938E-05,-0.000312499993015081,
,,,-2.51225E-07,-0.000117364023026312,-0.000479864014778286,
,,,-2.51025E-07,0.000384728042263305,2.22280505113304E-05,
,,,-2.50825E-07,-0.000284728044789517,-0.000145135971251875,
,,,-2.50625E-07,-0.000284728044789517,-0.000312499993015081,
,,,-2.50425E-07,0.000217364020500099,0.000356956094037741,
,,,-2.50225E-07,-0.000117364023026312,-0.000479864014778286,
,,,-2.50025E-07,4.99999987368938E-05,-0.000312499993015081,
,,,-2.49825E-07,-0.000284728044789517,-0.000479864014778286,
,,,-2.49625E-07,-0.000452092066552723,-0.000814592058304697,
,,,-2.49425E-07,0.000384728042263305,-0.000145135971251875,
,,,-2.49225E-07,-0.000452092066552723,0.000356956094037741,
,,,-2.49025E-07,-0.000452092066552723,-0.000145135971251875,
,,,-2.48825E-07,-0.000284728044789517,-0.000981956080067903,
,,,-2.48625E-07,4.99999987368938E-05,-0.000145135971251875,
,,,-2.48425E-07,0.000217364020500099,2.22280505113304E-05,
,,,-2.48225E-07,0.000384728042263305,-0.000814592058304697,
,,,-2.48025E-07,-0.000284728044789517,-0.000479864014778286,
,,,-2.47825E-07,-0.000284728044789517,-0.000312499993015081,
,,,-2.47625E-07,-0.000117364023026312,-0.000479864014778286,
,,,-2.47425E-07,0.000384728042263305,-0.000312499993015081,
,,,-2.47225E-07,4.99999987368938E-05,-0.000145135971251875,
,,,-2.47025E-07,0.000217364020500099,-0.000312499993015081,
,,,-2.46825E-07,0.000217364020500099,-0.000479864014778286,
,,,-2.46625E-07,0.000217364020500099,-0.000145135971251875,
,,,-2.46425E-07,-0.000452092066552723,2.22280505113304E-05,
,,,-2.46225E-07,0.00055209206402651,-0.000647228036541492,
,,,-2.46025E-07,4.99999987368938E-05,-0.000312499993015081,
,,,-2.45825E-07,-0.000452092066552723,-0.000814592058304697,
,,,-2.45625E-07,-0.000452092066552723,-0.000145135971251875,
,,,-2.45425E-07,0.000719456085789716,-0.000145135971251875,
,,,-2.45225E-07,0.000719456085789716,-0.000647228036541492,
,,,-2.45025E-07,0.000384728042263305,-0.000145135971251875,
,,,-2.44825E-07,-0.000284728044789517,-0.000479864014778286,
,,,-2.44625E-07,-0.000117364023026312,-0.000145135971251875,
,,,-2.44425E-07,-0.000117364023026312,-0.000647228036541492,
,,,-2.44225E-07,0.000719456085789716,-0.000647228036541492,
,,,-2.44025E-07,0.000217364020500099,0.000691684137564152,
,,,-2.43825E-07,0.000384728042263305,-0.000647228036541492,
,,,-2.43625E-07,0.000217364020500099,-0.000312499993015081,
,,,-2.43425E-07,4.99999987368938E-05,2.22280505113304E-05,
,,,-2.43225E-07,-0.000117364023026312,-0.000981956080067903,
,,,-2.43025E-07,0.00055209206402651,-0.000479864014778286,
,,,-2.42825E-07,0.000384728042263305,2.22280505113304E-05,
,,,-2.42625E-07,-0.000284728044789517,-0.000479864014778286,
,,,-2.42425E-07,4.99999987368938E-05,-0.000145135971251875,
,,,-2.42225E-07,0.000384728042263305,2.22280505113304E-05,
,,,-2.42025E-07,0.000217364020500099,0.000189592072274536,
,,,-2.41825E-07,-0.000117364023026312,-0.000312499993015081,
,,,-2.41625E-07,0.000217364020500099,-0.000145135971251875,
,,,-2.41425E-07,0.00055209206402651,-0.000145135971251875,
,,,-2.41225E-07,-0.000284728044789517,-0.000479864014778286,
,,,-2.41025E-07,-0.000786820110079134,-0.000479864014778286,
,,,-2.40825E-07,-0.000452092066552723,0.000189592072274536,
,,,-2.40625E-07,4.99999987368938E-05,0.000356956094037741,
,,,-2.40425E-07,4.99999987368938E-05,0.000189592072274536,
,,,-2.40225E-07,0.000217364020500099,-0.000145135971251875,
,,,-2.40025E-07,0.000217364020500099,0.000189592072274536,
,,,-2.39825E-07,-0.000117364023026312,-0.000814592058304697,
,,,-2.39625E-07,4.99999987368938E-05,-0.000145135971251875,
,,,-2.39425E-07,4.99999987368938E-05,-0.000312499993015081,
,,,-2.39225E-07,4.99999987368938E-05,2.22280505113304E-05,
,,,-2.39025E-07,4.99999987368938E-05,0.000189592072274536,
,,,-2.38825E-07,4.99999987368938E-05,2.22280505113304E-05,
,,,-2.38625E-07,0.000384728042263305,-0.000479864014778286,
,,,-2.38425E-07,-0.000117364023026312,2.22280505113304E-05,
,,,-2.38225E-07,-0.000284728044789517,2.22280505113304E-05,
,,,-2.38025E-07,-0.000284728044789517,-0.000145135971251875,
,,,-2.37825E-07,0.00105418412931613,2.22280505113304E-05,
,,,-2.37625E-07,0.00055209206402651,0.000356956094037741,
,,,-2.37425E-07,-0.000284728044789517,-0.000312499993015081,
,,,-2.37225E-07,0.000217364020500099,-0.000647228036541492,
,,,-2.37025E-07,-0.000117364023026312,-0.000479864014778286,
,,,-2.36825E-07,4.99999987368938E-05,0.000691684137564152,
,,,-2.36625E-07,0.000217364020500099,0.000189592072274536,
,,,-2.36425E-07,0.000217364020500099,-0.000479864014778286,
,,,-2.36225E-07,-0.000117364023026312,-0.000479864014778286,
,,,-2.36025E-07,0.000217364020500099,-0.000145135971251875,
,,,-2.35825E-07,-0.000117364023026312,2.22280505113304E-05,
,,,-2.35625E-07,4.99999987368938E-05,-0.000312499993015081,
,,,-2.35425E-07,-0.000619456088315928,-0.000312499993015081,
,,,-2.35225E-07,-0.000284728044789517,-0.000647228036541492,
,,,-2.35025E-07,0.000384728042263305,-0.000312499993015081,
,,,-2.34825E-07,0.000217364020500099,0.000189592072274536,
,,,-2.34625E-07,-0.000284728044789517,0.000524320115800947,
,,,-2.34425E-07,-0.000452092066552723,2.22280505113304E-05,
,,,-2.34225E-07,-0.000284728044789517,-0.000647228036541492,
,,,-2.34025E-07,0.000217364020500099,-0.000312499993015081,
,,,-2.33825E-07,-0.000284728044789517,0.000189592072274536,
,,,-2.33625E-07,4.99999987368938E-05,-0.000145135971251875,
,,,-2.33425E-07,-0.000117364023026312,-0.000647228036541492,
,,,-2.33225E-07,-0.000452092066552723,-0.000312499993015081,
,,,-2.33025E-07,-0.000619456088315928,0.000356956094037741,
,,,-2.32825E-07,0.000384728042263305,2.22280505113304E-05,
,,,-2.32625E-07,-0.000284728044789517,-0.000312499993015081,
,,,-2.32425E-07,4.99999987368938E-05,-0.000312499993015081,
,,,-2.32225E-07,-0.000117364023026312,0.000691684137564152,
,,,-2.32025E-07,-0.000117364023026312,-0.000647228036541492,
,,,-2.31825E-07,0.000217364020500099,-0.000145135971251875,
,,,-2.31625E-07,-0.000117364023026312,2.22280505113304E-05,
,,,-2.31425E-07,4.99999987368938E-05,-0.000312499993015081,
,,,-2.31225E-07,-0.000452092066552723,-0.000145135971251875,
,,,-2.31025E-07,-0.000117364023026312,-0.000312499993015081,
,,,-2.30825E-07,0.00055209206402651,2.22280505113304E-05,
,,,-2.30625E-07,0.000217364020500099,-0.000814592058304697,
,,,-2.30425E-07,-0.000117364023026312,0.000356956094037741,
,,,-2.30225E-07,4.99999987368938E-05,0.000691684137564152,
,,,-2.30025E-07,0.000217364020500099,0.000189592072274536,
,,,-2.29825E-07,-0.000954184131842339,0.000189592072274536,
,,,-2.29625E-07,-0.000284728044789517,-0.000145135971251875,
,,,-2.29425E-07,0.000217364020500099,-0.000312499993015081,
,,,-2.29225E-07,0.000384728042263305,0.000189592072274536,
,,,-2.29025E-07,4.99999987368938E-05,0.000189592072274536,
,,,-2.28825E-07,0.000217364020500099,-0.000145135971251875,
,,,-2.28625E-07,4.99999987368938E-05,2.22280505113304E-05,
,,,-2.28425E-07,-0.000117364023026312,-0.000479864014778286,
,,,-2.28225E-07,-0.000117364023026312,-0.000479864014778286,
,,,-2.28025E-07,4.99999987368938E-05,2.22280505113304E-05,
,,,-2.27825E-07,0.00055209206402651,2.22280505113304E-05,
,,,-2.27625E-07,-0.000284728044789517,-0.000145135971251875,
,,,-2.27425E-07,-0.000284728044789517,0.000356956094037741,
,,,-2.27225E-07,-0.000452092066552723,2.22280505113304E-05,
,,,-2.27025E-07,0.000384728042263305,-0.000312499993015081,
,,,-2.26825E-07,0.000719456085789716,0.000691684137564152,
,,,-2.26625E-07,-0.000452092066552723,-0.000312499993015081,
,,,-2.26425E-07,4.99999987368938E-05,0.000189592072274536,
,,,-2.26225E-07,4.99999987368938E-05,0.000691684137564152,
,,,-2.26025E-07,4.99999987368938E-05,-0.000479864014778286,
,,,-2.25825E-07,4.99999987368938E-05,-0.000479864014778286,
,,,-2.25625E-07,0.000384728042263305,0.000356956094037741,
,,,-2.25425E-07,-0.000452092066552723,-0.000145135971251875,
,,,-2.25225E-07,0.000217364020500099,-0.000145135971251875,
,,,-2.25025E-07,0.000384728042263305,2.22280505113304E-05,
,,,-2.24825E-07,-0.000117364023026312,-0.000814592058304697,
,,,-2.24625E-07,-0.000117364023026312,-0.000479864014778286,
,,,-2.24425E-07,0.000719456085789716,-0.000145135971251875,
,,,-2.24225E-07,0.000217364020500099,0.000189592072274536,
,,,-2.24025E-07,-0.000452092066552723,-0.000814592058304697,
,,,-2.23825E-07,0.000217364020500099,0.000356956094037741,
,,,-2.23625E-07,4.99999987368938E-05,0.000691684137564152,
,,,-2.23425E-07,0.000217364020500099,-0.000145135971251875,
,,,-2.23225E-07,0.00055209206402651,2.22280505113304E-05,
,,,-2.23025E-07,-0.000619456088315928,0.000356956094037741,
,,,-2.22825E-07,4.99999987368938E-05,0.000524320115800947,
,,,-2.22625E-07,0.000384728042263305,0.000189592072274536,
,,,-2.22425E-07,0.000217364020500099,-0.000145135971251875,
,,,-2.22225E-07,-0.000284728044789517,2.22280505113304E-05,
,,,-2.22025E-07,0.000217364020500099,-0.000145135971251875,
,,,-2.21825E-07,0.000217364020500099,-0.000145135971251875,
,,,-2.21625E-07,0.000384728042263305,-0.000479864014778286,
,,,-2.21425E-07,0.00055209206402651,-0.000145135971251875,
,,,-2.21225E-07,-0.000284728044789517,2.22280505113304E-05,
,,,-2.21025E-07,-0.000452092066552723,-0.000145135971251875,
,,,-2.20825E-07,-0.000117364023026312,0.000189592072274536,
,,,-2.20625E-07,-0.000117364023026312,-0.000479864014778286,
,,,-2.20425E-07,-0.000284728044789517,-0.000312499993015081,
,,,-2.20225E-07,-0.000117364023026312,-0.000647228036541492,
,,,-2.20025E-07,-0.000117364023026312,-0.000145135971251875,
,,,-2.19825E-07,-0.000284728044789517,-0.000145135971251875,
,,,-2.19625E-07,0.00055209206402651,-0.000145135971251875,
,,,-2.19425E-07,0.00055209206402651,0.000189592072274536,
,,,-2.19225E-07,4.99999987368938E-05,-0.000145135971251875,
,,,-2.19025E-07,-0.000452092066552723,-0.000312499993015081,
,,,-2.18825E-07,0.000384728042263305,-0.000647228036541492,
,,,-2.18625E-07,0.000384728042263305,-0.000981956080067903,
,,,-2.18425E-07,0.000384728042263305,2.22280505113304E-05,
,,,-2.18225E-07,-0.000117364023026312,-0.000479864014778286,
,,,-2.18025E-07,-0.000452092066552723,-0.000814592058304697,
,,,-2.17825E-07,4.99999987368938E-05,-0.000647228036541492,
,,,-2.17625E-07,-0.000284728044789517,2.22280505113304E-05,
,,,-2.17425E-07,0.000217364020500099,-0.000814592058304697,
,,,-2.17225E-07,4.99999987368938E-05,0.000189592072274536,
,,,-2.17025E-07,-0.000619456088315928,0.000356956094037741,
,,,-2.16825E-07,0.000217364020500099,-0.000312499993015081,
,,,-2.16625E-07,0.000217364020500099,0.000356956094037741,
,,,-2.16425E-07,0.000886820107552921,0.000189592072274536,
,,,-2.16225E-07,-0.000284728044789517,-0.000647228036541492,
,,,-2.16025E-07,-0.000452092066552723,-0.000145135971251875,
,,,-2.15825E-07,-0.000284728044789517,2.22280505113304E-05,
,,,-2.15625E-07,0.00055209206402651,2.22280505113304E-05,
,,,-2.15425E-07,0.00055209206402651,-0.000479864014778286,
,,,-2.15225E-07,0.000217364020500099,-0.00114932010183111,
,,,-2.15025E-07,4.99999987368938E-05,-0.000145135971251875,
,,,-2.14825E-07,0.000384728042263305,-0.000479864014778286,
,,,-2.14625E-07,4.99999987368938E-05,-0.000312499993015081,
,,,-2.14425E-07,4.99999987368938E-05,-0.000479864014778286,
,,,-2.14225E-07,0.00055209206402651,-0.000814592058304697,
,,,-2.14025E-07,0.000384728042263305,0.000524320115800947,
,,,-2.13825E-07,-0.000117364023026312,2.22280505113304E-05,
,,,-2.13625E-07,0.000217364020500099,-0.000145135971251875,
,,,-2.13425E-07,0.000384728042263305,2.22280505113304E-05,
,,,-2.13225E-07,-0.000117364023026312,0.000189592072274536,
,,,-2.13025E-07,4.99999987368938E-05,-0.000312499993015081,
,,,-2.12825E-07,0.00055209206402651,0.000189592072274536,
,,,-2.12625E-07,4.99999987368938E-05,0.000524320115800947,
,,,-2.12425E-07,4.99999987368938E-05,-0.000312499993015081,
,,,-2.12225E-07,0.000719456085789716,-0.000145135971251875,
,,,-2.12025E-07,0.000384728042263305,-0.000145135971251875,
,,,-2.11825E-07,-0.000284728044789517,-0.000145135971251875,
,,,-2.11625E-07,-0.000117364023026312,-0.000647228036541492,
,,,-2.11425E-07,0.000217364020500099,0.000356956094037741,
,,,-2.11225E-07,4.99999987368938E-05,-0.000145135971251875,
,,,-2.11025E-07,-0.000284728044789517,-0.000647228036541492,
,,,-2.10825E-07,0.000217364020500099,0.000524320115800947,
,,,-2.10625E-07,0.000217364020500099,-0.000145135971251875,
,,,-2.10425E-07,4.99999987368938E-05,0.000189592072274536,
,,,-2.10225E-07,-0.000284728044789517,2.22280505113304E-05,
,,,-2.10025E-07,-0.000452092066552723,2.22280505113304E-05,
,,,-2.09825E-07,-0.000117364023026312,0.000356956094037741,
,,,-2.09625E-07,-0.000452092066552723,0.000691684137564152,
,,,-2.09425E-07,-0.000284728044789517,-0.000145135971251875,
,,,-2.09225E-07,4.99999987368938E-05,0.000356956094037741,
,,,-2.09025E-07,-0.000452092066552723,-0.000145135971251875,
,,,-2.08825E-07,-0.000452092066552723,-0.000145135971251875,
,,,-2.08625E-07,0.000217364020500099,-0.000647228036541492,
,,,-2.08425E-07,4.99999987368938E-05,0.000356956094037741,
,,,-2.08225E-07,0.000217364020500099,-0.000312499993015081,
,,,-2.08025E-07,0.000384728042263305,0.000691684137564152,
,,,-2.07825E-07,0.000217364020500099,-0.000647228036541492,
,,,-2.07625E-07,-0.000117364023026312,-0.000647228036541492,
,,,-2.07425E-07,0.000384728042263305,0.000189592072274536,
,,,-2.07225E-07,0.000217364020500099,-0.000312499993015081,
,,,-2.07025E-07,-0.000452092066552723,-0.000981956080067903,
,,,-2.06825E-07,-0.000284728044789517,-0.000814592058304697,
,,,-2.06625E-07,0.000719456085789716,0.000524320115800947,
,,,-2.06425E-07,-0.000284728044789517,0.000189592072274536,
,,,-2.06225E-07,-0.000117364023026312,-0.000312499993015081,
,,,-2.06025E-07,0.000719456085789716,-0.000312499993015081,
,,,-2.05825E-07,4.99999987368938E-05,-0.000145135971251875,
,,,-2.05625E-07,-0.000117364023026312,-0.000312499993015081,
,,,-2.05425E-07,-0.000117364023026312,-0.000647228036541492,
,,,-2.05225E-07,0.000217364020500099,2.22280505113304E-05,
,,,-2.05025E-07,0.000217364020500099,-0.000312499993015081,
,,,-2.04825E-07,0.000217364020500099,-0.000145135971251875,
,,,-2.04625E-07,-0.000117364023026312,-0.000647228036541492,
,,,-2.04425E-07,0.000217364020500099,2.22280505113304E-05,
,,,-2.04225E-07,4.99999987368938E-05,0.000189592072274536,
,,,-2.04025E-07,0.000217364020500099,2.22280505113304E-05,
,,,-2.03825E-07,0.000217364020500099,-0.000312499993015081,
,,,-2.03625E-07,0.000719456085789716,0.000356956094037741,
,,,-2.03425E-07,0.00055209206402651,-0.000479864014778286,
,,,-2.03225E-07,-0.000452092066552723,-0.000479864014778286,
,,,-2.03025E-07,0.000217364020500099,2.22280505113304E-05,
,,,-2.02825E-07,-0.000117364023026312,-0.000312499993015081,
,,,-2.02625E-07,0.000384728042263305,-0.000312499993015081,
,,,-2.02425E-07,-0.000619456088315928,-0.000312499993015081,
,,,-2.02225E-07,0.000217364020500099,2.22280505113304E-05,
,,,-2.02025E-07,-0.000284728044789517,0.000189592072274536,
,,,-2.01825E-07,-0.000452092066552723,-0.000479864014778286,
,,,-2.01625E-07,0.000217364020500099,0.000356956094037741,
,,,-2.01425E-07,-0.000117364023026312,-0.000312499993015081,
,,,-2.01225E-07,-0.000619456088315928,-0.000647228036541492,
,,,-2.01025E-07,-0.000619456088315928,0.000356956094037741,
,,,-2.00825E-07,-0.000452092066552723,0.000189592072274536,
,,,-2.00625E-07,-0.000117364023026312,0.000189592072274536,
,,,-2.00425E-07,0.000384728042263305,2.22280505113304E-05,
,,,-2.00225E-07,0.000719456085789716,0.000524320115800947,
,,,-2.00025E-07,0.000217364020500099,-0.000479864014778286,
,,,-1.99825E-07,0.000384728042263305,-0.000312499993015081,
,,,-1.99625E-07,-0.000117364023026312,2.22280505113304E-05,
,,,-1.99425E-07,0.000217364020500099,0.000189592072274536,
,,,-1.99225E-07,-0.000117364023026312,-0.000312499993015081,
,,,-1.99025E-07,-0.000284728044789517,-0.000981956080067903,
,,,-1.98825E-07,4.99999987368938E-05,-0.000145135971251875,
,,,-1.98625E-07,-0.000284728044789517,-0.000145135971251875,
,,,-1.98425E-07,0.000384728042263305,2.22280505113304E-05,
,,,-1.98225E-07,0.000217364020500099,0.000356956094037741,
,,,-1.98025E-07,-0.000117364023026312,-0.000312499993015081,
,,,-1.97825E-07,-0.000117364023026312,2.22280505113304E-05,
,,,-1.97625E-07,0.000719456085789716,0.000356956094037741,
,,,-1.97425E-07,-0.000284728044789517,2.22280505113304E-05,
,,,-1.97225E-07,-0.000619456088315928,2.22280505113304E-05,
,,,-1.97025E-07,0.000217364020500099,-0.000312499993015081,
,,,-1.96825E-07,0.000384728042263305,-0.000479864014778286,
,,,-1.96625E-07,4.99999987368938E-05,2.22280505113304E-05,
,,,-1.96425E-07,-0.000117364023026312,-0.000145135971251875,
,,,-1.96225E-07,0.000384728042263305,0.000524320115800947,
,,,-1.96025E-07,-0.000117364023026312,2.22280505113304E-05,
,,,-1.95825E-07,-0.000452092066552723,0.000859048159327358,
,,,-1.95625E-07,4.99999987368938E-05,0.000356956094037741,
,,,-1.95425E-07,0.00055209206402651,-0.000145135971251875,
,,,-1.95225E-07,0.000217364020500099,-0.000145135971251875,
,,,-1.95025E-07,-0.000117364023026312,-0.000145135971251875,
,,,-1.94825E-07,0.000384728042263305,2.22280505113304E-05,
,,,-1.94625E-07,0.000384728042263305,-0.000312499993015081,
,,,-1.94425E-07,-0.000619456088315928,0.000189592072274536,
,,,-1.94225E-07,4.99999987368938E-05,2.22280505113304E-05,
,,,-1.94025E-07,0.000719456085789716,2.22280505113304E-05,
,,,-1.93825E-07,4.99999987368938E-05,0.000189592072274536,
,,,-1.93625E-07,4.99999987368938E-05,0.000189592072274536,
,,,-1.93425E-07,-0.000117364023026312,-0.000145135971251875,
,,,-1.93225E-07,-0.000619456088315928,2.22280505113304E-05,
,,,-1.93025E-07,4.99999987368938E-05,0.000524320115800947,
,,,-1.92825E-07,0.000217364020500099,0.000356956094037741,
,,,-1.92625E-07,-0.000117364023026312,0.000189592072274536,
,,,-1.92425E-07,-0.000117364023026312,-0.000145135971251875,
,,,-1.92225E-07,0.00055209206402651,-0.000145135971251875,
,,,-1.92025E-07,0.000719456085789716,2.22280505113304E-05,
,,,-1.91825E-07,0.000217364020500099,0.000859048159327358,
,,,-1.91625E-07,4.99999987368938E-05,-0.000312499993015081,
,,,-1.91425E-07,-0.000117364023026312,-0.000479864014778286,
,,,-1.91225E-07,4.99999987368938E-05,-0.000312499993015081,
,,,-1.91025E-07,-0.000452092066552723,2.22280505113304E-05,
,,,-1.90825E-07,-0.000619456088315928,-0.000479864014778286,
,,,-1.90625E-07,0.000217364020500099,-0.000647228036541492,
,,,-1.90425E-07,0.000217364020500099,2.22280505113304E-05,
,,,-1.90225E-07,-0.000452092066552723,0.000189592072274536,
,,,-1.90025E-07,0.000217364020500099,-0.000312499993015081,
,,,-1.89825E-07,0.000719456085789716,-0.000647228036541492,
,,,-1.89625E-07,-0.000284728044789517,-0.000479864014778286,
,,,-1.89425E-07,-0.000117364023026312,-0.000145135971251875,
,,,-1.89225E-07,0.000719456085789716,-0.000479864014778286,
,,,-1.89025E-07,0.00055209206402651,-0.000981956080067903,
,,,-1.88825E-07,-0.000284728044789517,-0.000312499993015081,
,,,-1.88625E-07,4.99999987368938E-05,2.22280505113304E-05,
,,,-1.88425E-07,0.00055209206402651,0.000189592072274536,
,,,-1.88225E-07,0.000217364020500099,2.22280505113304E-05,
,,,-1.88025E-07,-0.000284728044789517,-0.000312499993015081,
,,,-1.87825E-07,-0.000117364023026312,2.22280505113304E-05,
,,,-1.87625E-07,0.000886820107552921,0.000189592072274536,
,,,-1.87425E-07,0.000384728042263305,-0.000312499993015081,
,,,-1.87225E-07,-0.000117364023026312,-0.000145135971251875,
,,,-1.87025E-07,0.000217364020500099,-0.000312499993015081,
,,,-1.86825E-07,4.99999987368938E-05,-0.000647228036541492,
,,,-1.86625E-07,0.000384728042263305,-0.000981956080067903,
,,,-1.86425E-07,0.00055209206402651,2.22280505113304E-05,
,,,-1.86225E-07,-0.000117364023026312,2.22280505113304E-05,
,,,-1.86025E-07,-0.000284728044789517,0.000189592072274536,
,,,-1.85825E-07,0.000217364020500099,-0.000312499993015081,
,,,-1.85625E-07,0.000384728042263305,-0.000312499993015081,
,,,-1.85425E-07,-0.000284728044789517,2.22280505113304E-05,
,,,-1.85225E-07,-0.000284728044789517,0.000189592072274536,
,,,-1.85025E-07,-0.000452092066552723,0.000189592072274536,
,,,-1.84825E-07,4.99999987368938E-05,-0.000312499993015081,
,,,-1.84625E-07,4.99999987368938E-05,2.22280505113304E-05,
,,,-1.84425E-07,0.000384728042263305,0.000189592072274536,
,,,-1.84225E-07,0.00055209206402651,-0.000312499993015081,
,,,-1.84025E-07,-0.000284728044789517,-0.000479864014778286,
,,,-1.83825E-07,0.000217364020500099,-0.000312499993015081,
,,,-1.83625E-07,0.000384728042263305,0.000189592072274536,
,,,-1.83425E-07,4.99999987368938E-05,0.000189592072274536,
,,,-1.83225E-07,4.99999987368938E-05,-0.000145135971251875,
,,,-1.83025E-07,0.000719456085789716,0.000189592072274536,
,,,-1.82825E-07,-0.000452092066552723,0.000524320115800947,
,,,-1.82625E-07,-0.000284728044789517,-0.000312499993015081,
,,,-1.82425E-07,-0.000619456088315928,-0.000145135971251875,
,,,-1.82225E-07,-0.000117364023026312,2.22280505113304E-05,
,,,-1.82025E-07,-0.000117364023026312,2.22280505113304E-05,
,,,-1.81825E-07,4.99999987368938E-05,-0.000145135971251875,
,,,-1.81625E-07,0.000384728042263305,2.22280505113304E-05,
,,,-1.81425E-07,-0.000284728044789517,0.000524320115800947,
,,,-1.81225E-07,-0.000117364023026312,0.000356956094037741,
,,,-1.81025E-07,0.00055209206402651,0.000524320115800947,
,,,-1.80825E-07,-0.000117364023026312,-0.000647228036541492,
,,,-1.80625E-07,-0.000452092066552723,-0.000479864014778286,
,,,-1.80425E-07,0.000886820107552921,0.000356956094037741,
,,,-1.80225E-07,4.99999987368938E-05,-0.000814592058304697,
,,,-1.80025E-07,-0.000284728044789517,2.22280505113304E-05,
,,,-1.79825E-07,-0.000284728044789517,-0.000312499993015081,
,,,-1.79625E-07,-0.000284728044789517,-0.000145135971251875,
,,,-1.79425E-07,-0.000117364023026312,-0.000312499993015081,
,,,-1.79225E-07,0.000384728042263305,-0.000145135971251875,
,,,-1.79025E-07,-0.000452092066552723,-0.000312499993015081,
,,,-1.78825E-07,0.000217364020500099,-0.000647228036541492,
,,,-1.78625E-07,0.00055209206402651,-0.000145135971251875,
,,,-1.78425E-07,0.000384728042263305,-0.000145135971251875,
,,,-1.78225E-07,-0.000117364023026312,-0.000814592058304697,
,,,-1.78025E-07,0.000384728042263305,0.000356956094037741,
,,,-1.77825E-07,-0.000452092066552723,-0.000145135971251875,
,,,-1.77625E-07,-0.000619456088315928,-0.000145135971251875,
,,,-1.77425E-07,0.000217364020500099,0.000356956094037741,
,,,-1.77225E-07,-0.000284728044789517,0.000189592072274536,
,,,-1.77025E-07,-0.000117364023026312,-0.000479864014778286,
,,,-1.76825E-07,-0.000284728044789517,-0.000479864014778286,
,,,-1.76625E-07,4.99999987368938E-05,2.22280505113304E-05,
,,,-1.76425E-07,-0.000786820110079134,-0.000647228036541492,
,,,-1.76225E-07,-0.000284728044789517,-0.000479864014778286,
,,,-1.76025E-07,4.99999987368938E-05,2.22280505113304E-05,
,,,-1.75825E-07,0.000384728042263305,-0.000145135971251875,
,,,-1.75625E-07,-0.000284728044789517,2.22280505113304E-05,
,,,-1.75425E-07,-0.000452092066552723,-0.000312499993015081,
,,,-1.75225E-07,0.000384728042263305,-0.000145135971251875,
,,,-1.75025E-07,-0.000284728044789517,-0.000312499993015081,
,,,-1.74825E-07,-0.000284728044789517,-0.000145135971251875,
,,,-1.74625E-07,0.00055209206402651,2.22280505113304E-05,
,,,-1.74425E-07,4.99999987368938E-05,-0.000312499993015081,
,,,-1.74225E-07,-0.000284728044789517,0.000189592072274536,
,,,-1.74025E-07,0.000217364020500099,0.000691684137564152,
,,,-1.73825E-07,-0.000284728044789517,2.22280505113304E-05,
,,,-1.73625E-07,0.000384728042263305,0.000356956094037741,
,,,-1.73425E-07,-0.000452092066552723,0.000189592072274536,
,,,-1.73225E-07,-0.000786820110079134,0.000691684137564152,
,,,-1.73025E-07,-0.000284728044789517,-0.000479864014778286,
,,,-1.72825E-07,0.00055209206402651,0.000356956094037741,
,,,-1.72625E-07,0.000217364020500099,0.000524320115800947,
,,,-1.72425E-07,-0.000954184131842339,2.22280505113304E-05,
,,,-1.72225E-07,-0.000619456088315928,2.22280505113304E-05,
,,,-1.72025E-07,-0.000452092066552723,0.000859048159327358,
,,,-1.71825E-07,-0.000117364023026312,0.000691684137564152,
,,,-1.71625E-07,0.00055209206402651,-0.000312499993015081,
,,,-1.71425E-07,-0.000284728044789517,-0.000312499993015081,
,,,-1.71225E-07,-0.000452092066552723,0.000189592072274536,
,,,-1.71025E-07,4.99999987368938E-05,0.000356956094037741,
,,,-1.70825E-07,0.000217364020500099,-0.000145135971251875,
,,,-1.70625E-07,0.000217364020500099,-0.000479864014778286,
,,,-1.70425E-07,0.000217364020500099,2.22280505113304E-05,
,,,-1.70225E-07,-0.000117364023026312,0.000356956094037741,
,,,-1.70025E-07,-0.000117364023026312,-0.000145135971251875,
,,,-1.69825E-07,4.99999987368938E-05,-0.000145135971251875,
,,,-1.69625E-07,-0.000284728044789517,-0.000145135971251875,
,,,-1.69425E-07,-0.000117364023026312,-0.000479864014778286,
,,,-1.69225E-07,4.99999987368938E-05,-0.000312499993015081,
,,,-1.69025E-07,-0.000284728044789517,-0.000647228036541492,
,,,-1.68825E-07,-0.000284728044789517,-0.000814592058304697,
,,,-1.68625E-07,-0.000284728044789517,2.22280505113304E-05,
,,,-1.68425E-07,-0.000117364023026312,2.22280505113304E-05,
,,,-1.68225E-07,-0.000117364023026312,-0.000312499993015081,
,,,-1.68025E-07,-0.000284728044789517,-0.000479864014778286,
,,,-1.67825E-07,0.000217364020500099,-0.000814592058304697,
,,,-1.67625E-07,-0.000619456088315928,2.22280505113304E-05,
,,,-1.67425E-07,0.000384728042263305,-0.000647228036541492,
,,,-1.67225E-07,0.000217364020500099,-0.000647228036541492,
,,,-1.67025E-07,0.000217364020500099,-0.000479864014778286,
,,,-1.66825E-07,-0.000284728044789517,-0.000981956080067903,
,,,-1.66625E-07,0.000217364020500099,-0.000647228036541492,
,,,-1.66425E-07,0.000384728042263305,0.000189592072274536,
,,,-1.66225E-07,-0.000284728044789517,-0.000145135971251875,
,,,-1.66025E-07,-0.000284728044789517,-0.000312499993015081,
,,,-1.65825E-07,-0.000284728044789517,2.22280505113304E-05,
,,,-1.65625E-07,-0.000117364023026312,2.22280505113304E-05,
,,,-1.65425E-07,-0.000452092066552723,-0.000145135971251875,
,,,-1.65225E-07,-0.000284728044789517,0.000189592072274536,
,,,-1.65025E-07,0.000217364020500099,2.22280505113304E-05,
,,,-1.64825E-07,-0.000452092066552723,-0.000981956080067903,
,,,-1.64625E-07,-0.000452092066552723,-0.000479864014778286,
,,,-1.64425E-07,-0.000452092066552723,-0.000312499993015081,
,,,-1.64225E-07,0.00055209206402651,-0.000814592058304697,
,,,-1.64025E-07,0.000217364020500099,2.22280505113304E-05,
,,,-1.63825E-07,0.00055209206402651,-0.000312499993015081,
,,,-1.63625E-07,0.000384728042263305,-0.000647228036541492,
,,,-1.63425E-07,0.000217364020500099,-0.000312499993015081,
,,,-1.63225E-07,0.00055209206402651,-0.000479864014778286,
,,,-1.63025E-07,-0.000117364023026312,-0.00114932010183111,
,,,-1.62825E-07,0.00055209206402651,-0.000312499993015081,
,,,-1.62625E-07,0.000217364020500099,-0.000647228036541492,
,,,-1.62425E-07,0.00055209206402651,-0.000814592058304697,
,,,-1.62225E-07,-0.000284728044789517,-0.000312499993015081,
,,,-1.62025E-07,-0.000117364023026312,-0.000312499993015081,
,,,-1.61825E-07,-0.000452092066552723,2.22280505113304E-05,
,,,-1.61625E-07,-0.000117364023026312,-0.000479864014778286,
,,,-1.61425E-07,4.99999987368938E-05,2.22280505113304E-05,
,,,-1.61225E-07,0.000384728042263305,0.000524320115800947,
,,,-1.61025E-07,0.000719456085789716,-0.000479864014778286,
,,,-1.60825E-07,0.000217364020500099,-0.000312499993015081,
,,,-1.60625E-07,-0.000117364023026312,-0.000312499993015081,
,,,-1.60425E-07,0.000217364020500099,0.000356956094037741,
,,,-1.60225E-07,-0.000284728044789517,-0.000145135971251875,
,,,-1.60025E-07,-0.000452092066552723,2.22280505113304E-05,
,,,-1.59825E-07,4.99999987368938E-05,-0.000145135971251875,
,,,-1.59625E-07,0.000384728042263305,0.000189592072274536,
,,,-1.59425E-07,-0.000117364023026312,2.22280505113304E-05,
,,,-1.59225E-07,0.000384728042263305,-0.000145135971251875,
,,,-1.59025E-07,0.000217364020500099,-0.000145135971251875,
,,,-1.58825E-07,-0.000619456088315928,-0.000145135971251875,
,,,-1.58625E-07,0.00055209206402651,-0.000479864014778286,
,,,-1.58425E-07,0.000384728042263305,0.000524320115800947,
,,,-1.58225E-07,0.000719456085789716,-0.000312499993015081,
,,,-1.58025E-07,-0.000117364023026312,-0.000145135971251875,
,,,-1.57825E-07,-0.000284728044789517,-0.000145135971251875,
,,,-1.57625E-07,0.00055209206402651,-0.000145135971251875,
,,,-1.57425E-07,-0.000117364023026312,2.22280505113304E-05,
,,,-1.57225E-07,-0.000619456088315928,2.22280505113304E-05,
,,,-1.57025E-07,0.000217364020500099,-0.000479864014778286,
,,,-1.56825E-07,0.000217364020500099,-0.000647228036541492,
,,,-1.56625E-07,4.99999987368938E-05,2.22280505113304E-05,
,,,-1.56425E-07,0.00055209206402651,-0.000312499993015081,
,,,-1.56225E-07,0.000217364020500099,-0.000145135971251875,
,,,-1.56025E-07,0.000384728042263305,-0.000312499993015081,
,,,-1.55825E-07,4.99999987368938E-05,-0.000312499993015081,
,,,-1.55625E-07,4.99999987368938E-05,2.22280505113304E-05,
,,,-1.55425E-07,4.99999987368938E-05,-0.000145135971251875,
,,,-1.55225E-07,0.00055209206402651,0.000189592072274536,
,,,-1.55025E-07,0.000217364020500099,0.000189592072274536,
,,,-1.54825E-07,-0.000284728044789517,0.000189592072274536,
,,,-1.54625E-07,-0.000117364023026312,-0.000312499993015081,
,,,-1.54425E-07,-0.000284728044789517,0.000189592072274536,
,,,-1.54225E-07,-0.000284728044789517,-0.000479864014778286,
,,,-1.54025E-07,4.99999987368938E-05,-0.000145135971251875,
,,,-1.53825E-07,4.99999987368938E-05,-0.000145135971251875,
,,,-1.53625E-07,-0.000117364023026312,2.22280505113304E-05,
,,,-1.53425E-07,-0.000117364023026312,0.000189592072274536,
,,,-1.53225E-07,0.000217364020500099,-0.000312499993015081,
,,,-1.53025E-07,-0.000117364023026312,-0.000479864014778286,
,,,-1.52825E-07,4.99999987368938E-05,-0.000312499993015081,
,,,-1.52625E-07,0.000217364020500099,-0.000312499993015081,
,,,-1.52425E-07,0.000217364020500099,0.000524320115800947,
,,,-1.52225E-07,-0.000284728044789517,2.22280505113304E-05,
,,,-1.52025E-07,-0.000117364023026312,-0.000145135971251875,
,,,-1.51825E-07,4.99999987368938E-05,0.000356956094037741,
,,,-1.51625E-07,0.000384728042263305,0.000189592072274536,
,,,-1.51425E-07,4.99999987368938E-05,2.22280505113304E-05,
,,,-1.51225E-07,-0.000954184131842339,2.22280505113304E-05,
,,,-1.51025E-07,0.000886820107552921,0.000691684137564152,
,,,-1.50825E-07,0.000719456085789716,0.000859048159327358,
,,,-1.50625E-07,4.99999987368938E-05,0.000524320115800947,
,,,-1.50425E-07,-0.000284728044789517,-0.000312499993015081,
,,,-1.50225E-07,-0.000284728044789517,-0.000312499993015081,
,,,-1.50025E-07,-0.000284728044789517,0.000691684137564152,
,,,-1.49825E-07,0.000217364020500099,0.000691684137564152,
,,,-1.49625E-07,0.00055209206402651,-0.000312499993015081,
,,,-1.49425E-07,4.99999987368938E-05,-0.000479864014778286,
,,,-1.49225E-07,-0.000117364023026312,0.000356956094037741,
,,,-1.49025E-07,0.000384728042263305,0.000189592072274536,
,,,-1.48825E-07,0.000384728042263305,-0.000479864014778286,
,,,-1.48625E-07,0.000217364020500099,2.22280505113304E-05,
,,,-1.48425E-07,-0.000117364023026312,-0.000145135971251875,
,,,-1.48225E-07,-0.000117364023026312,-0.000479864014778286,
,,,-1.48025E-07,-0.000619456088315928,2.22280505113304E-05,
,,,-1.47825E-07,-0.000117364023026312,0.000356956094037741,
,,,-1.47625E-07,0.00055209206402651,0.000356956094037741,
,,,-1.47425E-07,0.000384728042263305,2.22280505113304E-05,
,,,-1.47225E-07,0.000217364020500099,-0.000647228036541492,
,,,-1.47025E-07,-0.000117364023026312,-0.000647228036541492,
,,,-1.46825E-07,-0.000284728044789517,0.000189592072274536,
,,,-1.46625E-07,-0.000284728044789517,0.000524320115800947,
,,,-1.46425E-07,0.000719456085789716,0.000356956094037741,
,,,-1.46225E-07,0.00055209206402651,-0.000479864014778286,
,,,-1.46025E-07,-0.000117364023026312,0.000691684137564152,
,,,-1.45825E-07,-0.000284728044789517,-0.000479864014778286,
,,,-1.45625E-07,0.00055209206402651,-0.000647228036541492,
,,,-1.45425E-07,0.000217364020500099,-0.000145135971251875,
,,,-1.45225E-07,-0.000117364023026312,2.22280505113304E-05,
,,,-1.45025E-07,0.000217364020500099,0.000356956094037741,
,,,-1.44825E-07,0.000217364020500099,-0.000312499993015081,
,,,-1.44625E-07,0.000217364020500099,0.000524320115800947,
,,,-1.44425E-07,4.99999987368938E-05,0.000189592072274536,
,,,-1.44225E-07,0.000217364020500099,0.000189592072274536,
,,,-1.44025E-07,-0.000117364023026312,2.22280505113304E-05,
,,,-1.43825E-07,0.000217364020500099,-0.000145135971251875,
,,,-1.43625E-07,4.99999987368938E-05,2.22280505113304E-05,
,,,-1.43425E-07,4.99999987368938E-05,-0.000145135971251875,
,,,-1.43225E-07,0.000384728042263305,0.000356956094037741,
,,,-1.43025E-07,4.99999987368938E-05,2.22280505113304E-05,
,,,-1.42825E-07,-0.000117364023026312,-0.000479864014778286,
,,,-1.42625E-07,4.99999987368938E-05,0.000189592072274536,
,,,-1.42425E-07,-0.000284728044789517,-0.000145135971251875,
,,,-1.42225E-07,4.99999987368938E-05,0.000189592072274536,
,,,-1.42025E-07,0.00055209206402651,2.22280505113304E-05,
,,,-1.41825E-07,0.00055209206402651,-0.000312499993015081,
,,,-1.41625E-07,0.000217364020500099,0.000189592072274536,
,,,-1.41425E-07,0.000384728042263305,-0.000814592058304697,
,,,-1.41225E-07,0.00055209206402651,-0.000981956080067903,
,,,-1.41025E-07,-0.000117364023026312,2.22280505113304E-05,
,,,-1.40825E-07,-0.000284728044789517,2.22280505113304E-05,
,,,-1.40625E-07,0.00055209206402651,2.22280505113304E-05,
,,,-1.40425E-07,4.99999987368938E-05,0.000524320115800947,
,,,-1.40225E-07,-0.000117364023026312,2.22280505113304E-05,
,,,-1.40025E-07,0.000217364020500099,2.22280505113304E-05,
,,,-1.39825E-07,0.000384728042263305,2.22280505113304E-05,
,,,-1.39625E-07,0.00055209206402651,0.000189592072274536,
,,,-1.39425E-07,0.000719456085789716,-0.000312499993015081,
,,,-1.39225E-07,-0.000284728044789517,-0.000479864014778286,
,,,-1.39025E-07,0.000217364020500099,0.000189592072274536,
,,,-1.38825E-07,-0.000117364023026312,-0.000145135971251875,
,,,-1.38625E-07,-0.000117364023026312,0.000189592072274536,
,,,-1.38425E-07,-0.000619456088315928,-0.000312499993015081,
,,,-1.38225E-07,0.000217364020500099,0.000189592072274536,
,,,-1.38025E-07,0.000384728042263305,-0.000312499993015081,
,,,-1.37825E-07,0.000217364020500099,2.22280505113304E-05,
,,,-1.37625E-07,4.99999987368938E-05,0.000189592072274536,
,,,-1.37425E-07,-0.000284728044789517,-0.000312499993015081,
,,,-1.37225E-07,-0.000284728044789517,0.000356956094037741,
,,,-1.37025E-07,4.99999987368938E-05,-0.000145135971251875,
,,,-1.36825E-07,-0.000452092066552723,2.22280505113304E-05,
,,,-1.36625E-07,-0.000284728044789517,-0.000145135971251875,
,,,-1.36425E-07,0.000384728042263305,-0.000647228036541492,
,,,-1.36225E-07,0.000384728042263305,-0.000312499993015081,
,,,-1.36025E-07,0.000217364020500099,-0.000647228036541492,
,,,-1.35825E-07,4.99999987368938E-05,-0.000479864014778286,
,,,-1.35625E-07,-0.000284728044789517,0.000691684137564152,
,,,-1.35425E-07,-0.000452092066552723,2.22280505113304E-05,
,,,-1.35225E-07,0.000384728042263305,-0.000647228036541492,
,,,-1.35025E-07,4.99999987368938E-05,-0.000479864014778286,
,,,-1.34825E-07,4.99999987368938E-05,2.22280505113304E-05,
,,,-1.34625E-07,4.99999987368938E-05,-0.000145135971251875,
,,,-1.34425E-07,-0.000284728044789517,2.22280505113304E-05,
,,,-1.34225E-07,0.000217364020500099,0.000356956094037741,
,,,-1.34025E-07,0.00055209206402651,0.000524320115800947,
,,,-1.33825E-07,-0.000117364023026312,2.22280505113304E-05,
,,,-1.33625E-07,-0.000117364023026312,-0.000145135971251875,
,,,-1.33425E-07,4.99999987368938E-05,-0.000312499993015081,
,,,-1.33225E-07,0.000384728042263305,0.000189592072274536,
,,,-1.33025E-07,-0.000117364023026312,-0.000145135971251875,
,,,-1.32825E-07,0.000217364020500099,-0.000814592058304697,
,,,-1.32625E-07,0.000217364020500099,-0.000814592058304697,
,,,-1.32425E-07,0.000217364020500099,-0.000145135971251875,
,,,-1.32225E-07,-0.000117364023026312,-0.000479864014778286,
,,,-1.32025E-07,4.99999987368938E-05,-0.000312499993015081,
,,,-1.31825E-07,0.000217364020500099,-0.000479864014778286,
,,,-1.31625E-07,0.000217364020500099,-0.000312499993015081,
,,,-1.31425E-07,0.000217364020500099,-0.000647228036541492,
,,,-1.31225E-07,0.000217364020500099,-0.000145135971251875,
,,,-1.31025E-07,-0.000117364023026312,-0.000479864014778286,
,,,-1.30825E-07,4.99999987368938E-05,-0.000145135971251875,
,,,-1.30625E-07,0.000217364020500099,0.000189592072274536,
,,,-1.30425E-07,0.000217364020500099,2.22280505113304E-05,
,,,-1.30225E-07,4.99999987368938E-05,2.22280505113304E-05,
,,,-1.30025E-07,0.000384728042263305,-0.000145135971251875,
,,,-1.29825E-07,-0.000117364023026312,-0.000145135971251875,
,,,-1.29625E-07,-0.000284728044789517,0.000356956094037741,
,,,-1.29425E-07,-0.000284728044789517,-0.000479864014778286,
,,,-1.29225E-07,-0.000452092066552723,-0.000647228036541492,
,,,-1.29025E-07,0.000217364020500099,2.22280505113304E-05,
,,,-1.28825E-07,4.99999987368938E-05,-0.000312499993015081,
,,,-1.28625E-07,-0.000117364023026312,-0.000814592058304697,
,,,-1.28425E-07,-0.000452092066552723,-0.000479864014778286,
,,,-1.28225E-07,4.99999987368938E-05,-0.000145135971251875,
,,,-1.28025E-07,0.00055209206402651,-0.000479864014778286,
,,,-1.27825E-07,-0.000284728044789517,-0.000814592058304697,
,,,-1.27625E-07,4.99999987368938E-05,-0.000479864014778286,
,,,-1.27425E-07,-0.000619456088315928,-0.000312499993015081,
,,,-1.27225E-07,4.99999987368938E-05,-0.000479864014778286,
,,,-1.27025E-07,-0.000452092066552723,-0.000479864014778286,
,,,-1.26825E-07,-0.000117364023026312,-0.000145135971251875,
,,,-1.26625E-07,-0.000117364023026312,2.22280505113304E-05,
,,,-1.26425E-07,-0.000117364023026312,-0.000479864014778286,
,,,-1.26225E-07,-0.000619456088315928,0.000189592072274536,
,,,-1.26025E-07,0.000217364020500099,-0.000312499993015081,
,,,-1.25825E-07,0.000217364020500099,-0.000145135971251875,
,,,-1.25625E-07,-0.000117364023026312,-0.000479864014778286,
,,,-1.25425E-07,-0.000452092066552723,-0.000479864014778286,
,,,-1.25225E-07,0.000384728042263305,-0.000145135971251875,
,,,-1.25025E-07,-0.000117364023026312,-0.000145135971251875,
,,,-1.24825E-07,4.99999987368938E-05,2.22280505113304E-05,
,,,-1.24625E-07,0.000217364020500099,-0.000647228036541492,
,,,-1.24425E-07,0.000719456085789716,-0.000145135971251875,
,,,-1.24225E-07,0.00055209206402651,-0.000981956080067903,
,,,-1.24025E-07,4.99999987368938E-05,-0.000312499993015081,
,,,-1.23825E-07,0.000384728042263305,-0.000145135971251875,
,,,-1.23625E-07,0.000719456085789716,-0.000479864014778286,
,,,-1.23425E-07,0.000217364020500099,-0.000312499993015081,
,,,-1.23225E-07,-0.000452092066552723,0.000189592072274536,
,,,-1.23025E-07,0.000384728042263305,-0.000145135971251875,
,,,-1.22825E-07,4.99999987368938E-05,-0.000312499993015081,
,,,-1.22625E-07,0.00055209206402651,-0.000145135971251875,
,,,-1.22425E-07,0.000384728042263305,0.000189592072274536,
,,,-1.22225E-07,0.000719456085789716,-0.000479864014778286,
,,,-1.22025E-07,4.99999987368938E-05,2.22280505113304E-05,
,,,-1.21825E-07,4.99999987368938E-05,-0.000647228036541492,
,,,-1.21625E-07,4.99999987368938E-05,-0.000814592058304697,
,,,-1.21425E-07,0.000217364020500099,2.22280505113304E-05,
,,,-1.21225E-07,-0.000284728044789517,-0.000312499993015081,
,,,-1.21025E-07,-0.000284728044789517,-0.000814592058304697,
,,,-1.20825E-07,0.000217364020500099,-0.000145135971251875,
,,,-1.20625E-07,4.99999987368938E-05,-0.000479864014778286,
,,,-1.20425E-07,0.000384728042263305,-0.000145135971251875,
,,,-1.20225E-07,-0.000117364023026312,-0.000145135971251875,
,,,-1.20025E-07,0.000384728042263305,-0.000479864014778286,
,,,-1.19825E-07,-0.000117364023026312,0.000189592072274536,
,,,-1.19625E-07,-0.000117364023026312,2.22280505113304E-05,
,,,-1.19425E-07,4.99999987368938E-05,0.000189592072274536,
,,,-1.19225E-07,0.000719456085789716,-0.000981956080067903,
,,,-1.19025E-07,0.000217364020500099,2.22280505113304E-05,
,,,-1.18825E-07,-0.000117364023026312,-0.000145135971251875,
,,,-1.18625E-07,0.000217364020500099,-0.000814592058304697,
,,,-1.18425E-07,0.000719456085789716,0.000356956094037741,
,,,-1.18225E-07,0.000886820107552921,2.22280505113304E-05,
,,,-1.18025E-07,0.000384728042263305,-0.000145135971251875,
,,,-1.17825E-07,0.000384728042263305,-0.000312499993015081,
,,,-1.17625E-07,0.000217364020500099,-0.000312499993015081,
,,,-1.17425E-07,-0.000117364023026312,-0.000981956080067903,
,,,-1.17225E-07,4.99999987368938E-05,-0.000312499993015081,
,,,-1.17025E-07,4.99999987368938E-05,0.000356956094037741,
,,,-1.16825E-07,4.99999987368938E-05,-0.000145135971251875,
,,,-1.16625E-07,-0.000117364023026312,-0.000312499993015081,
,,,-1.16425E-07,0.000384728042263305,0.000189592072274536,
,,,-1.16225E-07,4.99999987368938E-05,2.22280505113304E-05,
,,,-1.16025E-07,-0.000452092066552723,0.000524320115800947,
,,,-1.15825E-07,-0.000284728044789517,-0.000647228036541492,
,,,-1.15625E-07,-0.000117364023026312,-0.000312499993015081,
,,,-1.15425E-07,0.000384728042263305,2.22280505113304E-05,
,,,-1.15225E-07,0.000217364020500099,0.000189592072274536,
,,,-1.15025E-07,0.000217364020500099,0.000524320115800947,
,,,-1.14825E-07,0.000719456085789716,-0.000145135971251875,
,,,-1.14625E-07,4.99999987368938E-05,-0.000145135971251875,
,,,-1.14425E-07,-0.000284728044789517,0.000189592072274536,
,,,-1.14225E-07,4.99999987368938E-05,0.000356956094037741,
,,,-1.14025E-07,0.000217364020500099,2.22280505113304E-05,
,,,-1.13825E-07,-0.000117364023026312,-0.000312499993015081,
,,,-1.13625E-07,-0.000284728044789517,-0.000814592058304697,
,,,-1.13425E-07,0.000384728042263305,-0.000479864014778286,
,,,-1.13225E-07,-0.000117364023026312,-0.000312499993015081,
,,,-1.13025E-07,4.99999987368938E-05,-0.000479864014778286,
,,,-1.12825E-07,0.00055209206402651,0.000356956094037741,
,,,-1.12625E-07,0.000886820107552921,-0.000981956080067903,
,,,-1.12425E-07,0.000384728042263305,-0.000145135971251875,
,,,-1.12225E-07,0.000384728042263305,0.000356956094037741,
,,,-1.12025E-07,4.99999987368938E-05,-0.000312499993015081,
,,,-1.11825E-07,0.000217364020500099,-0.000647228036541492,
,,,-1.11625E-07,-0.000619456088315928,-0.000312499993015081,
,,,-1.11425E-07,0.000217364020500099,0.000189592072274536,
,,,-1.11225E-07,4.99999987368938E-05,-0.000145135971251875,
,,,-1.11025E-07,4.99999987368938E-05,2.22280505113304E-05,
,,,-1.10825E-07,0.000384728042263305,-0.000145135971251875,
,,,-1.10625E-07,4.99999987368938E-05,-0.000145135971251875,
,,,-1.10425E-07,-0.000619456088315928,-0.000145135971251875,
,,,-1.10225E-07,4.99999987368938E-05,-0.000145135971251875,
,,,-1.10025E-07,4.99999987368938E-05,-0.000479864014778286,
,,,-1.09825E-07,4.99999987368938E-05,2.22280505113304E-05,
,,,-1.09625E-07,0.000384728042263305,-0.000145135971251875,
,,,-1.09425E-07,0.000217364020500099,2.22280505113304E-05,
,,,-1.09225E-07,4.99999987368938E-05,-0.000145135971251875,
,,,-1.09025E-07,-0.000117364023026312,-0.000312499993015081,
,,,-1.08825E-07,0.00055209206402651,-0.000647228036541492,
,,,-1.08625E-07,-0.000284728044789517,-0.000145135971251875,
,,,-1.08425E-07,4.99999987368938E-05,-0.000479864014778286,
,,,-1.08225E-07,0.000719456085789716,0.000356956094037741,
,,,-1.08025E-07,0.000384728042263305,0.000356956094037741,
,,,-1.07825E-07,-0.000452092066552723,0.000356956094037741,
,,,-1.07625E-07,0.000384728042263305,2.22280505113304E-05,
,,,-1.07425E-07,0.000719456085789716,2.22280505113304E-05,
,,,-1.07225E-07,-0.000452092066552723,0.000189592072274536,
,,,-1.07025E-07,0.000217364020500099,-0.000312499993015081,
,,,-1.06825E-07,0.000719456085789716,-0.000312499993015081,
,,,-1.06625E-07,0.00055209206402651,-0.000145135971251875,
,,,-1.06425E-07,-0.000452092066552723,-0.000479864014778286,
,,,-1.06225E-07,-0.000117364023026312,-0.000479864014778286,
,,,-1.06025E-07,-0.000117364023026312,-0.000312499993015081,
,,,-1.05825E-07,0.000719456085789716,2.22280505113304E-05,
,,,-1.05625E-07,0.00055209206402651,0.000356956094037741,
,,,-1.05425E-07,4.99999987368938E-05,-0.000145135971251875,
,,,-1.05225E-07,0.000384728042263305,0.000691684137564152,
,,,-1.05025E-07,0.00055209206402651,2.22280505113304E-05,
,,,-1.04825E-07,0.000384728042263305,-0.000145135971251875,
,,,-1.04625E-07,0.000217364020500099,0.000524320115800947,
,,,-1.04425E-07,-0.000117364023026312,0.000524320115800947,
,,,-1.04225E-07,0.000384728042263305,0.000189592072274536,
,,,-1.04025E-07,-0.000117364023026312,0.000189592072274536,
,,,-1.03825E-07,0.00055209206402651,-0.000647228036541492,
,,,-1.03625E-07,4.99999987368938E-05,0.000691684137564152,
,,,-1.03425E-07,-0.000117364023026312,0.000859048159327358,
,,,-1.03225E-07,0.00055209206402651,-0.000479864014778286,
,,,-1.03025E-07,-0.000284728044789517,-0.000814592058304697,
,,,-1.02825E-07,0.000384728042263305,-0.000312499993015081,
,,,-1.02625E-07,0.000217364020500099,-0.000312499993015081,
,,,-1.02425E-07,-0.000284728044789517,-0.000479864014778286,
,,,-1.02225E-07,0.000217364020500099,0.000859048159327358,
,,,-1.02025E-07,4.99999987368938E-05,0.000189592072274536,
,,,-1.01825E-07,-0.000284728044789517,-0.000479864014778286,
,,,-1.01625E-07,-0.000452092066552723,-0.000479864014778286,
,,,-1.01425E-07,0.000217364020500099,-0.000145135971251875,
,,,-1.01225E-07,0.00055209206402651,-0.000312499993015081,
,,,-1.01025E-07,0.000217364020500099,-0.000312499993015081,
,,,-1.00825E-07,4.99999987368938E-05,-0.000145135971251875,
,,,-1.00625E-07,-0.000284728044789517,0.000356956094037741,
,,,-1.00425E-07,0.000217364020500099,-0.000145135971251875,
,,,-1.00225E-07,-0.000284728044789517,-0.000647228036541492,
,,,-1.00025E-07,4.99999987368938E-05,0.000189592072274536,
,,,-9.9825E-08,0.000217364020500099,-0.000312499993015081,
,,,-9.9625E-08,-0.000284728044789517,2.22280505113304E-05,
,,,-9.9425E-08,0.000384728042263305,2.22280505113304E-05,
,,,-9.9225E-08,0.00055209206402651,0.000189592072274536,
,,,-9.9025E-08,0.000719456085789716,-0.000479864014778286,
,,,-9.8825E-08,-0.000786820110079134,0.000189592072274536,
,,,-9.8625E-08,0.000217364020500099,0.000189592072274536,
,,,-9.8425E-08,0.000384728042263305,-0.000312499993015081,
,,,-9.8225E-08,4.99999987368938E-05,2.22280505113304E-05,
,,,-9.8025E-08,-0.000117364023026312,-0.000145135971251875,
,,,-9.7825E-08,-0.000117364023026312,0.000524320115800947,
,,,-9.7625E-08,-0.000452092066552723,0.000356956094037741,
,,,-9.7425E-08,-0.000117364023026312,2.22280505113304E-05,
,,,-9.7225E-08,0.000217364020500099,0.000189592072274536,
,,,-9.7025E-08,4.99999987368938E-05,0.000524320115800947,
,,,-9.6825E-08,-0.000284728044789517,-0.000479864014778286,
,,,-9.6625E-08,-0.000452092066552723,-0.000312499993015081,
,,,-9.6425E-08,-0.000284728044789517,0.00102641218109056,
,,,-9.6225E-08,-0.000117364023026312,-0.000145135971251875,
,,,-9.6025E-08,0.000719456085789716,-0.000814592058304697,
,,,-9.5825E-08,0.000217364020500099,-0.000145135971251875,
,,,-9.5625E-08,-0.000117364023026312,0.000356956094037741,
,,,-9.5425E-08,4.99999987368938E-05,2.22280505113304E-05,
,,,-9.5225E-08,4.99999987368938E-05,0.000189592072274536,
,,,-9.5025E-08,-0.000284728044789517,-0.000312499993015081,
,,,-9.4825E-08,4.99999987368938E-05,2.22280505113304E-05,
,,,-9.4625E-08,4.99999987368938E-05,-0.000647228036541492,
,,,-9.4425E-08,4.99999987368938E-05,-0.000312499993015081,
,,,-9.4225E-08,0.000217364020500099,-0.000312499993015081,
,,,-9.4025E-08,0.000217364020500099,-0.000145135971251875,
,,,-9.3825E-08,-0.000117364023026312,2.22280505113304E-05,
,,,-9.3625E-08,-0.000117364023026312,-0.000647228036541492,
,,,-9.3425E-08,4.99999987368938E-05,-0.000145135971251875,
,,,-9.3225E-08,0.000384728042263305,2.22280505113304E-05,
,,,-9.3025E-08,0.000217364020500099,-0.00114932010183111,
,,,-9.2825E-08,0.000384728042263305,-0.000647228036541492,
,,,-9.2625E-08,4.99999987368938E-05,-0.000145135971251875,
,,,-9.2425E-08,0.000217364020500099,-0.000312499993015081,
,,,-9.2225E-08,-0.000452092066552723,2.22280505113304E-05,
,,,-9.2025E-08,-0.000117364023026312,2.22280505113304E-05,
,,,-9.1825E-08,0.000217364020500099,-0.000647228036541492,
,,,-9.1625E-08,4.99999987368938E-05,-0.000647228036541492,
,,,-9.1425E-08,-0.000117364023026312,2.22280505113304E-05,
,,,-9.1225E-08,-0.000284728044789517,-0.000312499993015081,
,,,-9.1025E-08,-0.000452092066552723,-0.000145135971251875,
,,,-9.0825E-08,-0.000117364023026312,-0.000145135971251875,
,,,-9.0625E-08,4.99999987368938E-05,2.22280505113304E-05,
,,,-9.0425E-08,4.99999987368938E-05,-0.000145135971251875,
,,,-9.02249999999999E-08,0.000217364020500099,-0.000814592058304697,
,,,-9.0025E-08,4.99999987368938E-05,-0.000145135971251875,
,,,-8.9825E-08,0.000384728042263305,-0.000647228036541492,
,,,-8.9625E-08,4.99999987368938E-05,-0.000814592058304697,
,,,-8.9425E-08,-0.000117364023026312,-0.000145135971251875,
,,,-8.9225E-08,0.000719456085789716,-0.000145135971251875,
,,,-8.9025E-08,0.000217364020500099,-0.000145135971251875,
,,,-8.8825E-08,-0.000117364023026312,-0.000312499993015081,
,,,-8.8625E-08,4.99999987368938E-05,-0.000312499993015081,
,,,-8.8425E-08,0.00055209206402651,-0.000479864014778286,
,,,-8.8225E-08,0.000384728042263305,-0.000312499993015081,
,,,-8.8025E-08,-0.000117364023026312,-0.000145135971251875,
,,,-8.7825E-08,-0.000117364023026312,0.000189592072274536,
,,,-8.7625E-08,0.00055209206402651,-0.000312499993015081,
,,,-8.7425E-08,-0.000117364023026312,-0.000814592058304697,
,,,-8.7225E-08,-0.000284728044789517,-0.000312499993015081,
,,,-8.7025E-08,-0.000284728044789517,-0.000981956080067903,
,,,-8.6825E-08,-0.000117364023026312,0.000189592072274536,
,,,-8.6625E-08,0.000217364020500099,-0.000145135971251875,
,,,-8.6425E-08,-0.000284728044789517,-0.000145135971251875,
,,,-8.6225E-08,-0.000284728044789517,-0.000479864014778286,
,,,-8.6025E-08,0.000384728042263305,0.000189592072274536,
,,,-8.5825E-08,0.000719456085789716,-0.000312499993015081,
,,,-8.5625E-08,0.000886820107552921,-0.000145135971251875,
,,,-8.5425E-08,-0.000117364023026312,-0.000647228036541492,
,,,-8.5225E-08,0.00055209206402651,-0.000479864014778286,
,,,-8.5025E-08,0.00055209206402651,0.000189592072274536,
,,,-8.4825E-08,-0.000117364023026312,2.22280505113304E-05,
,,,-8.4625E-08,-0.000117364023026312,-0.000814592058304697,
,,,-8.4425E-08,0.000886820107552921,-0.000145135971251875,
,,,-8.4225E-08,-0.000452092066552723,-0.000479864014778286,
,,,-8.4025E-08,-0.000786820110079134,-0.000312499993015081,
,,,-8.3825E-08,0.000217364020500099,-0.000145135971251875,
,,,-8.3625E-08,0.000719456085789716,-0.000312499993015081,
,,,-8.3425E-08,0.000886820107552921,-0.000312499993015081,
,,,-8.3225E-08,-0.000117364023026312,-0.000145135971251875,
,,,-8.3025E-08,0.000886820107552921,0.000524320115800947,
,,,-8.2825E-08,4.99999987368938E-05,2.22280505113304E-05,
,,,-8.2625E-08,0.000217364020500099,-0.000145135971251875,
,,,-8.2425E-08,-0.000117364023026312,-0.000479864014778286,
,,,-8.2225E-08,-0.000284728044789517,-0.000479864014778286,
,,,-8.2025E-08,4.99999987368938E-05,-0.000312499993015081,
,,,-8.1825E-08,-0.000619456088315928,-0.000312499993015081,
,,,-8.1625E-08,-0.000117364023026312,0.000524320115800947,
,,,-8.1425E-08,0.000217364020500099,0.000356956094037741,
,,,-8.1225E-08,0.000217364020500099,-0.000647228036541492,
,,,-8.1025E-08,0.000217364020500099,-0.000814592058304697,
,,,-8.0825E-08,0.000217364020500099,-0.000479864014778286,
,,,-8.0625E-08,-0.000284728044789517,-0.000647228036541492,
,,,-8.0425E-08,-0.000452092066552723,-0.000814592058304697,
,,,-8.0225E-08,0.00055209206402651,-0.000312499993015081,
,,,-8.0025E-08,0.000719456085789716,0.000189592072274536,
,,,-7.9825E-08,0.000217364020500099,-0.000145135971251875,
,,,-7.9625E-08,0.000217364020500099,-0.000981956080067903,
,,,-7.9425E-08,0.000384728042263305,-0.000647228036541492,
,,,-7.9225E-08,4.99999987368938E-05,-0.000145135971251875,
,,,-7.9025E-08,4.99999987368938E-05,2.22280505113304E-05,
,,,-7.8825E-08,4.99999987368938E-05,2.22280505113304E-05,
,,,-7.8625E-08,0.000384728042263305,-0.000814592058304697,
,,,-7.8425E-08,0.000719456085789716,-0.000312499993015081,
,,,-7.8225E-08,0.00105418412931613,-0.000145135971251875,
,,,-7.8025E-08,0.000384728042263305,-0.000312499993015081,
,,,-7.7825E-08,0.000217364020500099,-0.000479864014778286,
,,,-7.7625E-08,0.000217364020500099,2.22280505113304E-05,
,,,-7.7425E-08,0.000719456085789716,-0.000145135971251875,
,,,-7.7225E-08,0.000719456085789716,-0.000312499993015081,
,,,-7.7025E-08,4.99999987368938E-05,2.22280505113304E-05,
,,,-7.68249999999999E-08,0.000384728042263305,-0.000479864014778286,
,,,-7.6625E-08,0.000719456085789716,-0.000479864014778286,
,,,-7.6425E-08,0.000217364020500099,2.22280505113304E-05,
,,,-7.6225E-08,0.000217364020500099,2.22280505113304E-05,
,,,-7.6025E-08,0.000217364020500099,2.22280505113304E-05,
,,,-7.5825E-08,0.000217364020500099,-0.000312499993015081,
,,,-7.5625E-08,0.000886820107552921,-0.000312499993015081,
,,,-7.54249999999999E-08,-0.000284728044789517,-0.000647228036541492,
,,,-7.5225E-08,-0.000117364023026312,-0.000647228036541492,
,,,-7.5025E-08,0.000217364020500099,-0.000312499993015081,
,,,-7.4825E-08,0.000217364020500099,-0.000814592058304697,
,,,-7.4625E-08,4.99999987368938E-05,-0.000647228036541492,
,,,-7.4425E-08,4.99999987368938E-05,-0.000479864014778286,
,,,-7.4225E-08,0.00055209206402651,-0.000312499993015081,
,,,-7.4025E-08,0.000886820107552921,0.000356956094037741,
,,,-7.3825E-08,0.000217364020500099,0.000691684137564152,
,,,-7.3625E-08,0.000384728042263305,2.22280505113304E-05,
,,,-7.3425E-08,0.000384728042263305,-0.000981956080067903,
,,,-7.3225E-08,-0.000452092066552723,-0.000145135971251875,
,,,-7.3025E-08,0.000217364020500099,-0.000479864014778286,
,,,-7.2825E-08,0.000384728042263305,2.22280505113304E-05,
,,,-7.2625E-08,-0.000284728044789517,-0.000145135971251875,
,,,-7.2425E-08,4.99999987368938E-05,-0.000145135971251875,
,,,-7.2225E-08,0.00055209206402651,2.22280505113304E-05,
,,,-7.2025E-08,4.99999987368938E-05,-0.000312499993015081,
,,,-7.1825E-08,-0.000117364023026312,-0.000145135971251875,
,,,-7.1625E-08,0.000217364020500099,0.000189592072274536,
,,,-7.1425E-08,0.000217364020500099,-0.000312499993015081,
,,,-7.1225E-08,-0.000117364023026312,2.22280505113304E-05,
,,,-7.1025E-08,-0.000452092066552723,-0.000145135971251875,
,,,-7.0825E-08,4.99999987368938E-05,-0.000312499993015081,
,,,-7.0625E-08,-0.000284728044789517,-0.000479864014778286,
,,,-7.0425E-08,-0.000284728044789517,-0.000145135971251875,
,,,-7.0225E-08,4.99999987368938E-05,0.000356956094037741,
,,,-7.0025E-08,-0.000284728044789517,-0.000145135971251875,
,,,-6.9825E-08,-0.000117364023026312,-0.000145135971251875,
,,,-6.9625E-08,4.99999987368938E-05,-0.000145135971251875,
,,,-6.9425E-08,-0.000284728044789517,2.22280505113304E-05,
,,,-6.9225E-08,-0.000117364023026312,0.000189592072274536,
,,,-6.9025E-08,0.000217364020500099,-0.000145135971251875,
,,,-6.8825E-08,-0.000284728044789517,-0.000145135971251875,
,,,-6.8625E-08,-0.000452092066552723,-0.000312499993015081,
,,,-6.8425E-08,0.000217364020500099,-0.000145135971251875,
,,,-6.8225E-08,-0.000117364023026312,-0.000312499993015081,
,,,-6.8025E-08,-0.000786820110079134,-0.000145135971251875,
,,,-6.7825E-08,4.99999987368938E-05,-0.000145135971251875,
,,,-6.7625E-08,0.000384728042263305,-0.000479864014778286,
,,,-6.7425E-08,-0.000284728044789517,2.22280505113304E-05,
,,,-6.7225E-08,-0.000284728044789517,0.000524320115800947,
,,,-6.7025E-08,4.99999987368938E-05,0.000189592072274536,
,,,-6.6825E-08,4.99999987368938E-05,-0.000312499993015081,
,,,-6.6625E-08,-0.000117364023026312,0.000189592072274536,
,,,-6.6425E-08,4.99999987368938E-05,0.000189592072274536,
,,,-6.6225E-08,4.99999987368938E-05,2.22280505113304E-05,
,,,-6.6025E-08,-0.000117364023026312,2.22280505113304E-05,
,,,-6.5825E-08,-0.000284728044789517,2.22280505113304E-05,
,,,-6.5625E-08,-0.000117364023026312,-0.000145135971251875,
,,,-6.5425E-08,4.99999987368938E-05,-0.000814592058304697,
,,,-6.5225E-08,4.99999987368938E-05,-0.000312499993015081,
,,,-6.5025E-08,0.000217364020500099,2.22280505113304E-05,
,,,-6.4825E-08,4.99999987368938E-05,0.000189592072274536,
,,,-6.4625E-08,-0.000452092066552723,-0.000814592058304697,
,,,-6.4425E-08,0.000384728042263305,-0.000647228036541492,
,,,-6.4225E-08,0.000217364020500099,-0.00114932010183111,
,,,-6.4025E-08,0.000719456085789716,0.000356956094037741,
,,,-6.3825E-08,0.00055209206402651,-0.000981956080067903,
,,,-6.3625E-08,0.000217364020500099,-0.000981956080067903,
,,,-6.3425E-08,4.99999987368938E-05,-0.000479864014778286,
,,,-6.3225E-08,4.99999987368938E-05,-0.000647228036541492,
,,,-6.3025E-08,-0.000284728044789517,2.22280505113304E-05,
,,,-6.2825E-08,-0.000619456088315928,-0.000312499993015081,
,,,-6.2625E-08,4.99999987368938E-05,-0.00114932010183111,
,,,-6.2425E-08,-0.000117364023026312,-0.000814592058304697,
,,,-6.2225E-08,-0.000284728044789517,-0.000145135971251875,
,,,-6.20249999999999E-08,-0.000284728044789517,2.22280505113304E-05,
,,,-6.1825E-08,-0.000117364023026312,-0.000479864014778286,
,,,-6.1625E-08,-0.000452092066552723,2.22280505113304E-05,
,,,-6.1425E-08,0.000217364020500099,2.22280505113304E-05,
,,,-6.1225E-08,-0.000117364023026312,-0.000479864014778286,
,,,-6.1025E-08,0.000217364020500099,-0.000312499993015081,
,,,-6.0825E-08,0.000217364020500099,0.000189592072274536,
,,,-6.06249999999999E-08,4.99999987368938E-05,-0.000647228036541492,
,,,-6.0425E-08,-0.000284728044789517,-0.000312499993015081,
,,,-6.0225E-08,0.000886820107552921,-0.000312499993015081,
,,,-6.0025E-08,0.000217364020500099,-0.000479864014778286,
,,,-5.9825E-08,-0.000117364023026312,-0.000145135971251875,
,,,-5.9625E-08,-0.000117364023026312,0.000691684137564152,
,,,-5.9425E-08,0.000217364020500099,-0.000312499993015081,
,,,-5.9225E-08,0.000384728042263305,-0.000479864014778286,
,,,-5.9025E-08,-0.000117364023026312,0.000189592072274536,
,,,-5.8825E-08,-0.000117364023026312,-0.000312499993015081,
,,,-5.8625E-08,0.000384728042263305,-0.000647228036541492,
,,,-5.8425E-08,-0.000452092066552723,0.000189592072274536,
,,,-5.8225E-08,-0.000117364023026312,2.22280505113304E-05,
,,,-5.8025E-08,0.000217364020500099,-0.000312499993015081,
,,,-5.7825E-08,4.99999987368938E-05,-0.000312499993015081,
,,,-5.7625E-08,-0.000619456088315928,-0.000312499993015081,
,,,-5.7425E-08,0.000217364020500099,2.22280505113304E-05,
,,,-5.7225E-08,-0.000284728044789517,-0.000814592058304697,
,,,-5.7025E-08,-0.000452092066552723,-0.000312499993015081,
,,,-5.6825E-08,0.000217364020500099,-0.000312499993015081,
,,,-5.6625E-08,-0.000284728044789517,-0.00114932010183111,
,,,-5.6425E-08,-0.000117364023026312,0.000189592072274536,
,,,-5.6225E-08,0.000217364020500099,0.000356956094037741,
,,,-5.6025E-08,-0.000117364023026312,-0.000647228036541492,
,,,-5.5825E-08,4.99999987368938E-05,-0.000312499993015081,
,,,-5.5625E-08,0.000217364020500099,-0.000312499993015081,
,,,-5.5425E-08,-0.000117364023026312,-0.000981956080067903,
,,,-5.5225E-08,0.000384728042263305,-0.000981956080067903,
,,,-5.5025E-08,0.000217364020500099,-0.000312499993015081,
,,,-5.4825E-08,-0.000284728044789517,-0.000479864014778286,
,,,-5.4625E-08,-0.000619456088315928,-0.000814592058304697,
,,,-5.4425E-08,-0.000786820110079134,-0.000479864014778286,
,,,-5.4225E-08,-0.000117364023026312,-0.000479864014778286,
,,,-5.4025E-08,0.000719456085789716,-0.000145135971251875,
,,,-5.3825E-08,0.000217364020500099,-0.000312499993015081,
,,,-5.3625E-08,-0.000117364023026312,-0.000814592058304697,
,,,-5.3425E-08,4.99999987368938E-05,-0.000647228036541492,
,,,-5.3225E-08,0.00055209206402651,2.22280505113304E-05,
,,,-5.3025E-08,-0.000117364023026312,0.000356956094037741,
,,,-5.2825E-08,4.99999987368938E-05,-0.000479864014778286,
,,,-5.2625E-08,-0.000117364023026312,-0.000145135971251875,
,,,-5.2425E-08,-0.000452092066552723,-0.000312499993015081,
,,,-5.2225E-08,-0.000284728044789517,2.22280505113304E-05,
,,,-5.2025E-08,0.000217364020500099,0.000189592072274536,
,,,-5.1825E-08,0.000384728042263305,2.22280505113304E-05,
,,,-5.1625E-08,-0.000284728044789517,-0.000145135971251875,
,,,-5.1425E-08,0.000217364020500099,-0.000981956080067903,
,,,-5.1225E-08,4.99999987368938E-05,-0.000647228036541492,
,,,-5.1025E-08,4.99999987368938E-05,-0.000145135971251875,
,,,-5.0825E-08,0.000384728042263305,-0.000479864014778286,
,,,-5.0625E-08,-0.000452092066552723,2.22280505113304E-05,
,,,-5.0425E-08,-0.000284728044789517,0.000356956094037741,
,,,-5.0225E-08,0.000384728042263305,-0.000312499993015081,
,,,-5.0025E-08,-0.000117364023026312,-0.000647228036541492,
,,,-4.9825E-08,0.000217364020500099,-0.000312499993015081,
,,,-4.9625E-08,0.00055209206402651,-0.000312499993015081,
,,,-4.9425E-08,4.99999987368938E-05,-0.000479864014778286,
,,,-4.9225E-08,0.000217364020500099,-0.000145135971251875,
,,,-4.9025E-08,0.000384728042263305,-0.000479864014778286,
,,,-4.8825E-08,0.000384728042263305,2.22280505113304E-05,
,,,-4.86249999999999E-08,0.000384728042263305,2.22280505113304E-05,
,,,-4.8425E-08,4.99999987368938E-05,0.000189592072274536,
,,,-4.8225E-08,0.000384728042263305,-0.000312499993015081,
,,,-4.8025E-08,0.000384728042263305,-0.000479864014778286,
,,,-4.7825E-08,4.99999987368938E-05,-0.000312499993015081,
,,,-4.7625E-08,0.000384728042263305,-0.000312499993015081,
,,,-4.7425E-08,-0.000117364023026312,-0.000312499993015081,
,,,-4.72249999999999E-08,4.99999987368938E-05,-0.000312499993015081,
,,,-4.7025E-08,0.00055209206402651,-0.000312499993015081,
,,,-4.6825E-08,0.000719456085789716,-0.000647228036541492,
,,,-4.6625E-08,4.99999987368938E-05,0.000356956094037741,
,,,-4.6425E-08,0.000217364020500099,-0.000981956080067903,
,,,-4.6225E-08,0.000886820107552921,-0.000145135971251875,
,,,-4.6025E-08,4.99999987368938E-05,0.000189592072274536,
,,,-4.58249999999999E-08,4.99999987368938E-05,-0.000647228036541492,
,,,-4.5625E-08,0.00055209206402651,-0.000647228036541492,
,,,-4.5425E-08,0.000384728042263305,-0.000479864014778286,
,,,-4.5225E-08,0.000217364020500099,-0.000145135971251875,
,,,-4.5025E-08,-0.000117364023026312,-0.000479864014778286,
,,,-4.4825E-08,-0.000117364023026312,-0.000312499993015081,
,,,-4.4625E-08,0.00055209206402651,2.22280505113304E-05,
,,,-4.44249999999999E-08,-0.000284728044789517,-0.000145135971251875,
,,,-4.4225E-08,-0.000117364023026312,-0.000479864014778286,
,,,-4.4025E-08,0.000217364020500099,-0.000647228036541492,
,,,-4.3825E-08,0.000217364020500099,-0.000479864014778286,
,,,-4.3625E-08,-0.000117364023026312,-0.000145135971251875,
,,,-4.3425E-08,-0.000284728044789517,-0.000145135971251875,
,,,-4.3225E-08,4.99999987368938E-05,-0.000479864014778286,
,,,-4.3025E-08,-0.000284728044789517,-0.000312499993015081,
,,,-4.2825E-08,0.000719456085789716,-0.000145135971251875,
,,,-4.2625E-08,0.000719456085789716,0.000189592072274536,
,,,-4.2425E-08,-0.000619456088315928,-0.000145135971251875,
,,,-4.2225E-08,4.99999987368938E-05,0.000524320115800947,
,,,-4.2025E-08,4.99999987368938E-05,-0.000312499993015081,
,,,-4.1825E-08,0.000217364020500099,-0.000312499993015081,
,,,-4.1625E-08,0.000719456085789716,0.000189592072274536,
,,,-4.1425E-08,0.000719456085789716,-0.000647228036541492,
,,,-4.1225E-08,0.000384728042263305,-0.000647228036541492,
,,,-4.1025E-08,0.000384728042263305,-0.000312499993015081,
,,,-4.0825E-08,0.000719456085789716,-0.000145135971251875,
,,,-4.0625E-08,0.000719456085789716,-0.000312499993015081,
,,,-4.0425E-08,-0.000284728044789517,-0.000145135971251875,
,,,-4.0225E-08,0.000384728042263305,-0.000145135971251875,
,,,-4.0025E-08,-0.000117364023026312,-0.000647228036541492,
,,,-3.9825E-08,-0.000452092066552723,-0.000479864014778286,
,,,-3.9625E-08,0.000217364020500099,0.000524320115800947,
,,,-3.9425E-08,0.000384728042263305,-0.000647228036541492,
,,,-3.9225E-08,-0.000284728044789517,-0.000312499993015081,
,,,-3.9025E-08,-0.000284728044789517,-0.000145135971251875,
,,,-3.8825E-08,4.99999987368938E-05,-0.000479864014778286,
,,,-3.8625E-08,-0.000619456088315928,-0.000312499993015081,
,,,-3.8425E-08,-0.000284728044789517,-0.000312499993015081,
,,,-3.8225E-08,0.000886820107552921,2.22280505113304E-05,
,,,-3.8025E-08,0.000384728042263305,-0.000145135971251875,
,,,-3.7825E-08,4.99999987368938E-05,2.22280505113304E-05,
,,,-3.7625E-08,0.000886820107552921,0.000189592072274536,
,,,-3.7425E-08,0.000886820107552921,0.000356956094037741,
,,,-3.7225E-08,0.00055209206402651,-0.000479864014778286,
,,,-3.7025E-08,-0.000117364023026312,-0.000981956080067903,
,,,-3.6825E-08,-0.000452092066552723,-0.000145135971251875,
,,,-3.6625E-08,4.99999987368938E-05,0.000189592072274536,
,,,-3.6425E-08,0.000217364020500099,2.22280505113304E-05,
,,,-3.6225E-08,0.000384728042263305,-0.000479864014778286,
,,,-3.6025E-08,4.99999987368938E-05,-0.000145135971251875,
,,,-3.5825E-08,0.00055209206402651,2.22280505113304E-05,
,,,-3.5625E-08,-0.000452092066552723,-0.000145135971251875,
,,,-3.5425E-08,4.99999987368938E-05,-0.000647228036541492,
,,,-3.5225E-08,0.000719456085789716,-0.000814592058304697,
,,,-3.5025E-08,0.000384728042263305,-0.000479864014778286,
,,,-3.4825E-08,4.99999987368938E-05,-0.000479864014778286,
,,,-3.4625E-08,0.00055209206402651,2.22280505113304E-05,
,,,-3.4425E-08,0.00055209206402651,-0.000479864014778286,
,,,-3.4225E-08,0.000384728042263305,-0.000145135971251875,
,,,-3.4025E-08,-0.000117364023026312,-0.000145135971251875,
,,,-3.38249999999999E-08,-0.000117364023026312,0.000189592072274536,
,,,-3.3625E-08,-0.000619456088315928,2.22280505113304E-05,
,,,-3.3425E-08,-0.000786820110079134,0.000356956094037741,
,,,-3.3225E-08,-0.000619456088315928,-0.000312499993015081,
,,,-3.3025E-08,0.000384728042263305,0.000189592072274536,
,,,-3.2825E-08,0.000384728042263305,0.000189592072274536,
,,,-3.2625E-08,-0.000452092066552723,-0.000312499993015081,
,,,-3.24249999999999E-08,0.000384728042263305,-0.000145135971251875,
,,,-3.2225E-08,-0.000619456088315928,-0.000145135971251875,
,,,-3.2025E-08,-0.00112154815360554,-0.00114932010183111,
,,,-3.1825E-08,-0.000619456088315928,0.000189592072274536,
,,,-3.1625E-08,4.99999987368938E-05,0.000859048159327358,
,,,-3.1425E-08,0.000217364020500099,0.000189592072274536,
,,,-3.1225E-08,-0.000619456088315928,-0.000479864014778286,
,,,-3.10249999999999E-08,-0.000117364023026312,0.000356956094037741,
,,,-3.0825E-08,4.99999987368938E-05,2.22280505113304E-05,
,,,-3.0625E-08,4.99999987368938E-05,-0.000312499993015081,
,,,-3.0425E-08,4.99999987368938E-05,-0.000312499993015081,
,,,-3.0225E-08,4.99999987368938E-05,2.22280505113304E-05,
,,,-3.0025E-08,0.000217364020500099,-0.000479864014778286,
,,,-2.9825E-08,4.99999987368938E-05,-0.000814592058304697,
,,,-2.96249999999999E-08,4.99999987368938E-05,-0.000145135971251875,
,,,-2.9425E-08,4.99999987368938E-05,-0.000312499993015081,
,,,-2.9225E-08,0.000719456085789716,2.22280505113304E-05,
,,,-2.9025E-08,-0.000284728044789517,-0.000479864014778286,
,,,-2.8825E-08,0.000384728042263305,-0.000145135971251875,
,,,-2.8625E-08,0.000384728042263305,2.22280505113304E-05,
,,,-2.8425E-08,4.99999987368938E-05,0.000356956094037741,
,,,-2.8225E-08,0.000384728042263305,0.000189592072274536,
,,,-2.8025E-08,4.99999987368938E-05,2.22280505113304E-05,
,,,-2.7825E-08,0.000217364020500099,-0.000312499993015081,
,,,-2.7625E-08,0.000384728042263305,2.22280505113304E-05,
,,,-2.7425E-08,4.99999987368938E-05,0.000356956094037741,
,,,-2.7225E-08,0.000384728042263305,2.22280505113304E-05,
,,,-2.7025E-08,4.99999987368938E-05,-0.000312499993015081,
,,,-2.6825E-08,-0.000284728044789517,0.000356956094037741,
,,,-2.6625E-08,-0.000117364023026312,-0.000312499993015081,
,,,-2.6425E-08,0.000217364020500099,-0.000479864014778286,
,,,-2.6225E-08,0.000217364020500099,-0.000145135971251875,
,,,-2.6025E-08,4.99999987368938E-05,-0.000145135971251875,
,,,-2.5825E-08,-0.000117364023026312,-0.000312499993015081,
,,,-2.5625E-08,-0.000284728044789517,-0.000647228036541492,
,,,-2.5425E-08,0.00055209206402651,-0.000312499993015081,
,,,-2.5225E-08,0.000719456085789716,-0.000145135971251875,
,,,-2.5025E-08,-0.000284728044789517,-0.000312499993015081,
,,,-2.4825E-08,0.000217364020500099,-0.000647228036541492,
,,,-2.4625E-08,0.00055209206402651,-0.000145135971251875,
,,,-2.4425E-08,0.000384728042263305,0.000189592072274536,
,,,-2.4225E-08,0.000217364020500099,-0.000312499993015081,
,,,-2.4025E-08,0.000217364020500099,-0.000145135971251875,
,,,-2.3825E-08,-0.000117364023026312,2.22280505113304E-05,
,,,-2.3625E-08,4.99999987368938E-05,-0.000479864014778286,
,,,-2.3425E-08,4.99999987368938E-05,-0.000145135971251875,
,,,-2.3225E-08,0.000217364020500099,2.22280505113304E-05,
,,,-2.3025E-08,0.000384728042263305,-0.000814592058304697,
,,,-2.2825E-08,0.000886820107552921,-0.000479864014778286,
,,,-2.2625E-08,0.00055209206402651,-0.000981956080067903,
,,,-2.2425E-08,0.000719456085789716,-0.000479864014778286,
,,,-2.2225E-08,0.000886820107552921,2.22280505113304E-05,
,,,-2.2025E-08,0.000886820107552921,-0.000981956080067903,
,,,-2.1825E-08,0.000719456085789716,-0.000647228036541492,
,,,-2.1625E-08,0.00105418412931613,2.22280505113304E-05,
,,,-2.1425E-08,0.000886820107552921,-0.000145135971251875,
,,,-2.1225E-08,0.00122154815107933,-0.000479864014778286,
,,,-2.1025E-08,0.00122154815107933,-0.000145135971251875,
,,,-2.0825E-08,0.00189100423813215,2.22280505113304E-05,
,,,-2.0625E-08,0.00155627619460574,-0.000814592058304697,
,,,-2.04249999999999E-08,0.00138891217284254,2.22280505113304E-05,
,,,-2.0225E-08,0.00172364021636895,2.22280505113304E-05,
,,,-2.0025E-08,0.00205836825989536,-0.000479864014778286,
,,,-1.9825E-08,0.00256046032518498,-0.000814592058304697,
,,,-1.9625E-08,0.00239309630342177,-0.000312499993015081,
,,,-1.9425E-08,0.00272782434694818,0.000524320115800947,
,,,-1.9225E-08,0.00239309630342177,2.22280505113304E-05,
,,,-1.90249999999999E-08,0.00222573228165857,-0.000145135971251875,
,,,-1.8825E-08,0.00289518836871139,-0.000312499993015081,
,,,-1.8625E-08,0.0032299164122378,-0.000312499993015081,
,,,-1.8425E-08,0.003397280434001,-0.000312499993015081,
,,,-1.8225E-08,0.00272782434694818,-0.000312499993015081,
,,,-1.8025E-08,0.00289518836871139,-0.000145135971251875,
,,,-1.7825E-08,0.003397280434001,-0.000647228036541492,
,,,-1.76249999999999E-08,0.00406673652105383,-0.000981956080067903,
,,,-1.7425E-08,0.00373200847752742,-0.000145135971251875,
,,,-1.7225E-08,0.00373200847752742,-0.000647228036541492,
,,,-1.7025E-08,0.00423410054281703,-0.000479864014778286,
,,,-1.6825E-08,0.00490355662986985,-0.000647228036541492,
,,,-1.6625E-08,0.00440146456458024,-0.000479864014778286,
,,,-1.6425E-08,0.00507092065163306,-0.000145135971251875,
,,,-1.62249999999999E-08,0.00490355662986985,-0.000312499993015081,
,,,-1.6025E-08,0.00456882858634344,-0.00148404814535752,
,,,-1.5825E-08,0.00540564869515947,2.22280505113304E-05,
,,,-1.5625E-08,0.00574037673868588,-0.000145135971251875,
,,,-1.5425E-08,0.00574037673868588,2.22280505113304E-05,
,,,-1.5225E-08,0.00607510478221229,0.000189592072274536,
,,,-1.5025E-08,0.00607510478221229,0.000189592072274536,
,,,-1.48249999999999E-08,0.00607510478221229,-0.000312499993015081,
,,,-1.4625E-08,0.00574037673868588,-0.000479864014778286,
,,,-1.4425E-08,0.00674456086926511,2.22280505113304E-05,
,,,-1.4225E-08,0.0064098328257387,-0.000145135971251875,
,,,-1.4025E-08,0.0064098328257387,2.22280505113304E-05,
,,,-1.3825E-08,0.00724665293455473,-0.000312499993015081,
,,,-1.3625E-08,0.00724665293455473,-0.000312499993015081,
,,,-1.34249999999999E-08,0.0062424688039755,-0.000814592058304697,
,,,-1.3225E-08,0.0064098328257387,-0.000647228036541492,
,,,-1.3025E-08,0.00674456086926511,-0.000312499993015081,
,,,-1.2825E-08,0.00724665293455473,-0.000479864014778286,
,,,-1.2625E-08,0.00707928891279153,0.000189592072274536,
,,,-1.2425E-08,0.00724665293455473,-0.000312499993015081,
,,,-1.2225E-08,0.00674456086926511,-0.000145135971251875,
,,,-1.2025E-08,0.00657719684750191,0.000189592072274536,
,,,-1.1825E-08,0.00691192489102832,-0.000145135971251875,
,,,-1.1625E-08,0.00691192489102832,-0.000145135971251875,
,,,-1.1425E-08,0.00691192489102832,0.000189592072274536,
,,,-1.1225E-08,0.00707928891279153,-0.000981956080067903,
,,,-1.1025E-08,0.00674456086926511,-0.000647228036541492,
,,,-1.0825E-08,0.00691192489102832,0.000189592072274536,
,,,-1.0625E-08,0.00724665293455473,-0.000145135971251875,
,,,-1.0425E-08,0.00707928891279153,-0.000312499993015081,
,,,-1.0225E-08,0.00707928891279153,0.000189592072274536,
,,,-1.0025E-08,0.00707928891279153,-0.000312499993015081,
,,,-9.825E-09,0.0064098328257387,-0.000647228036541492,
,,,-9.62499999999998E-09,0.00657719684750191,2.22280505113304E-05,
,,,-9.42499999999997E-09,0.00707928891279153,2.22280505113304E-05,
,,,-9.22499999999995E-09,0.00741401695631794,0.000189592072274536,
,,,-9.02499999999999E-09,0.00724665293455473,0.000356956094037741,
,,,-8.82499999999997E-09,0.00758138097808114,0.00102641218109056,
,,,-8.62499999999996E-09,0.00691192489102832,0.000189592072274536,
,,,-8.425E-09,0.00707928891279153,0.000524320115800947,
,,,-8.22499999999998E-09,0.00724665293455473,0.00152850424638018,
,,,-8.02499999999997E-09,0.00691192489102832,0.000524320115800947,
,,,-7.82499999999995E-09,0.00657719684750191,0.000691684137564152,
,,,-7.62499999999999E-09,0.00707928891279153,0.000859048159327358,
,,,-7.42499999999998E-09,0.00724665293455473,0.00119377620285377,
,,,-7.22499999999996E-09,0.00691192489102832,0.00119377620285377,
,,,-7.025E-09,0.00724665293455473,0.00102641218109056,
,,,-6.82499999999998E-09,0.00657719684750191,0.00136114022461697,
,,,-6.62499999999997E-09,0.00707928891279153,0.00136114022461697,
,,,-6.42499999999995E-09,0.00607510478221229,0.00136114022461697,
,,,-6.22499999999999E-09,0.00724665293455473,0.00136114022461697,
,,,-6.02499999999998E-09,0.00691192489102832,0.00102641218109056,
,,,-5.82499999999996E-09,0.0062424688039755,0.00102641218109056,
,,,-5.62499999999995E-09,0.0064098328257387,0.002197960333433,
,,,-5.42499999999998E-09,0.00724665293455473,0.0020305963116698,
,,,-5.22499999999997E-09,0.00758138097808114,0.00152850424638018,
,,,-5.02499999999995E-09,0.00791610902160755,0.00136114022461697,
,,,-4.82499999999999E-09,0.00707928891279153,0.0020305963116698,
,,,-4.62499999999998E-09,0.00691192489102832,0.00186323228990659,
,,,-4.42499999999996E-09,0.00724665293455473,0.00169586826814339,
,,,-4.22499999999995E-09,0.00724665293455473,0.002197960333433,
,,,-4.02499999999998E-09,0.00724665293455473,0.00169586826814339,
,,,-3.82499999999997E-09,0.00741401695631794,0.00253268837695941,
,,,-3.62499999999995E-09,0.00724665293455473,0.00286741642048582,
,,,-3.42499999999999E-09,0.00674456086926511,0.0020305963116698,
,,,-3.22499999999998E-09,0.00691192489102832,0.00236532435519621,
,,,-3.02499999999996E-09,0.00774874499984435,0.002197960333433,
,,,-2.82499999999995E-09,0.00724665293455473,0.00236532435519621,
,,,-2.62499999999999E-09,0.00657719684750191,0.00286741642048582,
,,,-2.42499999999997E-09,0.00674456086926511,0.00236532435519621,
,,,-2.22499999999996E-09,0.00724665293455473,0.00253268837695941,
,,,-2.02499999999999E-09,0.00657719684750191,0.00270005239872262,
,,,-1.82499999999998E-09,0.00691192489102832,0.00320214446401224,
,,,-1.62499999999996E-09,0.00707928891279153,0.00303478044224903,
,,,-1.42499999999995E-09,0.00707928891279153,0.00286741642048582,
,,,-1.22499999999999E-09,0.0062424688039755,0.00303478044224903,
,,,-1.02499999999997E-09,0.00691192489102832,0.00270005239872262,
,,,-8.24999999999956E-10,0.00657719684750191,0.00270005239872262,
,,,-6.24999999999994E-10,0.00590774076044909,0.00286741642048582,
,,,-4.24999999999979E-10,0.00724665293455473,0.00303478044224903,
,,,-2.24999999999964E-10,0.0064098328257387,0.00336950848577544,
,,,-2.49999999999489E-11,0.00691192489102832,0.00303478044224903,
,,,1.75000000000013E-10,0.0062424688039755,0.00320214446401224,
,,,3.75000000000028E-10,0.00657719684750191,0.00253268837695941,
,,,5.75000000000043E-10,0.00607510478221229,0.00303478044224903,
,,,7.75000000000005E-10,0.00707928891279153,0.00320214446401224,
,,,9.7500000000002E-10,0.00657719684750191,0.00320214446401224,
,,,1.17500000000004E-09,0.00590774076044909,0.00336950848577544,
,,,1.37500000000005E-09,0.0062424688039755,0.00303478044224903,
,,,1.57500000000001E-09,0.0062424688039755,0.00320214446401224,
,,,1.77500000000003E-09,0.00657719684750191,0.00387160055106506,
,,,1.97500000000004E-09,0.00607510478221229,0.00286741642048582,
,,,2.175E-09,0.00574037673868588,0.00320214446401224,
,,,2.37500000000002E-09,0.0064098328257387,0.00370423652930185,
,,,2.57500000000003E-09,0.00674456086926511,0.00303478044224903,
,,,2.77500000000005E-09,0.00590774076044909,0.00403896457282826,
,,,2.97500000000001E-09,0.00590774076044909,0.00336950848577544,
,,,3.17500000000003E-09,0.00674456086926511,0.00320214446401224,
,,,3.37500000000004E-09,0.0064098328257387,0.00370423652930185,
,,,3.575E-09,0.00657719684750191,0.00336950848577544,
,,,3.77500000000002E-09,0.00574037673868588,0.00286741642048582,
,,,3.97500000000003E-09,0.00574037673868588,0.00387160055106506,
,,,4.17500000000005E-09,0.0062424688039755,0.00387160055106506,
,,,4.37500000000001E-09,0.00607510478221229,0.00353687250753865,
,,,4.57500000000003E-09,0.00590774076044909,0.00387160055106506,
,,,4.77500000000004E-09,0.00607510478221229,0.00270005239872262,
,,,4.975E-09,0.00607510478221229,0.00303478044224903,
,,,5.17500000000002E-09,0.00557301271692268,0.00353687250753865,
,,,5.37500000000003E-09,0.00590774076044909,0.00320214446401224,
,,,5.57500000000005E-09,0.00607510478221229,0.00353687250753865,
,,,5.77500000000001E-09,0.00557301271692268,0.00336950848577544,
,,,5.97500000000003E-09,0.00490355662986985,0.00270005239872262,
,,,6.17500000000004E-09,0.00607510478221229,0.00303478044224903,
,,,6.375E-09,0.0064098328257387,0.00353687250753865,
,,,6.57500000000002E-09,0.0062424688039755,0.00286741642048582,
,,,6.77500000000003E-09,0.00540564869515947,0.00353687250753865,
,,,6.97500000000005E-09,0.00607510478221229,0.00420632859459147,
,,,7.17500000000001E-09,0.00557301271692268,0.00286741642048582,
,,,7.37500000000002E-09,0.00557301271692268,0.00353687250753865,
,,,7.57500000000004E-09,0.00540564869515947,0.00420632859459147,
,,,7.77500000000005E-09,0.00607510478221229,0.00370423652930185,
,,,7.97500000000002E-09,0.00557301271692268,0.00320214446401224,
,,,8.17500000000003E-09,0.00590774076044909,0.00336950848577544,
,,,8.37500000000005E-09,0.00574037673868588,0.00320214446401224,
,,,8.57500000000001E-09,0.00523828467339627,0.00253268837695941,
,,,8.77500000000002E-09,0.00523828467339627,0.00336950848577544,
,,,8.97500000000004E-09,0.00574037673868588,0.00353687250753865,
,,,9.17500000000005E-09,0.0064098328257387,0.00286741642048582,
,,,9.37500000000002E-09,0.00574037673868588,0.00270005239872262,
,,,9.57500000000003E-09,0.00574037673868588,0.00353687250753865,
,,,9.77500000000005E-09,0.00507092065163306,0.00303478044224903,
,,,9.97500000000001E-09,0.00540564869515947,0.00353687250753865,
,,,1.0175E-08,0.00590774076044909,0.00286741642048582,
,,,1.0375E-08,0.00590774076044909,0.00387160055106506,
,,,1.05750000000001E-08,0.00590774076044909,0.00320214446401224,
,,,1.0775E-08,0.00574037673868588,0.00320214446401224,
,,,1.0975E-08,0.00607510478221229,0.00236532435519621,
,,,1.1175E-08,0.0062424688039755,0.00286741642048582,
,,,1.13750000000001E-08,0.00590774076044909,0.00336950848577544,
,,,1.15750000000001E-08,0.00523828467339627,0.00387160055106506,
,,,1.1775E-08,0.00557301271692268,0.00320214446401224,
,,,1.1975E-08,0.00490355662986985,0.00320214446401224,
,,,1.2175E-08,0.00490355662986985,0.00303478044224903,
,,,1.2375E-08,0.00557301271692268,0.00286741642048582,
,,,1.2575E-08,0.00590774076044909,0.00353687250753865,
,,,1.27750000000001E-08,0.00574037673868588,0.00270005239872262,
,,,1.29750000000001E-08,0.00490355662986985,0.00303478044224903,
,,,1.3175E-08,0.00607510478221229,0.00253268837695941,
,,,1.3375E-08,0.00507092065163306,0.00270005239872262,
,,,1.3575E-08,0.00523828467339627,0.00286741642048582,
,,,1.3775E-08,0.00540564869515947,0.00353687250753865,
,,,1.3975E-08,0.00507092065163306,0.00353687250753865,
,,,1.41750000000001E-08,0.00473619260810665,0.00286741642048582,
,,,1.43750000000001E-08,0.00473619260810665,0.00270005239872262,
,,,1.4575E-08,0.00490355662986985,0.00353687250753865,
,,,1.4775E-08,0.00456882858634344,0.00303478044224903,
,,,1.4975E-08,0.00490355662986985,0.00253268837695941,
,,,1.5175E-08,0.00523828467339627,0.00286741642048582,
,,,1.5375E-08,0.00473619260810665,0.00336950848577544,
,,,1.55750000000001E-08,0.00473619260810665,0.00303478044224903,
,,,1.57750000000001E-08,0.00523828467339627,0.00303478044224903,
,,,1.5975E-08,0.00523828467339627,0.00270005239872262,
,,,1.6175E-08,0.00456882858634344,0.002197960333433,
,,,1.6375E-08,0.00540564869515947,0.00353687250753865,
,,,1.6575E-08,0.00523828467339627,0.00320214446401224,
,,,1.6775E-08,0.00473619260810665,0.00320214446401224,
,,,1.69750000000001E-08,0.00540564869515947,0.00286741642048582,
,,,1.71750000000001E-08,0.00523828467339627,0.00286741642048582,
,,,1.7375E-08,0.00523828467339627,0.00353687250753865,
,,,1.7575E-08,0.00507092065163306,0.00270005239872262,
,,,1.7775E-08,0.00490355662986985,0.00336950848577544,
,,,1.7975E-08,0.00490355662986985,0.00336950848577544,
,,,1.8175E-08,0.00540564869515947,0.00253268837695941,
,,,1.83750000000001E-08,0.00406673652105383,0.00370423652930185,
,,,1.85750000000001E-08,0.00440146456458024,0.00303478044224903,
,,,1.8775E-08,0.00456882858634344,0.00286741642048582,
,,,1.8975E-08,0.00423410054281703,0.00320214446401224,
,,,1.9175E-08,0.00490355662986985,0.00336950848577544,
,,,1.9375E-08,0.00523828467339627,0.00336950848577544,
,,,1.9575E-08,0.00473619260810665,0.00403896457282826,
,,,1.97750000000001E-08,0.00406673652105383,0.00320214446401224,
,,,1.99750000000001E-08,0.00473619260810665,0.00286741642048582,
,,,2.0175E-08,0.00440146456458024,0.00370423652930185,
,,,2.0375E-08,0.00456882858634344,0.00320214446401224,
,,,2.0575E-08,0.00490355662986985,0.00303478044224903,
,,,2.0775E-08,0.00490355662986985,0.00353687250753865,
,,,2.0975E-08,0.00406673652105383,0.00270005239872262,
,,,2.11750000000001E-08,0.00456882858634344,0.00336950848577544,
,,,2.13750000000001E-08,0.00440146456458024,0.00303478044224903,
,,,2.1575E-08,0.00456882858634344,0.00270005239872262,
,,,2.1775E-08,0.00490355662986985,0.00286741642048582,
,,,2.1975E-08,0.00423410054281703,0.00286741642048582,
,,,2.2175E-08,0.00389937249929062,0.00286741642048582,
,,,2.2375E-08,0.00473619260810665,0.00270005239872262,
,,,2.25750000000001E-08,0.00490355662986985,0.00320214446401224,
,,,2.27750000000001E-08,0.00423410054281703,0.00336950848577544,
,,,2.2975E-08,0.00473619260810665,0.00286741642048582,
,,,2.3175E-08,0.00440146456458024,0.00286741642048582,
,,,2.3375E-08,0.00406673652105383,0.00303478044224903,
,,,2.3575E-08,0.00440146456458024,0.00286741642048582,
,,,2.3775E-08,0.00423410054281703,0.00303478044224903,
,,,2.39750000000001E-08,0.00490355662986985,0.00253268837695941,
,,,2.41750000000001E-08,0.00456882858634344,0.00253268837695941,
,,,2.4375E-08,0.00423410054281703,0.002197960333433,
,,,2.4575E-08,0.00389937249929062,0.00286741642048582,
,,,2.4775E-08,0.00473619260810665,0.00336950848577544,
,,,2.4975E-08,0.00389937249929062,0.002197960333433,
,,,2.5175E-08,0.00406673652105383,0.002197960333433,
,,,2.53750000000001E-08,0.00423410054281703,0.00270005239872262,
,,,2.55750000000001E-08,0.00406673652105383,0.00286741642048582,
,,,2.5775E-08,0.00373200847752742,0.00270005239872262,
,,,2.5975E-08,0.00490355662986985,0.00286741642048582,
,,,2.6175E-08,0.00406673652105383,0.0020305963116698,
,,,2.6375E-08,0.00456882858634344,0.0020305963116698,
,,,2.6575E-08,0.00406673652105383,0.00286741642048582,
,,,2.67750000000001E-08,0.00406673652105383,0.00320214446401224,
,,,2.69750000000001E-08,0.00406673652105383,0.002197960333433,
,,,2.7175E-08,0.00406673652105383,0.00303478044224903,
,,,2.7375E-08,0.00389937249929062,0.00303478044224903,
,,,2.7575E-08,0.00473619260810665,0.002197960333433,
,,,2.7775E-08,0.00423410054281703,0.00270005239872262,
,,,2.7975E-08,0.00389937249929062,0.00270005239872262,
,,,2.81750000000001E-08,0.00440146456458024,0.00303478044224903,
,,,2.83750000000001E-08,0.00456882858634344,0.00286741642048582,
,,,2.8575E-08,0.00423410054281703,0.00270005239872262,
,,,2.8775E-08,0.00456882858634344,0.00286741642048582,
,,,2.8975E-08,0.00389937249929062,0.00253268837695941,
,,,2.9175E-08,0.00406673652105383,0.00253268837695941,
,,,2.9375E-08,0.00389937249929062,0.00270005239872262,
,,,2.95750000000001E-08,0.00456882858634344,0.00253268837695941,
,,,2.97750000000001E-08,0.00440146456458024,0.00253268837695941,
,,,2.99750000000001E-08,0.00389937249929062,0.00303478044224903,
,,,3.0175E-08,0.00389937249929062,0.002197960333433,
,,,3.0375E-08,0.00456882858634344,0.0020305963116698,
,,,3.0575E-08,0.00389937249929062,0.00236532435519621,
,,,3.0775E-08,0.00456882858634344,0.00253268837695941,
,,,3.09750000000001E-08,0.00406673652105383,0.00236532435519621,
,,,3.11750000000001E-08,0.00373200847752742,0.00336950848577544,
,,,3.13750000000001E-08,0.00373200847752742,0.00169586826814339,
,,,3.1575E-08,0.00440146456458024,0.002197960333433,
,,,3.1775E-08,0.00473619260810665,0.00286741642048582,
,,,3.1975E-08,0.00406673652105383,0.00186323228990659,
,,,3.2175E-08,0.003397280434001,0.00286741642048582,
,,,3.23750000000001E-08,0.00356464445576421,0.00286741642048582,
,,,3.25750000000001E-08,0.00306255239047459,0.00236532435519621,
,,,3.27750000000001E-08,0.00373200847752742,0.002197960333433,
,,,3.2975E-08,0.00356464445576421,0.00253268837695941,
,,,3.3175E-08,0.00389937249929062,0.00253268837695941,
,,,3.3375E-08,0.00373200847752742,0.0020305963116698,
,,,3.3575E-08,0.00373200847752742,0.00186323228990659,
,,,3.3775E-08,0.00373200847752742,0.0020305963116698,
,,,3.39750000000001E-08,0.00373200847752742,0.00186323228990659,
,,,3.41750000000001E-08,0.00373200847752742,0.00119377620285377,
,,,3.4375E-08,0.00373200847752742,0.00102641218109056,
,,,3.4575E-08,0.00389937249929062,0.0020305963116698,
,,,3.4775E-08,0.00356464445576421,0.00169586826814339,
,,,3.4975E-08,0.00373200847752742,0.00152850424638018,
,,,3.5175E-08,0.00356464445576421,0.00236532435519621,
,,,3.53750000000001E-08,0.003397280434001,0.00186323228990659,
,,,3.55750000000001E-08,0.00423410054281703,0.00186323228990659,
,,,3.5775E-08,0.00356464445576421,0.002197960333433,
,,,3.5975E-08,0.00373200847752742,0.0020305963116698,
,,,3.6175E-08,0.0032299164122378,0.00186323228990659,
,,,3.6375E-08,0.00289518836871139,0.00169586826814339,
,,,3.6575E-08,0.00289518836871139,0.00236532435519621,
,,,3.67750000000001E-08,0.00373200847752742,0.00253268837695941,
,,,3.69750000000001E-08,0.0032299164122378,0.0020305963116698,
,,,3.7175E-08,0.00373200847752742,0.0020305963116698,
,,,3.7375E-08,0.00373200847752742,0.00236532435519621,
,,,3.7575E-08,0.003397280434001,0.00286741642048582,
,,,3.7775E-08,0.00389937249929062,0.00186323228990659,
,,,3.7975E-08,0.0032299164122378,0.00186323228990659,
,,,3.81750000000001E-08,0.00373200847752742,0.0020305963116698,
,,,3.83750000000001E-08,0.00306255239047459,0.00253268837695941,
,,,3.8575E-08,0.00373200847752742,0.00169586826814339,
,,,3.8775E-08,0.00356464445576421,0.002197960333433,
,,,3.8975E-08,0.00289518836871139,0.00186323228990659,
,,,3.9175E-08,0.00406673652105383,0.00169586826814339,
,,,3.9375E-08,0.00289518836871139,0.00152850424638018,
,,,3.95750000000001E-08,0.0032299164122378,0.002197960333433,
,,,3.97750000000001E-08,0.00356464445576421,0.00169586826814339,
,,,3.9975E-08,0.00373200847752742,0.002197960333433,
,,,4.0175E-08,0.003397280434001,0.00253268837695941,
,,,4.0375E-08,0.00389937249929062,0.0020305963116698,
,,,4.0575E-08,0.00256046032518498,0.00186323228990659,
,,,4.0775E-08,0.00389937249929062,0.0020305963116698,
,,,4.09750000000001E-08,0.00389937249929062,0.002197960333433,
,,,4.11750000000001E-08,0.00389937249929062,0.00136114022461697,
,,,4.1375E-08,0.00356464445576421,0.00186323228990659,
,,,4.1575E-08,0.00389937249929062,0.00169586826814339,
,,,4.1775E-08,0.003397280434001,0.00136114022461697,
,,,4.1975E-08,0.00356464445576421,0.00186323228990659,
,,,4.2175E-08,0.00289518836871139,0.00186323228990659,
,,,4.23750000000001E-08,0.00373200847752742,0.002197960333433,
,,,4.25750000000001E-08,0.0032299164122378,0.00270005239872262,
,,,4.2775E-08,0.0032299164122378,0.00169586826814339,
,,,4.2975E-08,0.00306255239047459,0.002197960333433,
,,,4.3175E-08,0.003397280434001,0.00186323228990659,
,,,4.3375E-08,0.00356464445576421,0.00136114022461697,
,,,4.3575E-08,0.003397280434001,0.00253268837695941,
,,,4.37750000000001E-08,0.00356464445576421,0.002197960333433,
,,,4.39750000000001E-08,0.00373200847752742,0.00186323228990659,
,,,4.4175E-08,0.0032299164122378,0.00186323228990659,
,,,4.4375E-08,0.00306255239047459,0.00186323228990659,
,,,4.4575E-08,0.00356464445576421,0.0020305963116698,
,,,4.4775E-08,0.00356464445576421,0.00236532435519621,
,,,4.4975E-08,0.00239309630342177,0.00169586826814339,
,,,4.51750000000001E-08,0.00272782434694818,0.002197960333433,
,,,4.53750000000001E-08,0.00289518836871139,0.00236532435519621,
,,,4.5575E-08,0.003397280434001,0.00119377620285377,
,,,4.5775E-08,0.00256046032518498,0.00253268837695941,
,,,4.5975E-08,0.00306255239047459,0.0020305963116698,
,,,4.6175E-08,0.00272782434694818,0.00169586826814339,
,,,4.6375E-08,0.00289518836871139,0.002197960333433,
,,,4.65750000000001E-08,0.00289518836871139,0.0020305963116698,
,,,4.67750000000001E-08,0.003397280434001,0.00169586826814339,
,,,4.6975E-08,0.00272782434694818,0.00152850424638018,
,,,4.7175E-08,0.00272782434694818,0.00102641218109056,
,,,4.7375E-08,0.00256046032518498,0.00152850424638018,
,,,4.7575E-08,0.00256046032518498,0.00136114022461697,
,,,4.7775E-08,0.00272782434694818,0.00152850424638018,
,,,4.79750000000001E-08,0.0032299164122378,0.00236532435519621,
,,,4.81750000000001E-08,0.00306255239047459,0.00186323228990659,
,,,4.8375E-08,0.00306255239047459,0.00152850424638018,
,,,4.8575E-08,0.00256046032518498,0.00152850424638018,
,,,4.8775E-08,0.00239309630342177,0.002197960333433,
,,,4.8975E-08,0.00373200847752742,0.00119377620285377,
,,,4.9175E-08,0.00306255239047459,0.00169586826814339,
,,,4.93750000000001E-08,0.00289518836871139,0.00186323228990659,
,,,4.95750000000001E-08,0.00272782434694818,0.00136114022461697,
,,,4.9775E-08,0.00289518836871139,0.000691684137564152,
,,,4.9975E-08,0.00306255239047459,0.000859048159327358,
,,,5.0175E-08,0.00272782434694818,0.00136114022461697,
,,,5.0375E-08,0.00306255239047459,0.00236532435519621,
,,,5.0575E-08,0.00306255239047459,0.00152850424638018,
,,,5.07750000000001E-08,0.00272782434694818,0.00186323228990659,
,,,5.09750000000001E-08,0.00256046032518498,0.00152850424638018,
,,,5.1175E-08,0.00289518836871139,0.00136114022461697,
,,,5.1375E-08,0.003397280434001,0.00169586826814339,
,,,5.1575E-08,0.0032299164122378,0.00169586826814339,
,,,5.1775E-08,0.00306255239047459,0.00186323228990659,
,,,5.1975E-08,0.003397280434001,0.00253268837695941,
,,,5.21750000000001E-08,0.00272782434694818,0.00169586826814339,
,,,5.23750000000001E-08,0.00256046032518498,0.00102641218109056,
,,,5.2575E-08,0.00239309630342177,0.00152850424638018,
,,,5.2775E-08,0.00306255239047459,0.00152850424638018,
,,,5.2975E-08,0.00272782434694818,0.00136114022461697,
,,,5.3175E-08,0.00289518836871139,0.00186323228990659,
,,,5.3375E-08,0.00272782434694818,0.00102641218109056,
,,,5.35750000000001E-08,0.00205836825989536,0.00136114022461697,
,,,5.37750000000001E-08,0.00256046032518498,0.00186323228990659,
,,,5.3975E-08,0.00389937249929062,0.00136114022461697,
,,,5.4175E-08,0.00289518836871139,0.00136114022461697,
,,,5.4375E-08,0.00189100423813215,0.00152850424638018,
,,,5.4575E-08,0.00205836825989536,0.00136114022461697,
,,,5.4775E-08,0.00256046032518498,0.00136114022461697,
,,,5.49750000000001E-08,0.00256046032518498,0.00186323228990659,
,,,5.51750000000001E-08,0.0032299164122378,0.00169586826814339,
,,,5.5375E-08,0.00256046032518498,0.00102641218109056,
,,,5.5575E-08,0.00205836825989536,0.00152850424638018,
,,,5.5775E-08,0.00222573228165857,0.00186323228990659,
,,,5.5975E-08,0.00272782434694818,0.000859048159327358,
,,,5.6175E-08,0.00272782434694818,0.00152850424638018,
,,,5.63750000000001E-08,0.00272782434694818,0.00186323228990659,
,,,5.65750000000001E-08,0.00239309630342177,0.00152850424638018,
,,,5.6775E-08,0.00239309630342177,0.0020305963116698,
,,,5.6975E-08,0.00222573228165857,0.00136114022461697,
,,,5.7175E-08,0.00189100423813215,0.00152850424638018,
,,,5.7375E-08,0.00222573228165857,0.00152850424638018,
,,,5.7575E-08,0.00205836825989536,0.00186323228990659,
,,,5.77750000000001E-08,0.00239309630342177,0.00169586826814339,
,,,5.79750000000001E-08,0.00239309630342177,0.002197960333433,
,,,5.81750000000001E-08,0.00256046032518498,0.00119377620285377,
,,,5.8375E-08,0.00306255239047459,0.00136114022461697,
,,,5.8575E-08,0.00289518836871139,0.002197960333433,
,,,5.8775E-08,0.00222573228165857,0.00169586826814339,
,,,5.8975E-08,0.00155627619460574,0.00102641218109056,
,,,5.91750000000001E-08,0.00289518836871139,0.00102641218109056,
,,,5.93750000000001E-08,0.00256046032518498,0.002197960333433,
,,,5.95750000000001E-08,0.00289518836871139,0.00119377620285377,
,,,5.9775E-08,0.00189100423813215,0.00119377620285377,
,,,5.9975E-08,0.00306255239047459,0.00136114022461697,
,,,6.0175E-08,0.00256046032518498,0.00152850424638018,
,,,6.0375E-08,0.00222573228165857,0.00152850424638018,
,,,6.05750000000001E-08,0.00205836825989536,0.00136114022461697,
,,,6.07750000000001E-08,0.00172364021636895,0.000859048159327358,
,,,6.09750000000001E-08,0.00272782434694818,0.00119377620285377,
,,,6.1175E-08,0.00239309630342177,0.00136114022461697,
,,,6.1375E-08,0.00205836825989536,0.000859048159327358,
,,,6.1575E-08,0.00272782434694818,0.00119377620285377,
,,,6.1775E-08,0.00272782434694818,0.00102641218109056,
,,,6.19750000000001E-08,0.00222573228165857,0.00169586826814339,
,,,6.21750000000001E-08,0.00205836825989536,0.00169586826814339,
,,,6.23750000000001E-08,0.00155627619460574,0.00102641218109056,
,,,6.2575E-08,0.00222573228165857,0.00102641218109056,
,,,6.2775E-08,0.00272782434694818,0.00186323228990659,
,,,6.2975E-08,0.00239309630342177,0.000859048159327358,
,,,6.3175E-08,0.00239309630342177,0.00119377620285377,
,,,6.33750000000001E-08,0.00205836825989536,0.00152850424638018,
,,,6.35750000000001E-08,0.00172364021636895,0.00136114022461697,
,,,6.37750000000001E-08,0.00256046032518498,0.00119377620285377,
,,,6.3975E-08,0.00272782434694818,0.002197960333433,
,,,6.4175E-08,0.00222573228165857,0.00119377620285377,
,,,6.4375E-08,0.00189100423813215,0.000859048159327358,
,,,6.4575E-08,0.00256046032518498,0.00186323228990659,
,,,6.4775E-08,0.00222573228165857,0.00169586826814339,
,,,6.49750000000001E-08,0.00189100423813215,0.0020305963116698,
,,,6.51750000000001E-08,0.00222573228165857,0.00169586826814339,
,,,6.5375E-08,0.00239309630342177,0.00102641218109056,
,,,6.5575E-08,0.00205836825989536,0.00119377620285377,
,,,6.5775E-08,0.00222573228165857,0.00102641218109056,
,,,6.5975E-08,0.00239309630342177,0.000859048159327358,
,,,6.6175E-08,0.00239309630342177,0.00152850424638018,
,,,6.63750000000001E-08,0.00205836825989536,0.00119377620285377,
,,,6.65750000000001E-08,0.00239309630342177,0.00152850424638018,
,,,6.6775E-08,0.00256046032518498,0.00152850424638018,
,,,6.6975E-08,0.00239309630342177,0.000189592072274536,
,,,6.7175E-08,0.00256046032518498,0.000524320115800947,
,,,6.7375E-08,0.00256046032518498,0.00119377620285377,
,,,6.7575E-08,0.00256046032518498,0.00152850424638018,
,,,6.77750000000001E-08,0.00222573228165857,0.00102641218109056,
,,,6.79750000000001E-08,0.00272782434694818,0.00186323228990659,
,,,6.8175E-08,0.00205836825989536,0.00136114022461697,
,,,6.8375E-08,0.00205836825989536,0.00102641218109056,
,,,6.8575E-08,0.00189100423813215,0.00186323228990659,
,,,6.8775E-08,0.00222573228165857,0.00152850424638018,
,,,6.8975E-08,0.00222573228165857,0.00119377620285377,
,,,6.91750000000001E-08,0.00256046032518498,0.00119377620285377,
,,,6.93750000000001E-08,0.00239309630342177,0.00102641218109056,
,,,6.9575E-08,0.00222573228165857,0.00152850424638018,
,,,6.9775E-08,0.00205836825989536,0.00136114022461697,
,,,6.9975E-08,0.00222573228165857,0.00136114022461697,
,,,7.0175E-08,0.00172364021636895,0.00119377620285377,
,,,7.0375E-08,0.00272782434694818,0.00102641218109056,
,,,7.05750000000001E-08,0.00239309630342177,0.00102641218109056,
,,,7.07750000000001E-08,0.00189100423813215,0.000356956094037741,
,,,7.0975E-08,0.00189100423813215,0.00169586826814339,
,,,7.1175E-08,0.00239309630342177,0.00102641218109056,
,,,7.1375E-08,0.00138891217284254,0.000691684137564152,
,,,7.1575E-08,0.00239309630342177,0.00119377620285377,
,,,7.1775E-08,0.00205836825989536,0.000691684137564152,
,,,7.19750000000001E-08,0.00239309630342177,0.00152850424638018,
,,,7.21750000000001E-08,0.00222573228165857,0.00186323228990659,
,,,7.2375E-08,0.00138891217284254,0.00119377620285377,
,,,7.2575E-08,0.00205836825989536,0.00102641218109056,
,,,7.2775E-08,0.00256046032518498,0.00102641218109056,
,,,7.2975E-08,0.00239309630342177,0.000691684137564152,
,,,7.3175E-08,0.00172364021636895,0.000691684137564152,
,,,7.33750000000001E-08,0.00205836825989536,0.000859048159327358,
,,,7.35750000000001E-08,0.00172364021636895,0.00102641218109056,
,,,7.3775E-08,0.00138891217284254,0.00119377620285377,
,,,7.3975E-08,0.00189100423813215,0.00136114022461697,
,,,7.4175E-08,0.00239309630342177,0.000356956094037741,
,,,7.4375E-08,0.00256046032518498,0.00186323228990659,
,,,7.4575E-08,0.00105418412931613,0.00169586826814339,
,,,7.47750000000001E-08,0.00138891217284254,0.000691684137564152,
,,,7.49750000000001E-08,0.00155627619460574,0.000691684137564152,
,,,7.5175E-08,0.00189100423813215,0.000524320115800947,
,,,7.5375E-08,0.00155627619460574,0.000691684137564152,
,,,7.5575E-08,0.00155627619460574,0.000691684137564152,
,,,7.5775E-08,0.00189100423813215,0.00119377620285377,
,,,7.5975E-08,0.00205836825989536,0.00136114022461697,
,,,7.61750000000001E-08,0.00222573228165857,0.000691684137564152,
,,,7.63750000000001E-08,0.00205836825989536,0.00102641218109056,
,,,7.6575E-08,0.00189100423813215,0.000691684137564152,
,,,7.6775E-08,0.00172364021636895,0.000691684137564152,
,,,7.6975E-08,0.00138891217284254,0.000524320115800947,
,,,7.7175E-08,0.00239309630342177,0.00119377620285377,
,,,7.7375E-08,0.00222573228165857,0.00136114022461697,
,,,7.75750000000001E-08,0.00239309630342177,0.00119377620285377,
,,,7.77750000000001E-08,0.00256046032518498,0.000691684137564152,
,,,7.7975E-08,0.00189100423813215,0.00102641218109056,
,,,7.8175E-08,0.00189100423813215,0.000691684137564152,
,,,7.8375E-08,0.00222573228165857,0.00119377620285377,
,,,7.8575E-08,0.00222573228165857,0.00136114022461697,
,,,7.8775E-08,0.00172364021636895,0.000524320115800947,
,,,7.89750000000001E-08,0.00189100423813215,0.00102641218109056,
,,,7.91750000000001E-08,0.00189100423813215,0.000691684137564152,
,,,7.9375E-08,0.00155627619460574,0.000356956094037741,
,,,7.9575E-08,0.00138891217284254,0.00102641218109056,
,,,7.9775E-08,0.00256046032518498,0.00102641218109056,
,,,7.9975E-08,0.00172364021636895,0.000356956094037741,
,,,8.0175E-08,0.00172364021636895,0.00102641218109056,
,,,8.03750000000001E-08,0.00205836825989536,0.000691684137564152,
,,,8.05750000000001E-08,0.00172364021636895,-0.000145135971251875,
,,,8.0775E-08,0.00138891217284254,0.00102641218109056,
,,,8.0975E-08,0.00205836825989536,0.00136114022461697,
,,,8.1175E-08,0.00189100423813215,0.00119377620285377,
,,,8.1375E-08,0.00105418412931613,0.00119377620285377,
,,,8.1575E-08,0.00189100423813215,0.00102641218109056,
,,,8.17750000000001E-08,0.00222573228165857,0.000189592072274536,
,,,8.19750000000001E-08,0.00138891217284254,0.000859048159327358,
,,,8.2175E-08,0.00172364021636895,0.000859048159327358,
,,,8.2375E-08,0.00205836825989536,0.000691684137564152,
,,,8.2575E-08,0.00189100423813215,0.000859048159327358,
,,,8.2775E-08,0.00155627619460574,0.000691684137564152,
,,,8.2975E-08,0.00138891217284254,2.22280505113304E-05,
,,,8.31750000000001E-08,0.00138891217284254,0.000691684137564152,
,,,8.33750000000001E-08,0.00138891217284254,0.000691684137564152,
,,,8.3575E-08,0.00189100423813215,0.00152850424638018,
,,,8.3775E-08,0.00189100423813215,0.00102641218109056,
,,,8.3975E-08,0.00138891217284254,0.00102641218109056,
,,,8.4175E-08,0.00189100423813215,0.000691684137564152,
,,,8.4375E-08,0.00256046032518498,0.00169586826814339,
,,,8.45750000000001E-08,0.00138891217284254,0.000859048159327358,
,,,8.47750000000001E-08,0.00122154815107933,0.000356956094037741,
,,,8.4975E-08,0.00189100423813215,0.000356956094037741,
,,,8.5175E-08,0.00189100423813215,0.000859048159327358,
,,,8.5375E-08,0.00172364021636895,0.000691684137564152,
,,,8.5575E-08,0.00189100423813215,0.000859048159327358,
,,,8.5775E-08,0.00138891217284254,2.22280505113304E-05,
,,,8.59750000000001E-08,0.00155627619460574,0.00102641218109056,
,,,8.61750000000001E-08,0.00105418412931613,0.000189592072274536,
,,,8.63750000000001E-08,0.00155627619460574,0.000859048159327358,
,,,8.6575E-08,0.00105418412931613,0.000524320115800947,
,,,8.6775E-08,0.00189100423813215,0.000691684137564152,
,,,8.6975E-08,0.00172364021636895,0.000859048159327358,
,,,8.7175E-08,0.00172364021636895,0.000189592072274536,
,,,8.73750000000001E-08,0.00155627619460574,-0.000145135971251875,
,,,8.75750000000001E-08,0.00222573228165857,0.00102641218109056,
,,,8.77750000000001E-08,0.00105418412931613,0.00119377620285377,
,,,8.7975E-08,0.000217364020500099,0.000189592072274536,
,,,8.8175E-08,0.00138891217284254,0.00102641218109056,
,,,8.8375E-08,0.00172364021636895,0.000859048159327358,
,,,8.8575E-08,0.00122154815107933,2.22280505113304E-05,
,,,8.87750000000001E-08,0.00122154815107933,0.00102641218109056,
,,,8.89750000000001E-08,0.00105418412931613,0.000691684137564152,
,,,8.91750000000001E-08,0.00138891217284254,0.000356956094037741,
,,,8.9375E-08,0.000719456085789716,0.000691684137564152,
,,,8.9575E-08,0.00155627619460574,0.000356956094037741,
,,,8.9775E-08,0.00172364021636895,0.000356956094037741,
,,,8.9975E-08,0.00122154815107933,0.000859048159327358,
,,,9.01750000000001E-08,0.00138891217284254,0.000859048159327358,
,,,9.03750000000001E-08,0.00155627619460574,0.000691684137564152,
,,,9.05750000000001E-08,0.00122154815107933,0.000356956094037741,
,,,9.0775E-08,0.00138891217284254,0.000524320115800947,
,,,9.0975E-08,0.00138891217284254,0.000356956094037741,
,,,9.1175E-08,0.00122154815107933,0.000189592072274536,
,,,9.1375E-08,0.00138891217284254,0.00119377620285377,
,,,9.15750000000001E-08,0.00122154815107933,0.000691684137564152,
,,,9.17750000000001E-08,0.00122154815107933,0.000859048159327358,
,,,9.19750000000001E-08,0.000886820107552921,0.000859048159327358,
,,,9.2175E-08,0.00205836825989536,-0.000479864014778286,
,,,9.2375E-08,0.00122154815107933,2.22280505113304E-05,
,,,9.2575E-08,0.000886820107552921,0.000859048159327358,
,,,9.2775E-08,0.00138891217284254,0.000691684137564152,
,,,9.29750000000001E-08,0.00055209206402651,0.00102641218109056,
,,,9.31750000000001E-08,0.000886820107552921,0.000859048159327358,
,,,9.33750000000001E-08,0.00122154815107933,-0.000145135971251875,
,,,9.3575E-08,0.00138891217284254,0.000356956094037741,
,,,9.3775E-08,0.00105418412931613,0.000524320115800947,
,,,9.3975E-08,0.00122154815107933,2.22280505113304E-05,
,,,9.4175E-08,0.00155627619460574,0.000859048159327358,
,,,9.4375E-08,0.00122154815107933,0.000524320115800947,
,,,9.45750000000001E-08,0.00122154815107933,0.000524320115800947,
,,,9.47750000000001E-08,0.000719456085789716,0.000691684137564152,
,,,9.4975E-08,0.00138891217284254,0.000524320115800947,
,,,9.5175E-08,0.00205836825989536,0.000189592072274536,
,,,9.5375E-08,0.00105418412931613,0.000524320115800947,
,,,9.5575E-08,0.000886820107552921,0.000524320115800947,
,,,9.5775E-08,0.00122154815107933,0.000691684137564152,
,,,9.59750000000001E-08,0.00122154815107933,0.00119377620285377,
,,,9.61750000000001E-08,0.00138891217284254,0.000859048159327358,
,,,9.6375E-08,0.00138891217284254,0.00136114022461697,
,,,9.6575E-08,0.000886820107552921,0.000859048159327358,
,,,9.6775E-08,0.00122154815107933,0.000691684137564152,
,,,9.6975E-08,0.00122154815107933,0.000859048159327358,
,,,9.7175E-08,0.00172364021636895,0.000524320115800947,
,,,9.73750000000001E-08,0.00172364021636895,-0.000145135971251875,
,,,9.75750000000001E-08,0.00055209206402651,0.000859048159327358,
,,,9.7775E-08,0.00105418412931613,0.000691684137564152,
,,,9.7975E-08,0.00138891217284254,0.000524320115800947,
,,,9.8175E-08,0.00055209206402651,0.000356956094037741,
,,,9.8375E-08,0.000886820107552921,0.000356956094037741,
,,,9.8575E-08,0.00155627619460574,-0.000145135971251875,
,,,9.87750000000001E-08,0.00122154815107933,0.000356956094037741,
,,,9.89750000000001E-08,0.00122154815107933,0.000189592072274536,
,,,9.9175E-08,0.00155627619460574,0.000356956094037741,
,,,9.9375E-08,0.00205836825989536,0.000189592072274536,
,,,9.9575E-08,0.00155627619460574,0.000356956094037741,
,,,9.9775E-08,0.00172364021636895,0.000356956094037741,
,,,9.9975E-08,0.00172364021636895,2.22280505113304E-05,
,,,1.00175E-07,0.00155627619460574,0.000524320115800947,
,,,1.00375E-07,0.00172364021636895,0.000356956094037741,
,,,1.00575E-07,0.00155627619460574,-0.000145135971251875,
,,,1.00775E-07,0.000719456085789716,0.000859048159327358,
,,,1.00975E-07,0.000719456085789716,0.000859048159327358,
,,,1.01175E-07,0.00122154815107933,0.000189592072274536,
,,,1.01375E-07,0.00172364021636895,0.000189592072274536,
,,,1.01575E-07,0.00138891217284254,0.000691684137564152,
,,,1.01775E-07,0.000886820107552921,2.22280505113304E-05,
,,,1.01975E-07,0.00122154815107933,0.000691684137564152,
,,,1.02175E-07,0.00172364021636895,0.000691684137564152,
,,,1.02375E-07,0.00122154815107933,0.00102641218109056,
,,,1.02575E-07,0.00155627619460574,0.000691684137564152,
,,,1.02775E-07,0.00155627619460574,0.000691684137564152,
,,,1.02975E-07,0.00138891217284254,0.000356956094037741,
,,,1.03175E-07,0.000886820107552921,-0.000145135971251875,
,,,1.03375E-07,0.00105418412931613,0.000524320115800947,
,,,1.03575E-07,0.00172364021636895,0.000189592072274536,
,,,1.03775E-07,0.00155627619460574,0.000524320115800947,
,,,1.03975E-07,0.000719456085789716,0.000524320115800947,
,,,1.04175E-07,0.00122154815107933,2.22280505113304E-05,
,,,1.04375E-07,0.00155627619460574,0.000189592072274536,
,,,1.04575E-07,0.00122154815107933,0.000691684137564152,
,,,1.04775E-07,0.00105418412931613,0.000524320115800947,
,,,1.04975E-07,0.00189100423813215,0.000691684137564152,
,,,1.05175E-07,0.00138891217284254,0.000189592072274536,
,,,1.05375E-07,0.00155627619460574,0.000524320115800947,
,,,1.05575E-07,0.00105418412931613,0.000356956094037741,
,,,1.05775E-07,0.00172364021636895,0.000859048159327358,
,,,1.05975E-07,0.00122154815107933,0.000189592072274536,
,,,1.06175E-07,0.000719456085789716,0.000691684137564152,
,,,1.06375E-07,0.000886820107552921,0.000691684137564152,
,,,1.06575E-07,0.00122154815107933,0.000524320115800947,
,,,1.06775E-07,0.00138891217284254,-0.000145135971251875,
,,,1.06975E-07,0.00055209206402651,0.00119377620285377,
,,,1.07175E-07,0.000719456085789716,0.000524320115800947,
,,,1.07375E-07,0.00105418412931613,0.000859048159327358,
,,,1.07575E-07,0.00105418412931613,0.00102641218109056,
,,,1.07775E-07,0.00055209206402651,0.000691684137564152,
,,,1.07975E-07,0.00055209206402651,0.000859048159327358,
,,,1.08175E-07,0.00138891217284254,0.000189592072274536,
,,,1.08375E-07,0.00122154815107933,0.000189592072274536,
,,,1.08575E-07,0.00105418412931613,0.000691684137564152,
,,,1.08775E-07,0.00105418412931613,0.000524320115800947,
,,,1.08975E-07,0.00122154815107933,0.000691684137564152,
,,,1.09175E-07,0.00105418412931613,0.000189592072274536,
,,,1.09375E-07,0.000886820107552921,0.000691684137564152,
,,,1.09575E-07,0.00138891217284254,0.000691684137564152,
,,,1.09775E-07,0.000719456085789716,0.000189592072274536,
,,,1.09975E-07,0.00055209206402651,0.000691684137564152,
,,,1.10175E-07,0.00105418412931613,2.22280505113304E-05,
,,,1.10375E-07,0.00105418412931613,0.00119377620285377,
,,,1.10575E-07,0.000886820107552921,0.000691684137564152,
,,,1.10775E-07,0.00172364021636895,0.000524320115800947,
,,,1.10975E-07,0.00122154815107933,-0.000145135971251875,
,,,1.11175E-07,0.00055209206402651,0.000356956094037741,
,,,1.11375E-07,0.00122154815107933,0.000691684137564152,
,,,1.11575E-07,0.00138891217284254,0.000691684137564152,
,,,1.11775E-07,0.000719456085789716,2.22280505113304E-05,
,,,1.11975E-07,0.00138891217284254,0.00119377620285377,
,,,1.12175E-07,0.00122154815107933,0.000356956094037741,
,,,1.12375E-07,0.00122154815107933,-0.000145135971251875,
,,,1.12575E-07,0.00138891217284254,0.000691684137564152,
,,,1.12775E-07,0.000719456085789716,0.00102641218109056,
,,,1.12975E-07,0.000719456085789716,0.000189592072274536,
,,,1.13175E-07,0.00122154815107933,0.000189592072274536,
,,,1.13375E-07,0.00105418412931613,0.000691684137564152,
,,,1.13575E-07,0.00055209206402651,0.000356956094037741,
,,,1.13775E-07,0.000886820107552921,0.000524320115800947,
,,,1.13975E-07,0.00105418412931613,0.000859048159327358,
,,,1.14175E-07,0.00105418412931613,-0.000647228036541492,
,,,1.14375E-07,0.00105418412931613,0.000524320115800947,
,,,1.14575E-07,0.000886820107552921,0.000524320115800947,
,,,1.14775E-07,0.00105418412931613,0.000524320115800947,
,,,1.14975E-07,0.00105418412931613,0.000524320115800947,
,,,1.15175E-07,0.00122154815107933,0.000356956094037741,
,,,1.15375E-07,0.00122154815107933,-0.000145135971251875,
,,,1.15575E-07,0.00155627619460574,0.000859048159327358,
,,,1.15775E-07,0.00105418412931613,0.000859048159327358,
,,,1.15975E-07,0.000886820107552921,0.000691684137564152,
,,,1.16175E-07,0.00055209206402651,0.000356956094037741,
,,,1.16375E-07,0.000886820107552921,-0.000145135971251875,
,,,1.16575E-07,0.00189100423813215,0.000524320115800947,
,,,1.16775E-07,0.00105418412931613,0.000524320115800947,
,,,1.16975E-07,0.00155627619460574,0.00102641218109056,
,,,1.17175E-07,0.00155627619460574,0.000691684137564152,
,,,1.17375E-07,0.00122154815107933,-0.000312499993015081,
,,,1.17575E-07,0.00105418412931613,-0.000479864014778286,
,,,1.17775E-07,0.000886820107552921,0.000356956094037741,
,,,1.17975E-07,0.00172364021636895,0.000524320115800947,
,,,1.18175E-07,0.000719456085789716,0.000189592072274536,
,,,1.18375E-07,0.000719456085789716,0.000524320115800947,
,,,1.18575E-07,0.000886820107552921,-0.000312499993015081,
,,,1.18775E-07,0.00105418412931613,-0.000145135971251875,
,,,1.18975E-07,0.00138891217284254,-0.000145135971251875,
,,,1.19175E-07,0.000719456085789716,0.000356956094037741,
,,,1.19375E-07,0.00105418412931613,0.000356956094037741,
,,,1.19575E-07,0.00122154815107933,-0.000145135971251875,
,,,1.19775E-07,0.00138891217284254,0.000356956094037741,
,,,1.19975E-07,0.00105418412931613,0.000189592072274536,
,,,1.20175E-07,0.000719456085789716,-0.000145135971251875,
,,,1.20375E-07,0.000719456085789716,0.000691684137564152,
,,,1.20575E-07,0.000719456085789716,0.000356956094037741,
,,,1.20775E-07,0.00055209206402651,0.000524320115800947,
,,,1.20975E-07,0.000886820107552921,0.000524320115800947,
,,,1.21175E-07,0.000886820107552921,2.22280505113304E-05,
,,,1.21375E-07,0.00138891217284254,0.000189592072274536,
,,,1.21575E-07,0.00122154815107933,0.000356956094037741,
,,,1.21775E-07,0.000719456085789716,0.000356956094037741,
,,,1.21975E-07,0.000719456085789716,2.22280505113304E-05,
,,,1.22175E-07,0.000384728042263305,0.000859048159327358,
,,,1.22375E-07,0.000719456085789716,0.000356956094037741,
,,,1.22575E-07,0.000384728042263305,0.000691684137564152,
,,,1.22775E-07,0.000886820107552921,0.000524320115800947,
,,,1.22975E-07,0.000719456085789716,0.000356956094037741,
,,,1.23175E-07,0.000384728042263305,0.000356956094037741,
,,,1.23375E-07,0.00138891217284254,0.000524320115800947,
,,,1.23575E-07,0.000719456085789716,0.000859048159327358,
,,,1.23775E-07,0.000217364020500099,2.22280505113304E-05,
,,,1.23975E-07,0.00122154815107933,-0.000312499993015081,
,,,1.24175E-07,0.00055209206402651,0.00102641218109056,
,,,1.24375E-07,4.99999987368938E-05,0.000859048159327358,
,,,1.24575E-07,0.00105418412931613,0.000356956094037741,
,,,1.24775E-07,0.00122154815107933,0.000356956094037741,
,,,1.24975E-07,0.000886820107552921,0.000524320115800947,
,,,1.25175E-07,0.00105418412931613,0.000189592072274536,
,,,1.25375E-07,0.00055209206402651,0.000356956094037741,
,,,1.25575E-07,0.000886820107552921,0.000859048159327358,
,,,1.25775E-07,0.000886820107552921,0.000356956094037741,
,,,1.25975E-07,0.00105418412931613,-0.000479864014778286,
,,,1.26175E-07,0.000384728042263305,0.000859048159327358,
,,,1.26375E-07,0.000886820107552921,0.000691684137564152,
,,,1.26575E-07,0.000719456085789716,-0.000479864014778286,
,,,1.26775E-07,0.000217364020500099,-0.000312499993015081,
,,,1.26975E-07,0.000384728042263305,0.000356956094037741,
,,,1.27175E-07,0.000384728042263305,2.22280505113304E-05,
,,,1.27375E-07,0.00105418412931613,0.000189592072274536,
,,,1.27575E-07,0.000719456085789716,0.00102641218109056,
,,,1.27775E-07,0.000719456085789716,0.000691684137564152,
,,,1.27975E-07,0.000384728042263305,0.000859048159327358,
,,,1.28175E-07,0.00105418412931613,0.00169586826814339,
,,,1.28375E-07,0.000719456085789716,0.000691684137564152,
,,,1.28575E-07,0.000384728042263305,2.22280505113304E-05,
,,,1.28775E-07,4.99999987368938E-05,2.22280505113304E-05,
,,,1.28975E-07,0.00055209206402651,0.000356956094037741,
,,,1.29175E-07,0.00122154815107933,-0.000145135971251875,
,,,1.29375E-07,0.00105418412931613,0.000691684137564152,
,,,1.29575E-07,-0.000284728044789517,0.000356956094037741,
,,,1.29775E-07,4.99999987368938E-05,-0.000145135971251875,
,,,1.29975E-07,0.000217364020500099,0.000189592072274536,
,,,1.30175E-07,0.00055209206402651,0.000356956094037741,
,,,1.30375E-07,0.000384728042263305,-0.000312499993015081,
,,,1.30575E-07,0.000719456085789716,0.000356956094037741,
,,,1.30775E-07,0.000719456085789716,0.00102641218109056,
,,,1.30975E-07,0.000384728042263305,-0.000145135971251875,
,,,1.31175E-07,0.00105418412931613,0.000356956094037741,
,,,1.31375E-07,0.000719456085789716,0.000356956094037741,
,,,1.31575E-07,0.000719456085789716,0.000691684137564152,
,,,1.31775E-07,0.000719456085789716,-0.000312499993015081,
,,,1.31975E-07,0.00055209206402651,2.22280505113304E-05,
,,,1.32175E-07,0.000384728042263305,0.000189592072274536,
,,,1.32375E-07,4.99999987368938E-05,2.22280505113304E-05,
,,,1.32575E-07,0.000886820107552921,2.22280505113304E-05,
,,,1.32775E-07,0.000719456085789716,0.000524320115800947,
,,,1.32975E-07,0.000886820107552921,-0.000312499993015081,
,,,1.33175E-07,0.000384728042263305,0.000356956094037741,
,,,1.33375E-07,0.000384728042263305,0.000189592072274536,
,,,1.33575E-07,0.000886820107552921,0.000859048159327358,
,,,1.33775E-07,0.000384728042263305,0.000356956094037741,
,,,1.33975E-07,0.000384728042263305,-0.000312499993015081,
,,,1.34175E-07,0.00138891217284254,-0.000145135971251875,
,,,1.34375E-07,0.000719456085789716,2.22280505113304E-05,
,,,1.34575E-07,0.000886820107552921,0.000189592072274536,
,,,1.34775E-07,0.000886820107552921,-0.000145135971251875,
,,,1.34975E-07,0.00105418412931613,-0.000479864014778286,
,,,1.35175E-07,0.00138891217284254,2.22280505113304E-05,
,,,1.35375E-07,0.00055209206402651,0.000356956094037741,
,,,1.35575E-07,0.000886820107552921,0.000691684137564152,
,,,1.35775E-07,0.000886820107552921,-0.000312499993015081,
,,,1.35975E-07,0.000384728042263305,-0.000145135971251875,
,,,1.36175E-07,0.000217364020500099,-0.000145135971251875,
,,,1.36375E-07,0.000384728042263305,2.22280505113304E-05,
,,,1.36575E-07,0.00055209206402651,0.000189592072274536,
,,,1.36775E-07,0.000719456085789716,0.000189592072274536,
,,,1.36975E-07,0.00105418412931613,0.000524320115800947,
,,,1.37175E-07,0.000719456085789716,0.000691684137564152,
,,,1.37375E-07,0.000384728042263305,-0.000312499993015081,
,,,1.37575E-07,-0.000284728044789517,0.000189592072274536,
,,,1.37775E-07,4.99999987368938E-05,0.000189592072274536,
,,,1.37975E-07,0.00055209206402651,-0.000312499993015081,
,,,1.38175E-07,0.00105418412931613,-0.000145135971251875,
,,,1.38375E-07,0.00105418412931613,0.000189592072274536,
,,,1.38575E-07,0.00122154815107933,0.000356956094037741,
,,,1.38775E-07,0.00122154815107933,-0.000145135971251875,
,,,1.38975E-07,0.000886820107552921,0.000189592072274536,
,,,1.39175E-07,0.00055209206402651,2.22280505113304E-05,
,,,1.39375E-07,0.000719456085789716,-0.000145135971251875,
,,,1.39575E-07,0.00055209206402651,-0.000145135971251875,
,,,1.39775E-07,0.000217364020500099,-0.000312499993015081,
,,,1.39975E-07,0.000886820107552921,0.000691684137564152,
,,,1.40175E-07,0.000719456085789716,0.000524320115800947,
,,,1.40375E-07,0.000719456085789716,0.000356956094037741,
,,,1.40575E-07,0.00055209206402651,0.000356956094037741,
,,,1.40775E-07,0.000886820107552921,-0.000479864014778286,
,,,1.40975E-07,4.99999987368938E-05,2.22280505113304E-05,
,,,1.41175E-07,0.000384728042263305,0.000691684137564152,
,,,1.41375E-07,0.00055209206402651,0.000356956094037741,
,,,1.41575E-07,0.000217364020500099,-0.000145135971251875,
,,,1.41775E-07,0.000719456085789716,0.000691684137564152,
,,,1.41975E-07,0.000886820107552921,0.000524320115800947,
,,,1.42175E-07,0.000384728042263305,0.000524320115800947,
,,,1.42375E-07,0.000719456085789716,-0.000145135971251875,
,,,1.42575E-07,0.000719456085789716,2.22280505113304E-05,
,,,1.42775E-07,0.000886820107552921,-0.000145135971251875,
,,,1.42975E-07,0.000384728042263305,0.000356956094037741,
,,,1.43175E-07,0.00105418412931613,-0.000312499993015081,
,,,1.43375E-07,0.000719456085789716,0.000189592072274536,
,,,1.43575E-07,0.000719456085789716,0.000356956094037741,
,,,1.43775E-07,0.000886820107552921,-0.000647228036541492,
,,,1.43975E-07,0.00105418412931613,2.22280505113304E-05,
,,,1.44175E-07,0.000384728042263305,0.000356956094037741,
,,,1.44375E-07,0.000719456085789716,0.000189592072274536,
,,,1.44575E-07,0.000384728042263305,0.000189592072274536,
,,,1.44775E-07,0.00105418412931613,0.000859048159327358,
,,,1.44975E-07,0.000886820107552921,0.000859048159327358,
,,,1.45175E-07,0.00055209206402651,2.22280505113304E-05,
,,,1.45375E-07,0.00055209206402651,0.000356956094037741,
,,,1.45575E-07,0.000886820107552921,2.22280505113304E-05,
,,,1.45775E-07,0.000384728042263305,-0.000145135971251875,
,,,1.45975E-07,0.000384728042263305,0.000524320115800947,
,,,1.46175E-07,0.00138891217284254,0.000691684137564152,
,,,1.46375E-07,0.00138891217284254,0.000691684137564152,
,,,1.46575E-07,0.00055209206402651,2.22280505113304E-05,
,,,1.46775E-07,0.000384728042263305,0.000356956094037741,
,,,1.46975E-07,0.00055209206402651,0.000189592072274536,
,,,1.47175E-07,0.000384728042263305,-0.000145135971251875,
,,,1.47375E-07,0.000886820107552921,0.000189592072274536,
,,,1.47575E-07,0.00105418412931613,0.000859048159327358,
,,,1.47775E-07,0.000886820107552921,0.000189592072274536,
,,,1.47975E-07,0.00055209206402651,0.000189592072274536,
,,,1.48175E-07,4.99999987368938E-05,0.000524320115800947,
,,,1.48375E-07,0.000384728042263305,0.000356956094037741,
,,,1.48575E-07,0.00055209206402651,-0.000479864014778286,
,,,1.48775E-07,0.00055209206402651,0.000691684137564152,
,,,1.48975E-07,0.00105418412931613,2.22280505113304E-05,
,,,1.49175E-07,0.00105418412931613,-0.000647228036541492,
,,,1.49375E-07,0.00055209206402651,-0.000479864014778286,
,,,1.49575E-07,0.000719456085789716,-0.000479864014778286,
,,,1.49775E-07,0.00055209206402651,2.22280505113304E-05,
,,,1.49975E-07,0.000384728042263305,2.22280505113304E-05,
,,,1.50175E-07,0.00055209206402651,0.000189592072274536,
,,,1.50375E-07,0.000886820107552921,2.22280505113304E-05,
,,,1.50575E-07,0.000886820107552921,-0.000145135971251875,
,,,1.50775E-07,0.00105418412931613,-0.000312499993015081,
,,,1.50975E-07,0.000384728042263305,-0.000145135971251875,
,,,1.51175E-07,0.00105418412931613,0.000859048159327358,
,,,1.51375E-07,0.000886820107552921,0.000189592072274536,
,,,1.51575E-07,0.00055209206402651,-0.000145135971251875,
,,,1.51775E-07,0.00155627619460574,0.000189592072274536,
,,,1.51975E-07,0.00105418412931613,0.000356956094037741,
,,,1.52175E-07,0.000719456085789716,2.22280505113304E-05,
,,,1.52375E-07,0.00055209206402651,0.000691684137564152,
,,,1.52575E-07,0.000719456085789716,2.22280505113304E-05,
,,,1.52775E-07,0.00105418412931613,-0.000145135971251875,
,,,1.52975E-07,0.000719456085789716,-0.000145135971251875,
,,,1.53175E-07,0.000384728042263305,0.000524320115800947,
,,,1.53375E-07,0.00122154815107933,-0.000312499993015081,
,,,1.53575E-07,0.00138891217284254,0.000189592072274536,
,,,1.53775E-07,4.99999987368938E-05,2.22280505113304E-05,
,,,1.53975E-07,0.000217364020500099,-0.000479864014778286,
,,,1.54175E-07,0.000886820107552921,2.22280505113304E-05,
,,,1.54375E-07,0.00105418412931613,0.000356956094037741,
,,,1.54575E-07,0.000384728042263305,0.000356956094037741,
,,,1.54775E-07,0.000886820107552921,0.000524320115800947,
,,,1.54975E-07,0.00055209206402651,0.000189592072274536,
,,,1.55175E-07,0.00055209206402651,-0.000312499993015081,
,,,1.55375E-07,0.000719456085789716,0.000189592072274536,
,,,1.55575E-07,0.000719456085789716,-0.000981956080067903,
,,,1.55775E-07,0.000384728042263305,-0.000312499993015081,
,,,1.55975E-07,0.00055209206402651,-0.000312499993015081,
,,,1.56175E-07,0.000217364020500099,0.000524320115800947,
,,,1.56375E-07,0.000886820107552921,2.22280505113304E-05,
,,,1.56575E-07,0.000217364020500099,2.22280505113304E-05,
,,,1.56775E-07,4.99999987368938E-05,0.000189592072274536,
,,,1.56975E-07,-0.000284728044789517,0.000189592072274536,
,,,1.57175E-07,0.000719456085789716,-0.000145135971251875,
,,,1.57375E-07,0.00055209206402651,0.000189592072274536,
,,,1.57575E-07,0.00138891217284254,-0.000145135971251875,
,,,1.57775E-07,0.000719456085789716,-0.000145135971251875,
,,,1.57975E-07,0.00138891217284254,0.000356956094037741,
,,,1.58175E-07,0.000384728042263305,0.000356956094037741,
,,,1.58375E-07,0.000384728042263305,-0.000145135971251875,
,,,1.58575E-07,-0.000117364023026312,0.000356956094037741,
,,,1.58775E-07,0.000384728042263305,0.000189592072274536,
,,,1.58975E-07,0.000719456085789716,-0.000479864014778286,
,,,1.59175E-07,0.000719456085789716,0.000356956094037741,
,,,1.59375E-07,0.000217364020500099,0.000189592072274536,
,,,1.59575E-07,0.000384728042263305,-0.000312499993015081,
,,,1.59775E-07,0.000384728042263305,-0.000145135971251875,
,,,1.59975E-07,0.00105418412931613,-0.000145135971251875,
,,,1.60175E-07,0.000719456085789716,-0.000479864014778286,
,,,1.60375E-07,0.00105418412931613,0.000524320115800947,
,,,1.60575E-07,0.000719456085789716,-0.000145135971251875,
,,,1.60775E-07,0.000719456085789716,-0.000312499993015081,
,,,1.60975E-07,0.00055209206402651,-0.000145135971251875,
,,,1.61175E-07,0.000217364020500099,2.22280505113304E-05,
,,,1.61375E-07,0.000886820107552921,-0.000647228036541492,
,,,1.61575E-07,0.00055209206402651,0.000189592072274536,
,,,1.61775E-07,0.000719456085789716,0.000356956094037741,
,,,1.61975E-07,0.000384728042263305,2.22280505113304E-05,
,,,1.62175E-07,0.000384728042263305,2.22280505113304E-05,
,,,1.62375E-07,0.000719456085789716,2.22280505113304E-05,
,,,1.62575E-07,0.00055209206402651,-0.000312499993015081,
,,,1.62775E-07,4.99999987368938E-05,2.22280505113304E-05,
,,,1.62975E-07,0.000384728042263305,-0.000145135971251875,
,,,1.63175E-07,0.000886820107552921,0.000356956094037741,
,,,1.63375E-07,0.000384728042263305,-0.000312499993015081,
,,,1.63575E-07,0.00055209206402651,0.000189592072274536,
,,,1.63775E-07,0.000886820107552921,0.000189592072274536,
,,,1.63975E-07,0.00105418412931613,0.000356956094037741,
,,,1.64175E-07,0.000719456085789716,-0.000145135971251875,
,,,1.64375E-07,0.000384728042263305,-0.000145135971251875,
,,,1.64575E-07,0.000719456085789716,0.000189592072274536,
,,,1.64775E-07,0.00122154815107933,0.000189592072274536,
,,,1.64975E-07,0.000886820107552921,2.22280505113304E-05,
,,,1.65175E-07,0.000384728042263305,0.000189592072274536,
,,,1.65375E-07,0.00055209206402651,0.000189592072274536,
,,,1.65575E-07,0.000886820107552921,0.000189592072274536,
,,,1.65775E-07,0.000217364020500099,2.22280505113304E-05,
,,,1.65975E-07,0.000719456085789716,0.000691684137564152,
,,,1.66175E-07,0.00105418412931613,0.000189592072274536,
,,,1.66375E-07,0.000217364020500099,-0.000312499993015081,
,,,1.66575E-07,0.00055209206402651,0.000356956094037741,
,,,1.66775E-07,0.000886820107552921,0.000356956094037741,
,,,1.66975E-07,0.000384728042263305,0.000524320115800947,
,,,1.67175E-07,0.000886820107552921,-0.000145135971251875,
,,,1.67375E-07,0.00055209206402651,0.000356956094037741,
,,,1.67575E-07,0.00055209206402651,-0.000312499993015081,
,,,1.67775E-07,0.00055209206402651,-0.000814592058304697,
,,,1.67975E-07,0.00055209206402651,0.000524320115800947,
,,,1.68175E-07,4.99999987368938E-05,-0.000312499993015081,
,,,1.68375E-07,-0.000117364023026312,-0.000479864014778286,
,,,1.68575E-07,0.000384728042263305,-0.000145135971251875,
,,,1.68775E-07,0.000719456085789716,-0.000647228036541492,
,,,1.68975E-07,0.00055209206402651,-0.000312499993015081,
,,,1.69175E-07,0.000217364020500099,-0.000312499993015081,
,,,1.69375E-07,0.000384728042263305,-0.000647228036541492,
,,,1.69575E-07,0.00055209206402651,-0.000145135971251875,
,,,1.69775E-07,0.000217364020500099,2.22280505113304E-05,
,,,1.69975E-07,0.000217364020500099,-0.000145135971251875,
,,,1.70175E-07,0.000384728042263305,-0.000312499993015081,
,,,1.70375E-07,4.99999987368938E-05,2.22280505113304E-05,
,,,1.70575E-07,0.000719456085789716,-0.000145135971251875,
,,,1.70775E-07,0.00105418412931613,-0.000145135971251875,
,,,1.70975E-07,0.000719456085789716,0.000356956094037741,
,,,1.71175E-07,0.00055209206402651,0.000356956094037741,
,,,1.71375E-07,0.000384728042263305,0.000189592072274536,
,,,1.71575E-07,4.99999987368938E-05,2.22280505113304E-05,
,,,1.71775E-07,0.000719456085789716,0.000189592072274536,
,,,1.71975E-07,0.000886820107552921,0.000356956094037741,
,,,1.72175E-07,-0.000452092066552723,0.000189592072274536,
,,,1.72375E-07,0.000384728042263305,-0.000479864014778286,
,,,1.72575E-07,0.000384728042263305,2.22280505113304E-05,
,,,1.72775E-07,0.000719456085789716,-0.000312499993015081,
,,,1.72975E-07,0.000217364020500099,-0.000814592058304697,
,,,1.73175E-07,0.00055209206402651,2.22280505113304E-05,
,,,1.73375E-07,-0.000117364023026312,0.000356956094037741,
,,,1.73575E-07,0.000886820107552921,-0.000479864014778286,
,,,1.73775E-07,4.99999987368938E-05,-0.000312499993015081,
,,,1.73975E-07,0.000719456085789716,-0.000479864014778286,
,,,1.74175E-07,0.000384728042263305,-0.000479864014778286,
,,,1.74375E-07,0.000886820107552921,-0.000145135971251875,
,,,1.74575E-07,0.000217364020500099,0.000356956094037741,
,,,1.74775E-07,0.000217364020500099,2.22280505113304E-05,
,,,1.74975E-07,0.000384728042263305,-0.000981956080067903,
,,,1.75175E-07,0.000384728042263305,-0.000479864014778286,
,,,1.75375E-07,0.000719456085789716,-0.000479864014778286,
,,,1.75575E-07,0.00122154815107933,0.000189592072274536,
,,,1.75775E-07,0.000217364020500099,2.22280505113304E-05,
,,,1.75975E-07,0.000384728042263305,2.22280505113304E-05,
,,,1.76175E-07,0.00105418412931613,-0.000145135971251875,
,,,1.76375E-07,0.000217364020500099,-0.000145135971251875,
,,,1.76575E-07,0.000384728042263305,-0.000145135971251875,
,,,1.76775E-07,0.000886820107552921,-0.000145135971251875,
,,,1.76975E-07,0.000719456085789716,-0.000479864014778286,
,,,1.77175E-07,4.99999987368938E-05,2.22280505113304E-05,
,,,1.77375E-07,0.000886820107552921,-0.000312499993015081,
,,,1.77575E-07,0.000886820107552921,-0.000312499993015081,
,,,1.77775E-07,0.000217364020500099,2.22280505113304E-05,
,,,1.77975E-07,4.99999987368938E-05,-0.000312499993015081,
,,,1.78175E-07,0.00105418412931613,-0.000647228036541492,
,,,1.78375E-07,0.000217364020500099,0.000356956094037741,
,,,1.78575E-07,0.00055209206402651,2.22280505113304E-05,
,,,1.78775E-07,0.000384728042263305,-0.000647228036541492,
,,,1.78975E-07,0.00055209206402651,2.22280505113304E-05,
,,,1.79175E-07,0.00055209206402651,2.22280505113304E-05,
,,,1.79375E-07,0.00055209206402651,-0.000145135971251875,
,,,1.79575E-07,0.000886820107552921,-0.000479864014778286,
,,,1.79775E-07,0.000217364020500099,0.000859048159327358,
,,,1.79975E-07,0.00105418412931613,-0.000145135971251875,
,,,1.80175E-07,-0.000117364023026312,-0.000479864014778286,
,,,1.80375E-07,0.000384728042263305,2.22280505113304E-05,
,,,1.80575E-07,4.99999987368938E-05,-0.000312499993015081,
,,,1.80775E-07,-0.000117364023026312,-0.000647228036541492,
,,,1.80975E-07,0.00055209206402651,0.000189592072274536,
,,,1.81175E-07,0.000384728042263305,-0.000145135971251875,
,,,1.81375E-07,0.00055209206402651,-0.000814592058304697,
,,,1.81575E-07,0.000217364020500099,2.22280505113304E-05,
,,,1.81775E-07,0.000384728042263305,0.000356956094037741,
,,,1.81975E-07,0.000719456085789716,-0.000981956080067903,
,,,1.82175E-07,4.99999987368938E-05,-0.000814592058304697,
,,,1.82375E-07,0.000719456085789716,0.000189592072274536,
,,,1.82575E-07,0.000384728042263305,-0.000479864014778286,
,,,1.82775E-07,0.000217364020500099,-0.000145135971251875,
,,,1.82975E-07,0.00055209206402651,-0.000145135971251875,
,,,1.83175E-07,0.00055209206402651,2.22280505113304E-05,
,,,1.83375E-07,4.99999987368938E-05,-0.000145135971251875,
,,,1.83575E-07,0.000886820107552921,-0.000145135971251875,
,,,1.83775E-07,0.00055209206402651,-0.000145135971251875,
,,,1.83975E-07,0.000719456085789716,2.22280505113304E-05,
,,,1.84175E-07,0.00055209206402651,-0.000479864014778286,
,,,1.84375E-07,0.000384728042263305,0.000189592072274536,
,,,1.84575E-07,-0.000117364023026312,0.000356956094037741,
,,,1.84775E-07,0.000217364020500099,2.22280505113304E-05,
,,,1.84975E-07,0.000384728042263305,-0.000479864014778286,
,,,1.85175E-07,0.000217364020500099,2.22280505113304E-05,
,,,1.85375E-07,0.000384728042263305,-0.000145135971251875,
,,,1.85575E-07,0.00055209206402651,-0.000479864014778286,
,,,1.85775E-07,0.000217364020500099,-0.000312499993015081,
,,,1.85975E-07,0.000217364020500099,0.000524320115800947,
,,,1.86175E-07,-0.000117364023026312,0.000189592072274536,
,,,1.86375E-07,4.99999987368938E-05,-0.000312499993015081,
,,,1.86575E-07,4.99999987368938E-05,-0.000312499993015081,
,,,1.86775E-07,0.000217364020500099,2.22280505113304E-05,
,,,1.86975E-07,0.000384728042263305,-0.000145135971251875,
,,,1.87175E-07,0.00055209206402651,0.000189592072274536,
,,,1.87375E-07,0.000217364020500099,0.000189592072274536,
,,,1.87575E-07,4.99999987368938E-05,-0.000145135971251875,
,,,1.87775E-07,0.000719456085789716,-0.000145135971251875,
,,,1.87975E-07,0.00055209206402651,-0.000647228036541492,
,,,1.88175E-07,4.99999987368938E-05,0.000356956094037741,
,,,1.88375E-07,0.000384728042263305,2.22280505113304E-05,
,,,1.88575E-07,0.000886820107552921,-0.000479864014778286,
,,,1.88775E-07,0.000217364020500099,0.000356956094037741,
,,,1.88975E-07,4.99999987368938E-05,0.000189592072274536,
,,,1.89175E-07,0.000217364020500099,-0.000145135971251875,
,,,1.89375E-07,0.000384728042263305,-0.000312499993015081,
,,,1.89575E-07,4.99999987368938E-05,0.000189592072274536,
,,,1.89775E-07,0.000217364020500099,-0.000479864014778286,
,,,1.89975E-07,-0.000117364023026312,-0.000647228036541492,
,,,1.90175E-07,0.00055209206402651,-0.000145135971251875,
,,,1.90375E-07,0.00055209206402651,2.22280505113304E-05,
,,,1.90575E-07,4.99999987368938E-05,0.000189592072274536,
,,,1.90775E-07,4.99999987368938E-05,0.000189592072274536,
,,,1.90975E-07,0.000217364020500099,-0.000312499993015081,
,,,1.91175E-07,0.00055209206402651,-0.000647228036541492,
,,,1.91375E-07,0.000719456085789716,2.22280505113304E-05,
,,,1.91575E-07,0.000719456085789716,0.000691684137564152,
,,,1.91775E-07,-0.000284728044789517,-0.000145135971251875,
,,,1.91975E-07,-0.000284728044789517,2.22280505113304E-05,
,,,1.92175E-07,4.99999987368938E-05,0.000356956094037741,
,,,1.92375E-07,-0.000284728044789517,0.000356956094037741,
,,,1.92575E-07,-0.000284728044789517,-0.000145135971251875,
,,,1.92775E-07,-0.000284728044789517,0.000189592072274536,
,,,1.92975E-07,-0.000452092066552723,0.000859048159327358,
,,,1.93175E-07,0.000886820107552921,-0.000312499993015081,
,,,1.93375E-07,0.000886820107552921,2.22280505113304E-05,
,,,1.93575E-07,0.000384728042263305,-0.000145135971251875,
,,,1.93775E-07,-0.000452092066552723,-0.000312499993015081,
,,,1.93975E-07,0.000384728042263305,2.22280505113304E-05,
,,,1.94175E-07,4.99999987368938E-05,2.22280505113304E-05,
,,,1.94375E-07,4.99999987368938E-05,-0.000145135971251875,
,,,1.94575E-07,0.00055209206402651,-0.000479864014778286,
,,,1.94775E-07,0.000719456085789716,2.22280505113304E-05,
,,,1.94975E-07,0.000217364020500099,0.000189592072274536,
,,,1.95175E-07,0.000384728042263305,2.22280505113304E-05,
,,,1.95375E-07,0.00055209206402651,2.22280505113304E-05,
,,,1.95575E-07,-0.000954184131842339,2.22280505113304E-05,
,,,1.95775E-07,-0.000452092066552723,-0.000647228036541492,
,,,1.95975E-07,0.000217364020500099,2.22280505113304E-05,
,,,1.96175E-07,0.000217364020500099,0.000524320115800947,
,,,1.96375E-07,0.000217364020500099,2.22280505113304E-05,
,,,1.96575E-07,0.00055209206402651,-0.000145135971251875,
,,,1.96775E-07,0.000217364020500099,0.000189592072274536,
,,,1.96975E-07,0.000217364020500099,0.000356956094037741,
,,,1.97175E-07,4.99999987368938E-05,-0.000479864014778286,
,,,1.97375E-07,0.000886820107552921,2.22280505113304E-05,
,,,1.97575E-07,0.00055209206402651,0.000524320115800947,
,,,1.97775E-07,0.000384728042263305,0.000691684137564152,
,,,1.97975E-07,4.99999987368938E-05,2.22280505113304E-05,
,,,1.98175E-07,0.000719456085789716,-0.000145135971251875,
,,,1.98375E-07,0.000217364020500099,-0.000312499993015081,
,,,1.98575E-07,-0.000117364023026312,-0.000145135971251875,
,,,1.98775E-07,0.000719456085789716,2.22280505113304E-05,
,,,1.98975E-07,4.99999987368938E-05,0.000356956094037741,
,,,1.99175E-07,0.000217364020500099,-0.000647228036541492,
,,,1.99375E-07,0.00055209206402651,-0.000479864014778286,
,,,1.99575E-07,0.000384728042263305,2.22280505113304E-05,
,,,1.99775E-07,-0.000117364023026312,2.22280505113304E-05,
,,,1.99975E-07,0.000719456085789716,-0.000479864014778286,
,,,2.00175E-07,0.000719456085789716,0.000691684137564152,
,,,2.00375E-07,4.99999987368938E-05,2.22280505113304E-05,
,,,2.00575E-07,-0.000452092066552723,-0.000479864014778286,
,,,2.00775E-07,0.00055209206402651,2.22280505113304E-05,
,,,2.00975E-07,0.00055209206402651,-0.000647228036541492,
,,,2.01175E-07,0.000217364020500099,-0.000312499993015081,
,,,2.01375E-07,4.99999987368938E-05,2.22280505113304E-05,
,,,2.01575E-07,0.000217364020500099,0.000189592072274536,
,,,2.01775E-07,0.000217364020500099,-0.000312499993015081,
,,,2.01975E-07,0.000719456085789716,2.22280505113304E-05,
,,,2.02175E-07,4.99999987368938E-05,-0.000145135971251875,
,,,2.02375E-07,0.00055209206402651,-0.000479864014778286,
,,,2.02575E-07,0.000217364020500099,2.22280505113304E-05,
,,,2.02775E-07,0.000217364020500099,0.000189592072274536,
,,,2.02975E-07,0.000384728042263305,-0.000145135971251875,
,,,2.03175E-07,0.000217364020500099,0.000356956094037741,
,,,2.03375E-07,0.000217364020500099,2.22280505113304E-05,
,,,2.03575E-07,0.00055209206402651,0.000524320115800947,
,,,2.03775E-07,0.000384728042263305,2.22280505113304E-05,
,,,2.03975E-07,0.00055209206402651,0.000189592072274536,
,,,2.04175E-07,-0.000117364023026312,-0.000312499993015081,
,,,2.04375E-07,-0.000452092066552723,0.000691684137564152,
,,,2.04575E-07,4.99999987368938E-05,0.000189592072274536,
,,,2.04775E-07,0.00122154815107933,0.000189592072274536,
,,,2.04975E-07,4.99999987368938E-05,0.000524320115800947,
,,,2.05175E-07,4.99999987368938E-05,2.22280505113304E-05,
,,,2.05375E-07,4.99999987368938E-05,-0.000145135971251875,
,,,2.05575E-07,-0.000117364023026312,-0.000814592058304697,
,,,2.05775E-07,4.99999987368938E-05,2.22280505113304E-05,
,,,2.05975E-07,-0.000117364023026312,-0.000312499993015081,
,,,2.06175E-07,0.00055209206402651,-0.000312499993015081,
,,,2.06375E-07,0.000384728042263305,-0.000479864014778286,
,,,2.06575E-07,-0.000284728044789517,-0.000312499993015081,
,,,2.06775E-07,-0.000284728044789517,0.000189592072274536,
,,,2.06975E-07,0.000384728042263305,0.000356956094037741,
,,,2.07175E-07,4.99999987368938E-05,-0.000145135971251875,
,,,2.07375E-07,0.00105418412931613,2.22280505113304E-05,
,,,2.07575E-07,-0.000117364023026312,2.22280505113304E-05,
,,,2.07775E-07,-0.000284728044789517,-0.000312499993015081,
,,,2.07975E-07,4.99999987368938E-05,0.000189592072274536,
,,,2.08175E-07,0.000384728042263305,-0.000145135971251875,
,,,2.08375E-07,0.00055209206402651,-0.000145135971251875,
,,,2.08575E-07,4.99999987368938E-05,-0.00131668412359431,
,,,2.08775E-07,0.000719456085789716,-0.000981956080067903,
,,,2.08975E-07,0.000217364020500099,-0.000145135971251875,
,,,2.09175E-07,0.000719456085789716,2.22280505113304E-05,
,,,2.09375E-07,0.000384728042263305,0.000356956094037741,
,,,2.09575E-07,0.000384728042263305,2.22280505113304E-05,
,,,2.09775E-07,-0.000452092066552723,2.22280505113304E-05,
,,,2.09975E-07,0.000384728042263305,-0.000479864014778286,
,,,2.10175E-07,0.000217364020500099,2.22280505113304E-05,
,,,2.10375E-07,0.000217364020500099,-0.000814592058304697,
,,,2.10575E-07,0.000384728042263305,2.22280505113304E-05,
,,,2.10775E-07,0.000886820107552921,-0.000145135971251875,
,,,2.10975E-07,0.000384728042263305,-0.000981956080067903,
,,,2.11175E-07,-0.000284728044789517,0.000356956094037741,
,,,2.11375E-07,-0.000284728044789517,0.000189592072274536,
,,,2.11575E-07,0.000384728042263305,2.22280505113304E-05,
,,,2.11775E-07,0.00055209206402651,-0.000312499993015081,
,,,2.11975E-07,0.000384728042263305,0.000189592072274536,
,,,2.12175E-07,0.000384728042263305,0.000356956094037741,
,,,2.12375E-07,0.00055209206402651,0.000691684137564152,
,,,2.12575E-07,0.000384728042263305,0.000189592072274536,
,,,2.12775E-07,4.99999987368938E-05,-0.000145135971251875,
,,,2.12975E-07,0.00055209206402651,-0.000479864014778286,
,,,2.13175E-07,0.00055209206402651,-0.000479864014778286,
,,,2.13375E-07,-0.000117364023026312,-0.000647228036541492,
,,,2.13575E-07,-0.000117364023026312,2.22280505113304E-05,
,,,2.13775E-07,0.000384728042263305,-0.000479864014778286,
,,,2.13975E-07,0.000217364020500099,-0.000647228036541492,
,,,2.14175E-07,0.00055209206402651,-0.000981956080067903,
,,,2.14375E-07,0.000719456085789716,-0.000647228036541492,
,,,2.14575E-07,0.000384728042263305,-0.000981956080067903,
,,,2.14775E-07,0.000217364020500099,-0.000145135971251875,
,,,2.14975E-07,0.00055209206402651,-0.000312499993015081,
,,,2.15175E-07,0.000217364020500099,-0.000312499993015081,
,,,2.15375E-07,4.99999987368938E-05,2.22280505113304E-05,
,,,2.15575E-07,0.00055209206402651,-0.000479864014778286,
,,,2.15775E-07,0.000217364020500099,2.22280505113304E-05,
,,,2.15975E-07,-0.000619456088315928,-0.000479864014778286,
,,,2.16175E-07,0.000217364020500099,-0.000647228036541492,
,,,2.16375E-07,-0.000284728044789517,-0.000145135971251875,
,,,2.16575E-07,4.99999987368938E-05,0.000356956094037741,
,,,2.16775E-07,-0.000284728044789517,-0.000312499993015081,
,,,2.16975E-07,0.000217364020500099,-0.000145135971251875,
,,,2.17175E-07,0.000217364020500099,-0.000312499993015081,
,,,2.17375E-07,0.000217364020500099,-0.000479864014778286,
,,,2.17575E-07,-0.000117364023026312,0.000524320115800947,
,,,2.17775E-07,0.000217364020500099,0.000189592072274536,
,,,2.17975E-07,0.000217364020500099,-0.000312499993015081,
,,,2.18175E-07,4.99999987368938E-05,-0.000312499993015081,
,,,2.18375E-07,0.000217364020500099,-0.000145135971251875,
,,,2.18575E-07,0.00055209206402651,0.000691684137564152,
,,,2.18775E-07,4.99999987368938E-05,2.22280505113304E-05,
,,,2.18975E-07,4.99999987368938E-05,-0.000145135971251875,
,,,2.19175E-07,0.000217364020500099,0.000356956094037741,
,,,2.19375E-07,0.00055209206402651,0.000356956094037741,
,,,2.19575E-07,0.000384728042263305,-0.000312499993015081,
,,,2.19775E-07,0.000719456085789716,-0.000647228036541492,
,,,2.19975E-07,-0.000452092066552723,-0.000312499993015081,
,,,2.20175E-07,-0.000117364023026312,2.22280505113304E-05,
,,,2.20375E-07,0.00122154815107933,-0.000145135971251875,
,,,2.20575E-07,4.99999987368938E-05,2.22280505113304E-05,
,,,2.20775E-07,4.99999987368938E-05,-0.000312499993015081,
,,,2.20975E-07,4.99999987368938E-05,-0.000479864014778286,
,,,2.21175E-07,0.000384728042263305,0.000524320115800947,
,,,2.21375E-07,-0.000284728044789517,2.22280505113304E-05,
,,,2.21575E-07,0.00055209206402651,-0.000145135971251875,
,,,2.21775E-07,0.000384728042263305,-0.000647228036541492,
,,,2.21975E-07,0.00055209206402651,0.000189592072274536,
,,,2.22175E-07,0.000886820107552921,0.000524320115800947,
,,,2.22375E-07,0.000719456085789716,-0.000479864014778286,
,,,2.22575E-07,0.000384728042263305,2.22280505113304E-05,
,,,2.22775E-07,4.99999987368938E-05,0.000691684137564152,
,,,2.22975E-07,0.00055209206402651,-0.000312499993015081,
,,,2.23175E-07,-0.000284728044789517,-0.000312499993015081,
,,,2.23375E-07,0.000217364020500099,2.22280505113304E-05,
,,,2.23575E-07,0.000217364020500099,-0.000145135971251875,
,,,2.23775E-07,4.99999987368938E-05,0.000189592072274536,
,,,2.23975E-07,4.99999987368938E-05,0.000189592072274536,
,,,2.24175E-07,-0.000117364023026312,0.000524320115800947,
,,,2.24375E-07,0.000217364020500099,2.22280505113304E-05,
,,,2.24575E-07,-0.000284728044789517,0.000691684137564152,
,,,2.24775E-07,-0.000284728044789517,-0.000312499993015081,
,,,2.24975E-07,-0.000452092066552723,-0.000312499993015081,
,,,2.25175E-07,4.99999987368938E-05,2.22280505113304E-05,
,,,2.25375E-07,4.99999987368938E-05,2.22280505113304E-05,
,,,2.25575E-07,-0.000284728044789517,-0.000145135971251875,
,,,2.25775E-07,0.000217364020500099,2.22280505113304E-05,
,,,2.25975E-07,0.000384728042263305,0.000189592072274536,
,,,2.26175E-07,4.99999987368938E-05,0.000356956094037741,
,,,2.26375E-07,-0.000284728044789517,0.000189592072274536,
,,,2.26575E-07,0.00055209206402651,-0.000145135971251875,
,,,2.26775E-07,0.000217364020500099,0.000189592072274536,
,,,2.26975E-07,0.000217364020500099,-0.000814592058304697,
,,,2.27175E-07,4.99999987368938E-05,-0.000312499993015081,
,,,2.27375E-07,4.99999987368938E-05,2.22280505113304E-05,
,,,2.27575E-07,0.000217364020500099,-0.000145135971251875,
,,,2.27775E-07,-0.000117364023026312,-0.000145135971251875,
,,,2.27975E-07,-0.000117364023026312,2.22280505113304E-05,
,,,2.28175E-07,-0.000452092066552723,2.22280505113304E-05,
,,,2.28375E-07,0.000217364020500099,-0.000647228036541492,
,,,2.28575E-07,0.000384728042263305,2.22280505113304E-05,
,,,2.28775E-07,-0.000117364023026312,-0.000145135971251875,
,,,2.28975E-07,-0.000284728044789517,-0.000312499993015081,
,,,2.29175E-07,-0.000117364023026312,-0.000145135971251875,
,,,2.29375E-07,4.99999987368938E-05,-0.000312499993015081,
,,,2.29575E-07,0.000217364020500099,0.000189592072274536,
,,,2.29775E-07,0.000384728042263305,-0.000479864014778286,
,,,2.29975E-07,0.000384728042263305,-0.000312499993015081,
,,,2.30175E-07,-0.000117364023026312,-0.000145135971251875,
,,,2.30375E-07,4.99999987368938E-05,-0.000145135971251875,
,,,2.30575E-07,0.000719456085789716,-0.000647228036541492,
,,,2.30775E-07,0.000384728042263305,-0.000145135971251875,
,,,2.30975E-07,-0.000117364023026312,-0.000145135971251875,
,,,2.31175E-07,0.00055209206402651,-0.000145135971251875,
,,,2.31375E-07,0.000217364020500099,-0.000479864014778286,
,,,2.31575E-07,0.000719456085789716,0.000189592072274536,
,,,2.31775E-07,-0.000284728044789517,-0.000479864014778286,
,,,2.31975E-07,-0.000117364023026312,-0.000312499993015081,
,,,2.32175E-07,0.00055209206402651,-0.000647228036541492,
,,,2.32375E-07,0.000217364020500099,-0.000312499993015081,
,,,2.32575E-07,-0.000117364023026312,-0.000647228036541492,
,,,2.32775E-07,0.000719456085789716,-0.000312499993015081,
,,,2.32975E-07,0.000217364020500099,0.000524320115800947,
,,,2.33175E-07,0.000384728042263305,-0.000312499993015081,
,,,2.33375E-07,0.000384728042263305,-0.000814592058304697,
,,,2.33575E-07,4.99999987368938E-05,0.000189592072274536,
,,,2.33775E-07,-0.000284728044789517,-0.000312499993015081,
,,,2.33975E-07,0.000217364020500099,-0.000479864014778286,
,,,2.34175E-07,0.000384728042263305,-0.000814592058304697,
,,,2.34375E-07,-0.000284728044789517,2.22280505113304E-05,
,,,2.34575E-07,-0.000117364023026312,-0.000647228036541492,
,,,2.34775E-07,0.000384728042263305,-0.000479864014778286,
,,,2.34975E-07,-0.000284728044789517,-0.000145135971251875,
,,,2.35175E-07,0.000384728042263305,-0.000479864014778286,
,,,2.35375E-07,0.00055209206402651,-0.000145135971251875,
,,,2.35575E-07,-0.000284728044789517,0.000356956094037741,
,,,2.35775E-07,0.000217364020500099,-0.000814592058304697,
,,,2.35975E-07,-0.000284728044789517,-0.000312499993015081,
,,,2.36175E-07,-0.000452092066552723,-0.000145135971251875,
,,,2.36375E-07,-0.000284728044789517,-0.000814592058304697,
,,,2.36575E-07,4.99999987368938E-05,-0.000312499993015081,
,,,2.36775E-07,0.00055209206402651,-0.000312499993015081,
,,,2.36975E-07,0.000384728042263305,-0.000647228036541492,
,,,2.37175E-07,4.99999987368938E-05,-0.000312499993015081,
,,,2.37375E-07,-0.000117364023026312,2.22280505113304E-05,
,,,2.37575E-07,0.000719456085789716,-0.000814592058304697,
,,,2.37775E-07,0.000719456085789716,2.22280505113304E-05,
,,,2.37975E-07,0.000217364020500099,-0.000145135971251875,
,,,2.38175E-07,4.99999987368938E-05,-0.000479864014778286,
,,,2.38375E-07,4.99999987368938E-05,-0.000145135971251875,
,,,2.38575E-07,0.00105418412931613,-0.000479864014778286,
,,,2.38775E-07,0.00105418412931613,-0.000145135971251875,
,,,2.38975E-07,0.000217364020500099,0.000189592072274536,
,,,2.39175E-07,-0.000117364023026312,2.22280505113304E-05,
,,,2.39375E-07,0.00055209206402651,-0.000145135971251875,
,,,2.39575E-07,0.000384728042263305,-0.000479864014778286,
,,,2.39775E-07,0.000384728042263305,-0.000312499993015081,
,,,2.39975E-07,4.99999987368938E-05,2.22280505113304E-05,
,,,2.40175E-07,0.00055209206402651,-0.000312499993015081,
,,,2.40375E-07,0.000384728042263305,-0.000145135971251875,
,,,2.40575E-07,0.000217364020500099,-0.000145135971251875,
,,,2.40775E-07,0.000886820107552921,2.22280505113304E-05,
,,,2.40975E-07,0.000217364020500099,-0.000647228036541492,
,,,2.41175E-07,0.000384728042263305,-0.000981956080067903,
,,,2.41375E-07,4.99999987368938E-05,-0.000479864014778286,
,,,2.41575E-07,4.99999987368938E-05,-0.000145135971251875,
,,,2.41775E-07,0.000217364020500099,2.22280505113304E-05,
,,,2.41975E-07,0.000217364020500099,2.22280505113304E-05,
,,,2.42175E-07,0.000217364020500099,-0.000145135971251875,
,,,2.42375E-07,0.000384728042263305,2.22280505113304E-05,
,,,2.42575E-07,-0.000117364023026312,-0.000479864014778286,
,,,2.42775E-07,-0.000117364023026312,-0.000312499993015081,
,,,2.42975E-07,0.00055209206402651,-0.000145135971251875,
,,,2.43175E-07,0.00055209206402651,2.22280505113304E-05,
,,,2.43375E-07,0.000719456085789716,-0.000145135971251875,
,,,2.43575E-07,0.000384728042263305,0.000356956094037741,
,,,2.43775E-07,-0.000452092066552723,0.000691684137564152,
,,,2.43975E-07,4.99999987368938E-05,-0.000312499993015081,
,,,2.44175E-07,0.00055209206402651,-0.000145135971251875,
,,,2.44375E-07,0.000217364020500099,0.000189592072274536,
,,,2.44575E-07,4.99999987368938E-05,2.22280505113304E-05,
,,,2.44775E-07,0.00055209206402651,0.000691684137564152,
,,,2.44975E-07,4.99999987368938E-05,0.000356956094037741,
,,,2.45175E-07,0.000384728042263305,2.22280505113304E-05,
,,,2.45375E-07,4.99999987368938E-05,2.22280505113304E-05,
,,,2.45575E-07,0.000384728042263305,-0.000312499993015081,
,,,2.45775E-07,4.99999987368938E-05,0.000189592072274536,
,,,2.45975E-07,0.000217364020500099,0.000356956094037741,
,,,2.46175E-07,0.000384728042263305,0.000189592072274536,
,,,2.46375E-07,0.00055209206402651,0.000859048159327358,
,,,2.46575E-07,-0.000284728044789517,-0.000479864014778286,
,,,2.46775E-07,-0.000117364023026312,2.22280505113304E-05,
,,,2.46975E-07,0.000719456085789716,-0.000479864014778286,
,,,2.47175E-07,0.000217364020500099,2.22280505113304E-05,
,,,2.47375E-07,0.000217364020500099,-0.000479864014778286,
,,,2.47575E-07,4.99999987368938E-05,0.000691684137564152,
,,,2.47775E-07,4.99999987368938E-05,0.000356956094037741,
,,,2.47975E-07,-0.000619456088315928,-0.000312499993015081,
,,,2.48175E-07,0.000384728042263305,-0.000312499993015081,
,,,2.48375E-07,0.000384728042263305,0.000524320115800947,
,,,2.48575E-07,0.000719456085789716,-0.000814592058304697,
,,,2.48775E-07,0.000719456085789716,2.22280505113304E-05,
,,,2.48975E-07,0.000217364020500099,-0.000647228036541492,
,,,2.49175E-07,0.000384728042263305,-0.000479864014778286,
,,,2.49375E-07,-0.000284728044789517,0.000356956094037741,
,,,2.49575E-07,-0.000117364023026312,0.000356956094037741,
,,,2.49775E-07,0.000719456085789716,-0.000479864014778286,
,,,2.49975E-07,0.000384728042263305,0.000189592072274536,
,,,2.50175E-07,4.99999987368938E-05,-0.000647228036541492,
,,,2.50375E-07,0.00055209206402651,-0.000814592058304697,
,,,2.50575E-07,-0.000284728044789517,2.22280505113304E-05,
,,,2.50775E-07,4.99999987368938E-05,-0.000145135971251875,
,,,2.50975E-07,0.000217364020500099,-0.000647228036541492,
,,,2.51175E-07,-0.000284728044789517,-0.000145135971251875,
,,,2.51375E-07,0.000217364020500099,0.000356956094037741,
,,,2.51575E-07,0.00122154815107933,-0.000145135971251875,
,,,2.51775E-07,-0.000117364023026312,-0.000479864014778286,
,,,2.51975E-07,4.99999987368938E-05,0.000189592072274536,
,,,2.52175E-07,0.000217364020500099,0.000859048159327358,
,,,2.52375E-07,0.000384728042263305,-0.000145135971251875,
,,,2.52575E-07,-0.000284728044789517,-0.000981956080067903,
,,,2.52775E-07,-0.000117364023026312,0.000524320115800947,
,,,2.52975E-07,-0.000117364023026312,2.22280505113304E-05,
,,,2.53175E-07,4.99999987368938E-05,-0.000814592058304697,
,,,2.53375E-07,0.000384728042263305,0.000189592072274536,
,,,2.53575E-07,0.00055209206402651,0.000189592072274536,
,,,2.53775E-07,-0.000284728044789517,-0.000647228036541492,
,,,2.53975E-07,0.000384728042263305,-0.000145135971251875,
,,,2.54175E-07,0.000384728042263305,0.000189592072274536,
,,,2.54375E-07,0.00055209206402651,-0.000145135971251875,
,,,2.54575E-07,-0.000452092066552723,0.000189592072274536,
,,,2.54775E-07,-0.000117364023026312,0.000356956094037741,
,,,2.54975E-07,0.00055209206402651,-0.000145135971251875,
,,,2.55175E-07,0.000217364020500099,-0.000312499993015081,
,,,2.55375E-07,-0.000284728044789517,-0.000312499993015081,
,,,2.55575E-07,0.000384728042263305,-0.000312499993015081,
,,,2.55775E-07,0.000384728042263305,-0.000145135971251875,
,,,2.55975E-07,0.000217364020500099,2.22280505113304E-05,
,,,2.56175E-07,0.000384728042263305,2.22280505113304E-05,
,,,2.56375E-07,0.00055209206402651,0.000189592072274536,
,,,2.56575E-07,4.99999987368938E-05,0.000524320115800947,
,,,2.56775E-07,4.99999987368938E-05,-0.000479864014778286,
,,,2.56975E-07,0.000384728042263305,2.22280505113304E-05,
,,,2.57175E-07,0.000384728042263305,0.000691684137564152,
,,,2.57375E-07,0.00055209206402651,2.22280505113304E-05,
,,,2.57575E-07,4.99999987368938E-05,0.000189592072274536,
,,,2.57775E-07,-0.000452092066552723,2.22280505113304E-05,
,,,2.57975E-07,-0.000284728044789517,-0.000312499993015081,
,,,2.58175E-07,0.000384728042263305,-0.000145135971251875,
,,,2.58375E-07,0.000384728042263305,-0.000145135971251875,
,,,2.58575E-07,0.000217364020500099,-0.000145135971251875,
,,,2.58775E-07,0.000719456085789716,2.22280505113304E-05,
,,,2.58975E-07,0.000384728042263305,0.000189592072274536,
,,,2.59175E-07,0.000217364020500099,-0.000312499993015081,
,,,2.59375E-07,-0.000117364023026312,-0.000312499993015081,
,,,2.59575E-07,0.000719456085789716,-0.000479864014778286,
,,,2.59775E-07,4.99999987368938E-05,-0.000647228036541492,
,,,2.59975E-07,0.000384728042263305,0.000524320115800947,
,,,2.60175E-07,0.000384728042263305,-0.000479864014778286,
,,,2.60375E-07,-0.000117364023026312,-0.000312499993015081,
,,,2.60575E-07,0.000217364020500099,2.22280505113304E-05,
,,,2.60775E-07,0.00055209206402651,-0.000145135971251875,
,,,2.60975E-07,0.000384728042263305,-0.000981956080067903,
,,,2.61175E-07,0.000384728042263305,-0.000312499993015081,
,,,2.61375E-07,0.000217364020500099,-0.000145135971251875,
,,,2.61575E-07,0.000217364020500099,-0.000312499993015081,
,,,2.61775E-07,0.000217364020500099,-0.000647228036541492,
,,,2.61975E-07,0.000384728042263305,-0.000312499993015081,
,,,2.62175E-07,0.000217364020500099,-0.00114932010183111,
,,,2.62375E-07,0.000384728042263305,-0.00114932010183111,
,,,2.62575E-07,4.99999987368938E-05,0.000356956094037741,
,,,2.62775E-07,-0.000117364023026312,0.000356956094037741,
,,,2.62975E-07,4.99999987368938E-05,-0.000647228036541492,
,,,2.63175E-07,0.00055209206402651,-0.000145135971251875,
,,,2.63375E-07,0.000217364020500099,2.22280505113304E-05,
,,,2.63575E-07,-0.000284728044789517,2.22280505113304E-05,
,,,2.63775E-07,4.99999987368938E-05,-0.00114932010183111,
,,,2.63975E-07,0.000384728042263305,2.22280505113304E-05,
,,,2.64175E-07,0.000217364020500099,0.000356956094037741,
,,,2.64375E-07,0.000217364020500099,-0.000479864014778286,
,,,2.64575E-07,0.000719456085789716,2.22280505113304E-05,
,,,2.64775E-07,0.000719456085789716,-0.000312499993015081,
,,,2.64975E-07,4.99999987368938E-05,-0.000312499993015081,
,,,2.65175E-07,0.000217364020500099,-0.000312499993015081,
,,,2.65375E-07,0.000886820107552921,-0.000312499993015081,
,,,2.65575E-07,4.99999987368938E-05,0.000356956094037741,
,,,2.65775E-07,-0.000117364023026312,-0.000814592058304697,
,,,2.65975E-07,0.000384728042263305,-0.000479864014778286,
,,,2.66175E-07,0.00105418412931613,-0.000312499993015081,
,,,2.66375E-07,0.000384728042263305,-0.000312499993015081,
,,,2.66575E-07,0.000384728042263305,2.22280505113304E-05,
,,,2.66775E-07,-0.000117364023026312,0.000189592072274536,
,,,2.66975E-07,-0.000452092066552723,0.000356956094037741,
,,,2.67175E-07,4.99999987368938E-05,0.000356956094037741,
,,,2.67375E-07,0.000719456085789716,-0.000145135971251875,
,,,2.67575E-07,4.99999987368938E-05,-0.000312499993015081,
,,,2.67775E-07,0.00055209206402651,-0.000145135971251875,
,,,2.67975E-07,0.000217364020500099,-0.000145135971251875,
,,,2.68175E-07,0.000217364020500099,-0.000814592058304697,
,,,2.68375E-07,0.000384728042263305,0.000356956094037741,
,,,2.68575E-07,0.000719456085789716,-0.000145135971251875,
,,,2.68775E-07,0.000384728042263305,-0.000312499993015081,
,,,2.68975E-07,0.000719456085789716,2.22280505113304E-05,
,,,2.69175E-07,0.00055209206402651,-0.000479864014778286,
,,,2.69375E-07,0.000217364020500099,-0.000312499993015081,
,,,2.69575E-07,0.000384728042263305,-0.000312499993015081,
,,,2.69775E-07,0.00055209206402651,0.000356956094037741,
,,,2.69975E-07,0.00055209206402651,-0.000479864014778286,
,,,2.70175E-07,0.000217364020500099,-0.000312499993015081,
,,,2.70375E-07,-0.000117364023026312,-0.000312499993015081,
,,,2.70575E-07,0.000217364020500099,-0.000312499993015081,
,,,2.70775E-07,-0.000452092066552723,-0.000981956080067903,
,,,2.70975E-07,0.000384728042263305,-0.000145135971251875,
,,,2.71175E-07,0.00055209206402651,-0.000312499993015081,
,,,2.71375E-07,0.000384728042263305,2.22280505113304E-05,
,,,2.71575E-07,0.000384728042263305,0.000356956094037741,
,,,2.71775E-07,4.99999987368938E-05,-0.000312499993015081,
,,,2.71975E-07,0.000217364020500099,-0.000479864014778286,
,,,2.72175E-07,4.99999987368938E-05,2.22280505113304E-05,
,,,2.72375E-07,-0.000452092066552723,-0.000145135971251875,
,,,2.72575E-07,0.000217364020500099,-0.000145135971251875,
,,,2.72775E-07,0.000384728042263305,0.000356956094037741,
,,,2.72975E-07,0.000217364020500099,-0.000145135971251875,
,,,2.73175E-07,0.00055209206402651,-0.000647228036541492,
,,,2.73375E-07,0.00055209206402651,-0.000145135971251875,
,,,2.73575E-07,-0.000117364023026312,-0.000479864014778286,
,,,2.73775E-07,0.000719456085789716,-0.000647228036541492,
,,,2.73975E-07,0.000384728042263305,-0.000479864014778286,
,,,2.74175E-07,4.99999987368938E-05,-0.000312499993015081,
,,,2.74375E-07,0.000217364020500099,0.000356956094037741,
,,,2.74575E-07,0.000217364020500099,-0.000312499993015081,
,,,2.74775E-07,0.00055209206402651,-0.000814592058304697,
,,,2.74975E-07,4.99999987368938E-05,-0.000312499993015081,
,,,2.75175E-07,0.00105418412931613,-0.000312499993015081,
,,,2.75375E-07,0.000719456085789716,0.000524320115800947,
,,,2.75575E-07,0.000217364020500099,-0.000312499993015081,
,,,2.75775E-07,0.000384728042263305,-0.000312499993015081,
,,,2.75975E-07,4.99999987368938E-05,0.000356956094037741,
,,,2.76175E-07,-0.000284728044789517,2.22280505113304E-05,
,,,2.76375E-07,0.000217364020500099,0.000189592072274536,
,,,2.76575E-07,-0.000117364023026312,-0.000312499993015081,
,,,2.76775E-07,-0.000452092066552723,-0.000647228036541492,
,,,2.76975E-07,-0.000284728044789517,-0.000479864014778286,
,,,2.77175E-07,0.000719456085789716,-0.000312499993015081,
,,,2.77375E-07,0.00122154815107933,0.000189592072274536,
,,,2.77575E-07,4.99999987368938E-05,0.000189592072274536,
,,,2.77775E-07,0.00055209206402651,-0.000312499993015081,
,,,2.77975E-07,0.000384728042263305,2.22280505113304E-05,
,,,2.78175E-07,0.000719456085789716,2.22280505113304E-05,
,,,2.78375E-07,0.000384728042263305,-0.000312499993015081,
,,,2.78575E-07,0.000719456085789716,-0.000479864014778286,
,,,2.78775E-07,-0.000284728044789517,-0.000479864014778286,
,,,2.78975E-07,0.000384728042263305,-0.000647228036541492,
,,,2.79175E-07,0.000384728042263305,-0.000312499993015081,
,,,2.79375E-07,0.00055209206402651,2.22280505113304E-05,
,,,2.79575E-07,0.000886820107552921,-0.000145135971251875,
,,,2.79775E-07,0.000384728042263305,-0.000312499993015081,
,,,2.79975E-07,-0.000117364023026312,-0.000312499993015081,
,,,2.80175E-07,0.000384728042263305,2.22280505113304E-05,
,,,2.80375E-07,0.000719456085789716,-0.000647228036541492,
,,,2.80575E-07,4.99999987368938E-05,-0.000981956080067903,
,,,2.80775E-07,0.000719456085789716,0.000524320115800947,
,,,2.80975E-07,0.000886820107552921,2.22280505113304E-05,
,,,2.81175E-07,0.000217364020500099,2.22280505113304E-05,
,,,2.81375E-07,-0.000117364023026312,0.000356956094037741,
,,,2.81575E-07,0.000384728042263305,2.22280505113304E-05,
,,,2.81775E-07,0.000719456085789716,0.000691684137564152,
,,,2.81975E-07,0.00055209206402651,0.000356956094037741,
,,,2.82175E-07,0.00055209206402651,0.000189592072274536,
,,,2.82375E-07,4.99999987368938E-05,2.22280505113304E-05,
,,,2.82575E-07,-0.000452092066552723,-0.000145135971251875,
,,,2.82775E-07,0.000384728042263305,2.22280505113304E-05,
,,,2.82975E-07,0.000384728042263305,-0.000145135971251875,
,,,2.83175E-07,-0.000619456088315928,-0.000479864014778286,
,,,2.83375E-07,-0.000117364023026312,-0.000647228036541492,
,,,2.83575E-07,0.000217364020500099,-0.000814592058304697,
,,,2.83775E-07,4.99999987368938E-05,-0.000479864014778286,
,,,2.83975E-07,4.99999987368938E-05,-0.000312499993015081,
,,,2.84175E-07,0.000719456085789716,-0.000312499993015081,
,,,2.84375E-07,0.000719456085789716,-0.000647228036541492,
,,,2.84575E-07,4.99999987368938E-05,-0.000647228036541492,
,,,2.84775E-07,-0.000117364023026312,-0.000145135971251875,
,,,2.84975E-07,4.99999987368938E-05,2.22280505113304E-05,
,,,2.85175E-07,4.99999987368938E-05,-0.000312499993015081,
,,,2.85375E-07,0.000719456085789716,-0.000145135971251875,
,,,2.85575E-07,0.000384728042263305,2.22280505113304E-05,
,,,2.85775E-07,-0.000117364023026312,-0.000145135971251875,
,,,2.85975E-07,0.00055209206402651,-0.000647228036541492,
,,,2.86175E-07,4.99999987368938E-05,0.000356956094037741,
,,,2.86375E-07,-0.000117364023026312,-0.000145135971251875,
,,,2.86575E-07,4.99999987368938E-05,-0.000145135971251875,
,,,2.86775E-07,0.000384728042263305,0.000859048159327358,
,,,2.86975E-07,4.99999987368938E-05,-0.000479864014778286,
,,,2.87175E-07,-0.000284728044789517,-0.000647228036541492,
,,,2.87375E-07,0.000217364020500099,2.22280505113304E-05,
,,,2.87575E-07,4.99999987368938E-05,0.000356956094037741,
,,,2.87775E-07,0.000217364020500099,2.22280505113304E-05,
,,,2.87975E-07,-0.000284728044789517,0.000356956094037741,
,,,2.88175E-07,-0.000452092066552723,-0.000145135971251875,
,,,2.88375E-07,-0.000284728044789517,0.000356956094037741,
,,,2.88575E-07,0.000384728042263305,-0.000647228036541492,
,,,2.88775E-07,-0.000452092066552723,-0.000312499993015081,
,,,2.88975E-07,-0.000117364023026312,0.000524320115800947,
,,,2.89175E-07,0.000719456085789716,-0.000647228036541492,
,,,2.89375E-07,0.000384728042263305,-0.000479864014778286,
,,,2.89575E-07,-0.000117364023026312,-0.000145135971251875,
,,,2.89775E-07,0.000719456085789716,2.22280505113304E-05,
,,,2.89975E-07,0.000719456085789716,-0.000145135971251875,
,,,2.90175E-07,0.000384728042263305,-0.000312499993015081,
,,,2.90375E-07,0.00055209206402651,-0.000647228036541492,
,,,2.90575E-07,4.99999987368938E-05,0.000189592072274536,
,,,2.90775E-07,-0.000284728044789517,2.22280505113304E-05,
,,,2.90975E-07,0.000217364020500099,-0.000981956080067903,
,,,2.91175E-07,0.000384728042263305,-0.000479864014778286,
,,,2.91375E-07,0.000384728042263305,-0.000312499993015081,
,,,2.91575E-07,0.000217364020500099,-0.000479864014778286,
,,,2.91775E-07,0.00055209206402651,-0.000312499993015081,
,,,2.91975E-07,0.000217364020500099,0.000356956094037741,
,,,2.92175E-07,-0.000452092066552723,-0.000145135971251875,
,,,2.92375E-07,-0.000117364023026312,-0.000814592058304697,
,,,2.92575E-07,0.000217364020500099,-0.000145135971251875,
,,,2.92775E-07,-0.000117364023026312,-0.000479864014778286,
,,,2.92975E-07,0.000217364020500099,2.22280505113304E-05,
,,,2.93175E-07,-0.000117364023026312,-0.000647228036541492,
,,,2.93375E-07,4.99999987368938E-05,-0.000145135971251875,
,,,2.93575E-07,-0.000452092066552723,-0.000145135971251875,
,,,2.93775E-07,-0.000619456088315928,-0.000145135971251875,
,,,2.93975E-07,-0.000619456088315928,-0.000145135971251875,
,,,2.94175E-07,-0.000452092066552723,-0.000479864014778286,
,,,2.94375E-07,-0.000117364023026312,-0.000647228036541492,
,,,2.94575E-07,4.99999987368938E-05,-0.000145135971251875,
,,,2.94775E-07,0.000384728042263305,0.000189592072274536,
,,,2.94975E-07,4.99999987368938E-05,0.000189592072274536,
,,,2.95175E-07,0.000384728042263305,-0.000981956080067903,
,,,2.95375E-07,4.99999987368938E-05,-0.000647228036541492,
,,,2.95575E-07,0.000384728042263305,-0.000145135971251875,
,,,2.95775E-07,0.00055209206402651,-0.000479864014778286,
,,,2.95975E-07,0.000217364020500099,-0.000647228036541492,
,,,2.96175E-07,4.99999987368938E-05,2.22280505113304E-05,
,,,2.96375E-07,4.99999987368938E-05,-0.000312499993015081,
,,,2.96575E-07,0.000384728042263305,2.22280505113304E-05,
,,,2.96775E-07,-0.000284728044789517,2.22280505113304E-05,
,,,2.96975E-07,0.00055209206402651,-0.000814592058304697,
,,,2.97175E-07,-0.000284728044789517,-0.000145135971251875,
,,,2.97375E-07,-0.000284728044789517,0.000356956094037741,
,,,2.97575E-07,0.000217364020500099,0.000189592072274536,
,,,2.97775E-07,0.00055209206402651,-0.000479864014778286,
,,,2.97975E-07,-0.000117364023026312,-0.000145135971251875,
,,,2.98175E-07,0.00055209206402651,-0.000479864014778286,
,,,2.98375E-07,0.00055209206402651,-0.000647228036541492,
,,,2.98575E-07,0.000384728042263305,-0.000479864014778286,
,,,2.98775E-07,0.000384728042263305,0.000189592072274536,
,,,2.98975E-07,0.00055209206402651,-0.000647228036541492,
,,,2.99175E-07,-0.000117364023026312,-0.000145135971251875,
,,,2.99375E-07,-0.000117364023026312,0.000691684137564152,
,,,2.99575E-07,-0.000117364023026312,-0.000312499993015081,
,,,2.99775E-07,-0.000284728044789517,2.22280505113304E-05,
,,,2.99975E-07,0.000384728042263305,0.000189592072274536,
,,,3.00175E-07,0.000217364020500099,-0.000479864014778286,
,,,3.00375E-07,-0.000284728044789517,-0.000145135971251875,
,,,3.00575E-07,4.99999987368938E-05,0.000356956094037741,
,,,3.00775E-07,0.000384728042263305,2.22280505113304E-05,
,,,3.00975E-07,0.000217364020500099,-0.000312499993015081,
,,,3.01175E-07,4.99999987368938E-05,0.000189592072274536,
,,,3.01375E-07,4.99999987368938E-05,0.000189592072274536,
,,,3.01575E-07,0.000719456085789716,0.000356956094037741,
,,,3.01775E-07,-0.000284728044789517,-0.000312499993015081,
,,,3.01975E-07,0.000217364020500099,0.000356956094037741,
,,,3.02175E-07,0.000217364020500099,0.000189592072274536,
,,,3.02375E-07,4.99999987368938E-05,-0.000145135971251875,
,,,3.02575E-07,0.00055209206402651,2.22280505113304E-05,
,,,3.02775E-07,0.000384728042263305,-0.000312499993015081,
,,,3.02975E-07,4.99999987368938E-05,-0.000479864014778286,
,,,3.03175E-07,0.000217364020500099,0.000189592072274536,
,,,3.03375E-07,0.000217364020500099,0.000691684137564152,
,,,3.03575E-07,0.000384728042263305,0.000524320115800947,
,,,3.03775E-07,0.000217364020500099,0.000189592072274536,
,,,3.03975E-07,0.000217364020500099,0.000356956094037741,
,,,3.04175E-07,-0.000117364023026312,-0.000479864014778286,
,,,3.04375E-07,-0.000284728044789517,-0.000479864014778286,
,,,3.04575E-07,0.000217364020500099,2.22280505113304E-05,
,,,3.04775E-07,0.000384728042263305,-0.000647228036541492,
,,,3.04975E-07,4.99999987368938E-05,-0.000145135971251875,
,,,3.05175E-07,0.00122154815107933,0.000189592072274536,
,,,3.05375E-07,0.000719456085789716,2.22280505113304E-05,
,,,3.05575E-07,-0.000284728044789517,-0.000479864014778286,
,,,3.05775E-07,4.99999987368938E-05,2.22280505113304E-05,
,,,3.05975E-07,0.000384728042263305,2.22280505113304E-05,
,,,3.06175E-07,-0.000284728044789517,2.22280505113304E-05,
,,,3.06375E-07,-0.000117364023026312,-0.000145135971251875,
,,,3.06575E-07,0.000384728042263305,2.22280505113304E-05,
,,,3.06775E-07,4.99999987368938E-05,2.22280505113304E-05,
,,,3.06975E-07,-0.000284728044789517,0.000189592072274536,
,,,3.07175E-07,-0.000117364023026312,2.22280505113304E-05,
,,,3.07375E-07,0.000384728042263305,-0.000479864014778286,
,,,3.07575E-07,-0.000284728044789517,-0.000145135971251875,
,,,3.07775E-07,0.000384728042263305,2.22280505113304E-05,
,,,3.07975E-07,4.99999987368938E-05,-0.000647228036541492,
,,,3.08175E-07,-0.000117364023026312,2.22280505113304E-05,
,,,3.08375E-07,0.000719456085789716,0.000356956094037741,
,,,3.08575E-07,0.000217364020500099,-0.000647228036541492,
,,,3.08775E-07,-0.000619456088315928,-0.000145135971251875,
,,,3.08975E-07,4.99999987368938E-05,0.000356956094037741,
,,,3.09175E-07,0.000217364020500099,0.000189592072274536,
,,,3.09375E-07,0.00055209206402651,-0.000479864014778286,
,,,3.09575E-07,4.99999987368938E-05,-0.000479864014778286,
,,,3.09775E-07,4.99999987368938E-05,-0.000312499993015081,
,,,3.09975E-07,0.000384728042263305,-0.000814592058304697,
,,,3.10175E-07,0.000217364020500099,-0.000312499993015081,
,,,3.10375E-07,4.99999987368938E-05,-0.000312499993015081,
,,,3.10575E-07,-0.000452092066552723,-0.000981956080067903,
,,,3.10775E-07,0.000217364020500099,-0.000145135971251875,
,,,3.10975E-07,4.99999987368938E-05,2.22280505113304E-05,
,,,3.11175E-07,0.000384728042263305,-0.000479864014778286,
,,,3.11375E-07,0.00055209206402651,-0.000479864014778286,
,,,3.11575E-07,0.000217364020500099,2.22280505113304E-05,
,,,3.11775E-07,4.99999987368938E-05,0.000189592072274536,
,,,3.11975E-07,-0.000117364023026312,-0.000479864014778286,
,,,3.12175E-07,0.000384728042263305,-0.000145135971251875,
,,,3.12375E-07,0.000384728042263305,2.22280505113304E-05,
,,,3.12575E-07,0.000384728042263305,-0.000479864014778286,
,,,3.12775E-07,-0.000117364023026312,0.000356956094037741,
,,,3.12975E-07,0.000384728042263305,-0.000479864014778286,
,,,3.13175E-07,0.00055209206402651,0.000356956094037741,
,,,3.13375E-07,0.000217364020500099,2.22280505113304E-05,
,,,3.13575E-07,-0.000284728044789517,-0.000312499993015081,
,,,3.13775E-07,0.00055209206402651,0.000524320115800947,
,,,3.13975E-07,0.000719456085789716,0.000189592072274536,
,,,3.14175E-07,-0.000117364023026312,-0.000312499993015081,
,,,3.14375E-07,0.000217364020500099,-0.000479864014778286,
,,,3.14575E-07,4.99999987368938E-05,-0.000981956080067903,
,,,3.14775E-07,0.000217364020500099,2.22280505113304E-05,
,,,3.14975E-07,-0.000117364023026312,-0.000145135971251875,
,,,3.15175E-07,4.99999987368938E-05,2.22280505113304E-05,
,,,3.15375E-07,-0.000117364023026312,0.000189592072274536,
,,,3.15575E-07,0.000719456085789716,0.000356956094037741,
,,,3.15775E-07,-0.000117364023026312,-0.000479864014778286,
,,,3.15975E-07,0.000217364020500099,-0.000312499993015081,
,,,3.16175E-07,-0.000117364023026312,0.000356956094037741,
,,,3.16375E-07,-0.000619456088315928,0.000524320115800947,
,,,3.16575E-07,0.000886820107552921,-0.000312499993015081,
,,,3.16775E-07,0.000384728042263305,0.000356956094037741,
,,,3.16975E-07,-0.000954184131842339,-0.000479864014778286,
,,,3.17175E-07,-0.000117364023026312,-0.000814592058304697,
,,,3.17375E-07,0.000384728042263305,-0.000647228036541492,
,,,3.17575E-07,-0.000284728044789517,-0.000479864014778286,
,,,3.17775E-07,-0.000117364023026312,-0.000479864014778286,
,,,3.17975E-07,4.99999987368938E-05,-0.000479864014778286,
,,,3.18175E-07,0.00055209206402651,0.000356956094037741,
,,,3.18375E-07,0.000217364020500099,-0.000981956080067903,
,,,3.18575E-07,-0.000452092066552723,-0.000814592058304697,
,,,3.18775E-07,-0.000284728044789517,2.22280505113304E-05,
,,,3.18975E-07,0.00055209206402651,0.000356956094037741,
,,,3.19175E-07,0.00055209206402651,-0.000647228036541492,
,,,3.19375E-07,-0.000284728044789517,-0.000312499993015081,
,,,3.19575E-07,0.000217364020500099,-0.000145135971251875,
,,,3.19775E-07,0.000719456085789716,-0.000479864014778286,
,,,3.19975E-07,0.000217364020500099,2.22280505113304E-05,
,,,3.20175E-07,-0.000452092066552723,0.000189592072274536,
,,,3.20375E-07,0.000886820107552921,-0.000647228036541492,
,,,3.20575E-07,-0.000117364023026312,2.22280505113304E-05,
,,,3.20775E-07,-0.000284728044789517,0.000524320115800947,
,,,3.20975E-07,4.99999987368938E-05,-0.000814592058304697,
,,,3.21175E-07,0.00055209206402651,-0.000312499993015081,
,,,3.21375E-07,0.000217364020500099,-0.000479864014778286,
,,,3.21575E-07,0.00055209206402651,-0.000479864014778286,
,,,3.21775E-07,4.99999987368938E-05,-0.000145135971251875,
,,,3.21975E-07,0.000217364020500099,-0.000145135971251875,
,,,3.22175E-07,0.000217364020500099,-0.000479864014778286,
,,,3.22375E-07,0.000719456085789716,-0.000312499993015081,
,,,3.22575E-07,0.00055209206402651,-0.000145135971251875,
,,,3.22775E-07,4.99999987368938E-05,-0.000479864014778286,
,,,3.22975E-07,0.000384728042263305,-0.000312499993015081,
,,,3.23175E-07,-0.000117364023026312,0.000189592072274536,
,,,3.23375E-07,-0.000117364023026312,-0.000312499993015081,
,,,3.23575E-07,-0.000452092066552723,-0.000312499993015081,
,,,3.23775E-07,4.99999987368938E-05,-0.000145135971251875,
,,,3.23975E-07,0.000217364020500099,-0.000312499993015081,
,,,3.24175E-07,-0.000786820110079134,-0.000647228036541492,
,,,3.24375E-07,0.000384728042263305,2.22280505113304E-05,
,,,3.24575E-07,0.000217364020500099,-0.000145135971251875,
,,,3.24775E-07,0.000384728042263305,-0.000312499993015081,
,,,3.24975E-07,4.99999987368938E-05,-0.000145135971251875,
,,,3.25175E-07,0.000384728042263305,-0.000145135971251875,
,,,3.25375E-07,4.99999987368938E-05,0.000189592072274536,
,,,3.25575E-07,4.99999987368938E-05,0.000524320115800947,
,,,3.25775E-07,0.000217364020500099,-0.000479864014778286,
,,,3.25975E-07,0.000217364020500099,-0.000479864014778286,
,,,3.26175E-07,-0.000452092066552723,-0.000145135971251875,
,,,3.26375E-07,4.99999987368938E-05,-0.000145135971251875,
,,,3.26575E-07,-0.000117364023026312,-0.000647228036541492,
,,,3.26775E-07,0.000217364020500099,2.22280505113304E-05,
,,,3.26975E-07,-0.000452092066552723,-0.000145135971251875,
,,,3.27175E-07,0.000719456085789716,-0.000145135971251875,
,,,3.27375E-07,-0.000284728044789517,0.000356956094037741,
,,,3.27575E-07,0.000384728042263305,-0.000145135971251875,
,,,3.27775E-07,-0.000117364023026312,-0.000479864014778286,
,,,3.27975E-07,4.99999987368938E-05,-0.000145135971251875,
,,,3.28175E-07,0.00055209206402651,0.000189592072274536,
,,,3.28375E-07,-0.000284728044789517,-0.000312499993015081,
,,,3.28575E-07,0.000217364020500099,0.000356956094037741,
,,,3.28775E-07,0.00105418412931613,2.22280505113304E-05,
,,,3.28975E-07,0.000719456085789716,-0.000312499993015081,
,,,3.29175E-07,-0.000284728044789517,2.22280505113304E-05,
,,,3.29375E-07,0.000886820107552921,-0.000312499993015081,
,,,3.29575E-07,-0.000284728044789517,-0.000479864014778286,
,,,3.29775E-07,-0.000452092066552723,0.000189592072274536,
,,,3.29975E-07,4.99999987368938E-05,0.000189592072274536,
,,,3.30175E-07,0.000384728042263305,-0.000145135971251875,
,,,3.30375E-07,0.000719456085789716,0.000356956094037741,
,,,3.30575E-07,0.000384728042263305,-0.000479864014778286,
,,,3.30775E-07,4.99999987368938E-05,-0.000479864014778286,
,,,3.30975E-07,-0.000117364023026312,-0.000145135971251875,
,,,3.31175E-07,-0.000117364023026312,2.22280505113304E-05,
,,,3.31375E-07,0.000384728042263305,2.22280505113304E-05,
,,,3.31575E-07,0.000217364020500099,0.000524320115800947,
,,,3.31775E-07,0.000217364020500099,-0.000312499993015081,
,,,3.31975E-07,0.00055209206402651,0.000691684137564152,
,,,3.32175E-07,0.000384728042263305,-0.000479864014778286,
,,,3.32375E-07,0.000384728042263305,-0.00114932010183111,
,,,3.32575E-07,0.000217364020500099,2.22280505113304E-05,
,,,3.32775E-07,0.000384728042263305,-0.000145135971251875,
,,,3.32975E-07,4.99999987368938E-05,0.000356956094037741,
,,,3.33175E-07,0.000217364020500099,0.000189592072274536,
,,,3.33375E-07,-0.000284728044789517,-0.000312499993015081,
,,,3.33575E-07,0.000384728042263305,-0.000312499993015081,
,,,3.33775E-07,-0.000284728044789517,0.000356956094037741,
,,,3.33975E-07,-0.000452092066552723,-0.000145135971251875,
,,,3.34175E-07,0.000217364020500099,-0.000145135971251875,
,,,3.34375E-07,0.000384728042263305,0.000189592072274536,
,,,3.34575E-07,0.000384728042263305,-0.000312499993015081,
,,,3.34775E-07,4.99999987368938E-05,-0.000312499993015081,
,,,3.34975E-07,4.99999987368938E-05,2.22280505113304E-05,
,,,3.35175E-07,4.99999987368938E-05,-0.000145135971251875,
,,,3.35375E-07,0.00055209206402651,2.22280505113304E-05,
,,,3.35575E-07,0.000384728042263305,2.22280505113304E-05,
,,,3.35775E-07,0.000384728042263305,-0.000312499993015081,
,,,3.35975E-07,4.99999987368938E-05,-0.000145135971251875,
,,,3.36175E-07,0.000217364020500099,2.22280505113304E-05,
,,,3.36375E-07,0.000217364020500099,0.000189592072274536,
,,,3.36575E-07,-0.000284728044789517,0.000189592072274536,
,,,3.36775E-07,4.99999987368938E-05,-0.000479864014778286,
,,,3.36975E-07,0.000217364020500099,-0.000479864014778286,
,,,3.37175E-07,0.000719456085789716,-0.000145135971251875,
,,,3.37375E-07,0.000217364020500099,0.000691684137564152,
,,,3.37575E-07,0.000217364020500099,0.000524320115800947,
,,,3.37775E-07,0.000384728042263305,-0.000647228036541492,
,,,3.37975E-07,0.000719456085789716,0.000356956094037741,
,,,3.38175E-07,0.000719456085789716,2.22280505113304E-05,
,,,3.38375E-07,0.000217364020500099,-0.000647228036541492,
,,,3.38575E-07,-0.000117364023026312,0.000524320115800947,
,,,3.38775E-07,-0.000117364023026312,0.000691684137564152,
,,,3.38975E-07,4.99999987368938E-05,2.22280505113304E-05,
,,,3.39175E-07,0.000217364020500099,0.000189592072274536,
,,,3.39375E-07,0.00055209206402651,-0.000145135971251875,
,,,3.39575E-07,4.99999987368938E-05,-0.000145135971251875,
,,,3.39775E-07,4.99999987368938E-05,-0.000145135971251875,
,,,3.39975E-07,-0.000117364023026312,2.22280505113304E-05,
,,,3.40175E-07,0.000384728042263305,-0.000145135971251875,
,,,3.40375E-07,0.000886820107552921,-0.000145135971251875,
,,,3.40575E-07,0.000886820107552921,0.000189592072274536,
,,,3.40775E-07,0.000217364020500099,-0.000145135971251875,
,,,3.40975E-07,-0.000117364023026312,-0.000312499993015081,
,,,3.41175E-07,-0.000284728044789517,2.22280505113304E-05,
,,,3.41375E-07,4.99999987368938E-05,-0.000647228036541492,
,,,3.41575E-07,0.000384728042263305,-0.000145135971251875,
,,,3.41775E-07,0.000217364020500099,0.000859048159327358,
,,,3.41975E-07,0.000384728042263305,0.000524320115800947,
,,,3.42175E-07,0.000384728042263305,2.22280505113304E-05,
,,,3.42375E-07,4.99999987368938E-05,0.000189592072274536,
,,,3.42575E-07,0.000384728042263305,-0.000814592058304697,
,,,3.42775E-07,0.000217364020500099,0.000189592072274536,
,,,3.42975E-07,4.99999987368938E-05,0.000356956094037741,
,,,3.43175E-07,0.000384728042263305,2.22280505113304E-05,
,,,3.43375E-07,0.000719456085789716,2.22280505113304E-05,
,,,3.43575E-07,0.00055209206402651,2.22280505113304E-05,
,,,3.43775E-07,4.99999987368938E-05,2.22280505113304E-05,
,,,3.43975E-07,0.000217364020500099,2.22280505113304E-05,
,,,3.44175E-07,4.99999987368938E-05,2.22280505113304E-05,
,,,3.44375E-07,-0.000117364023026312,-0.000145135971251875,
,,,3.44575E-07,0.00055209206402651,0.000189592072274536,
,,,3.44775E-07,0.00055209206402651,0.000524320115800947,
,,,3.44975E-07,0.000384728042263305,-0.000312499993015081,
,,,3.45175E-07,0.000217364020500099,-0.000647228036541492,
,,,3.45375E-07,0.00055209206402651,-0.000312499993015081,
,,,3.45575E-07,-0.000117364023026312,-0.000145135971251875,
,,,3.45775E-07,0.000217364020500099,-0.000145135971251875,
,,,3.45975E-07,0.000719456085789716,0.000524320115800947,
,,,3.46175E-07,0.000217364020500099,-0.000145135971251875,
,,,3.46375E-07,0.000719456085789716,-0.000479864014778286,
,,,3.46575E-07,0.000217364020500099,0.000691684137564152,
,,,3.46775E-07,0.00055209206402651,-0.000145135971251875,
,,,3.46975E-07,0.00055209206402651,-0.000814592058304697,
,,,3.47175E-07,-0.000117364023026312,2.22280505113304E-05,
,,,3.47375E-07,4.99999987368938E-05,-0.000312499993015081,
,,,3.47575E-07,0.00055209206402651,-0.000647228036541492,
,,,3.47775E-07,0.00055209206402651,-0.000145135971251875,
,,,3.47975E-07,0.000719456085789716,2.22280505113304E-05,
,,,3.48175E-07,0.000217364020500099,0.000356956094037741,
,,,3.48375E-07,0.000217364020500099,-0.000145135971251875,
,,,3.48575E-07,0.000217364020500099,0.000189592072274536,
,,,3.48775E-07,0.000384728042263305,-0.000145135971251875,
,,,3.48975E-07,4.99999987368938E-05,-0.000981956080067903,
,,,3.49175E-07,0.000217364020500099,-0.000145135971251875,
,,,3.49375E-07,0.000719456085789716,-0.000312499993015081,
,,,3.49575E-07,0.000384728042263305,0.000189592072274536,
,,,3.49775E-07,0.000384728042263305,-0.000647228036541492,
,,,3.49975E-07,4.99999987368938E-05,-0.000814592058304697,
,,,3.50175E-07,0.000384728042263305,-0.000312499993015081,
,,,3.50375E-07,0.000217364020500099,-0.000479864014778286,
,,,3.50575E-07,0.000217364020500099,-0.000479864014778286,
,,,3.50775E-07,0.000384728042263305,2.22280505113304E-05,
,,,3.50975E-07,0.000384728042263305,0.000356956094037741,
,,,3.51175E-07,0.000217364020500099,0.000189592072274536,
,,,3.51375E-07,0.000217364020500099,-0.000647228036541492,
,,,3.51575E-07,4.99999987368938E-05,-0.000312499993015081,
,,,3.51775E-07,0.000719456085789716,-0.000145135971251875,
,,,3.51975E-07,4.99999987368938E-05,-0.000312499993015081,
,,,3.52175E-07,4.99999987368938E-05,-0.000145135971251875,
,,,3.52375E-07,0.000719456085789716,0.000356956094037741,
,,,3.52575E-07,4.99999987368938E-05,-0.000479864014778286,
,,,3.52775E-07,-0.000284728044789517,-0.000479864014778286,
,,,3.52975E-07,0.00055209206402651,0.000189592072274536,
,,,3.53175E-07,0.000384728042263305,0.000189592072274536,
,,,3.53375E-07,-0.000117364023026312,-0.000145135971251875,
,,,3.53575E-07,-0.000284728044789517,-0.000145135971251875,
,,,3.53775E-07,4.99999987368938E-05,2.22280505113304E-05,
,,,3.53975E-07,-0.000452092066552723,-0.000145135971251875,
,,,3.54175E-07,0.00055209206402651,-0.000145135971251875,
,,,3.54375E-07,-0.000284728044789517,-0.000145135971251875,
,,,3.54575E-07,-0.000117364023026312,-0.000145135971251875,
,,,3.54775E-07,4.99999987368938E-05,0.000356956094037741,
,,,3.54975E-07,0.000719456085789716,-0.000479864014778286,
,,,3.55175E-07,0.000217364020500099,0.000524320115800947,
,,,3.55375E-07,-0.000117364023026312,2.22280505113304E-05,
,,,3.55575E-07,-0.000284728044789517,-0.000145135971251875,
,,,3.55775E-07,0.000217364020500099,2.22280505113304E-05,
,,,3.55975E-07,0.00055209206402651,0.000189592072274536,
,,,3.56175E-07,0.000384728042263305,-0.000981956080067903,
,,,3.56375E-07,0.00055209206402651,-0.000814592058304697,
,,,3.56575E-07,0.000217364020500099,0.000356956094037741,
,,,3.56775E-07,-0.000452092066552723,-0.000479864014778286,
,,,3.56975E-07,4.99999987368938E-05,-0.000312499993015081,
,,,3.57175E-07,0.000384728042263305,0.000356956094037741,
,,,3.57375E-07,-0.000284728044789517,-0.000479864014778286,
,,,3.57575E-07,0.000384728042263305,-0.000145135971251875,
,,,3.57775E-07,0.000384728042263305,0.000524320115800947,
,,,3.57975E-07,-0.000452092066552723,-0.000145135971251875,
,,,3.58175E-07,-0.000284728044789517,-0.000312499993015081,
,,,3.58375E-07,0.000384728042263305,0.000189592072274536,
,,,3.58575E-07,-0.000619456088315928,-0.000479864014778286,
,,,3.58775E-07,0.000217364020500099,0.000356956094037741,
,,,3.58975E-07,0.000384728042263305,2.22280505113304E-05,
,,,3.59175E-07,-0.000117364023026312,-0.000312499993015081,
,,,3.59375E-07,-0.000117364023026312,0.000356956094037741,
,,,3.59575E-07,0.000384728042263305,0.000189592072274536,
,,,3.59775E-07,0.000384728042263305,-0.000312499993015081,
,,,3.59975E-07,0.000217364020500099,-0.000647228036541492,
,,,3.60175E-07,-0.000117364023026312,2.22280505113304E-05,
,,,3.60375E-07,0.000217364020500099,2.22280505113304E-05,
,,,3.60575E-07,-0.000117364023026312,-0.000312499993015081,
,,,3.60775E-07,4.99999987368938E-05,0.000356956094037741,
,,,3.60975E-07,0.000886820107552921,-0.000312499993015081,
,,,3.61175E-07,0.000384728042263305,-0.000479864014778286,
,,,3.61375E-07,-0.000117364023026312,-0.000647228036541492,
,,,3.61575E-07,0.000719456085789716,2.22280505113304E-05,
,,,3.61775E-07,0.00055209206402651,-0.000312499993015081,
,,,3.61975E-07,4.99999987368938E-05,-0.000479864014778286,
,,,3.62175E-07,0.00105418412931613,-0.000647228036541492,
,,,3.62375E-07,0.000719456085789716,-0.000145135971251875,
,,,3.62575E-07,0.00055209206402651,0.000356956094037741,
,,,3.62775E-07,0.000217364020500099,0.000189592072274536,
,,,3.62975E-07,0.000886820107552921,-0.000312499993015081,
,,,3.63175E-07,-0.000117364023026312,-0.000145135971251875,
,,,3.63375E-07,-0.000117364023026312,-0.000312499993015081,
,,,3.63575E-07,0.000886820107552921,-0.000145135971251875,
,,,3.63775E-07,4.99999987368938E-05,0.000189592072274536,
,,,3.63975E-07,-0.000786820110079134,-0.000312499993015081,
,,,3.64175E-07,4.99999987368938E-05,2.22280505113304E-05,
,,,3.64375E-07,0.000384728042263305,0.000189592072274536,
,,,3.64575E-07,4.99999987368938E-05,-0.000145135971251875,
,,,3.64775E-07,-0.000117364023026312,-0.000312499993015081,
,,,3.64975E-07,4.99999987368938E-05,0.000356956094037741,
,,,3.65175E-07,0.000217364020500099,-0.000647228036541492,
,,,3.65375E-07,-0.000117364023026312,-0.000479864014778286,
,,,3.65575E-07,0.000217364020500099,-0.000479864014778286,
,,,3.65775E-07,4.99999987368938E-05,2.22280505113304E-05,
,,,3.65975E-07,-0.000284728044789517,-0.000145135971251875,
,,,3.66175E-07,0.000384728042263305,-0.000145135971251875,
,,,3.66375E-07,0.00155627619460574,-0.000814592058304697,
,,,3.66575E-07,-0.000284728044789517,-0.000312499993015081,
,,,3.66775E-07,4.99999987368938E-05,2.22280505113304E-05,
,,,3.66975E-07,0.000217364020500099,-0.000479864014778286,
,,,3.67175E-07,-0.000284728044789517,2.22280505113304E-05,
,,,3.67375E-07,0.000384728042263305,0.000356956094037741,
,,,3.67575E-07,0.00055209206402651,-0.000145135971251875,
,,,3.67775E-07,-0.000619456088315928,-0.000145135971251875,
,,,3.67975E-07,-0.000452092066552723,0.000691684137564152,
,,,3.68175E-07,0.00055209206402651,0.000356956094037741,
,,,3.68375E-07,-0.000117364023026312,-0.000479864014778286,
,,,3.68575E-07,0.000217364020500099,-0.000312499993015081,
,,,3.68775E-07,4.99999987368938E-05,0.000524320115800947,
,,,3.68975E-07,-0.000117364023026312,0.000189592072274536,
,,,3.69175E-07,4.99999987368938E-05,-0.000145135971251875,
,,,3.69375E-07,0.00055209206402651,2.22280505113304E-05,
,,,3.69575E-07,0.000384728042263305,0.000189592072274536,
,,,3.69775E-07,-0.000452092066552723,0.000189592072274536,
,,,3.69975E-07,0.000384728042263305,-0.000981956080067903,
,,,3.70175E-07,-0.000284728044789517,-0.000647228036541492,
,,,3.70375E-07,-0.000284728044789517,0.000189592072274536,
,,,3.70575E-07,-0.000117364023026312,0.000189592072274536,
,,,3.70775E-07,0.000217364020500099,-0.000145135971251875,
,,,3.70975E-07,4.99999987368938E-05,-0.000145135971251875,
,,,3.71175E-07,0.000217364020500099,-0.000312499993015081,
,,,3.71375E-07,0.000217364020500099,-0.000145135971251875,
,,,3.71575E-07,0.000384728042263305,-0.000312499993015081,
,,,3.71775E-07,-0.000117364023026312,-0.000145135971251875,
,,,3.71975E-07,4.99999987368938E-05,-0.000145135971251875,
,,,3.72175E-07,-0.000117364023026312,-0.000479864014778286,
,,,3.72375E-07,0.000217364020500099,-0.000145135971251875,
,,,3.72575E-07,0.000217364020500099,-0.000814592058304697,
,,,3.72775E-07,-0.000117364023026312,-0.000814592058304697,
,,,3.72975E-07,0.000217364020500099,0.000356956094037741,
,,,3.73175E-07,0.000719456085789716,-0.000145135971251875,
,,,3.73375E-07,0.000217364020500099,-0.000145135971251875,
,,,3.73575E-07,-0.000452092066552723,0.000691684137564152,
,,,3.73775E-07,0.000719456085789716,0.000356956094037741,
,,,3.73975E-07,4.99999987368938E-05,-0.000647228036541492,
,,,3.74175E-07,0.000384728042263305,-0.000312499993015081,
,,,3.74375E-07,0.000217364020500099,-0.000647228036541492,
,,,3.74575E-07,0.00055209206402651,-0.000479864014778286,
,,,3.74775E-07,0.000384728042263305,-0.000479864014778286,
,,,3.74975E-07,-0.000117364023026312,-0.000312499993015081,
,,,3.75175E-07,4.99999987368938E-05,0.000189592072274536,
,,,3.75375E-07,-0.000284728044789517,-0.000647228036541492,
,,,3.75575E-07,0.000384728042263305,-0.000814592058304697,
,,,3.75775E-07,0.000886820107552921,2.22280505113304E-05,
,,,3.75975E-07,0.000217364020500099,-0.000145135971251875,
,,,3.76175E-07,-0.000284728044789517,-0.000312499993015081,
,,,3.76375E-07,0.000384728042263305,-0.000479864014778286,
,,,3.76575E-07,0.000886820107552921,-0.000145135971251875,
,,,3.76775E-07,0.000217364020500099,-0.000312499993015081,
,,,3.76975E-07,-0.000117364023026312,-0.000479864014778286,
,,,3.77175E-07,0.000384728042263305,-0.000145135971251875,
,,,3.77375E-07,0.000217364020500099,2.22280505113304E-05,
,,,3.77575E-07,-0.000117364023026312,2.22280505113304E-05,
,,,3.77775E-07,4.99999987368938E-05,-0.000312499993015081,
,,,3.77975E-07,4.99999987368938E-05,-0.000312499993015081,
,,,3.78175E-07,-0.000117364023026312,-0.000145135971251875,
,,,3.78375E-07,0.000719456085789716,-0.000647228036541492,
,,,3.78575E-07,-0.000117364023026312,-0.000145135971251875,
,,,3.78775E-07,0.000719456085789716,2.22280505113304E-05,
,,,3.78975E-07,0.000217364020500099,-0.000145135971251875,
,,,3.79175E-07,0.000217364020500099,-0.000479864014778286,
,,,3.79375E-07,-0.000284728044789517,-0.000145135971251875,
,,,3.79575E-07,0.000217364020500099,-0.000145135971251875,
,,,3.79775E-07,0.000384728042263305,-0.000145135971251875,
,,,3.79975E-07,0.000217364020500099,-0.000145135971251875,
,,,3.80175E-07,0.00055209206402651,2.22280505113304E-05,
,,,3.80375E-07,4.99999987368938E-05,0.000189592072274536,
,,,3.80575E-07,0.000384728042263305,-0.000312499993015081,
,,,3.80775E-07,0.000384728042263305,0.000189592072274536,
,,,3.80975E-07,4.99999987368938E-05,-0.000479864014778286,
,,,3.81175E-07,-0.000284728044789517,-0.000145135971251875,
,,,3.81375E-07,-0.000452092066552723,-0.000145135971251875,
,,,3.81575E-07,0.000719456085789716,-0.000145135971251875,
,,,3.81775E-07,0.00055209206402651,0.000189592072274536,
,,,3.81975E-07,0.000384728042263305,-0.000312499993015081,
,,,3.82175E-07,-0.000117364023026312,2.22280505113304E-05,
,,,3.82375E-07,-0.000117364023026312,0.000189592072274536,
,,,3.82575E-07,-0.000284728044789517,2.22280505113304E-05,
,,,3.82775E-07,4.99999987368938E-05,2.22280505113304E-05,
,,,3.82975E-07,4.99999987368938E-05,2.22280505113304E-05,
,,,3.83175E-07,0.00105418412931613,-0.000145135971251875,
,,,3.83375E-07,0.00055209206402651,2.22280505113304E-05,
,,,3.83575E-07,0.000384728042263305,0.000356956094037741,
,,,3.83775E-07,-0.000452092066552723,-0.000145135971251875,
,,,3.83975E-07,0.000217364020500099,0.000189592072274536,
,,,3.84175E-07,-0.000117364023026312,0.000189592072274536,
,,,3.84375E-07,0.000384728042263305,-0.000145135971251875,
,,,3.84575E-07,-0.000117364023026312,0.000189592072274536,
,,,3.84775E-07,-0.000284728044789517,2.22280505113304E-05,
,,,3.84975E-07,0.00105418412931613,-0.000647228036541492,
,,,3.85175E-07,0.00105418412931613,0.000356956094037741,
,,,3.85375E-07,-0.000284728044789517,0.000189592072274536,
,,,3.85575E-07,4.99999987368938E-05,0.000189592072274536,
,,,3.85775E-07,4.99999987368938E-05,2.22280505113304E-05,
,,,3.85975E-07,0.000384728042263305,-0.000145135971251875,
,,,3.86175E-07,0.000384728042263305,-0.000479864014778286,
,,,3.86375E-07,0.00055209206402651,2.22280505113304E-05,
,,,3.86575E-07,0.000886820107552921,-0.000814592058304697,
,,,3.86775E-07,0.000217364020500099,-0.000312499993015081,
,,,3.86975E-07,0.000384728042263305,-0.000145135971251875,
,,,3.87175E-07,0.000217364020500099,2.22280505113304E-05,
,,,3.87375E-07,-0.000117364023026312,0.000356956094037741,
,,,3.87575E-07,0.000384728042263305,-0.000312499993015081,
,,,3.87775E-07,0.000217364020500099,-0.000312499993015081,
,,,3.87975E-07,-0.000284728044789517,-0.000312499993015081,
,,,3.88175E-07,0.000217364020500099,-0.000479864014778286,
,,,3.88375E-07,0.000384728042263305,-0.000312499993015081,
,,,3.88575E-07,0.000384728042263305,-0.000145135971251875,
,,,3.88775E-07,0.000217364020500099,-0.000814592058304697,
,,,3.88975E-07,-0.000117364023026312,-0.000479864014778286,
,,,3.89175E-07,-0.000117364023026312,-0.000312499993015081,
,,,3.89375E-07,4.99999987368938E-05,2.22280505113304E-05,
,,,3.89575E-07,-0.000117364023026312,-0.000145135971251875,
,,,3.89775E-07,0.000217364020500099,-0.000145135971251875,
,,,3.89975E-07,4.99999987368938E-05,0.000356956094037741,
,,,3.90175E-07,-0.000284728044789517,-0.000312499993015081,
,,,3.90375E-07,4.99999987368938E-05,0.000356956094037741,
,,,3.90575E-07,0.000719456085789716,0.000356956094037741,
,,,3.90775E-07,0.000384728042263305,2.22280505113304E-05,
,,,3.90975E-07,-0.000284728044789517,-0.000814592058304697,
,,,3.91175E-07,0.000886820107552921,-0.000145135971251875,
,,,3.91375E-07,0.000886820107552921,-0.000479864014778286,
,,,3.91575E-07,0.000217364020500099,2.22280505113304E-05,
,,,3.91775E-07,-0.000117364023026312,-0.000814592058304697,
,,,3.91975E-07,4.99999987368938E-05,-0.000145135971251875,
,,,3.92175E-07,-0.000117364023026312,-0.000647228036541492,
,,,3.92375E-07,0.000217364020500099,-0.000479864014778286,
,,,3.92575E-07,0.000384728042263305,-0.000814592058304697,
,,,3.92775E-07,-0.000117364023026312,2.22280505113304E-05,
,,,3.92975E-07,4.99999987368938E-05,-0.000145135971251875,
,,,3.93175E-07,0.000719456085789716,0.000356956094037741,
,,,3.93375E-07,4.99999987368938E-05,0.000189592072274536,
,,,3.93575E-07,4.99999987368938E-05,-0.000479864014778286,
,,,3.93775E-07,-0.000117364023026312,2.22280505113304E-05,
,,,3.93975E-07,4.99999987368938E-05,2.22280505113304E-05,
,,,3.94175E-07,4.99999987368938E-05,-0.000647228036541492,
,,,3.94375E-07,0.000719456085789716,-0.000981956080067903,
,,,3.94575E-07,0.000886820107552921,-0.000479864014778286,
,,,3.94775E-07,0.000217364020500099,-0.000479864014778286,
,,,3.94975E-07,0.000384728042263305,2.22280505113304E-05,
,,,3.95175E-07,0.00055209206402651,-0.000145135971251875,
,,,3.95375E-07,0.000886820107552921,0.000356956094037741,
,,,3.95575E-07,-0.000284728044789517,2.22280505113304E-05,
,,,3.95775E-07,4.99999987368938E-05,2.22280505113304E-05,
,,,3.95975E-07,-0.000117364023026312,-0.000145135971251875,
,,,3.96175E-07,4.99999987368938E-05,-0.000145135971251875,
,,,3.96375E-07,0.000217364020500099,2.22280505113304E-05,
,,,3.96575E-07,0.00055209206402651,-0.000981956080067903,
,,,3.96775E-07,0.000217364020500099,2.22280505113304E-05,
,,,3.96975E-07,-0.000117364023026312,0.000691684137564152,
,,,3.97175E-07,-0.000117364023026312,0.000189592072274536,
,,,3.97375E-07,0.000384728042263305,-0.000647228036541492,
,,,3.97575E-07,4.99999987368938E-05,2.22280505113304E-05,
,,,3.97775E-07,4.99999987368938E-05,0.000356956094037741,
,,,3.97975E-07,0.000217364020500099,0.000691684137564152,
,,,3.98175E-07,4.99999987368938E-05,-0.000647228036541492,
,,,3.98375E-07,0.000384728042263305,-0.000479864014778286,
,,,3.98575E-07,0.00055209206402651,0.000356956094037741,
,,,3.98775E-07,-0.000284728044789517,0.000189592072274536,
,,,3.98975E-07,-0.000117364023026312,-0.000479864014778286,
,,,3.99175E-07,4.99999987368938E-05,-0.000312499993015081,
,,,3.99375E-07,-0.000117364023026312,0.000859048159327358,
,,,3.99575E-07,-0.000117364023026312,-0.000479864014778286,
,,,3.99775E-07,0.000719456085789716,-0.000981956080067903,
,,,3.99975E-07,0.000217364020500099,0.000356956094037741,
,,,4.00175E-07,4.99999987368938E-05,2.22280505113304E-05,
,,,4.00375E-07,-0.000284728044789517,-0.000814592058304697,
,,,4.00575E-07,0.000217364020500099,-0.00114932010183111,
,,,4.00775E-07,0.00105418412931613,-0.000312499993015081,
,,,4.00975E-07,0.000384728042263305,0.000189592072274536,
,,,4.01175E-07,0.00055209206402651,0.000189592072274536,
,,,4.01375E-07,0.000886820107552921,0.000189592072274536,
,,,4.01575E-07,4.99999987368938E-05,2.22280505113304E-05,
,,,4.01775E-07,-0.000786820110079134,-0.000145135971251875,
,,,4.01975E-07,0.000217364020500099,-0.000981956080067903,
,,,4.02175E-07,-0.000117364023026312,-0.000479864014778286,
,,,4.02375E-07,0.000217364020500099,0.000524320115800947,
,,,4.02575E-07,-0.000117364023026312,-0.000312499993015081,
,,,4.02775E-07,0.000384728042263305,-0.000647228036541492,
,,,4.02975E-07,-0.000284728044789517,0.000189592072274536,
,,,4.03175E-07,-0.000284728044789517,-0.000479864014778286,
,,,4.03375E-07,-0.000117364023026312,-0.000312499993015081,
,,,4.03575E-07,0.000217364020500099,0.000859048159327358,
,,,4.03775E-07,-0.000619456088315928,-0.000312499993015081,
,,,4.03975E-07,0.000384728042263305,-0.000479864014778286,
,,,4.04175E-07,0.000719456085789716,-0.000312499993015081,
,,,4.04375E-07,0.000384728042263305,0.000356956094037741,
,,,4.04575E-07,0.00055209206402651,-0.000312499993015081,
,,,4.04775E-07,0.000719456085789716,-0.000312499993015081,
,,,4.04975E-07,0.000719456085789716,-0.000312499993015081,
,,,4.05175E-07,-0.000117364023026312,0.000356956094037741,
,,,4.05375E-07,-0.000284728044789517,-0.000312499993015081,
,,,4.05575E-07,0.000384728042263305,2.22280505113304E-05,
,,,4.05775E-07,0.00055209206402651,-0.000312499993015081,
,,,4.05975E-07,0.000217364020500099,0.000356956094037741,
,,,4.06175E-07,4.99999987368938E-05,-0.000312499993015081,
,,,4.06375E-07,0.000384728042263305,2.22280505113304E-05,
,,,4.06575E-07,4.99999987368938E-05,0.000189592072274536,
,,,4.06775E-07,0.000384728042263305,-0.000647228036541492,
,,,4.06975E-07,0.00055209206402651,-0.000145135971251875,
,,,4.07175E-07,0.000217364020500099,0.000356956094037741,
,,,4.07375E-07,4.99999987368938E-05,-0.000479864014778286,
,,,4.07575E-07,0.000217364020500099,-0.000312499993015081,
,,,4.07775E-07,4.99999987368938E-05,0.000189592072274536,
,,,4.07975E-07,-0.000117364023026312,0.000691684137564152,
,,,4.08175E-07,0.000384728042263305,0.000524320115800947,
,,,4.08375E-07,-0.000117364023026312,0.000356956094037741,
,,,4.08575E-07,4.99999987368938E-05,-0.000312499993015081,
,,,4.08775E-07,0.000217364020500099,-0.000145135971251875,
,,,4.08975E-07,-0.000284728044789517,-0.000814592058304697,
,,,4.09175E-07,0.000217364020500099,-0.000312499993015081,
,,,4.09375E-07,4.99999987368938E-05,-0.000647228036541492,
,,,4.09575E-07,0.000719456085789716,-0.000312499993015081,
,,,4.09775E-07,0.00055209206402651,-0.000145135971251875,
,,,4.09975E-07,4.99999987368938E-05,2.22280505113304E-05,
,,,4.10175E-07,0.000217364020500099,-0.000479864014778286,
,,,4.10375E-07,-0.000284728044789517,-0.000647228036541492,
,,,4.10575E-07,-0.000452092066552723,0.000189592072274536,
,,,4.10775E-07,4.99999987368938E-05,2.22280505113304E-05,
,,,4.10975E-07,0.000217364020500099,-0.000479864014778286,
,,,4.11175E-07,0.00055209206402651,0.000356956094037741,
,,,4.11375E-07,0.000217364020500099,0.000189592072274536,
,,,4.11575E-07,0.000384728042263305,0.000189592072274536,
,,,4.11775E-07,0.000384728042263305,-0.000145135971251875,
,,,4.11975E-07,0.000384728042263305,-0.000479864014778286,
,,,4.12175E-07,4.99999987368938E-05,-0.000312499993015081,
,,,4.12375E-07,0.00055209206402651,-0.000145135971251875,
,,,4.12575E-07,0.000217364020500099,-0.000312499993015081,
,,,4.12775E-07,0.000384728042263305,-0.000145135971251875,
,,,4.12975E-07,4.99999987368938E-05,-0.000312499993015081,
,,,4.13175E-07,0.000719456085789716,-0.000312499993015081,
,,,4.13375E-07,0.000217364020500099,-0.000647228036541492,
,,,4.13575E-07,0.000217364020500099,0.000356956094037741,
,,,4.13775E-07,0.000719456085789716,-0.000479864014778286,
,,,4.13975E-07,0.00122154815107933,-0.000145135971251875,
,,,4.14175E-07,0.00055209206402651,0.000189592072274536,
,,,4.14375E-07,4.99999987368938E-05,-0.000479864014778286,
,,,4.14575E-07,0.000384728042263305,2.22280505113304E-05,
,,,4.14775E-07,-0.000284728044789517,-0.000479864014778286,
,,,4.14975E-07,0.000384728042263305,-0.000981956080067903,
,,,4.15175E-07,0.000217364020500099,0.000189592072274536,
,,,4.15375E-07,0.000384728042263305,-0.000145135971251875,
,,,4.15575E-07,-0.000452092066552723,-0.000814592058304697,
,,,4.15775E-07,0.00055209206402651,-0.000479864014778286,
,,,4.15975E-07,0.000384728042263305,-0.000312499993015081,
,,,4.16175E-07,0.000217364020500099,-0.000479864014778286,
,,,4.16375E-07,0.000217364020500099,-0.000647228036541492,
,,,4.16575E-07,-0.000284728044789517,0.000189592072274536,
,,,4.16775E-07,4.99999987368938E-05,-0.000479864014778286,
,,,4.16975E-07,0.000217364020500099,-0.000145135971251875,
,,,4.17175E-07,0.000217364020500099,2.22280505113304E-05,
,,,4.17375E-07,0.00055209206402651,-0.000312499993015081,
,,,4.17575E-07,4.99999987368938E-05,0.000189592072274536,
,,,4.17775E-07,0.000719456085789716,2.22280505113304E-05,
,,,4.17975E-07,-0.000452092066552723,-0.000479864014778286,
,,,4.18175E-07,0.00055209206402651,-0.000312499993015081,
,,,4.18375E-07,4.99999987368938E-05,-0.000312499993015081,
,,,4.18575E-07,4.99999987368938E-05,-0.000145135971251875,
,,,4.18775E-07,-0.000284728044789517,-0.000647228036541492,
,,,4.18975E-07,0.000719456085789716,2.22280505113304E-05,
,,,4.19175E-07,-0.000117364023026312,0.000356956094037741,
,,,4.19375E-07,4.99999987368938E-05,-0.000312499993015081,
,,,4.19575E-07,-0.000117364023026312,-0.000145135971251875,
,,,4.19775E-07,0.000384728042263305,2.22280505113304E-05,
,,,4.19975E-07,0.000217364020500099,-0.000145135971251875,
,,,4.20175E-07,-0.000284728044789517,-0.000647228036541492,
,,,4.20375E-07,0.00055209206402651,0.000189592072274536,
,,,4.20575E-07,4.99999987368938E-05,-0.000312499993015081,
,,,4.20775E-07,0.000217364020500099,-0.000145135971251875,
,,,4.20975E-07,0.000217364020500099,-0.000312499993015081,
,,,4.21175E-07,0.000384728042263305,-0.000647228036541492,
,,,4.21375E-07,4.99999987368938E-05,2.22280505113304E-05,
,,,4.21575E-07,0.000384728042263305,2.22280505113304E-05,
,,,4.21775E-07,0.000384728042263305,-0.000479864014778286,
,,,4.21975E-07,0.000217364020500099,-0.000145135971251875,
,,,4.22175E-07,-0.000452092066552723,-0.000814592058304697,
,,,4.22375E-07,0.000384728042263305,2.22280505113304E-05,
,,,4.22575E-07,4.99999987368938E-05,2.22280505113304E-05,
,,,4.22775E-07,0.000886820107552921,-0.000479864014778286,
,,,4.22975E-07,-0.000619456088315928,2.22280505113304E-05,
,,,4.23175E-07,0.000384728042263305,-0.000145135971251875,
,,,4.23375E-07,4.99999987368938E-05,-0.000312499993015081,
,,,4.23575E-07,0.000217364020500099,0.000189592072274536,
,,,4.23775E-07,0.000384728042263305,-0.000312499993015081,
,,,4.23975E-07,0.000217364020500099,-0.000647228036541492,
,,,4.24175E-07,4.99999987368938E-05,2.22280505113304E-05,
,,,4.24375E-07,0.000217364020500099,-0.000145135971251875,
,,,4.24575E-07,0.000217364020500099,-0.000145135971251875,
,,,4.24775E-07,-0.000117364023026312,-0.000312499993015081,
,,,4.24975E-07,4.99999987368938E-05,-0.000814592058304697,
,,,4.25175E-07,0.000384728042263305,-0.000479864014778286,
,,,4.25375E-07,0.000217364020500099,-0.000312499993015081,
,,,4.25575E-07,-0.000117364023026312,2.22280505113304E-05,
,,,4.25775E-07,-0.000284728044789517,-0.000145135971251875,
,,,4.25975E-07,-0.000284728044789517,0.000356956094037741,
,,,4.26175E-07,0.000384728042263305,-0.000312499993015081,
,,,4.26375E-07,0.000384728042263305,-0.000312499993015081,
,,,4.26575E-07,-0.000117364023026312,-0.000479864014778286,
,,,4.26775E-07,0.000384728042263305,-0.000312499993015081,
,,,4.26975E-07,4.99999987368938E-05,-0.000814592058304697,
,,,4.27175E-07,-0.000284728044789517,-0.000479864014778286,
,,,4.27375E-07,-0.000452092066552723,0.000189592072274536,
,,,4.27575E-07,-0.000786820110079134,-0.000312499993015081,
,,,4.27775E-07,-0.000117364023026312,-0.000145135971251875,
,,,4.27975E-07,-0.000619456088315928,0.000691684137564152,
,,,4.28175E-07,-0.000117364023026312,-0.000145135971251875,
,,,4.28375E-07,4.99999987368938E-05,-0.000145135971251875,
,,,4.28575E-07,-0.000117364023026312,-0.000145135971251875,
,,,4.28775E-07,-0.000284728044789517,-0.000145135971251875,
,,,4.28975E-07,-0.000284728044789517,-0.000145135971251875,
,,,4.29175E-07,4.99999987368938E-05,-0.000312499993015081,
,,,4.29375E-07,-0.000786820110079134,-0.000145135971251875,
,,,4.29575E-07,0.000217364020500099,-0.000814592058304697,
,,,4.29775E-07,4.99999987368938E-05,0.000189592072274536,
,,,4.29975E-07,-0.000284728044789517,0.000859048159327358,
,,,4.30175E-07,4.99999987368938E-05,-0.000145135971251875,
,,,4.30375E-07,4.99999987368938E-05,-0.000145135971251875,
,,,4.30575E-07,-0.000284728044789517,-0.000479864014778286,
,,,4.30775E-07,0.000384728042263305,-0.000814592058304697,
,,,4.30975E-07,4.99999987368938E-05,-0.000647228036541492,
,,,4.31175E-07,-0.000452092066552723,-0.000479864014778286,
,,,4.31375E-07,0.00055209206402651,-0.000145135971251875,
,,,4.31575E-07,4.99999987368938E-05,-0.000145135971251875,
,,,4.31775E-07,0.000217364020500099,-0.000479864014778286,
,,,4.31975E-07,-0.000452092066552723,0.000189592072274536,
,,,4.32175E-07,4.99999987368938E-05,-0.000479864014778286,
,,,4.32375E-07,-0.000117364023026312,-0.000479864014778286,
,,,4.32575E-07,-0.000619456088315928,-0.000647228036541492,
,,,4.32775E-07,4.99999987368938E-05,-0.000145135971251875,
,,,4.32975E-07,0.000719456085789716,0.000189592072274536,
,,,4.33175E-07,0.000719456085789716,2.22280505113304E-05,
,,,4.33375E-07,0.000384728042263305,0.000189592072274536,
,,,4.33575E-07,0.000384728042263305,2.22280505113304E-05,
,,,4.33775E-07,0.000886820107552921,-0.000814592058304697,
,,,4.33975E-07,-0.000284728044789517,-0.000312499993015081,
,,,4.34175E-07,4.99999987368938E-05,2.22280505113304E-05,
,,,4.34375E-07,-0.000117364023026312,-0.000145135971251875,
,,,4.34575E-07,0.000217364020500099,-0.000814592058304697,
,,,4.34775E-07,0.00055209206402651,0.000189592072274536,
,,,4.34975E-07,0.000384728042263305,-0.000312499993015081,
,,,4.35175E-07,-0.000117364023026312,-0.000647228036541492,
,,,4.35375E-07,4.99999987368938E-05,-0.000479864014778286,
,,,4.35575E-07,-0.000284728044789517,-0.000145135971251875,
,,,4.35775E-07,0.000217364020500099,-0.000814592058304697,
,,,4.35975E-07,0.000719456085789716,-0.000479864014778286,
,,,4.36175E-07,4.99999987368938E-05,-0.000312499993015081,
,,,4.36375E-07,0.000217364020500099,2.22280505113304E-05,
,,,4.36575E-07,-0.000117364023026312,-0.000145135971251875,
,,,4.36775E-07,4.99999987368938E-05,2.22280505113304E-05,
,,,4.36975E-07,0.000719456085789716,-0.000145135971251875,
,,,4.37175E-07,0.00055209206402651,-0.000479864014778286,
,,,4.37375E-07,-0.000117364023026312,-0.000145135971251875,
,,,4.37575E-07,0.00055209206402651,2.22280505113304E-05,
,,,4.37775E-07,0.00055209206402651,-0.000312499993015081,
,,,4.37975E-07,0.000217364020500099,-0.000479864014778286,
,,,4.38175E-07,0.000719456085789716,-0.000145135971251875,
,,,4.38375E-07,0.000217364020500099,2.22280505113304E-05,
,,,4.38575E-07,-0.000117364023026312,-0.00114932010183111,
,,,4.38775E-07,0.000384728042263305,-0.000145135971251875,
,,,4.38975E-07,0.000719456085789716,0.000356956094037741,
,,,4.39175E-07,0.000886820107552921,-0.000312499993015081,
,,,4.39375E-07,0.000217364020500099,-0.000647228036541492,
,,,4.39575E-07,0.000384728042263305,2.22280505113304E-05,
,,,4.39775E-07,4.99999987368938E-05,-0.000312499993015081,
,,,4.39975E-07,0.000217364020500099,-0.000312499993015081,
,,,4.40175E-07,0.000384728042263305,0.000356956094037741,
,,,4.40375E-07,-0.000117364023026312,-0.000647228036541492,
,,,4.40575E-07,-0.000284728044789517,-0.000145135971251875,
,,,4.40775E-07,0.000719456085789716,0.000189592072274536,
,,,4.40975E-07,-0.000117364023026312,-0.000814592058304697,
,,,4.41175E-07,0.000719456085789716,2.22280505113304E-05,
,,,4.41375E-07,0.000719456085789716,-0.000814592058304697,
,,,4.41575E-07,0.00055209206402651,-0.00114932010183111,
,,,4.41775E-07,0.00055209206402651,2.22280505113304E-05,
,,,4.41975E-07,0.000384728042263305,-0.000479864014778286,
,,,4.42175E-07,0.000217364020500099,-0.000479864014778286,
,,,4.42375E-07,0.000217364020500099,0.000356956094037741,
,,,4.42575E-07,-0.000452092066552723,0.000189592072274536,
,,,4.42775E-07,0.000384728042263305,-0.000814592058304697,
,,,4.42975E-07,4.99999987368938E-05,0.000189592072274536,
,,,4.43175E-07,-0.000284728044789517,0.000189592072274536,
,,,4.43375E-07,-0.000117364023026312,-0.000479864014778286,
,,,4.43575E-07,0.000384728042263305,2.22280505113304E-05,
,,,4.43775E-07,4.99999987368938E-05,-0.000145135971251875,
,,,4.43975E-07,4.99999987368938E-05,-0.000647228036541492,
,,,4.44175E-07,4.99999987368938E-05,2.22280505113304E-05,
,,,4.44375E-07,0.000217364020500099,2.22280505113304E-05,
,,,4.44575E-07,0.000217364020500099,-0.000479864014778286,
,,,4.44775E-07,-0.000117364023026312,0.000189592072274536,
,,,4.44975E-07,-0.000284728044789517,-0.00114932010183111,
,,,4.45175E-07,0.000719456085789716,-0.000647228036541492,
,,,4.45375E-07,0.000217364020500099,-0.000145135971251875,
,,,4.45575E-07,0.000719456085789716,-0.000312499993015081,
,,,4.45775E-07,4.99999987368938E-05,-0.000145135971251875,
,,,4.45975E-07,-0.000117364023026312,-0.000814592058304697,
,,,4.46175E-07,4.99999987368938E-05,-0.000814592058304697,
,,,4.46375E-07,0.000217364020500099,-0.000145135971251875,
,,,4.46575E-07,0.000384728042263305,2.22280505113304E-05,
,,,4.46775E-07,0.000384728042263305,0.000524320115800947,
,,,4.46975E-07,0.00055209206402651,-0.000312499993015081,
,,,4.47175E-07,0.000886820107552921,-0.000145135971251875,
,,,4.47375E-07,0.000384728042263305,-0.000814592058304697,
,,,4.47575E-07,4.99999987368938E-05,0.000356956094037741,
,,,4.47775E-07,0.00055209206402651,-0.000647228036541492,
,,,4.47975E-07,4.99999987368938E-05,-0.000145135971251875,
,,,4.48175E-07,-0.000117364023026312,0.000356956094037741,
,,,4.48375E-07,0.000719456085789716,2.22280505113304E-05,
,,,4.48575E-07,0.000384728042263305,-0.000312499993015081,
,,,4.48775E-07,4.99999987368938E-05,-0.000312499993015081,
,,,4.48975E-07,0.000384728042263305,-0.000312499993015081,
,,,4.49175E-07,0.000384728042263305,-0.000145135971251875,
,,,4.49375E-07,-0.000117364023026312,-0.000479864014778286,
,,,4.49575E-07,0.000217364020500099,0.000189592072274536,
,,,4.49775E-07,0.00055209206402651,0.000189592072274536,
,,,4.49975E-07,-0.000452092066552723,-0.000312499993015081,
,,,4.50175E-07,4.99999987368938E-05,2.22280505113304E-05,
,,,4.50375E-07,0.000384728042263305,-0.000312499993015081,
,,,4.50575E-07,4.99999987368938E-05,-0.000145135971251875,
,,,4.50775E-07,-0.000284728044789517,2.22280505113304E-05,
,,,4.50975E-07,0.000384728042263305,2.22280505113304E-05,
,,,4.51175E-07,0.00055209206402651,0.000189592072274536,
,,,4.51375E-07,0.000384728042263305,-0.000479864014778286,
,,,4.51575E-07,0.00055209206402651,0.000524320115800947,
,,,4.51775E-07,4.99999987368938E-05,2.22280505113304E-05,
,,,4.51975E-07,0.000217364020500099,-0.000479864014778286,
,,,4.52175E-07,0.000384728042263305,-0.000479864014778286,
,,,4.52375E-07,0.00055209206402651,-0.000145135971251875,
,,,4.52575E-07,0.00055209206402651,-0.000145135971251875,
,,,4.52775E-07,-0.000452092066552723,-0.000145135971251875,
,,,4.52975E-07,0.000384728042263305,2.22280505113304E-05,
,,,4.53175E-07,-0.000117364023026312,2.22280505113304E-05,
,,,4.53375E-07,-0.000284728044789517,-0.000479864014778286,
,,,4.53575E-07,-0.000284728044789517,0.000524320115800947,
,,,4.53775E-07,-0.000452092066552723,-0.000145135971251875,
,,,4.53975E-07,0.00055209206402651,-0.000312499993015081,
,,,4.54175E-07,0.000217364020500099,0.000189592072274536,
,,,4.54375E-07,-0.000117364023026312,0.000356956094037741,
,,,4.54575E-07,0.000217364020500099,-0.000145135971251875,
,,,4.54775E-07,0.000384728042263305,-0.000145135971251875,
,,,4.54975E-07,-0.000284728044789517,-0.000312499993015081,
,,,4.55175E-07,0.000217364020500099,-0.000145135971251875,
,,,4.55375E-07,0.000217364020500099,0.000356956094037741,
,,,4.55575E-07,0.000217364020500099,-0.00114932010183111,
,,,4.55775E-07,-0.000786820110079134,-0.000312499993015081,
,,,4.55975E-07,-0.000284728044789517,-0.000312499993015081,
,,,4.56175E-07,0.000217364020500099,0.000189592072274536,
,,,4.56375E-07,-0.000117364023026312,-0.000647228036541492,
,,,4.56575E-07,-0.000452092066552723,2.22280505113304E-05,
,,,4.56775E-07,0.000217364020500099,2.22280505113304E-05,
,,,4.56975E-07,0.000217364020500099,2.22280505113304E-05,
,,,4.57175E-07,0.00055209206402651,2.22280505113304E-05,
,,,4.57375E-07,0.000384728042263305,-0.000312499993015081,
,,,4.57575E-07,-0.000117364023026312,-0.000312499993015081,
,,,4.57775E-07,4.99999987368938E-05,-0.000479864014778286,
,,,4.57975E-07,0.000384728042263305,-0.000312499993015081,
,,,4.58175E-07,-0.000284728044789517,0.000189592072274536,
,,,4.58375E-07,0.000384728042263305,0.000524320115800947,
,,,4.58575E-07,4.99999987368938E-05,-0.000312499993015081,
,,,4.58775E-07,0.00055209206402651,-0.000145135971251875,
,,,4.58975E-07,-0.000117364023026312,2.22280505113304E-05,
,,,4.59175E-07,-0.000117364023026312,2.22280505113304E-05,
,,,4.59375E-07,0.000384728042263305,2.22280505113304E-05,
,,,4.59575E-07,-0.000284728044789517,2.22280505113304E-05,
,,,4.59775E-07,-0.000284728044789517,-0.000981956080067903,
,,,4.59975E-07,0.00055209206402651,2.22280505113304E-05,
,,,4.60175E-07,0.000719456085789716,2.22280505113304E-05,
,,,4.60375E-07,0.000217364020500099,-0.000647228036541492,
,,,4.60575E-07,-0.000284728044789517,-0.000145135971251875,
,,,4.60775E-07,0.000719456085789716,0.000356956094037741,
,,,4.60975E-07,-0.000452092066552723,0.000189592072274536,
,,,4.61175E-07,4.99999987368938E-05,-0.000312499993015081,
,,,4.61375E-07,0.00055209206402651,0.000859048159327358,
,,,4.61575E-07,-0.000117364023026312,0.000356956094037741,
,,,4.61775E-07,-0.000786820110079134,-0.000312499993015081,
,,,4.61975E-07,0.000384728042263305,0.000189592072274536,
,,,4.62175E-07,0.000217364020500099,2.22280505113304E-05,
,,,4.62375E-07,0.000217364020500099,-0.000145135971251875,
,,,4.62575E-07,0.000384728042263305,2.22280505113304E-05,
,,,4.62775E-07,0.00055209206402651,-0.000479864014778286,
,,,4.62975E-07,-0.000452092066552723,0.000356956094037741,
,,,4.63175E-07,0.000217364020500099,-0.000145135971251875,
,,,4.63375E-07,0.000886820107552921,-0.000145135971251875,
,,,4.63575E-07,4.99999987368938E-05,-0.000479864014778286,
,,,4.63775E-07,-0.000284728044789517,-0.000647228036541492,
,,,4.63975E-07,0.00055209206402651,-0.000312499993015081,
,,,4.64175E-07,0.000217364020500099,0.000189592072274536,
,,,4.64375E-07,-0.000619456088315928,0.000691684137564152,
,,,4.64575E-07,4.99999987368938E-05,-0.000312499993015081,
,,,4.64775E-07,0.000719456085789716,2.22280505113304E-05,
,,,4.64975E-07,0.00055209206402651,-0.000145135971251875,
,,,4.65175E-07,0.000384728042263305,-0.000145135971251875,
,,,4.65375E-07,-0.000117364023026312,0.00102641218109056,
,,,4.65575E-07,-0.000452092066552723,0.000356956094037741,
,,,4.65775E-07,0.000217364020500099,0.000356956094037741,
,,,4.65975E-07,-0.000117364023026312,0.000189592072274536,
,,,4.66175E-07,-0.000452092066552723,2.22280505113304E-05,
,,,4.66375E-07,0.00055209206402651,-0.000479864014778286,
,,,4.66575E-07,0.000384728042263305,-0.000647228036541492,
,,,4.66775E-07,0.000217364020500099,0.000356956094037741,
,,,4.66975E-07,0.000217364020500099,-0.000145135971251875,
,,,4.67175E-07,0.000384728042263305,2.22280505113304E-05,
,,,4.67375E-07,4.99999987368938E-05,0.000356956094037741,
,,,4.67575E-07,-0.000117364023026312,-0.000145135971251875,
,,,4.67775E-07,0.000217364020500099,0.000691684137564152,
,,,4.67975E-07,-0.000117364023026312,-0.000479864014778286,
,,,4.68175E-07,-0.000284728044789517,2.22280505113304E-05,
,,,4.68375E-07,0.000886820107552921,-0.000312499993015081,
,,,4.68575E-07,0.00055209206402651,-0.000145135971251875,
,,,4.68775E-07,-0.000117364023026312,-0.000981956080067903,
,,,4.68975E-07,0.000384728042263305,-0.000145135971251875,
,,,4.69175E-07,0.000719456085789716,2.22280505113304E-05,
,,,4.69375E-07,-0.000117364023026312,-0.000479864014778286,
,,,4.69575E-07,4.99999987368938E-05,-0.000479864014778286,
,,,4.69775E-07,4.99999987368938E-05,-0.000479864014778286,
,,,4.69975E-07,-0.000284728044789517,-0.000814592058304697,
,,,4.70175E-07,0.000217364020500099,0.000189592072274536,
,,,4.70375E-07,4.99999987368938E-05,-0.000312499993015081,
,,,4.70575E-07,-0.000117364023026312,-0.000647228036541492,
,,,4.70775E-07,-0.000117364023026312,0.000356956094037741,
,,,4.70975E-07,-0.000284728044789517,-0.000145135971251875,
,,,4.71175E-07,-0.000117364023026312,-0.000145135971251875,
,,,4.71375E-07,4.99999987368938E-05,0.000189592072274536,
,,,4.71575E-07,0.00055209206402651,-0.000647228036541492,
,,,4.71775E-07,0.00055209206402651,-0.000814592058304697,
,,,4.71975E-07,4.99999987368938E-05,-0.000479864014778286,
,,,4.72175E-07,0.000217364020500099,-0.000479864014778286,
,,,4.72375E-07,4.99999987368938E-05,-0.000647228036541492,
,,,4.72575E-07,0.000384728042263305,-0.000981956080067903,
,,,4.72775E-07,-0.000284728044789517,-0.000312499993015081,
,,,4.72975E-07,-0.000284728044789517,-0.000145135971251875,
,,,4.73175E-07,0.000384728042263305,-0.000479864014778286,
,,,4.73375E-07,0.000384728042263305,-0.000145135971251875,
,,,4.73575E-07,-0.000284728044789517,0.000189592072274536,
,,,4.73775E-07,4.99999987368938E-05,-0.000814592058304697,
,,,4.73975E-07,4.99999987368938E-05,-0.000479864014778286,
,,,4.74175E-07,-0.000117364023026312,-0.000647228036541492,
,,,4.74375E-07,4.99999987368938E-05,-0.000479864014778286,
,,,4.74575E-07,-0.000452092066552723,-0.000145135971251875,
,,,4.74775E-07,4.99999987368938E-05,0.000356956094037741,
,,,4.74975E-07,0.000384728042263305,-0.000145135971251875,
,,,4.75175E-07,-0.000284728044789517,-0.000145135971251875,
,,,4.75375E-07,0.000217364020500099,2.22280505113304E-05,
,,,4.75575E-07,-0.000619456088315928,-0.000145135971251875,
,,,4.75775E-07,-0.000452092066552723,-0.000312499993015081,
,,,4.75975E-07,0.000384728042263305,-0.000814592058304697,
,,,4.76175E-07,0.00055209206402651,-0.000312499993015081,
,,,4.76375E-07,0.000217364020500099,0.000356956094037741,
,,,4.76575E-07,-0.000452092066552723,-0.000479864014778286,
,,,4.76775E-07,-0.000284728044789517,-0.000145135971251875,
,,,4.76975E-07,-0.000619456088315928,-0.000312499993015081,
,,,4.77175E-07,4.99999987368938E-05,-0.000647228036541492,
,,,4.77375E-07,0.000217364020500099,-0.000814592058304697,
,,,4.77575E-07,0.000217364020500099,2.22280505113304E-05,
,,,4.77775E-07,0.000384728042263305,-0.000145135971251875,
,,,4.77975E-07,0.00055209206402651,-0.000647228036541492,
,,,4.78175E-07,0.000384728042263305,-0.000145135971251875,
,,,4.78375E-07,-0.000284728044789517,2.22280505113304E-05,
,,,4.78575E-07,-0.000117364023026312,-0.000312499993015081,
,,,4.78775E-07,-0.000117364023026312,2.22280505113304E-05,
,,,4.78975E-07,4.99999987368938E-05,0.000189592072274536,
,,,4.79175E-07,-0.000452092066552723,2.22280505113304E-05,
,,,4.79375E-07,0.000384728042263305,-0.000145135971251875,
,,,4.79575E-07,0.000719456085789716,-0.000145135971251875,
,,,4.79775E-07,-0.000284728044789517,-0.000145135971251875,
,,,4.79975E-07,-0.000452092066552723,2.22280505113304E-05,
,,,4.80175E-07,0.000217364020500099,0.000691684137564152,
,,,4.80375E-07,0.000384728042263305,0.000189592072274536,
,,,4.80575E-07,4.99999987368938E-05,2.22280505113304E-05,
,,,4.80775E-07,0.000384728042263305,-0.000145135971251875,
,,,4.80975E-07,0.000217364020500099,-0.000479864014778286,
,,,4.81175E-07,-0.000117364023026312,0.000524320115800947,
,,,4.81375E-07,4.99999987368938E-05,-0.000312499993015081,
,,,4.81575E-07,0.000719456085789716,-0.000647228036541492,
,,,4.81775E-07,4.99999987368938E-05,-0.000479864014778286,
,,,4.81975E-07,0.000886820107552921,0.000859048159327358,
,,,4.82175E-07,0.000719456085789716,0.000356956094037741,
,,,4.82375E-07,4.99999987368938E-05,2.22280505113304E-05,
,,,4.82575E-07,0.00055209206402651,0.000524320115800947,
,,,4.82775E-07,0.00055209206402651,-0.000145135971251875,
,,,4.82975E-07,-0.000284728044789517,-0.000647228036541492,
,,,4.83175E-07,0.00055209206402651,0.000691684137564152,
,,,4.83375E-07,4.99999987368938E-05,0.000356956094037741,
,,,4.83575E-07,4.99999987368938E-05,-0.000479864014778286,
,,,4.83775E-07,0.00055209206402651,-0.000145135971251875,
,,,4.83975E-07,0.000719456085789716,-0.000145135971251875,
,,,4.84175E-07,0.000217364020500099,0.000189592072274536,
,,,4.84375E-07,0.000384728042263305,2.22280505113304E-05,
,,,4.84575E-07,0.000217364020500099,2.22280505113304E-05,
,,,4.84775E-07,0.000217364020500099,-0.000312499993015081,
,,,4.84975E-07,-0.000117364023026312,0.000356956094037741,
,,,4.85175E-07,-0.000117364023026312,-0.000312499993015081,
,,,4.85375E-07,0.000384728042263305,-0.000312499993015081,
,,,4.85575E-07,0.000384728042263305,-0.000312499993015081,
,,,4.85775E-07,0.00055209206402651,-0.000479864014778286,
,,,4.85975E-07,0.000217364020500099,-0.000145135971251875,
,,,4.86175E-07,-0.000117364023026312,-0.000479864014778286,
,,,4.86375E-07,-0.000117364023026312,-0.000647228036541492,
,,,4.86575E-07,0.000384728042263305,0.000691684137564152,
,,,4.86775E-07,0.000217364020500099,0.000189592072274536,
,,,4.86975E-07,4.99999987368938E-05,0.000524320115800947,
,,,4.87175E-07,0.000217364020500099,0.000356956094037741,
,,,4.87375E-07,4.99999987368938E-05,-0.000479864014778286,
,,,4.87575E-07,4.99999987368938E-05,-0.000479864014778286,
,,,4.87775E-07,0.000384728042263305,0.000524320115800947,
,,,4.87975E-07,0.000217364020500099,-0.000145135971251875,
,,,4.88175E-07,0.00055209206402651,0.000691684137564152,
,,,4.88375E-07,0.000217364020500099,2.22280505113304E-05,
,,,4.88575E-07,-0.000452092066552723,-0.000312499993015081,
,,,4.88775E-07,-0.000117364023026312,-0.000479864014778286,
,,,4.88975E-07,4.99999987368938E-05,-0.000647228036541492,
,,,4.89175E-07,4.99999987368938E-05,-0.000479864014778286,
,,,4.89375E-07,0.00055209206402651,2.22280505113304E-05,
,,,4.89575E-07,-0.000284728044789517,0.000189592072274536,
,,,4.89775E-07,-0.000117364023026312,-0.000145135971251875,
,,,4.89975E-07,-0.000117364023026312,-0.000647228036541492,
,,,4.90175E-07,4.99999987368938E-05,-0.000981956080067903,
,,,4.90375E-07,0.000384728042263305,-0.000145135971251875,
,,,4.90575E-07,-0.000117364023026312,0.000189592072274536,
,,,4.90775E-07,0.00055209206402651,0.000189592072274536,
,,,4.90975E-07,0.000384728042263305,-0.000145135971251875,
,,,4.91175E-07,-0.000284728044789517,0.000356956094037741,
,,,4.91375E-07,0.000719456085789716,-0.000145135971251875,
,,,4.91575E-07,0.00055209206402651,-0.000479864014778286,
,,,4.91775E-07,-0.000284728044789517,-0.000647228036541492,
,,,4.91975E-07,4.99999987368938E-05,0.000189592072274536,
,,,4.92175E-07,-0.000117364023026312,2.22280505113304E-05,
,,,4.92375E-07,-0.000452092066552723,-0.000312499993015081,
,,,4.92575E-07,0.000217364020500099,-0.000312499993015081,
,,,4.92775E-07,0.00105418412931613,0.000356956094037741,
,,,4.92975E-07,-0.000117364023026312,-0.000312499993015081,
,,,4.93175E-07,4.99999987368938E-05,2.22280505113304E-05,
,,,4.93375E-07,-0.000117364023026312,0.000189592072274536,
,,,4.93575E-07,0.00055209206402651,2.22280505113304E-05,
,,,4.93775E-07,0.000217364020500099,0.000356956094037741,
,,,4.93975E-07,0.00055209206402651,0.000189592072274536,
,,,4.94175E-07,4.99999987368938E-05,-0.000647228036541492,
,,,4.94375E-07,0.000217364020500099,-0.000145135971251875,
,,,4.94575E-07,4.99999987368938E-05,-0.000145135971251875,
,,,4.94775E-07,4.99999987368938E-05,0.000189592072274536,
,,,4.94975E-07,0.000217364020500099,-0.000479864014778286,
,,,4.95175E-07,0.00055209206402651,0.000189592072274536,
,,,4.95375E-07,0.000217364020500099,0.000189592072274536,
,,,4.95575E-07,-0.000452092066552723,2.22280505113304E-05,
,,,4.95775E-07,0.000217364020500099,-0.000981956080067903,
,,,4.95975E-07,-0.000452092066552723,0.000356956094037741,
,,,4.96175E-07,-0.000117364023026312,2.22280505113304E-05,
,,,4.96375E-07,-0.000452092066552723,-0.000479864014778286,
,,,4.96575E-07,0.00055209206402651,-0.000312499993015081,
,,,4.96775E-07,-0.000117364023026312,-0.000145135971251875,
,,,4.96975E-07,0.000886820107552921,0.000189592072274536,
,,,4.97175E-07,0.000384728042263305,0.000356956094037741,
,,,4.97375E-07,-0.000117364023026312,-0.000145135971251875,
,,,4.97575E-07,0.000217364020500099,-0.000479864014778286,
,,,4.97775E-07,0.000217364020500099,-0.000312499993015081,
,,,4.97975E-07,4.99999987368938E-05,2.22280505113304E-05,
,,,4.98175E-07,4.99999987368938E-05,2.22280505113304E-05,
,,,4.98375E-07,0.000384728042263305,0.000524320115800947,
,,,4.98575E-07,-0.000117364023026312,-0.000479864014778286,
,,,4.98775E-07,4.99999987368938E-05,-0.000145135971251875,
,,,4.98975E-07,0.000384728042263305,-0.000479864014778286,
,,,4.99175E-07,0.000384728042263305,-0.000479864014778286,
,,,4.99375E-07,4.99999987368938E-05,0.000524320115800947,
,,,4.99575E-07,0.000384728042263305,0.000524320115800947,
,,,4.99775E-07,0.000217364020500099,2.22280505113304E-05,
,,,4.99975E-07,-0.000117364023026312,-0.000145135971251875,
,,,5.00175E-07,4.99999987368938E-05,2.22280505113304E-05,
,,,5.00375E-07,0.000384728042263305,0.000189592072274536,
,,,5.00575E-07,-0.000117364023026312,2.22280505113304E-05,
,,,5.00775E-07,0.000217364020500099,0.000189592072274536,
,,,5.00975E-07,0.000217364020500099,-0.000312499993015081,
,,,5.01175E-07,0.000217364020500099,0.000356956094037741,
,,,5.01375E-07,-0.000284728044789517,2.22280505113304E-05,
,,,5.01575E-07,0.000217364020500099,2.22280505113304E-05,
,,,5.01775E-07,0.000217364020500099,-0.000145135971251875,
,,,5.01975E-07,-0.000284728044789517,2.22280505113304E-05,
,,,5.02175E-07,4.99999987368938E-05,-0.000479864014778286,
,,,5.02375E-07,0.000384728042263305,-0.000145135971251875,
,,,5.02575E-07,0.000217364020500099,-0.000145135971251875,
,,,5.02775E-07,0.000719456085789716,0.000691684137564152,
,,,5.02975E-07,4.99999987368938E-05,-0.000814592058304697,
,,,5.03175E-07,0.000384728042263305,2.22280505113304E-05,
,,,5.03375E-07,-0.000117364023026312,2.22280505113304E-05,
,,,5.03575E-07,-0.000117364023026312,-0.000647228036541492,
,,,5.03775E-07,-0.000284728044789517,2.22280505113304E-05,
,,,5.03975E-07,4.99999987368938E-05,-0.000479864014778286,
,,,5.04175E-07,0.000384728042263305,-0.000312499993015081,
,,,5.04375E-07,0.00055209206402651,0.000189592072274536,
,,,5.04575E-07,0.000217364020500099,-0.000312499993015081,
,,,5.04775E-07,0.000384728042263305,-0.000312499993015081,
,,,5.04975E-07,0.00055209206402651,0.000189592072274536,
,,,5.05175E-07,0.000384728042263305,-0.000145135971251875,
,,,5.05375E-07,0.000217364020500099,-0.000312499993015081,
,,,5.05575E-07,0.000217364020500099,-0.000145135971251875,
,,,5.05775E-07,4.99999987368938E-05,0.000524320115800947,
,,,5.05975E-07,0.00055209206402651,-0.000312499993015081,
,,,5.06175E-07,4.99999987368938E-05,2.22280505113304E-05,
,,,5.06375E-07,4.99999987368938E-05,0.000356956094037741,
,,,5.06575E-07,4.99999987368938E-05,-0.000312499993015081,
,,,5.06775E-07,-0.000117364023026312,0.000356956094037741,
,,,5.06975E-07,0.000886820107552921,2.22280505113304E-05,
,,,5.07175E-07,-0.000284728044789517,0.000189592072274536,
,,,5.07375E-07,4.99999987368938E-05,-0.000312499993015081,
,,,5.07575E-07,0.000217364020500099,-0.000145135971251875,
,,,5.07775E-07,0.000719456085789716,-0.000145135971251875,
,,,5.07975E-07,0.000217364020500099,-0.000312499993015081,
,,,5.08175E-07,4.99999987368938E-05,-0.000814592058304697,
,,,5.08375E-07,0.000719456085789716,2.22280505113304E-05,
,,,5.08575E-07,0.000217364020500099,0.000356956094037741,
,,,5.08775E-07,-0.000117364023026312,0.000189592072274536,
,,,5.08975E-07,0.000384728042263305,2.22280505113304E-05,
,,,5.09175E-07,0.000719456085789716,2.22280505113304E-05,
,,,5.09375E-07,0.00055209206402651,2.22280505113304E-05,
,,,5.09575E-07,0.000217364020500099,-0.000145135971251875,
,,,5.09775E-07,4.99999987368938E-05,-0.000145135971251875,
,,,5.09975E-07,4.99999987368938E-05,-0.000479864014778286,
,,,5.10175E-07,0.00055209206402651,-0.000145135971251875,
,,,5.10375E-07,0.000217364020500099,0.000189592072274536,
,,,5.10575E-07,4.99999987368938E-05,2.22280505113304E-05,
,,,5.10775E-07,0.000217364020500099,-0.000479864014778286,
,,,5.10975E-07,4.99999987368938E-05,2.22280505113304E-05,
,,,5.11175E-07,4.99999987368938E-05,0.00102641218109056,
,,,5.11375E-07,0.000384728042263305,0.000189592072274536,
,,,5.11575E-07,0.000384728042263305,2.22280505113304E-05,
,,,5.11775E-07,4.99999987368938E-05,2.22280505113304E-05,
,,,5.11975E-07,-0.000117364023026312,2.22280505113304E-05,
,,,5.12175E-07,0.000719456085789716,0.000356956094037741,
,,,5.12375E-07,0.000384728042263305,0.000524320115800947,
,,,5.12575E-07,4.99999987368938E-05,0.000189592072274536,
,,,5.12775E-07,-0.000284728044789517,2.22280505113304E-05,
,,,5.12975E-07,0.000384728042263305,0.000691684137564152,
,,,5.13175E-07,0.000217364020500099,0.000356956094037741,
,,,5.13375E-07,-0.000452092066552723,0.000356956094037741,
,,,5.13575E-07,0.000384728042263305,0.000691684137564152,
,,,5.13775E-07,0.000384728042263305,0.000189592072274536,
,,,5.13975E-07,-0.000284728044789517,0.000859048159327358,
,,,5.14175E-07,-0.000117364023026312,-0.000312499993015081,
,,,5.14375E-07,0.000719456085789716,-0.000312499993015081,
,,,5.14575E-07,0.000384728042263305,0.000524320115800947,
,,,5.14775E-07,0.000217364020500099,0.000356956094037741,
,,,5.14975E-07,0.00055209206402651,-0.000312499993015081,
,,,5.15175E-07,-0.000284728044789517,0.000691684137564152,
,,,5.15375E-07,0.000384728042263305,2.22280505113304E-05,
,,,5.15575E-07,0.00055209206402651,-0.000145135971251875,
,,,5.15775E-07,4.99999987368938E-05,0.000524320115800947,
,,,5.15975E-07,0.000384728042263305,0.000524320115800947,
,,,5.16175E-07,4.99999987368938E-05,-0.000479864014778286,
,,,5.16375E-07,0.000217364020500099,-0.000145135971251875,
,,,5.16575E-07,4.99999987368938E-05,0.000524320115800947,
,,,5.16775E-07,0.000384728042263305,-0.000145135971251875,
,,,5.16975E-07,0.000217364020500099,-0.000312499993015081,
,,,5.17175E-07,-0.000284728044789517,0.000189592072274536,
,,,5.17375E-07,0.000384728042263305,-0.000145135971251875,
,,,5.17575E-07,0.000217364020500099,0.000189592072274536,
,,,5.17775E-07,0.000384728042263305,2.22280505113304E-05,
,,,5.17975E-07,0.00055209206402651,2.22280505113304E-05,
,,,5.18175E-07,-0.000786820110079134,-0.000479864014778286,
,,,5.18375E-07,0.000217364020500099,-0.000145135971251875,
,,,5.18575E-07,0.000719456085789716,0.000189592072274536,
,,,5.18775E-07,0.000719456085789716,0.000524320115800947,
,,,5.18975E-07,-0.000117364023026312,2.22280505113304E-05,
,,,5.19175E-07,0.000217364020500099,-0.000312499993015081,
,,,5.19375E-07,4.99999987368938E-05,2.22280505113304E-05,
,,,5.19575E-07,0.000217364020500099,0.000189592072274536,
,,,5.19775E-07,-0.000117364023026312,-0.000479864014778286,
,,,5.19975E-07,-0.000117364023026312,-0.000145135971251875,
,,,5.20175E-07,0.00055209206402651,0.000691684137564152,
,,,5.20375E-07,0.000886820107552921,-0.000647228036541492,
,,,5.20575E-07,0.000384728042263305,-0.000814592058304697,
,,,5.20775E-07,4.99999987368938E-05,2.22280505113304E-05,
,,,5.20975E-07,0.00055209206402651,-0.000145135971251875,
,,,5.21175E-07,4.99999987368938E-05,-0.000479864014778286,
,,,5.21375E-07,-0.000284728044789517,-0.000312499993015081,
,,,5.21575E-07,-0.000284728044789517,-0.000145135971251875,
,,,5.21775E-07,0.00105418412931613,2.22280505113304E-05,
,,,5.21975E-07,0.000384728042263305,0.000356956094037741,
,,,5.22175E-07,0.000384728042263305,0.000356956094037741,
,,,5.22375E-07,4.99999987368938E-05,0.000189592072274536,
,,,5.22575E-07,0.000217364020500099,-0.000145135971251875,
,,,5.22775E-07,0.000217364020500099,-0.000145135971251875,
,,,5.22975E-07,-0.000452092066552723,-0.000479864014778286,
,,,5.23175E-07,0.000384728042263305,-0.000479864014778286,
,,,5.23375E-07,0.000384728042263305,-0.000312499993015081,
,,,5.23575E-07,-0.000117364023026312,-0.000145135971251875,
,,,5.23775E-07,-0.000117364023026312,-0.000479864014778286,
,,,5.23975E-07,4.99999987368938E-05,0.000189592072274536,
,,,5.24175E-07,-0.000284728044789517,-0.000479864014778286,
,,,5.24375E-07,-0.000117364023026312,0.000691684137564152,
,,,5.24575E-07,0.00055209206402651,2.22280505113304E-05,
,,,5.24775E-07,-0.000117364023026312,-0.000647228036541492,
,,,5.24975E-07,-0.000284728044789517,2.22280505113304E-05,
,,,5.25175E-07,4.99999987368938E-05,2.22280505113304E-05,
,,,5.25375E-07,-0.000452092066552723,-0.000479864014778286,
,,,5.25575E-07,4.99999987368938E-05,2.22280505113304E-05,
,,,5.25775E-07,-0.000284728044789517,-0.000479864014778286,
,,,5.25975E-07,0.000384728042263305,-0.000647228036541492,
,,,5.26175E-07,0.000217364020500099,2.22280505113304E-05,
,,,5.26375E-07,0.000384728042263305,-0.000145135971251875,
,,,5.26575E-07,-0.000117364023026312,0.000356956094037741,
,,,5.26775E-07,4.99999987368938E-05,2.22280505113304E-05,
,,,5.26975E-07,0.000217364020500099,-0.000647228036541492,
,,,5.27175E-07,4.99999987368938E-05,-0.000479864014778286,
,,,5.27375E-07,0.000217364020500099,2.22280505113304E-05,
,,,5.27575E-07,0.000384728042263305,0.000524320115800947,
,,,5.27775E-07,-0.000452092066552723,2.22280505113304E-05,
,,,5.27975E-07,-0.000284728044789517,0.000189592072274536,
,,,5.28175E-07,4.99999987368938E-05,2.22280505113304E-05,
,,,5.28375E-07,0.000217364020500099,-0.000145135971251875,
,,,5.28575E-07,-0.000117364023026312,-0.000145135971251875,
,,,5.28775E-07,-0.000117364023026312,-0.000479864014778286,
,,,5.28975E-07,-0.000619456088315928,0.000189592072274536,
,,,5.29175E-07,0.00055209206402651,0.000691684137564152,
,,,5.29375E-07,0.000217364020500099,0.000691684137564152,
,,,5.29575E-07,-0.000117364023026312,-0.000145135971251875,
,,,5.29775E-07,-0.000284728044789517,2.22280505113304E-05,
,,,5.29975E-07,-0.000284728044789517,0.000356956094037741,
,,,5.30175E-07,-0.000452092066552723,0.000356956094037741,
,,,5.30375E-07,-0.000452092066552723,2.22280505113304E-05,
,,,5.30575E-07,-0.000284728044789517,-0.000647228036541492,
,,,5.30775E-07,-0.000117364023026312,2.22280505113304E-05,
,,,5.30975E-07,-0.000284728044789517,-0.000312499993015081,
,,,5.31175E-07,-0.000117364023026312,0.000356956094037741,
,,,5.31375E-07,0.000217364020500099,0.000524320115800947,
,,,5.31575E-07,0.000217364020500099,-0.000145135971251875,
,,,5.31775E-07,-0.000117364023026312,0.000356956094037741,
,,,5.31975E-07,4.99999987368938E-05,0.000189592072274536,
,,,5.32175E-07,0.000384728042263305,0.000189592072274536,
,,,5.32375E-07,4.99999987368938E-05,0.000189592072274536,
,,,5.32575E-07,4.99999987368938E-05,0.000189592072274536,
,,,5.32775E-07,-0.000284728044789517,-0.000479864014778286,
,,,5.32975E-07,0.000217364020500099,0.000356956094037741,
,,,5.33175E-07,0.000217364020500099,-0.000479864014778286,
,,,5.33375E-07,0.000384728042263305,2.22280505113304E-05,
,,,5.33575E-07,4.99999987368938E-05,0.000356956094037741,
,,,5.33775E-07,-0.000284728044789517,-0.000145135971251875,
,,,5.33975E-07,0.000217364020500099,-0.000312499993015081,
,,,5.34175E-07,0.00055209206402651,0.000524320115800947,
